-1.2568809075133214,1.2568809075133214,3.334151931819626
-1.2570331037235951,1.4049193512204887,3.326684789687704
-1.2571860682221772,1.5529945548626893,3.319179953332096
-1.2573498096438722,1.7011203306946507,3.311146373084071
-1.2575145456500474,1.8492860965441873,3.303063995933279
-1.1088166309036962,1.1088166309036962,3.345046731861366
-1.1089409777080992,1.2567997747358457,3.338132517012113
-1.1090691819577192,1.404820963813111,3.331003811688973
-1.109204131729794,1.5528857844217117,3.3235000264291585
-1.109343107326823,1.7009927645677951,3.3157723880609993
-1.1078369748377628,1.846394958062938,3.399519804577416
-1.1079415582791048,1.9942948049023885,3.3937045173524183
-0.9608874051329653,0.9608874051329653,3.3506290799838823
-0.9609299233229549,1.108765296141871,3.3479011644637993
-0.9610201459774725,1.2567186524320795,3.3421125883371587
-0.9611279234468593,1.4047254265761788,3.3351977165722104
-0.9600169044440754,1.5507965379481217,3.4064793487758678
-0.9598902331305974,1.6982673355387492,3.414606426670538
-0.9611556947439219,1.8483763360460037,3.3334159438229776
-0.9616091365531241,1.9971882066872577,3.304323667103752
-0.8130653568965667,0.8130653568965667,3.3501147411900476
-0.8130378663807896,0.9608629329954785,3.3521991826546724
-0.8130738414782201,1.1087370565612094,3.3494714060866997
-0.8122528423046053,1.2552998471980263,3.41172286523647
-0.8119667670455779,1.4024880521696346,3.433414241882673
-0.8125234503594795,1.5511811325044609,3.391204274213493
-0.8134013967425183,1.7007483750070838,3.324634848621038
-0.8135022524029465,1.848868755461242,3.3169875668369144
-0.6652517536311497,0.8130854766602941,3.348589179788732
-0.6649447502358042,0.9604757503406061,3.3770403523656327
-0.6642106846555086,1.107017807759181,3.4450690022906514
-0.6644659639149074,1.2551023762837141,3.4214113021655947
-0.6653103578716548,1.4045440888401601,3.3431581018735415
-0.6653849704978188,1.552564931161577,3.3362434659587947
-0.6654636260401637,1.7006292665470852,3.328954157621112
-0.6655446012810413,1.848735003558448,3.3214498739956184
-0.516660605893708,0.8118952378329697,3.4388378744511243
-0.516642247127203,0.9594784589505199,3.441025358823545
-0.5173863484845846,1.108685032466967,3.3523641685236356
-0.5174071644045439,1.2565602564110352,3.349883909319061
-0.5174300593680271,1.4044530182846449,3.34715592784967
-0.5174882383786479,1.5524647151359439,3.3402237803929467
-0.517546574929448,1.7005101747681863,3.3332728617034206
-0.3693562241912273,0.5170987138677182,3.386636418197483
-0.3691186907503843,0.6644136433506916,3.426260047894111
-0.3694382395065696,0.8127641269144531,3.372955209888282
-0.36958671021305367,0.9609254465539396,3.3481883885361228
-0.36957082216855486,1.1087124665056645,3.350838718483736
-0.3695671334151339,1.2565282536114553,3.351454049946433
-0.36958348612746816,1.404417247284379,3.3487262074339483
-0.22194069448418574,0.22194069448418574,3.2957345455383233
-0.2216537903335205,0.36942298388920086,3.3755000428653403
-0.22166543754781015,0.5172193542782236,3.3722618678925045
-0.07400156035683887,0.07400156035683887,3.277944904401714
-0.07396472055157029,0.22189416165471088,3.308671668533904
0.07393754196530074,-0.3696877098265037,3.3313403553975434
0.07392613136368353,-0.2217783940910506,3.3408575301475736
0.06939975364413124,-0.06939975364413124,7.1161473165051135
0.06966125728170697,0.06966125728170697,6.898036484134579
0.22083481706046104,-1.5458437194232273,3.6031921493463983
0.22092385087088923,-1.399184388848965,3.5784388435777004
0.22103500860530712,-1.2525317154300737,3.547534613203098
0.22114861805490035,-1.1057430902745018,3.5159487535114877
0.22126382950568288,-0.9588099278579592,3.4839175031858076
0.22139377525252318,-0.8117771759259184,3.4477898030524585
0.22132659167196292,-0.6639797750158888,3.4664682770416704
0.2213339466604115,-0.5164458755409602,3.464423432761535
0.22153642718294692,-0.3692273786382449,3.4081295118070116
0.36775016245361036,-1.8387508122680518,3.654548150269399
0.367876821056785,-1.692233376861211,3.6334198679851326
0.36800726355769936,-1.5456305069423375,3.6116603829434126
0.36813780072956986,-1.3989236427723655,3.5898851055698984
0.3683195959675188,-1.2522866262895638,3.5595593242250416
0.36850639321248624,-1.1055191796374588,3.5283991438450784
0.3682520082619954,-0.957455221481188,3.5708338218544995
0.36829519266414645,-0.8102494238611222,3.5636301087544453
0.3686296596265469,-0.6635333873277844,3.5078367222869318
0.5146888152490668,-1.985228287389258,3.6737807405564737
0.5147812863332976,-1.8385045940474913,3.662762622776029
0.514958560885471,-1.6920067000522618,3.6416399992924653
0.5151391177561825,-1.5454173532685473,3.620126280878573
0.5149953746458796,-1.3978445883245305,3.637253564857332
0.5148164815245457,-1.2502685979881825,3.6585690441486847
0.5149808901900852,-1.103530478978754,3.638979417227908
0.5154679431155812,-0.9572976086432223,3.580946070446373
0.5163419990726504,-0.8113945699713078,3.4768005252545535
0.6617045854922008,-1.9851137564766026,3.677318745684701
0.6611810796091794,-1.8366141100254982,3.725834027432981
0.6610335628277455,-1.6893079938931275,3.7395049687652104
0.6611961634419007,-1.5427910480311016,3.724436151271412
0.6615994007950975,-1.3967098461229834,3.687066611718457
0.6625053794862515,-1.2513990501406973,3.603106119802696
0.6630493360414097,-1.1050822267356828,3.5526955964671956
0.6633881927803356,-0.9582273895715958,3.521292453361326
0.6637337670199918,-0.8112301596911011,3.4892667739074312
0.807400177475899,-2.1286004678910064,3.7796714284751047
0.8074871114387924,-1.9820138189861267,3.773079745786859
0.8078192613672901,-1.8359528667438412,3.747894802403259
0.8090038614843865,-1.6915535285582628,3.658073657427501
0.8092824783449959,-1.5449938222949922,3.6369478065447396
0.809568060637983,-1.3983448320110616,3.615293808566271
0.8098552084159021,-1.251594413006394,3.593521109224362
0.8102350724910693,-1.1048660079423671,3.564718287348647
0.8106428329109797,-0.9580324388947942,3.533800252423987
0.9556937081430398,-1.9849023169124673,3.683850381946712
0.9558269908847336,-1.8381288286244875,3.6752991228335006
0.9559687813536707,-1.6913293823949558,3.666202018255241
0.9562966401924035,-1.5447868803108056,3.64516699266278
0.9566303168253272,-1.3981520015139397,3.623758704448605
0.956969579686096,-1.2514217580510485,3.601992010628713
0.9573632239102654,-1.104649873742614,3.576736274465752
0.0,0.0,65.0
