-3.529147882045883,-1.9606377122477128,9.588087973105814
-3.3669565656962845,-2.1141355179953414,9.691672920265134
-3.3712445701918723,-1.9600259129022513,9.608499171316197
-3.370586490798056,-1.8028718439152391,9.6212638338407
-3.3700514007743863,-1.6458390561921419,9.631642890891499
-3.369623893031439,-1.4889035806417987,9.639935191359513
-3.2146946672088434,-2.273808423147719,9.603369268388192
-3.211870856943359,-2.1151344667675778,9.660814125926834
-3.2092137443844457,-1.956837649014906,9.714867846984717
-3.2130521652351414,-1.802443897570933,9.636782735659537
-3.212666490128934,-1.6455121047001857,9.644628535996432
-3.2122809075997707,-1.4886179815706255,9.652472453035742
-3.2119368572181974,-1.3317786968953502,9.659471480341907
-3.21167056297252,-1.1750014254777512,9.664888712226528
-3.056926332970691,-2.2730990681064114,9.623770912265371
-3.056470796463356,-2.1160182437054007,9.633513135602627
-3.052094278061621,-1.9564706910651417,9.727110507103717
-3.05324687018707,-1.8006327695975028,9.70246086932039
-3.0553649060705355,-1.6451964878841345,9.657163997871436
-3.055105471959545,-1.4883847171084963,9.662712323877969
-3.0548521928028305,-1.3316022378884131,9.668129018416508
-3.0545962464222627,-1.1748447101624087,9.673602754904607
-3.0543433365884347,-1.0181144455294782,9.679011551006923
-2.899515279111152,-2.2725930566006327,9.638324226103279
-2.899167247245879,-2.11560853177402,9.646169656717433
-2.89881929891984,-1.9586616884593515,9.654013204167057
-2.8943421889041514,-1.7991856849944725,9.75493745704398
-2.8982896433786336,-1.644975202998684,9.665952845942911
-2.8980493767627147,-1.4881875177970698,9.671369002485392
-2.897806741588043,-1.3314247191080197,9.676838551734704
-2.8975668252575013,-1.1746892534827709,9.682246812047282
-2.8973269486501616,-1.0179797387149216,9.687654176908453
-2.8970804503212073,-0.8612941879333319,9.693210810450609
-2.7422585939641313,-2.2721571207131377,9.650862106589145
-2.7419439956598737,-2.1152139395090455,9.658359112163751
-2.7417166635768764,-1.9583690454120548,9.663776528184286
-2.741489369207105,-1.8015501569075263,9.669193045483297
-2.7372923119358914,-1.6423753871615347,9.769210627693383
-2.7410327684186773,-1.4879892171415678,9.680074028024805
-2.7408058430238196,-1.3312485523258553,9.685481752501516
-2.740575974982878,-1.174532560706948,9.690959601431544
-2.7403408593388776,-1.017840890611583,9.69656250287727
-2.740105784032838,-0.8611761035531776,9.702164443052979
-2.7398802262078537,-0.7045406295963053,9.707539577783265
-2.585133252343498,-2.271783767210953,9.661600065366216
-2.584918931945965,-2.114933671592153,9.667016943523464
-2.584704647081939,-1.9581095811226814,9.672432923582875
-2.584488297075517,-1.8013100252344514,9.67790109944292
-2.581745029850085,-1.6429286553591447,9.747236283979504
-2.581010883802692,-1.4860365694621562,9.76579158592051
-2.5838390137037845,-1.3310685828171012,9.694311524930555
-2.5836173559929527,-1.1743715254513423,9.699913851288699
-2.58339573630819,-1.0177013506668626,9.705515216550353
-2.583208836834944,-0.8610696122783146,9.710239039788263
-2.583030320673377,-0.7044628147291029,9.714750977557301
-2.4281367526243165,-2.271482768584038,9.670257037455286
-2.4279334101891834,-2.1146516798421917,9.675728026272651
-2.4277323923906597,-1.9578487035408545,9.681136470049239
-2.4275314078754295,-1.8010716897140284,9.686544018328902
-2.4273263786107386,-1.644317869381468,9.692060391798222
-2.423670791083613,-1.4854756461480207,9.79041506365354
-2.426076614009057,-1.3304291109081925,9.725685680861247
-2.426718108133987,-1.1742184394196709,9.708426090251962
-2.4265504018207844,-1.0175856523764577,9.71293827858851
-2.426382718685769,-0.860974513082047,9.717449843309012
-2.426226785512619,-0.7043884216004378,9.721645271803808
-2.4260890869980107,-0.5478265680318088,9.725350091376257
-2.2709920150233,-2.114371876056176,9.684371520041012
-2.2708029529439386,-1.9575887525378781,9.689809103464256
-2.2706081359750807,-1.800827142325064,9.695412202319446
-2.2704133524299954,-1.6440924276217208,9.701014339878995
-2.270218688401907,-1.4873846579184908,9.706613040029822
-2.2667831528044213,-1.3288039171612125,9.80542191528373
-2.269904919549208,-1.1740887514909695,9.715637294486001
-2.2697477835441355,-1.017473144347371,9.720156657328417
-2.269618962929753,-0.8608899514561132,9.723861645868169
-2.269490156937092,-0.7043245314632354,9.727566213875022
-2.269361365567829,-0.5477768813439586,9.731270361300716
-2.503085045839695,2.848338155610687,3.0091819670580264
-2.11408734176598,-2.11408734176598,9.693161145082243
-2.1139059790668253,-1.9573203509878012,9.69876366884462
-2.11372464748238,-1.800580255262768,9.704365231434167
-2.1135644939011824,-1.643883495256475,9.70931257864764
-2.113418431059844,-1.4872203774124828,9.713824645038429
-2.1112130382010657,-1.329282283311782,9.781952027098114
-2.110945490599379,-1.1727474947774326,9.790216911790523
-2.113021774491485,-1.0173808543847889,9.726077869434036
-2.112901859825851,-0.8608118688179393,9.729782185518886
-2.1128554508179627,-0.7042851502726543,9.731215818623681
-2.1128563939324247,-0.54777758361211,9.731186684621989
-2.325035201433412,2.325035201433412,3.1767142576121756
-2.3263193234822026,2.4986392733697733,3.137046099133741
-2.3278118595173645,2.672672875742159,3.0909397683271607
-2.3295682274564364,2.8472500557800884,3.0366833354443656
-2.3313417702435313,3.0221097021675405,2.981896349726739
-2.3330642899790117,3.1971621751564236,2.928685530775681
-2.3348283151342537,3.372529788527255,2.8741925567752986
-2.3366465572067017,3.5482410683509173,2.8180247534501035
-1.9570585033863312,-1.9570585033863312,9.70749957765878
-1.9569232524949032,-1.8003693922953108,9.712011894930043
-1.9567880202949088,-1.6437019370477233,9.716523588607046
-1.9566573060648371,-1.4870595526092762,9.720884551198296
-1.9565462562875207,-1.3304514542755141,9.724589457116934
-1.953610798200256,-1.1721664789201536,9.822523881698956
-1.9563472887969071,-1.0173005901743917,9.731227523859673
-1.9563481620507248,-0.8607931913023189,9.731198389868453
-1.9563490353053226,-0.7042856527099162,9.7311692558512
-1.9563988788881852,-0.5477916860886918,9.72950634585159
-2.1514244435091787,2.1514244435091787,3.222952383182502
-2.152291870500026,2.3244752201400276,3.1940127898754014
-2.1533331654489247,2.4978664719207524,3.159272514726183
-2.154692822264943,2.671819099608529,3.1139108696447977
-2.1561839295202874,2.8461627869667794,3.0641637001397015
-2.15783836083185,3.02097370516459,3.0089676204507185
-2.1594527359473,3.195990049202004,2.955107918390226
-2.161043448071187,3.3712277789910514,2.9020376745313854
-2.1626888286365085,3.5468096789638737,2.8471435509932945
-2.164462076736809,3.722874771987311,2.787983437926954
-2.1665832240774807,3.8998498033394653,2.7172165122591565
-1.8002949625974591,-1.9568423506494121,9.714710988376524
-1.8001705592597503,-1.8001705592597503,9.719222309035132
-1.800063601842457,-1.643536332117026,9.723100976722918
-1.799961443004283,-1.486924670307886,9.726805630356822
-1.7998592957610724,-1.3303307838234013,9.730509863514882
-1.7985957994490454,-1.172997260510247,9.776328867405667
-1.7975710327409478,-1.0160184098101008,9.813490661499188
-1.7998415930934482,-0.8607938053925186,9.731151827079827
-1.8000242528818,-0.7043573163450522,9.724527914153825
-1.800253784749326,-0.5479033257932732,9.716204247965706
-1.7246478134090832,1.5746784383300325,12.45795367930927
-1.723776090137625,1.723776090137625,12.489565557861226
-1.7229094257239594,1.8727276366564776,12.520993983701295
-1.7220466133837387,2.0215329809287366,12.552282719249853
-1.9805892594912768,2.497264718489001,3.176579446377545
-1.9816843542509472,2.670965868773016,3.1368672995540834
-1.9829557801774649,2.845110467211145,3.0907607387992755
-1.9844529150629697,3.019819653356693,3.0364691445215612
-1.9859634900601693,3.1948108318359245,2.981690162568725
-1.9874308147427844,3.3699913815203737,2.9284795954290956
-1.9889335877583496,3.54549030861271,2.87398354190546
-1.9899549643060446,3.720350585441736,2.8369446874447704
-1.989276592707057,3.892062898774677,2.8615449261930337
-1.6434805309485099,-1.8000024862769393,9.725317250967322
-1.643387261821038,-1.643387261821038,9.729021653052627
-1.6433318666954837,-1.4868240698673425,9.731221800348749
-1.6433326002287012,-1.330316866851806,9.731192666357103
-1.6433333337624998,-1.1738095241160713,9.731163532342379
-1.6410446793454516,-1.0158848014995652,9.822062808714563
-1.6436257704669517,-0.8609468321493557,9.719548722949867
-1.6438353749944052,-0.7045008749976023,9.711223787683124
-1.6440467315459588,-0.5480155771819863,9.702829266671287
-1.5772537981939605,1.2768245032998728,12.355667223877113
-1.5762711039929693,1.4261500464698293,12.394697228188754
-1.5752982621698397,1.5752982621698397,12.433335922212791
-1.5744910831415113,1.7244426148692744,12.465394929912371
-1.5736953509827365,1.8734468464080198,12.496999298348214
-1.5704725700518702,2.019179018638119,12.624999599459493
-1.5704072113262435,2.168657577545765,12.627595474494107
-1.8088032547520507,2.6701381379673133,3.159137643561806
-1.80994647540254,2.8442016042039913,3.1137319549226135
-1.8111998895603345,3.0186664826005574,3.063949672770505
-1.8111472010371206,3.1910688780177843,3.06604232100851
-1.811368860514084,3.363970740954728,3.0572385951568037
-1.8127929818046842,3.539262488285336,3.0006762789689674
-1.815079317466324,3.7165909833834254,2.909869097404595
-1.8181539945538734,3.896044274044015,2.787751087689159
-1.8199371195148224,4.073192600818889,2.7169300989789065
-1.4868244668944723,-1.643332305514943,9.731204371605031
-1.486825130567671,-1.486825130567671,9.731175237600766
-1.486825794241462,-1.3303178159002556,9.731146103570481
-1.4870138034022613,-1.1739582658438905,9.72289285527809
-1.4872034261087652,-1.0175602389165235,9.71456877536626
-1.4852476879557752,-0.8598802403954487,9.80042199923524
-1.4875864343441005,-0.7046462057419424,9.697755434724698
-1.487779682016418,-0.5481293565323645,9.689272225636486
-1.4301098841751607,0.9784962365408993,12.220867806044048
-1.42890177058743,1.1280803452006025,12.273901718660632
-1.4278456839357185,1.2775461382582745,12.320261934927721
-1.4268238590705562,1.4268238590705562,12.365118123252081
-1.4259428370567706,1.5760420830627464,12.403793331417035
-1.4250905847672237,1.7251096552445337,12.441205602837655
-1.4221739932266328,1.8712815700350434,12.569238481925218
-1.4224475581420573,2.021372845780818,12.557229497035948
-1.4229374867583338,2.1718519534732463,12.535722552914258
-1.6361420244635019,2.6694948820193978,3.176444636543579
-1.6352886062874523,2.8402381056571535,3.2139080881872673
-1.6358370228783616,3.013383989512771,3.1898336320639658
-1.6379462328582364,3.1896847692502495,3.097243283856045
-1.6405832323492069,3.36751295061153,2.981483969504822
-1.641795364122905,3.5428215752125842,2.9282736660872075
-1.6430368556408734,3.71845183118724,2.873774525156392
-1.6443174119679274,3.8944359757135123,2.817560512633648
-1.3304178810445366,-1.4869376317556584,9.726236647195364
-1.3305875260795623,-1.3305875260795623,9.717913420314531
-1.3307572143838622,-1.1741975421034079,9.709588070530515
-1.3309289323981712,-1.0177691835986016,9.701163137891584
-1.3297915048417985,-0.8604533266623402,9.756968293702727
-1.329808048416381,-0.7040160256322018,9.756156622882841
-1.3314912593215722,-0.5482611067794708,9.673573915702121
-1.2804201599116893,0.9791448281677624,12.179254953626064
-1.2793112426691005,1.1288040376492061,12.233661319251397
-1.2782685894053092,1.2782685894053092,12.284816601640046
-1.2773239984995237,1.4275974100877031,12.33116068956003
-1.275344691206233,1.5754257950194641,12.428270656064171
-1.2736670615209786,1.72319661264603,12.510579534070942
-1.2749292998062556,1.8748960291268466,12.448650839108332
-1.2742847906603976,2.023864079284161,12.480272134992013
-1.2736424653193383,2.172684205544754,12.511786287729421
-1.4615880329532651,2.665248765973601,3.2906876541830314
-1.464272050436945,2.842410450848187,3.159002771891025
-1.4651984124906277,3.0165849668924687,3.1135530388916237
-1.466213796764133,3.1911712047219365,3.063735644127732
-1.4673388229880853,3.3662478880314897,3.0085389299567566
-1.4684362491131118,3.54152271844927,2.9546963484620505
-1.469517945361128,3.717015979442853,2.901625515666879
-1.4706369309757803,3.892862464347654,2.846725169507465
-1.1744403116288389,-1.1744403116288389,9.696089045237954
-1.174592883391166,-1.0179804989390104,9.687605401852608
-1.17475752976429,-0.8614888551604793,9.67845035839656
-1.1732733809469327,-0.7039640285681596,9.760975388619585
-1.1751942196859309,-0.5484239691867677,9.654168528596173
-1.131542094046555,0.8297975356341403,12.08141365762814
-1.1305406473555515,0.9798018943748112,12.137098382418053
-1.1295521075165145,1.1295521075165145,12.192065430964078
-1.128574050024608,1.279050590027889,12.246449616118213
-1.1263793869281573,1.4267472234423326,12.368482283089214
-1.1250674096489943,1.575094373508592,12.441433838451182
-1.1261124543698557,1.7267057633671121,12.383324876489354
-1.1254173152154512,1.8756955253590852,12.421977590459512
-1.1248037524452454,2.024646754401442,12.456094308111254
-1.2906510079621099,2.4952586153934124,3.2342766481365857
-1.2910690156930609,2.6682092990989927,3.2110336281464384
-1.2916934963389837,2.841725691945764,3.1763098298482078
-1.2924092709210815,3.0156216321491898,3.1365096977255575
-1.2932384700136974,3.189988226033787,3.0904026770691644
-1.294216126719252,3.3649619294700557,3.0360407773525964
-1.2952009969406948,3.5402160583045656,2.9812777752602244
-1.296157938305605,3.715652756476068,2.928067737198475
-1.018425606104928,-0.8617447436272468,9.659047865741485
-1.0186149156778446,-0.7051949416231232,9.64690199306473
-1.017339509730367,-0.5477981975471208,9.728730492334904
-0.9822618289478452,0.680027420040816,11.979271962671241
-0.981347760455519,0.8303711819239007,12.037917488909486
-0.9804654520366252,0.9804654520366252,12.094525327342652
-0.9795978931018535,1.1303052612713695,12.150186856757031
-0.9772715461583541,1.2779704834378478,12.29944245615642
-0.9765624415660465,1.4272835684426837,12.344937747070553
-0.9771594412092881,1.5784883281073117,12.306634973770883
-0.9764376096292362,1.7275434631901871,12.352946812788325
-0.9758223008941797,1.8765813478734226,12.392424275220648
-0.9752200220450964,2.0254569688628927,12.431065755966536
-1.118384966434777,2.4948587712775794,3.245776499103428
-1.1187449018967026,2.667776304522907,3.222683476257046
-1.1191980732602587,2.8410412628914257,3.1936085510025976
-1.1197395524963207,3.014683410567017,3.15886789971384
-1.1204486335042447,3.188969187665928,3.1133741219451565
-1.1212256510151335,3.3636769530454007,3.063521620513413
-1.1220859702293051,3.538886521492424,3.008324582795211
-0.8613107998300451,-0.5481068726191196,9.691951229633872
-0.8618210779489611,-0.3917368536131642,9.653259890475937
-0.8317523211534225,0.6805246263982548,11.933193958009753
-0.8309625012843778,0.8309625012843778,11.993081276893427
-0.8301893976451269,0.9811329244896954,12.051701104006597
-0.8280965768685195,1.1292226048207084,12.210387191970753
-0.8278648501655084,1.2794274957103313,12.227957642526619
-0.8280005186183976,1.4301827139772323,12.217670714811746
-0.8272948911870658,1.57938115590258,12.271174224471935
-0.8266834196225971,1.7285198773927029,12.317538457640609
-0.826085923308214,1.877468007518668,12.362843031143626
-0.9459821021318447,2.3219560688690737,3.271832567163287
-0.9462054717694106,2.4945416983011737,3.2548957829190215
-0.9464785876127734,2.667348746908725,3.2341870412872993
-0.9467857210917475,2.8403571632752427,3.2108989457150443
-0.9472436752109457,3.0139571483984633,3.1761750226467598
-0.9477691568018312,3.187950800151614,3.1363308951004
-0.9483772391641784,3.3624283934002688,3.0902236448669242
-0.9490946510044476,3.5375346082893047,3.035826593927837
-0.7049288992968308,-0.3916271662760171,9.671557147544661
-0.6810636895806357,0.6810636895806357,11.883236922145336
-0.6796699054928065,0.8307076622689856,12.012404195924638
-0.678607701202152,0.9802111239586639,12.110842708473733
-0.6791021684936338,1.1318369474893897,12.065018543474686
-0.6785009874285223,1.2816129762538755,12.120732279846244
-0.6779040404663818,1.4311307520956948,12.176053625787716
-0.6773169069137265,1.5804061161320282,12.230465525739135
-0.6767598505952076,1.7294973959655304,12.282090053980575
-0.6762597298121354,1.8784992494781538,12.32843814955283
-0.7738922263594422,2.3216766790783265,3.2804632720928026
-0.7740770785761613,2.494248364300964,3.2633323139378376
-0.7742674818320916,2.6669213263105376,3.2456869198613987
-0.7745166685286783,2.8398944512718205,3.2225938407100188
-0.7748308892753374,3.013231236070756,3.1934738087299905
-0.7752057609228924,3.186957017127446,3.1587330270302516
-0.5488097795413277,-0.3920069853866627,9.608198440077999
-0.5487274315333158,-0.2351688992285639,9.618010372735753
-0.5293288029496495,0.6805656037924065,11.929396427003788
-0.5287805863674849,0.8309409214346192,11.994717547889643
-0.5290551385066447,0.9825309715123399,11.962004102045462
-0.5285626782796666,1.1326343105992855,12.020681739797496
-0.5280804766349761,1.282481157542085,12.07813704660311
-0.5276130861848434,1.4320926625017179,12.133827569449892
-0.5271511735012332,1.5814535205036995,12.188865405273255
-0.5266947002416709,1.7305683007940613,12.24325512265704
-0.6017080551147835,2.1489573396956554,3.3052613057352573
-0.6018431130873289,2.3213948647654115,3.2891688735866325
-0.6019891618949627,2.4939550992791313,3.2717668610808914
-0.6021313064562029,2.6665815000203277,3.2548300474745133
-0.3920229982808675,-0.23521379896852046,9.605527283595407
-0.3787365378285004,0.5302311529599005,11.821879587822728
-0.3785659444226532,0.6814186999607756,11.850336759655
-0.3785763218363397,0.8328679080399473,11.848605673725935
-0.3781843559180665,0.9832793253869727,11.91399062476372
-0.37781369891129,1.13344109673387,11.975820975592832
-0.37746209574172085,1.2833711255218507,12.034472901577338
-0.377121731187058,1.4330625785108202,12.091250082204851
-0.2353944480449464,-0.07846481601498215,9.55530297213329
-0.22812903707769272,0.22812903707769272,11.575242794350629
-0.22767649336404383,0.37946082227340644,11.701059637005997
-0.22776625026208616,0.5314545839448678,11.676105297397186
-0.07850251682720676,-0.07850251682720676,9.52385807288988
-0.07614047653972898,0.07614047653972898,11.493951406850954
-0.07605552354049025,0.22816657062147072,11.564807665479357
0.07609830538106592,-0.22829491614319772,11.529124862192916
0.07617823329614741,-0.07617823329614741,11.462459846556115
0.07844530426800068,0.07844530426800068,9.571577022523499
0.2565407016127896,-3.3350291209662646,3.6761916782352557
0.25650258134664417,-3.163531836608612,3.686789928488082
0.2564808537885051,-2.99227662753256,3.6928306549001775
0.25647086577244504,-2.8211795234968955,3.6956075372370094
0.25646984750374613,-2.650188424205377,3.6958906377393532
0.25648593188552354,-2.479364008226728,3.691418835192408
0.25650297181949977,-2.3085267463754984,3.686681368673078
0.2565242901812179,-2.1377024181768163,3.680754407628072
0.25656365814663107,-1.9669880457908382,3.669809270261979
0.2566374653628613,-1.7964622575400293,3.6492892837254374
0.25726806996865215,-0.7718042099059564,3.4739677002593936
0.22772491593209773,-0.5313581371748947,11.68759712622073
0.22781542243873304,-0.37969237073122175,11.662434379371803
0.22830904301566202,-0.22830904301566202,11.525197289150924
0.23505232443605087,0.07835077481201697,9.65042066125558
0.23514937278449216,0.23514937278449216,9.62343914230496
0.4277375317257043,-3.6785427728410567,3.6478842545397754
0.42766163942272417,-3.506825443266338,3.660544065720188
0.4275877337907298,-3.335184323567692,3.672872474655989
0.42751568756107716,-3.1636160879519704,3.6848907113921
0.427478089027775,-2.992346623194425,3.691162629802463
0.4274540009597879,-2.8211964063346,3.695180829019563
0.4274447379015375,-2.6501573749895324,3.696726026144944
0.42746915005183295,-2.4793210703006308,3.6926537658351037
0.42749691522522076,-2.308483342216192,3.6880221781947427
0.4275260236505846,-2.137630118252923,3.68316651886704
0.4275879759934861,-1.9669046895700357,3.6728320721244927
0.4276870205923892,-1.7962854864880347,3.6563101605297987
0.377636535488405,-1.4350188348559387,12.005374110676762
0.3779354008221947,-1.2849803627954617,11.955519533261416
0.3782346688118832,-1.1347040064356495,11.905597787668931
0.3785674435940138,-0.9842753533444357,11.850086678611106
0.3789124528682597,-0.8336073963101712,11.792534699083063
0.3786762834932831,-0.6816173102879095,11.831930785068039
0.3791190541716404,-0.5307666758402965,11.758070947322707
0.3909590047468202,0.23457540284809208,9.783015074969413
0.5993510578949747,-4.024214245866259,3.586102318816046
0.5990936354839772,-3.851316228111282,3.6167747227063245
0.5988690379557642,-3.678766947442552,3.6435359750441023
0.5987550943602243,-3.5069941241098856,3.6571125862240166
0.5986506867770783,-3.3353395406151507,3.669552962130112
0.5985498126575575,-3.163763295475661,3.681572318657885
0.5984833244262118,-2.992416622131059,3.689494526665669
0.5984391825945633,-2.8212132893743695,3.694754115694977
0.5984262141584157,-2.6501732341301265,3.6962993312409083
0.5984464461045522,-2.4792781338617162,3.693888653705173
0.598484428808258,-2.3084399396889954,3.6893629372984407
0.5985251790701995,-2.1375899252507127,3.684507460698484
0.5276387510526337,-1.7336701820300822,12.130769548248068
0.5279618588533035,-1.5838855765599105,12.092270596568447
0.5283648077642731,-1.4341330496458842,12.04425841419274
0.5287799962266119,-1.2841799908360576,11.994787864375063
0.5291991069163714,-1.1339980862493673,11.944849973182059
0.5292565313913082,-0.9829049868695724,11.938007730186875
0.5291850806978061,-0.8315765553822667,11.946521225654678
0.5303669123013525,-0.6819003158160246,11.805703586142243
0.546798857448334,0.2343423674778574,9.847803897851392
0.5467255048567303,0.39051821775480744,9.856544008346617
0.7710259669728547,-4.197808042407765,3.5460904335324557
0.7706868203801124,-4.024697839762809,3.57752043849419
0.7703500589288401,-3.8517502946442006,3.6087294033221298
0.770035778303877,-3.6790598296740793,3.637854984452389
0.7698650095276585,-3.507162821181555,3.6536807765986765
0.7697309273196007,-3.335500685051603,3.6661066849071062
0.7695998554233078,-3.163910516740265,3.6782536161722135
0.7694965605452636,-2.9924866243426913,3.687826345484325
0.7694313797704391,-2.8212483924916096,3.693866895853944
0.769409736810812,-2.650189093459464,3.695872631258709
0.7694178203513506,-2.4792351989099077,3.695123498804847
0.7694660745303274,-2.308398223590982,3.69065160046614
0.677651750475854,-1.8823659735440388,12.199434298994447
0.6780664546251209,-1.7328364951530868,12.161002087826645
0.6784814793845853,-1.5831234518973654,12.122540164492165
0.678907116609906,-1.4332483572875794,12.083094743573852
0.679440271712773,-1.2833871799019045,12.033685231914049
0.6790340936013851,-1.1317234893356418,12.071327302716064
0.6795150391507686,-0.9815217232177768,12.026756248997906
0.6810665100121133,-0.8324146233481384,11.882975542030572
0.681686879786308,-0.681686879786308,11.825483514988832
0.7016265295533403,0.3897925164185224,9.977600314849198
0.9424747746823622,-4.198296723585068,3.5377722397758333
0.9420637669981682,-4.025181549901264,3.568936495337965
0.9416450899855934,-3.852184459031973,3.6006822702216255
0.9412608826688009,-3.6794743595234944,3.6298144141445476
0.9409913873005017,-3.507331534483688,3.650248636796519
0.9408274932725792,-3.335661112511872,3.6626757411249997
0.940665818079029,-3.16405775172037,3.6749346045078966
0.9405177979464309,-2.992556629829553,3.6861580862529593
0.9396518136022438,-2.8189554408067314,3.7518205019520394
0.9392271193173363,-2.6469127908034022,3.7840225306235737
0.9391285076516955,-2.4758842474453795,3.7914996636982607
0.8273651197950458,-2.030805294042385,12.265849208977016
0.8278454429472052,-1.8814669157891026,12.22942917586824
0.8283487072532577,-1.7320018424386299,12.191269652209009
0.8288563172952556,-1.5823620602909425,12.152780617373189
0.8293637025493356,-1.432537304403398,12.11430862686133
0.8286946642796124,-1.2807099357048555,12.165037799137998
0.8294486787628791,-1.1310663801311989,12.107865388602256
0.8312221529067203,-0.9823534534352149,11.973393446648409
0.8318801690195434,-0.8318801690195434,11.923500018635643
0.832576661388767,-0.6811990865908093,11.87068916612293
0.8577305915123475,0.3898775415965216,9.963417022778927
0.8562411938885168,0.5448807597472379,10.076349140517138
0.8569433257718388,0.7011354483587773,10.023110677365082
0.8563840018176552,0.8563840018176552,10.065520869000295
1.113093103753562,-4.195504775686503,3.5852959928019175
1.112437600811105,-4.021889787547841,3.6273522668490443
1.111783096103594,-3.848479948050903,3.6693444953522913
1.1112382793354387,-3.6756343085710665,3.7042992786536786
1.1107561552969083,-3.503154028244096,3.7352317724318596
1.1103949076166908,-3.3311847228500726,3.7584089856128884
1.1103180560942492,-3.1601360058067094,3.763339686116879
1.1102913183743925,-2.9892458571618263,3.7650551458056896
1.1110118303385188,-2.8202608000900864,3.718827971746123
1.1113829214482411,-2.650220812684268,3.695019216062377
1.1113588373831642,-2.4791850987778283,3.69656442047787
0.9773630429803307,-2.02990785849761,12.293572130990427
0.97791275417071,-1.8806014503282886,12.258303327493216
0.978489931544912,-1.7311744942717675,12.221272326942326
0.9790848531861319,-1.5815986089929823,12.18310287573297
0.978220881034309,-1.4297074415116826,12.238534281502012
0.9793274871600286,-1.2806590216708067,12.167535774140575
0.9809728557956695,-1.131891756687311,12.061970917345775
0.9817434860372118,-0.9817434860372118,12.01252821537129
0.9825196584060244,-0.8313627878820207,11.962729937230506
1.0130900395671951,0.389650015218152,10.001371345887023
1.0110175935666454,0.5443940888435783,10.134336968619806
1.0108499062901302,0.6998191658931671,10.145095580974626
1.0111010179711746,0.8555470152063784,10.128984559970135
1.0104510624180387,1.0104510624180387,10.170684920244128
1.0098019419364417,1.1651560868497404,10.212331703340652
1.2850967794699544,-4.197982812935185,3.5431155386980606
1.2849503574062873,-4.0261777865397,3.5512572325013565
1.2843821454506967,-3.8531464363520906,3.5828522506422473
1.283826871913044,-3.680303699484059,3.6137278373360857
1.2833204155876556,-3.5077424692729258,3.6418889779646406
1.283070005283297,-3.3359820137365728,3.655812863287764
1.28284551194374,-3.164352262794559,3.6682956543766068
1.2826293455750661,-2.992801806341821,3.680315430223473
1.2824756289600852,-2.8214463837121873,3.6888627323192793
1.282372583507129,-2.6502366725814,3.6945925008034806
1.126658892750994,-2.178207192651922,12.352940562334958
1.127235516200801,-2.029023929161442,12.320877829092773
1.1278621749730962,-1.8797702916218268,12.286032917640256
1.1284966096341111,-1.7303614681056372,12.250755633474078
1.1274157732349397,-1.5783820825289157,12.310854766030474
1.1290626199390286,-1.4301459852561031,12.219283036539338
1.130554444147503,-1.2812950367005034,12.136331221699763
1.1312466951182532,-1.1312466951182532,12.097839103109656
1.1320818001547706,-0.9811375601341343,12.051403686679713
1.1329712876027926,-0.8308456109087146,12.001944375273368
1.167796654198616,0.3892655513995387,10.065504850316628
1.1670349342761566,0.5446163026622064,10.107859740127736
1.1643284596612622,0.6985970757967573,10.258351319395189
1.1655306004349248,0.8547224403189448,10.191507144122056
1.1647820961393252,1.0094778166540816,10.23312718848284
1.1640570795164382,1.1640570795164382,10.273441217653101
1.163340755720251,1.3184528564829514,10.313271888431174
1.1626208380806071,1.472653061568769,10.353302392296342
1.4571591425181942,-4.200046940199501,3.5079805441037024
1.4564465895996068,-4.026646453598913,3.542940244545875
1.4558080311416524,-3.853609494198492,3.5742695841957044
1.4551677828579548,-3.6807185095818857,3.605681831093875
1.4545740907434055,-3.5080904541458606,3.634809911181833
1.454215956102729,-3.33614248752979,3.652380928617049
1.4539626805282277,-3.164507010561437,3.664807287393927
1.453714236219961,-2.9929410745705076,3.676996611677083
1.453506381164065,-2.8215123869655376,3.6871945216146713
1.4533832597517211,-2.650287120723727,3.69323517849962
1.2763667992361227,-2.1773315986969153,12.37812337631501
1.2770197804084396,-2.028207886531051,12.346086420766746
1.2776734299700256,-1.8789315146618024,12.314016672301591
1.2763527799584993,-1.726830231708558,12.37881119855718
1.2785575371686118,-1.5793946047376968,12.270640072451847
1.2798963942245307,-1.4304724406038873,12.204952261218665
1.2806747736688993,-1.2806747736688993,12.166762940123178
1.2814627391268598,-1.1307024168766409,12.128103304255447
1.2822474956754706,-0.9805422025753598,12.089601105830866
1.322209344468203,0.38888510131417736,10.128968812472465
1.3213594021589812,0.5440891655948745,10.17066919394368
1.3193448793646845,0.6984767008401271,10.269506924567466
1.3179214656420954,0.8527727130625323,10.339343305906894
1.318858801533085,1.0085390835253003,10.293355167892301
1.3180474670301217,1.162983059144225,10.333161349920474
1.3172309122570156,1.3172309122570156,10.373223651986422
1.3164192813258069,1.4712921379523725,10.413044377555693
1.315606724742729,1.6251612482116062,10.452910518014477
1.6272751245279446,-3.8540726633556583,3.5656848546307316
1.6265473221104956,-3.681133413197437,3.5976340109030644
1.6258836343450631,-3.5084857372709255,3.6267686546270426
1.6253783732945932,-3.3363029767625862,3.6489486637514403
1.6250952733468356,-3.1646592165175216,3.661376218613526
1.6248150502704333,-2.993080355761324,3.673677484237885
1.6245451355412526,-2.821578393308491,3.68552623282136
1.6244075228154804,-2.650349116172626,3.6915671724711103
1.4260003549835292,-2.176526857606439,12.401268402691315
1.4266836111182901,-2.0273925000102015,12.371274744384962
1.425096284478994,-1.8751266901039396,12.440955396218811
1.4281659321084141,-1.7288324441312382,12.306203642910447
1.4289690323416777,-1.579386825219749,12.270949054247744
1.4297892766022393,-1.4297892766022393,12.23494187505478
1.430658398992454,-1.2800627780458798,12.196789037967385
1.4315343053542868,-1.1301586621218052,12.158338397294592
1.476339118530222,0.3885102943500584,10.191491429503813
1.4753910126294878,0.543565109916127,10.233111494041992
1.4744726432649111,0.6984344099675894,10.273426180612319
1.4712679938611406,0.8517867332880287,10.414104257717298
1.4726534042808401,1.0076049608237325,10.353287347881476
1.471745727782444,1.1619045219335082,10.393132637752345
1.4708391694877887,1.316013993752232,10.432928840583656
1.469940257528766,1.469940257528766,10.47238938367245
1.469053268630042,1.623690454801625,10.51132652685547
1.468167349536502,1.7772552125968182,10.550216707604463
1.7980007793035337,-3.6816206433358074,3.588183284521861
1.7972317877850599,-3.508881109485117,3.6187255857294645
1.7965805611673122,-3.33650675645358,3.644590577781841
1.7962443291738706,-3.1648114371158673,3.657944819763216
1.7959317899496474,-2.993219649916079,3.6703580478627487
1.7956291746469137,-2.8217029887308644,3.682377124151742
1.7954397872568282,-2.650411114521985,3.6898990884048573
1.5755369250500044,-2.175741467926197,12.423856866335115
1.5737034560540017,-2.023333014926574,12.49667738643899
1.5770333053467727,-1.8774206016033008,12.364424614291899
1.5778402820681554,-1.7281107851222655,12.332373641687006
1.5786889333203946,-1.5786889333203946,12.298667467375026
1.5795767838308277,-1.4291408996564632,12.263404402613538
1.5804987475345378,-1.2794513670517687,12.226786452395984
1.6301823694242938,0.38813865938673664,10.253484916049203
1.6291788975309907,0.5430596325103303,10.293340155128377
1.6281766602681205,0.6977899972577659,10.333146357965092
1.6271679760475712,0.8523260826915849,10.373208616842163
1.6237731753013651,1.005192918043702,10.508041088253862
1.6251616179965505,1.1608297271403931,10.452895831138378
1.6241806696107417,1.3148129230182195,10.491856496306639
1.6232009047429081,1.468610342386441,10.530770155283534
1.6222413477246151,1.6222413477246151,10.568881212134656
1.6213149573045194,1.7757259056192354,10.605674979772772
1.9674098503850668,-3.164963672358586,3.654513090795419
1.7257574662745385,-2.0258891995396757,12.417713602250295
1.72655004508252,-1.8766848316114348,12.388971791814456
1.7274158926459795,-1.7274158926459795,12.357572987954619
1.7282999177037228,-1.5780129683381816,12.325515001576086
1.7837899862827733,0.3877804318006029,10.313241879825341
1.7826861147810853,0.5425566436290259,10.353272303459605
1.7815873479644502,0.6971428752904371,10.393117612517685
1.7804899347701204,0.8515386644552749,10.432913834273265
1.7768692658352168,1.0043174111242528,10.56421255072891
1.7773163461787012,1.1591193562035007,10.54799978002066
1.7772556167195073,1.3136237167057228,10.550202052635626
1.7762332610507778,1.4673231286941208,10.587276413611107
1.7752192220742056,1.6208523331981877,10.624049180868681
1.77423421052599,1.77423421052599,10.659769307259666
1.7733473177936152,1.9275514323843643,10.691931286023333
1.9371051840253555,0.3874210368050711,10.373193582487644
1.9359116079930958,0.5420552502380668,10.413014345870835
1.9347166521210275,0.6964979947635699,10.452881144255599
1.9335488560004395,0.8507614966401933,10.491841823542785
1.9323824689843867,1.004838883871881,10.530755491481926
1.9280952290070195,1.1568571374042116,10.673788833381806
1.9301372695318593,1.3124933432816643,10.605661114358668
1.92903568206233,1.4660671183673708,10.642412902920455
1.9280335005407276,1.6195481404542111,10.675848253631358
1.9270699683444072,1.7729043708768546,10.707994163539695
1.9261073987633803,1.9261073987633803,10.740107958128348
1.9251843442841934,2.079199091826929,10.7709034273838
2.0888634216826483,0.541557183399205,10.472360022833158
2.087602962949312,0.6958676543164373,10.511297191489831
2.086344024466744,0.8499920099679327,10.550187397672431
2.0851438425096984,1.0039581463935583,10.58726254027269
2.082345622443773,1.1568586791354294,10.673703106523519
2.079897053686152,1.3095648115801697,10.749342500469083
2.0817559393329503,1.4649393647157798,10.69191916559221
2.0807158444181337,1.6183345456585483,10.724049016452113
2.079693278497475,1.7715905705719233,10.755637374454011
2.0787055124279052,1.9247273263221343,10.786150720926187
2.077718684206844,2.077718684206844,10.816635096068651
2.241564173875231,0.5410672143836764,10.530740827673654
2.240239016904901,0.6952465914532452,10.568853449725665
2.2389597145921942,0.8492605813970391,10.605647253498447
2.237681872552547,1.00309877045459,10.642399058597505
2.23651928225944,1.1568203184100552,10.67583612713699
2.2324354169687743,1.3086690375334196,10.793291506250071
2.2319490111302116,1.4623114210853112,10.807280944712147
2.23321423961515,1.6171551390316605,10.770891915989097
2.2321538093373627,1.7703288832675637,10.80139077710119
2.2311071824169524,1.9233682607042693,10.831492642118064
2.230159536105837,2.0763554301675033,10.858747742082215
2.394054556850892,0.5405929644502014,10.587248671913471
2.3926878073233557,0.6946512989003291,10.624021475270453
2.391360055189074,0.8485471163574133,10.659745042139932
2.3901646772554868,1.0023271227200428,10.69190704168956
2.388970493880848,1.1559534647810552,10.724036901274687
2.387796414475057,1.3094367434218055,10.755625857586566
2.383078018670429,1.4605962049915533,10.882575702886157
2.385529287131204,1.616003710637267,10.816623594422111
2.3844702262867288,1.76912307111596,10.845117942063965
2.3834576551143662,1.922143270253521,10.872361471222789
2.3824459434761893,2.0750335636728097,10.89958187435819
2.3815642115876323,2.227914907614237,10.923305133593502
2.5450051804522893,0.6940923219415335,10.675823996553007
2.5437333172165646,0.847911105738855,10.707969925078203
2.542462724570067,1.0015762248306326,10.740083739875018
2.5412442454098327,1.155111020640833,10.770880403300879
2.5400375487032965,1.3085041917562437,10.801379269051807
2.5388465114099312,1.4617601126299606,10.831482348241408
2.533733591638922,1.6123759219520413,10.960709728117877
2.536690713919832,1.7679965581865495,10.88596942679277
2.535662665669623,1.9209565649012297,10.911953011067723
2.534764862981703,2.0738985242577574,10.934644681229216
2.533867695839181,2.226732217555644,10.957320288188058
2.695899661011429,0.8472827506035919,10.755614338485032
2.694619222859968,1.0008585684908453,10.786127700539197
2.6933400004388623,1.1542885716166553,10.816612091244423
2.692144235652639,1.3076129144598534,10.845107652558369
2.691001009515732,1.4608291194513976,10.872351196485454
2.688776679545285,1.613266007727171,10.925357884577949
2.6849624673218075,1.7644039070971878,11.016252113552333
2.687911300633686,1.9199366433097758,10.945980216092778
2.6869479470220603,2.072788416274161,10.968937324567094
2.6860078909906147,2.225549395392224,10.991339242227852
2.8465859391376744,1.0001518164537775,10.831472054361427
2.845376872026647,1.1535311643351271,10.85872717975056
2.844168831567899,1.3067802739636294,10.885959162059905
2.8430160957842765,1.4599271843216557,10.911944451078696
2.842009468265447,1.6130324009074157,10.934636127161525
2.8380408674461273,1.7641875662502953,11.024097425019534
2.8362233153666425,1.916367104977461,11.065069186947227
2.839030300900704,2.0717248141707842,11.001793342291016
2.8381028956147762,2.2244590262926627,11.022699168877445
2.9972716626125737,1.1527967933125283,10.899561353605705
2.9961622277267206,1.306019432598827,10.923288019333029
2.9951015634330034,1.4591520437237708,10.94597166437326
2.9940281070191936,1.6121689807026427,10.968928885052094
2.9929805896265274,1.765091116959234,10.991331367015007
2.988099268919507,1.9154482493073763,11.095724573142007
2.988016496280038,2.0686268051169496,11.097494770539882
3.144925216934338,1.7642263412070676,11.022691303071802
3.1438982225060847,1.917011111284198,11.043583481751469
0.0,0.0,75.0
