-2.118883484183734,2.487384959693949,3.161524349706582
-2.120187867989773,2.6732803552914532,3.114222615530494
-2.121644930728583,2.859608384895046,3.061384184058113
-2.1232519865846995,3.046405024230221,3.003106452795123
-1.9321513993385966,1.9321513993385966,3.2600768673920015
-1.932657559789105,2.1167201845309247,3.2399735183076217
-1.9332720743992733,2.3015143742848494,3.2155666297147576
-1.9341455791959066,2.4867586018233085,3.180873338613168
-1.9351776719758662,2.6723882136809585,3.1398813539131396
-1.9364035512169255,2.8585004803678427,3.091192685540179
-1.937847602832654,3.045189090165599,3.0338387897593293
-1.9393100808642165,3.232183468107028,2.9757530456692507
-1.7475052306717953,1.7475052306717953,3.2878094893740553
-1.7479220343085882,1.9319138273937027,3.269512594217474
-1.7483298274094403,2.116399264758796,3.2516112446292595
-1.7488577883756509,2.30112866891533,3.2284347519291288
-1.7495006898949275,2.486132559324371,3.2002125852879715
-1.7503365898415069,2.6715663739686155,3.163518150945606
-1.7513993086153103,2.8575462403723484,3.1168667970015065
-1.7512084413222595,3.0415725559807667,3.1252455119202267
-1.7516072926951272,3.2266450128594446,3.1077366873605996
-1.7531806706190247,3.414088674363364,3.0386683578787768
-1.56309642718433,1.56309642718433,3.310421680788508
-1.5633588613853926,1.747283433313086,3.297545975959295
-1.5637353602139288,1.9316730920289709,3.2790739636790676
-1.5641027461659698,2.116139009518665,3.261049052833897
-1.5645053031021976,2.3007430927973496,3.241298561980045
-1.5650027500696826,2.485592603051849,3.2168925192630837
-1.56426236776167,2.6684475685346136,3.2532176019700785
-1.5644996098740767,2.8529110532997866,3.2415778865669864
-1.566629098140388,3.0411035434489886,3.1370996507147595
-1.5686692706418963,3.229613204262728,3.0370034787076605
-1.5698506941541142,3.4167338637471896,2.9790397668133153
-1.2629266180304615,-0.7577559708182768,9.775871460103204
-1.2648465960369801,-0.5902617448172573,9.669112460491803
-1.26506982832146,-0.42168994277382005,9.656699789465819
-1.378930832512892,1.378930832512892,3.325540338182492
-1.3791060895959675,1.5629869015420963,3.3157952938119735
-1.379289425661003,1.747099939170604,3.305601023445618
-1.3795913512417846,1.9314278917384982,3.288812668135364
-1.3799209684346623,2.115878818266482,3.27048454060116
-1.3787938876545887,2.2979898127576477,3.333155058780733
-1.378941285296734,2.4820943135341214,3.324959118636059
-1.3811489342428838,2.670221272869575,3.2022043828089153
-1.3818088211005901,2.855738230274553,3.165511847505769
-1.3826361144668156,3.041799451826994,3.1195107933981205
-1.3835677338977352,3.2283247124280487,3.0677087633093123
-1.0963388200885649,-0.7590037985228526,9.660230519620555
-1.0950578301670564,-0.5896465239361072,9.742417279894468
-1.0967408072931903,-0.42182338742045783,9.63443950794668
-1.1948545294020483,1.1948545294020483,3.3395820518898347
-1.1949951808769215,1.378840593319525,3.330558023789777
-1.1951435471934433,1.5628800232529643,3.3210390208031413
-1.1953004035011767,1.746977512809412,3.310975310273733
-1.1945195700691262,1.9296085362655115,3.3610726365807295
-1.1943018890125943,2.1129956497915128,3.375038789248279
-1.1960634181730794,2.3001219580251524,3.262021214014112
-1.19636575640042,2.484759647908565,3.242623559907031
-1.1967461438391975,2.6696644747182097,3.2182183630221175
-1.197266096466622,2.855019153112714,3.184858832844384
-1.19788476194082,3.0407843956959275,3.1451660060985063
-1.1986435353333122,3.227117210512764,3.0964840251836563
-0.9279599545150123,-0.7592399627850102,9.638344279008862
-0.9271071316661984,-0.5899772656057626,9.703008737197251
-0.9279562584991365,-0.42179829931778934,9.6386245257968
-0.9285064723353401,-0.2532290379096382,9.596905099944934
-1.0109697717867576,1.1947824575661683,3.344206093498997
-1.0110854631539978,1.3787529043009061,3.3354339087597396
-1.010920039949293,1.5623309708307256,3.347976961421722
-1.010093430414651,1.7447068343525791,3.410653820707722
-1.0109181082465604,1.9299345702888877,3.348123430891633
-1.011687094240048,2.1153457425019186,3.289815820240136
-1.0119292253941135,2.2998391486229854,3.271456462361826
-1.012165304135999,2.4844057465156344,3.253556022715941
-1.0124616538764244,2.6692170874923913,3.2310855935693468
-1.012816284453263,2.8543004380046506,3.204196077018267
-1.0133001764388445,3.0399005293165335,3.167505440606689
-0.7594941940731255,-0.7594941940731255,9.614783698369422
-0.7596436420356014,-0.5908339438054677,9.600933787143248
-0.7587706650018593,-0.4215392583343663,9.681835889918744
-0.7599494451666491,-0.2533164817222163,9.572593847624987
-0.8270806278512245,1.0108763229292743,3.351291761695961
-0.8271179789401821,1.194725969580263,3.347830294187858
-0.8261855703978095,1.376975950663016,3.434240140962885
-0.826593755680577,1.5613437607299787,3.396412057953256
-0.8274014922304143,1.7467364835975412,3.321556039014993
-0.8275096900669854,1.9308559434896324,3.3115289338839062
-0.8276389297802798,2.1150772649940484,3.299551797987448
-0.8278382422820515,2.2995506730056983,3.2810807502055184
-0.8280334150035681,2.4841002450107044,3.262993351608756
-0.8282389190242899,2.6687698501893786,3.2439485122113894
-0.8285022550490048,2.8537299896132384,3.219544160994218
-0.5910379560388076,-0.5910379560388076,9.576625314561909
-0.590712164747898,-0.4219372605342129,9.615444009562054
-0.5906701834347298,-0.2531443643291699,9.620446168419733
-0.6425811440362544,1.0097703691998283,3.435149621268465
-0.6425951299889919,1.1933909556938422,3.433483166551113
-0.6433404024634292,1.3785865767073484,3.344682435271878
-0.6434140233320942,1.5625769138065144,3.3359103590190955
-0.6434923779592896,1.7466221687466432,3.32657424580853
-0.6435735503560207,1.930720651068062,3.3169023896261933
-0.6436591046671388,2.114879915334885,3.3067084194314305
-0.6437924592832236,2.2992587831543703,3.290818945669855
-0.6439468048300345,2.4837948186301335,3.2724283598148673
-0.6440970329411373,2.6684019936132835,3.254528374799719
-0.4219507607100814,-0.2531704564260488,9.61319200678065
-0.45923494193398595,0.6429289187075803,3.393711561775575
-0.4589613082576345,0.8261303548637421,3.439357174560868
-0.45949639668616166,1.0108920727095556,3.3500975500142545
-0.45948811082519014,1.1946690881454944,3.3514797380787655
-0.45950886132762253,1.3785265839828675,3.348018287676325
-0.45955372264361,1.562482656988274,3.340534843803823
-0.4596073339098408,1.746507868857395,3.331591795813779
-0.4596643963345215,1.93059046460499,3.3220730502547866
-0.4597242868052338,2.1147317193040753,3.3120825502837477
-0.253372232133829,-0.08445741071127634,9.557094039420193
-0.275535069493411,0.45922511582235176,3.3953506834393323
-0.2755933464761358,0.6430511417776502,3.3791484343642253
-0.08449741277205909,-0.08449741277205909,9.523729751050254
-0.09197797564410864,0.09197797564410864,3.2844597747373996
-0.09194201360984283,0.27582604082952844,3.314454421466479
0.09188712615622756,-0.27566137846868266,3.360234083675792
0.09196874083365068,-0.09196874083365068,3.2921621998907966
0.08443494049139899,0.08443494049139899,9.575835646253779
0.27445479797592387,-2.8360329124178802,3.6956892970173385
0.2744558729882209,-2.6530734388861354,3.6953904205796704
0.2744728917624696,-2.470256025862227,3.6906588369176774
0.27449119278452894,-2.2874266065377413,3.685570760907723
0.2745197783608422,-2.10465163409979,3.677623358593337
0.2745614381216845,-1.9219300668517916,3.666041053024017
0.27465840006009035,-1.7395032003805722,3.639083557913537
0.2747569439157997,-1.556956015522865,3.611686255919281
0.2748637350769707,-1.3743186753848537,3.5819960264082056
0.2750052933567398,-1.1916896045458725,3.5426397934629676
0.2752388091169968,-0.8257164273509905,3.477717411868241
0.2751354615676806,-0.6419827436579214,3.5064502435460696
0.27538085929471245,-0.45896809882452083,3.4382244207609034
0.2530016826025241,0.08433389420084138,9.660114743652926
0.45749859355104694,-3.2024901548573284,3.6833567801740372
0.4574542118147709,-3.0191977979774878,3.690760223989159
0.4574277783929436,-2.8360522260362497,3.695169658359262
0.4574179781785737,-2.653024273435727,3.6968044600265983
0.45744580336427526,-2.470207338167086,3.692162861561286
0.45747553199219876,-2.2873776599609936,3.6872037444784524
0.4575108986869795,-2.1045501339601054,3.6813041254075074
0.4575803249261688,-1.9218373646899085,3.669722936741593
0.4577127211418117,-1.7393083403388845,3.6476375469823523
0.45787542584239016,-1.5567764478641264,3.620496312540837
0.4580416241356288,-1.3741248724068866,3.592772301958874
0.45790191620614845,-1.190544982135986,3.6160773795250805
0.4579053580922088,-1.0073917878028593,3.6155032287098123
0.4583371661063417,-0.825006898991415,3.543472104202408
0.420815469198667,0.2524892815192002,9.80257321679619
0.640640324386081,-3.386241714612142,3.666402230385245
0.6405319414642203,-3.202659707321102,3.6793162759853857
0.6404529441723354,-3.0192781653838674,3.68872896400093
0.6404032509491527,-2.8360715399176764,3.694650012623555
0.6403895304617276,-2.6530423404843004,3.696284836608939
0.6404115024717811,-2.4701586523911563,3.6936668269180615
0.6404520403340997,-2.2873287154789277,3.688836658165201
0.6404951576392917,-2.104484089386244,3.6836991435471873
0.6405815571553498,-1.9217446714660493,3.6734044654646
0.6400988435451377,-1.737411146765374,3.7309207740034935
0.640137025712068,-1.5546184910150223,3.7263712911478564
0.6404638309183638,-1.3724224948250654,3.6874317860670516
0.6413081479384113,-1.1910008461713353,3.586829695712993
0.6418040123679349,-1.0085491622924692,3.52774644030319
0.5885930392936649,0.252254159697285,9.867942117922283
0.588488073022327,0.4203486235873764,9.880449062662876
0.5885651902477347,0.5885651902477347,9.871260388392301
0.8238673290787951,-3.5700917593414454,3.649080383260369
0.8237254909265067,-3.386427018253416,3.6622250644265364
0.8235846714186974,-3.2028292777393785,3.675275343933592
0.8234614192006164,-3.019358537068927,3.6866975958704558
0.8233924624462007,-2.836129592870247,3.6930880806337143
0.8233635748281679,-2.6530604077796522,3.695765206093725
0.8231499647466849,-2.469449894240055,3.715561264979655
0.8225292340293379,-2.2848034278592717,3.7730867419964227
0.8224057591502262,-2.1017036067172445,3.784529628778074
0.8226988212867559,-1.91963058300243,3.7573704456922457
0.8236983558297335,-1.738918751196104,3.6647397770743027
0.8239886854631908,-1.5564230725415826,3.6378338254434226
0.8242847207618154,-1.373807867936359,3.6103991081154874
0.8246109143050125,-1.1911046539961292,3.5801695115322616
0.7568994312597241,0.252299810419908,9.855250239519961
0.7552616653020946,0.41958981405671925,10.007028241351662
0.7559297710067113,0.5879453774496642,9.945112344036374
0.7554493178863791,0.7554493178863791,9.989637762480996
1.007019908023838,-3.5703433102663347,3.6437006491413513
1.0068306963192366,-3.386612342164705,3.6580474415355297
1.0061317764264444,-3.201328379538687,3.711042358647987
1.005433408324259,-3.016300224972777,3.763995436777506
1.0051396814742817,-2.8326663750638845,3.7862669878218753
1.0051712866074554,-2.6499970283287464,3.7838705595185047
1.0056546299325841,-2.4684250007436157,3.747221524748994
1.0063836649824338,-2.287235602232804,3.691943155314547
1.0064493164005537,-2.1043940252011577,3.68696520076287
1.0065310681032589,-1.921559311833494,3.68076645788355
1.0066838079631832,-1.738817486481862,3.6691851074313178
1.006984464829069,-1.5562487183721974,3.6463880947103746
1.0073429083984977,-1.373649420543406,3.6192094617264416
0.924122463290716,0.2520333990792862,9.929318296844983
0.9235349780404346,0.41978862638201575,9.973863791206398
0.9216587151131835,0.5865100914356622,10.116129592103263
0.9223841986491387,0.7546779807129317,10.061120512735386
1.188828176804755,-3.566484530414265,3.726225528098084
1.1887484784322466,-3.383361053999471,3.73133887905081
1.1893796844072009,-3.202176073404002,3.690841468980693
1.1895501197237912,-3.019627226991162,3.679906545706416
1.1894079855792283,-2.836280580996621,3.6890257000961384
1.1893191400151821,-2.6530965431107907,3.6947259237677486
1.1892936591638388,-2.470071445955665,3.696360744296584
1.189339071726138,-2.2871905225502656,3.6934471293582902
1.1894146499112273,-2.1043489959967867,3.688598124635007
1.189494725400034,-1.9214914794923628,3.68346057835781
1.18965984526738,-1.7387336200061707,3.6728666878625233
1.1899392495529608,-1.5560744032615639,3.654940447653331
1.0903266917698107,0.41935641991146566,10.045961383363448
1.0883302201184393,0.5860239646791596,10.17405258396532
1.0881059169514569,0.7533040963510086,10.188443603210615
1.3731012368293,-3.3869830508456067,3.6496908238683687
1.3728648435793769,-3.2033513016852124,3.662835300935811
1.3726305023605323,-3.019787105193171,3.675865676287316
1.372430361815551,-2.8363560810854715,3.686994347705081
1.3723154347734092,-2.653143173895258,3.6933847834317817
1.3722712595536246,-2.4700882671965245,3.6958411148354884
1.3722872667867994,-2.2871454446446653,3.6949510441188096
1.3723723616412682,-2.1043042878499443,3.6902194057852853
1.3724645443550432,-1.9214503620970602,3.6850936521200452
1.3726182328580283,-1.738649761620169,3.6765479131715892
1.5559986368606744,-3.2035266053013887,3.6586577444457333
1.5557302728952156,-3.0199470003260074,3.671824378947079
1.5554711589150279,-2.8364474074332864,3.684537185100055
1.555332224622737,-2.6532137949446692,3.691353663024614
1.555251352123346,-2.470105088666491,3.695321478296961
1.555228250590928,-2.2871003685160707,3.6964548995938458
1.555324687624393,-2.1042628126682965,3.6917234477766954
1.5554265328497343,-1.9214092464614365,3.6867266559925014
0.0,0.0,80.0
