-3.844007288103722,-2.4319229781880694,9.568387510291785
-3.8485738158864033,-2.277727360422565,9.490657356859302
-3.8473568121119976,-2.1199721209596722,9.511372853318392
-3.846164939666124,-1.9623290508500633,9.5316605713612
-3.8450150119450757,-1.8048029647905455,9.551234318077988
-3.6919566065065,-2.5922248513769044,9.482362212384857
-3.690785767836945,-2.4343480596371343,9.503139971182037
-3.684097283866251,-2.27316640919407,9.62183412629966
-3.6884920563075396,-2.1189209685170973,9.543844285232751
-3.687503833027688,-1.9614382090572813,9.561381342626248
-3.6865525802376258,-1.8040576456481998,9.578262319947044
-3.6857132604603975,-1.646808052546135,9.593156928690675
-3.6849944725165957,-1.4896786165492621,9.605912573777388
-3.5330660499926827,-2.590915103327967,9.515465667209668
-3.5319716101902565,-2.4331359981310654,9.535750847221323
-3.5268285850881944,-2.272845088167948,9.63107558757568
-3.526775236658121,-2.1160651419948726,9.632064387969251
-3.529149172528369,-1.960638429182427,9.58806405432155
-3.5284608641389026,-1.8034355527821058,9.60082168571698
-3.52777282418584,-1.6462939846200586,9.613574341707874
-3.527108035955135,-1.4892233929588348,9.62589603258533
-3.5266065673372125,-1.3322735921051692,9.635190633496407
-3.526183742499445,-1.1753945808331483,9.643027590749341
-3.3743688090340704,-2.5896318767005653,9.547898801753874
-3.3734981555212356,-2.4320568097943793,9.564786731039518
-3.372627951302231,-2.2745630369247603,9.581665945443405
-3.3669565656962845,-2.1141355179953414,9.691672920265134
-3.371245319034469,-1.960026348275854,9.608484646134087
-3.370588012979371,-1.802872658105245,9.621234308329079
-3.3700530980235537,-1.6458398850812703,9.631609969616278
-3.3696257255330764,-1.4889043903518244,9.6398996466134
-3.3692217511193894,-1.33201790160534,9.647735474794175
-3.368817873556675,-1.1751690256593053,9.655569424371862
-3.3685066877904903,-1.0183857428203806,9.661605445747242
-3.2160926753887273,-2.588562397264097,9.574929545750706
-3.2153205197472867,-2.4310960027357535,9.590637531291506
-3.214693443800191,-2.2738075578098913,9.603394156227381
-3.211870856943359,-2.1151344667675778,9.660814125926834
-3.2092137443844457,-1.956837649014906,9.714867846984717
-3.2130527223104246,-1.8024442100765796,9.636771403060223
-3.2126675005344936,-1.6455126222249845,9.644607981285617
-3.212282371080457,-1.4886186597689925,9.652442681403912
-3.2119381314893864,-1.3317792252516967,9.659445557804617
-3.2116721500426357,-1.1750020061131594,9.66485642641122
-3.211406212644226,-1.0182507503506082,9.670266398941095
-3.2111375395164568,-0.8615247057239274,9.675732024495971
-3.0581171926884294,-2.5876376245825172,9.598302873706999
-3.0575208457359473,-2.430337082508061,9.611056506190948
-3.0569247313189303,-2.2730978771345893,9.623805165610406
-3.0564701119876196,-2.116017769837583,9.633527773980433
-3.052094278061621,-1.9564706910651417,9.727110507103717
-3.05324687018707,-1.8006327695975028,9.70246086932039
-3.055365597371579,-1.6451968601231577,9.657149213525841
-3.0551062000192584,-1.4883850718042542,9.662696753401804
-3.054853218453625,-1.3316026849669647,9.668107083579358
-3.0545975208569485,-1.1748452003295955,9.673575499509838
-3.054344908094443,-1.0181149693648144,9.67897794236687
-3.0540923371102275,-0.861410659184936,9.684379491742419
-2.90038507436465,-2.5868299311900933,9.618717060809686
-2.899896430900214,-2.429642955619099,9.629732197002141
-2.899514042764668,-2.2725920875723076,9.638352096167836
-2.899166420304256,-2.115607928330133,9.646188297864342
-2.898818881141907,-1.958661406176964,9.654022621832851
-2.8943421889041514,-1.7991856849944725,9.75493745704398
-2.742442669519471,-1.5565215151326728,13.179098456559664
-2.8980498907498546,-1.4881877817364118,9.671357416045055
-2.8978074921796315,-1.3314250639744254,9.67682163169141
-2.897567857733885,-1.1746896720542777,9.682223537678937
-2.8973282629105626,-1.0179802004820895,9.687624550486817
-2.8970820705597498,-0.8612946696258715,9.693174286585034
-2.896833828588532,-0.7046352556026159,9.69877022579361
-2.7429148312762406,-2.5861768409175983,9.63522370447265
-2.742585967706796,-2.4291475713974484,9.643060657120017
-2.742257182979924,-2.2721559516119374,9.650895730916815
-2.741943245909391,-2.115213361130102,9.658376979022762
-2.7417161811571784,-1.9583687008265562,9.663788024441942
-2.590434975952095,-1.7022858413399482,13.268880688346165
-2.5946728067444833,-1.5568036840466901,13.16789145653911
-2.594974189008722,-1.4087002740333066,13.160709394574667
-2.5952874355799,-1.2605681829959514,13.153244601349265
-2.7405767821670604,-1.174532906643026,9.690940365904098
-2.7403419426161872,-1.0178412929717267,9.696536687938291
-2.7401071433085873,-0.8611765307541274,9.702132050958909
-2.7398815560299394,-0.704540971550556,9.707507887581968
-2.6136185388062247,2.3149192772283707,12.716406954049283
-2.612903111901422,2.4635943626499124,12.733455868239034
-2.6122430711321556,2.6122430711321556,12.749184908286907
-2.6115653287463205,2.7607976332461104,12.765335785058923
-2.6108597520603607,2.909243723724402,12.782149964526411
-2.6101309201423413,3.0575819350238858,12.799518325634516
-2.585680500734813,-2.585680500734813,9.647768540734788
-2.5853705483626244,-2.4286814242194352,9.655602485865614
-2.5851321360039172,-2.271782786185261,9.661628280485075
-2.5849180677339176,-2.114932964509569,9.667038786201118
-2.446279754011388,-1.8532422378874154,13.171076955241027
-2.44656388510461,-1.7051808896183644,13.163895634515697
-2.4431231843449304,-1.5547147536740467,13.250858224195568
-2.4471590508333905,-1.4089703626010432,13.14885301480578
-2.447471401296074,-1.2608186006676745,13.140958458719716
-2.4477838314866345,-1.1126290143121065,13.133061887537558
-2.583396594348074,-1.0177016886825745,9.705493529872086
-2.583209749429722,-0.861069916476574,9.710215974252847
-2.5830314428732915,-0.704463120783625,9.714722614320422
-2.467519874545115,1.8693332382917538,12.634239835206927
-2.466574137381058,2.018106112402684,12.65814303362123
-2.465696555005293,2.1668242453076823,12.680323641986902
-2.4649035687387983,2.3155154736637202,12.70036611127778
-2.464135824897805,2.464135824897805,12.71977058649572
-2.4634776769998084,2.612779354393736,12.736405059993935
-2.4628554117885924,2.76138334049024,12.752132610285187
-2.4622082865044073,2.9098825204142997,12.768488490813809
-2.457818490979509,3.0536532766715117,12.87943914118243
-2.4283366307410894,-2.4283366307410894,9.664879257155846
-2.4281355563156226,-2.2714816494565504,9.670289224497225
-2.427932414282722,-2.1146508124397903,9.67575482143279
-2.298435819478604,-1.8535772737730676,13.159899297205968
-2.2987162412169626,-1.705499146709359,13.152354466764166
-2.2957214793262546,-1.5551661634145595,13.23292942793244
-2.297835707346044,-1.40835091740564,13.176045492977877
-2.2996131078431867,-1.2610781559140056,13.128224002901447
-2.2999501699482363,-1.1128791144910821,13.119155246513856
-2.300287330876446,-0.9646366226256062,13.1100838312597
-2.300640736069847,-0.8163563902183326,13.100575359209458
-2.4262275660938903,-0.7043886482208068,9.72162427003208
-2.3196949101034963,1.7210639655606583,12.587917128310174
-2.318716040906548,1.8699322910536678,12.614253895776606
-2.31780661900666,2.018734797199349,12.638722163018961
-2.316918326921751,2.1674397251848636,12.66262192629221
-2.3161207185719532,2.3161207185719532,12.684081816646703
-2.315375881908899,2.4647549710643117,12.70412186904236
-2.3146692557790334,2.6133362565247147,12.723133855655085
-2.3140663961963592,2.761950214815009,12.739353972391115
-2.3099848296821297,2.906109947019453,12.849169735844697
-2.312866375860288,3.058952303557155,12.771640877163101
-2.312241564011071,3.2073028145960016,12.78845162617268
-2.2713665946133608,-2.428012566655662,9.673598297951841
-2.2711787544188335,-2.2711787544188335,9.679000738945987
-2.2709909452885917,-2.114370880096275,9.684402286505332
-2.1505646651433707,-1.8539350561580783,13.147962757504168
-2.1508391627662324,-1.705837956676667,13.140067976441593
-2.1511137304716774,-1.5577030462036285,13.132171179745342
-2.1481485350248937,-1.4074076608783785,13.217452679147982
-2.1517417671245243,-1.2613658634867901,13.114108320687379
-2.1520572270481146,-1.1131330484731627,13.105035429618958
-2.152424140716369,-0.9648797872176825,13.094482685848234
-2.1528049839472057,-0.8165812008075607,13.083529316215106
-2.2694907925612084,-0.7043247287258922,9.727547932794167
-2.1718327227564718,1.5727064544098586,12.53627564440201
-2.1707817982217237,1.7216545296241257,12.566501112399244
-2.169865453465186,1.8705736667803325,12.592855953491444
-2.1689498822334334,2.019367131734576,12.619188547364288
-2.1681148821881053,2.1681148821881053,12.643203846573016
-2.1672840190459044,2.3167518824283806,12.66710016499011
-2.1665629213279614,2.4653991863387144,12.687839538062029
-2.164580821664109,2.612425129594614,12.744846381061919
-2.161948555794306,2.758348157392735,12.820552547563238
-2.1646692674800816,2.911106945921489,12.742302605470258
-2.1641225320031205,3.0596215107630327,12.758027174757054
-2.1142658323303856,-2.2708781162067107,9.687647345204397
-2.114086151864397,-2.114086151864397,9.69319790265105
-2.002647650538646,-1.8543033801283761,13.135674523430112
-2.0029219410267793,-1.7061927645783674,13.127201342424748
-2.0032155208497735,-1.5580565162164903,13.11813228940477
-2.0010782445187747,-1.4081661720687673,13.184155465542979
-2.001771457324023,-1.2603746212780884,13.162741242927801
-2.004178364988415,-1.1134324249935637,13.088388812982394
-2.0045330129844467,-0.965145524770289,13.077433286656927
-2.0048881898469926,-0.8168062995672931,13.066461422974179
-2.0052447361582106,-0.668414912052737,13.055447255285344
-2.11285638878734,-0.5477775822781992,9.731186843560181
-2.023851622354377,1.4241918823975246,12.480656945349637
-2.0228555625158515,1.5733321041789954,12.511426496862164
-2.021865660920095,1.7223300074504513,12.542005812446298
-2.0209127212448577,1.8712154826341274,12.571443327434302
-2.020059707714491,2.020059707714491,12.597793997091216
-2.0192187040866596,2.1687904599449306,12.62377366562908
-2.0184446594503607,2.317473497887451,12.647684886008015
-2.0157393497123954,2.463681427426261,12.731255334408864
-2.013968314795689,2.6106996673277445,12.785964848829956
-2.0163745877615673,2.763179990636222,12.711632025526484
-2.0157955275129322,2.9117046508520135,12.729519930911373
-2.015286288876848,3.060249549775954,12.745250958144005
-1.9572186804229164,-2.1137961748567498,9.702155660136242
-1.8547085883828525,-1.8547085883828525,13.122155734860051
-1.8549804658659654,-1.7065820285966882,13.113085203422045
-1.8552524230685592,-1.5584120353775897,13.104012012337314
-1.8555750740354107,-1.410237056266912,13.093247547017064
-1.8530739338743891,-1.2600902750345846,13.176692009580265
-1.8562318426705606,-1.1137391056023362,13.07133605775207
-1.8565616234166011,-0.9654120441766325,13.060333724677776
-1.856891824226137,-0.8170324026595002,13.04931737720591
-1.8572221425023094,-0.6685999713008315,13.038297110745205
-1.8576059024956515,-0.5201296526987824,13.025493891278849
-1.875686603021442,1.2754668900545807,12.422275262569634
-1.8746890295477596,1.4247636624562974,12.455556876961346
-1.8737631996244657,1.5739610876845511,12.486444942163835
-1.8728425186643716,1.7230151171712218,12.517161224723488
-1.8719261112965908,1.8719261112965908,12.547734929262383
-1.871067369562616,2.0207527591276255,12.57638476008308
-1.8702776673087542,2.1695220940781548,12.602731256447186
-1.867410000702214,2.3155884008707455,12.698403983038993
-1.8659576469022676,2.463064093910993,12.746858237693267
-1.8681022752167804,2.6153431853034923,12.67530792640273
-1.867501431365886,2.763902118421511,12.695353621163719
-1.866904105075984,2.9123704039185347,12.715281961051474
-1.8663889308982011,3.06087784667305,12.732469495385402
-2.1644465684231267,3.7228480976877774,2.7885008351207006
-2.166568927219953,3.8998240689959154,2.717693492162695
-1.706721228803615,-1.855131770438712,13.108037294091346
-1.706995105592775,-1.706995105592775,13.098105518629353
-1.7072971182956675,-1.5588364993134354,13.087153431886257
-1.707599237885584,-1.4106254573837433,13.076197469028195
-1.7073823117319091,-1.2619782304105416,13.084064005863034
-1.7056013267809653,-1.1123486913788905,13.148649043128238
-1.7085095480694639,-0.9656793097783926,13.043186287705403
-1.708831469101868,-0.8172672243530673,13.031512252018992
-1.7092056304524084,-0.6688195945248554,13.017943791064262
-1.7095799556896496,-0.5203069430359804,13.004369386977508
-1.7275400044538987,1.126656524643847,12.353072239233938
-1.7264777254763806,1.2760922318738466,12.391594365607148
-1.7254365993583998,1.4253606690351999,12.42934941182017
-1.7245541702842968,1.5745929380856623,12.461349521986527
-1.7237025642181487,1.7237025642181487,12.492231876993685
-1.722857006407576,1.8726706591386697,12.522894900101647
-1.7220140663157717,2.0214947735011233,12.553462995139547
-1.7189315373453156,2.16734846013105,12.66524678552053
-1.7182345350048165,2.315881329789101,12.690522643191983
-1.7198279194959014,2.4675791888419454,12.632740685697073
-1.7191687381253773,2.616126340625574,12.656645016476098
-1.7185504417934565,2.764624623754691,12.679066706011923
-1.7179977321242974,2.9131265892542437,12.699109982941671
-1.7174590182160245,3.061557380298131,12.718645722321533
-1.9899549643060446,3.720350585441736,2.8369446874447704
-1.989276592707057,3.892062898774677,2.8615449261930337
-1.9914900936213775,4.06956671305238,2.7812752759850383
-1.558989966641425,-1.707465201559656,13.081058117120904
-1.5592658692846233,-1.5592658692846233,13.070099996738435
-1.5595430408173376,-1.4110151321680675,13.059091479433668
-1.559820420545678,-1.2627117690131682,13.048074693151456
-1.5579862933239665,-1.112847352374262,13.120921356232692
-1.5589741628573361,-0.965079243673589,13.08168580146107
-1.5607691960091385,-0.8175457693381202,13.01039185102998
-1.5611110544851499,-0.66904759477935,12.996814140100952
-1.5614732136939247,-0.5204910712313082,12.982430137971171
-1.5782446686212412,1.1273176204437436,12.316312481567621
-1.577122466522486,1.2767181871848696,12.360883369142577
-1.576170940627887,1.4260594224728502,12.398675451085651
-1.5752252959901234,1.5752252959901234,12.436233945123732
-1.5744471183643216,1.7243944629704475,12.46714109412251
-1.57366970870079,1.8734163198818932,12.49801774169908
-1.5704725700518702,2.019179018638119,12.624999599459493
-1.5704072113262435,2.168657577545765,12.627595474494107
-1.5714478195503196,2.3197563050504724,12.586265278964866
-1.5707846799609657,2.4683759256529463,12.612603422616871
-1.5701648045677725,2.6169413409462874,12.63722322727697
-1.569563030033615,2.765420576725893,12.661124113879445
-1.5690166461213475,2.9138880570825023,12.682825032059384
-1.5685120590222599,3.0623330676148885,12.702865891803057
-1.815079317466324,3.7165909833834254,2.909869097404595
-1.818161552239958,3.896060469085624,2.7874509164658434
-1.8199504963885624,4.073222539536307,2.7163988050736094
-1.4109038313592008,-1.7079362169085062,13.063977375454982
-1.411154754376759,-1.5596973601006283,13.05296232726596
-1.4114057666612947,-1.4114057666612947,13.04194336042464
-1.411678240399834,-1.263080530884062,13.029982276146832
-1.4119873454679845,-1.1147268516852509,13.016413145445775
-1.4101354355018736,-0.9648295085012818,13.097708507333891
-1.4126134609776828,-0.8178288458291847,12.988927853030845
-1.4129471726901588,-0.6692907660111278,12.97427853695799
-1.413281042110068,-0.5206824891984461,12.959622297825646
-1.4136293068370192,-0.37200771232553137,12.944334131808688
-1.429931224206604,0.9783739955097815,12.228710642393828
-1.4287740238718074,1.127979492530374,12.279509559034409
-1.4277423706906105,1.2774537000915989,12.324797191934053
-1.4267588613047766,1.4267588613047766,12.367971402832445
-1.4258981516835632,1.5759926939660434,12.40575493519502
-1.4250718011158423,1.72508691714023,12.442030169779123
-1.4221739932266328,1.8712815700350434,12.569238481925218
-1.4224475581420573,2.021372845780818,12.557229497035948
-1.4229685463666877,2.171899360243892,12.534359094567236
-1.4222740055489438,2.3205523248430135,12.564848129216756
-1.4216736101102532,2.469222585980966,12.591204358924202
-1.4210737216244764,2.617767381939825,12.6175383343529
-1.4205232018618525,2.766282024678344,12.641705115755919
-1.419978817429179,2.9146933620914726,12.665602567721898
-1.6418043893261272,3.5428410506511163,2.927877476652796
-1.6430476976370938,3.7184763683365807,2.8732985819288785
-1.6443317046556232,3.8944698268159494,2.8169330905451915
-1.2629617329089289,-1.5601291994757358,13.035810813951457
-1.2632343956304968,-1.4118502068811436,13.022433271288868
-1.263511030669475,-1.263511030669475,13.00886083639707
-1.2637877868953167,-1.1151068707899854,12.995282455762386
-1.2629604371020586,-0.9657932754309858,13.035874389608566
-1.262657099293992,-0.8170134171902301,13.050756931839686
-1.2646808857779839,-0.6695369395295209,12.95146470049282
-1.2650251610219048,-0.5208927133619607,12.934573661128354
-1.2653828712438533,-0.3721714327187804,12.917023466780378
-1.2802924657942643,0.9790471797250255,12.185519959321724
-1.27920922077188,1.1287140183281292,12.238666779017727
-1.2782036186746557,1.2782036186746557,12.288004234757395
-1.2772808106613276,1.4275491413273662,12.333279597288424
-1.275344691206233,1.5754257950194641,12.428270656064171
-1.2736670615209786,1.72319661264603,12.510579534070942
-1.2749461256271335,1.8749207729810788,12.447825320550699
-1.2743164053519633,2.023914290853118,12.47872103595379
-1.2736888930625987,2.172763405812668,12.50950842182747
-1.2730655834338727,2.3214725344970617,12.540089614233757
-1.2724602141640997,2.470069827495017,12.569790605944114
-1.2719231034255416,2.6186652129349386,12.596142656485831
-1.2713904909018847,2.767144009609984,12.622274012898927
-1.27090310649775,2.915601244318368,12.646186360072392
-1.468450236578596,3.541556452924849,2.9540100870062105
-1.4695348805350357,3.7170588154709723,2.9007946319650415
-1.4706556273172793,3.892911954663387,2.8458078783405654
-1.1149985296572462,-1.4123314708991785,13.00130668672167
-1.1152508603170301,-1.2639509750259676,12.98727602141281
-1.1155143309579068,-1.1155143309579068,12.972625925447403
-1.1157779261112684,-0.9670075359630992,12.957968906054603
-1.114335389735859,-0.8171792858062965,13.038180106296949
-1.1161743700833582,-0.669704622050015,12.935924923405537
-1.116689987221112,-0.5211219940365189,12.907254402377596
-1.11702030037828,-0.3723401001260933,12.888887576248337
-1.1314337231901734,0.8297180636727939,12.087439541349227
-1.1304554532914466,0.9797280595192537,12.141835537232218
-1.1294905228799939,1.1294905228799939,12.195489800495423
-1.1285350218992891,1.2790063581525277,12.248619747026794
-1.1263793869281573,1.4267472234423326,12.368482283089214
-1.1250674096489943,1.575094373508592,12.441433838451182
-1.1261337156375715,1.7267383639776095,12.382142658951402
-1.1254545152830475,1.875757525471746,12.419909107389088
-1.1248482617934432,2.024726871228198,12.453619397736858
-1.1242927289668978,2.1736326093360026,12.484509402003539
-1.1237399999628668,2.322395999923258,12.515243501730836
-1.1231901217982936,2.4710182679562456,12.545819082575342
-1.122670140004308,2.619563660010052,12.574732297181733
-1.1221962938509162,2.7680841914989265,12.6010801725918
-1.2942328213950254,3.365005335627066,3.0351124818834023
-1.2952188834844194,3.5402649481907464,2.9802832068286733
-1.2961780960180118,3.715710541918301,2.926946882061742
-1.2971599075293554,3.891479722588066,2.8723539573500574
-0.9669061805237367,-1.2644157745310403,12.964471748159362
-0.9671346897319748,-1.1159246419984326,12.949810874406552
-0.967403024836897,-0.967403024836897,12.932594819407974
-0.9676765853740832,-0.8188032645473011,12.91504350701073
-0.9664576265892599,-0.6690860491771801,12.993250424762323
-0.9682598931752283,-0.5213707117097384,12.877619185699778
-0.9685757178863937,-0.37252912226399765,12.857356255141703
-0.9812774466640252,0.8303116856387905,12.042428736522304
-0.9804168455576616,0.9804168455576616,12.097643860101783
-0.9795692863065226,1.1302722534306031,12.15202223406218
-0.9772715461583541,1.2779704834378478,12.29944245615642
-0.9765624415660465,1.4272835684426837,12.344937747070553
-0.9771851320321424,1.578529828667307,12.304986681724458
-0.9764798377079057,1.7276181744062948,12.350237510458797
-0.9758721520642311,1.8766772155081368,12.389225884590402
-0.9752836448601463,2.0255891085556885,12.42698379329012
-0.9747782017365259,2.1745052192584042,12.459412411295304
-0.9742968290950167,2.323323207841963,12.49029669635162
-0.9738186275289201,2.4720011314195665,12.520977529054115
-0.9733421538925355,2.620536568172211,12.551547499881252
-1.1204628350968695,3.189009607583398,3.1124629649805655
-1.1212448158223218,3.3637344474669657,3.0622920297198846
-1.122107492195509,3.538954398462759,3.0069437595370943
-1.1229470278962856,3.7143632461184835,2.9530801668400812
-0.8187005642306822,-1.1164098603145665,12.92283065804589
-0.8189321113747157,-0.9678288588973911,12.905273822373836
-0.81917834004154,-0.81917834004154,12.886603774599209
-0.818612514511299,-0.6697738755092447,12.929506941878415
-0.8186031587849216,-0.520929282863132,12.930216330678206
-0.8200132556708072,-0.3727332980321851,12.823297113814185
-0.8309254917255285,0.8309254917255285,11.995887490486446
-0.8301702026495492,0.9811102394949218,12.053156545767663
-0.8280965768685195,1.1292226048207084,12.210387191970753
-0.8278648501655084,1.2794274957103313,12.227957642526619
-0.8280302022452296,1.4302339856963058,12.215419982846932
-0.8273345061555676,1.579456784478811,12.268170458240895
-0.8267370175908684,1.7286319458718158,12.313474444131721
-0.8261430354114426,1.877597807753279,12.358512561789503
-0.8256445792935839,2.026582149175161,12.39630750928282
-0.8251467242648146,2.1753868185163294,12.434056879783988
-0.8247359379133735,2.3242558250285983,12.465204353006676
-0.8243286980229052,2.4729860940687156,12.496082919295624
-0.9472541496561661,3.01399047617871,3.1753808080851513
-0.9477844931243358,3.188002385963675,3.135168033450128
-0.9483942408556643,3.362488672124628,3.088934508242886
-0.9491168340668283,3.537617290612724,3.034144584924661
-0.6707958952194134,-0.6707958952194134,12.834792487276765
-0.6700460663629746,-0.5211469405045358,12.904281979970072
-0.6707843309586272,-0.37265796164368176,12.83586419131764
-0.6796699054928065,0.8307076622689856,12.012404195924638
-0.678607701202152,0.9802111239586639,12.110842708473733
-0.6791174173861462,1.1318623623102435,12.063605370594338
-0.6785300106461445,1.2816677978871618,12.118042587856422
-0.6779455043441078,1.431218286948672,12.172211010498188
-0.6773717789618009,1.5805341509108686,12.225380324294846
-0.6768183552451547,1.7296469078487284,12.276668205501274
-0.6763296335020622,1.8786934263946171,12.32195990867335
-0.675858721314727,2.027576163944181,12.365601132560656
-0.6754509858177002,2.1764531765237005,12.403387532214587
-0.7742732897998775,2.666941331532912,3.245148673391469
-0.7745231546777421,2.8399182338183873,3.2219927446010814
-0.7748415064696104,3.0132725251595955,3.1924898729458135
-0.7752174030977224,3.1870048794017474,3.1576541023985385
-0.5216999951695752,-0.37264285369255373,12.838384391668576
-0.5487274315333158,-0.2351688992285639,9.618010372735753
-0.5293288029496495,0.6805656037924065,11.929396427003788
-0.5287805863674849,0.8309409214346192,11.994717547889643
-0.5290716480061866,0.9825616320114893,11.96003696159326
-0.5285904626266754,1.132693848485733,12.01737117833558
-0.52811672965239,1.2825692005843758,12.07381742583641
-0.5276600058390064,1.4322200158487317,12.128236997217648
-0.5272072391415459,1.5816217174246376,12.18218507018753
-0.5267611499397629,1.730786635516364,12.235337505964807
-0.5263429772013268,1.879796347147596,12.285163638349758
-0.6018463971468867,2.3214075318522776,3.2887775712102467
-0.6019927984117314,2.4939701648486015,3.2713335627109075
-0.6021353295189955,2.6665993164412662,3.2543506913595053
-0.37340463414842373,-0.37340463414842373,12.711309624484663
-0.3730950799727297,-0.22385704798363779,12.762947238056938
-0.3787365378285004,0.5302311529599005,11.821879587822728
-0.3785659444226532,0.6814186999607756,11.850336759655
-0.22413169154815266,-0.22413169154815266,12.686590446214097
-0.22428250474588746,-0.07476083491529582,12.644661147900003
-0.22812903707769272,0.22812903707769272,11.575242794350629
-0.22767649336404383,0.37946082227340644,11.701059637005997
-0.22776625026208616,0.5314545839448678,11.676105297397186
-0.07479896809250305,-0.07479896809250305,12.612855628486564
-0.07614047653972898,0.07614047653972898,11.493951406850954
-0.07605552354049025,0.22816657062147072,11.564807665479357
0.07609830538106592,-0.22829491614319772,11.529124862192916
0.07617823329614741,-0.07617823329614741,11.462459846556115
0.07479743558313752,0.07479743558313752,12.614133839743701
0.2565860871507973,-3.50667652439423,3.663573526834355
0.2565420662274088,-3.3350468609563153,3.675812286150773
0.25650323785720675,-3.163539933572217,3.6866074044938983
0.2564814744209249,-2.9922838682441237,3.6926581057979604
0.2564710155341077,-2.8211811708751853,3.6955659002879457
0.25646944151889717,-2.6501842290286044,3.696003510220663
0.2564855523477205,-2.479360339361299,3.691524354828644
0.25650259008807846,-2.3085233107927063,3.68678749818217
0.25652350712014643,-2.137695892667887,3.680972115373521
0.2565629397612675,-1.9669825381697177,3.670008996775749
0.2566359820508422,-1.7964518743558955,3.649701676228716
0.25726806996865215,-0.7718042099059564,3.4739677002593936
0.22772491593209773,-0.5313581371748947,11.68759712622073
0.22781542243873304,-0.37969237073122175,11.662434379371803
0.22830904301566202,-0.22830904301566202,11.525197289150924
0.22420275960340005,0.07473425320113336,12.666832005084096
0.22411920759522544,0.22411920759522544,12.690061252445162
0.42774008282420817,-3.67856471228819,3.6474586985335122
0.42766359807386783,-3.5068415042057164,3.6602173375452196
0.4275895734385451,-3.3351986728206513,3.6725655977651144
0.42751740803472205,-3.163628819456943,3.6846037142839663
0.4274789049132241,-2.992352334392568,3.6910265296272797
0.4274541946555775,-2.821197684726811,3.69514851807331
0.42744491633833376,-2.6501584812976695,3.6966962605948055
0.42746867930563665,-2.4793183399726924,3.6927322923486514
0.4274964546922007,-2.308480855337884,3.688099001019282
0.4275256110236058,-2.137628055118029,3.6832353503484114
0.42758717478748387,-1.9669010040224257,3.672965723579324
0.4276854685323361,-1.7962789678358115,3.6565690640871082
0.4278381712522624,-1.6257850507585971,3.63109628852105
0.4279949075167994,-1.455182685557118,3.604950665892062
0.42817821004693435,-1.284534630140803,3.574373448845293
0.42805315312987124,-1.1129381981376651,3.595234549308131
0.42803359630990323,-0.9416739118817871,3.5984968781394144
0.3786762834932831,-0.6816173102879095,11.831930785068039
0.3791190541716404,-0.5307666758402965,11.758070947322707
0.3729408482853043,0.22376450897118255,12.788675065045602
0.5993568482487226,-4.024253123955709,3.585412386388896
0.599099081101274,-3.851351235651047,3.616125866328545
0.5988718121342624,-3.678783988824755,3.64320542603312
0.5987572072388195,-3.5070064995416574,3.656860832441623
0.598652653578111,-3.3353504985066187,3.66931861378643
0.598551612812811,-3.1637728105820013,3.6813578264977593
0.5984841607348438,-2.9924208036742193,3.6893948787910347
0.5984393754970414,-2.8212141987717665,3.694731130972329
0.5984263856998503,-2.650173993813623,3.6962788917300315
0.5984460135878886,-2.4792763420069672,3.693940188945419
0.5984840300041574,-2.308438401444607,3.689410455618244
0.5273695434560626,-1.8834626552002236,12.162846180971549
0.5276845238216231,-1.7338205782710474,12.125315629717129
0.5279998806606614,-1.5839996419819844,12.08774022088204
0.5284024744482679,-1.4342352877881561,12.039770352177392
0.5288076919084276,-1.2842472517776098,11.991487867551271
0.5292184446733295,-1.1340395242999917,11.942545840105794
0.5292565313913082,-0.9829049868695724,11.938007730186875
0.5291850806978061,-0.8315765553822667,11.946521225654678
0.5303669123013525,-0.6819003158160246,11.805703586142243
0.5221191825998414,0.22376536397136057,12.7884373566881
0.5214184091836939,0.3724417208454956,12.871935934657117
0.7710312740501469,-4.197836936495245,3.545598606490117
0.7706922425912553,-4.024726155754333,3.5770179415599017
0.7703551642084678,-3.851775821042339,3.608256277637068
0.7700403626105607,-3.679081732472679,3.637430139311988
0.7698669169180047,-3.507171510404244,3.653504011479015
0.7697326134056862,-3.3355079914246404,3.6659504288952007
0.769601387389634,-3.163916814824051,3.6781116430247067
0.7694972424229606,-2.992489276089291,3.687763153284095
0.769431954224834,-2.821250498824391,3.693813658979778
0.7694098567295726,-2.6501895065129726,3.6958615179309504
0.6769266161958356,-2.1812079855199147,12.266635251345512
0.6773075079289641,-2.0319225237868923,12.231336565413528
0.6777092969992663,-1.882525824997962,12.194101243746111
0.67811288008069,-1.7329551379839856,12.15669966424312
0.6785179340904571,-1.5832085128777331,12.11916176821471
0.6789395963780702,-1.4333169256870373,12.08008471989558
0.6794599230102513,-1.2834242990193634,12.03186407141748
0.6790340936013851,-1.1317234893356418,12.071327302716064
0.6795150391507686,-0.9815217232177768,12.026756248997906
0.6810481090605099,-0.8323921332961788,11.884680828218222
0.6697646232463683,0.37209145735909355,12.930364384277468
0.669872315333849,0.5210118008152159,12.9203841488386
0.669977250858665,0.669977250858665,12.910659374548636
0.9424788645426008,-4.198314942053404,3.537462130124368
0.9420679209890287,-4.025199298771304,3.568621523044854
0.9416490111256015,-3.8522005000592787,3.6003849536165973
0.9412641687914529,-3.67948720527568,3.629565247109298
0.9409927293842032,-3.5073365367956666,3.6501468746128154
0.9408285651907309,-3.335664912948955,3.662594463979815
0.9406667338908223,-3.1640608321782207,3.6748651639746157
0.9405181505147997,-2.992557751637999,3.6861313531013167
0.8261264118287799,-2.4783792354863396,12.359773028681929
0.8265389608677485,-2.3293370715363824,12.328491901401932
0.8269752824498146,-2.1802075628222384,12.295408244298415
0.8274291571402388,-2.0309624766169496,12.260993639925971
0.8279007129621355,-1.881592529459399,12.22523838105721
0.8283918839446887,-1.7320921209752582,12.187995821821332
0.8288857099915162,-1.5824181736201675,12.150551944934321
0.8293808728974128,-1.4325669622773494,12.113006702016257
0.8286946642796124,-1.2807099357048555,12.165037799137998
0.8294486787628791,-1.1310663801311989,12.107865388602256
0.8311974291124204,-0.9823242344055878,11.975268104163725
0.8318395109112112,-0.8318395109112112,11.9265828799238
0.8191031532895563,0.37231961513161654,12.892304736512614
0.8172305060658446,0.5200557765873556,13.034296380225882
0.8181915921997276,0.66942948452705,12.961422964361894
0.8177406233678738,0.8177406233678738,12.995617234851053
0.8173028734325546,0.9659033958748372,13.028809195442626
1.1139829125347316,-4.370240656867025,3.5282069402186806
1.113093103753562,-4.195504775686503,3.5852959928019175
1.112437600811105,-4.021889787547841,3.6273522668490443
1.111783096103594,-3.848479948050903,3.6693444953522913
1.1112382793354387,-3.6756343085710665,3.7042992786536786
1.1107561552969083,-3.503154028244096,3.7352317724318596
1.1103949076166908,-3.3311847228500726,3.7584089856128884
1.1103180560942492,-3.1601360058067094,3.763339686116879
0.9754931273598506,-2.6263276505842135,12.413543650088599
0.9759303386002209,-2.477361628754407,12.385492706987463
0.9764110697310443,-2.3283648585894134,12.35464958047897
0.9768987074598385,-2.17923557817964,12.323363335018328
0.9774222760814912,-2.030030881092328,12.289771807035002
0.9779587698937481,-1.8806899421033618,12.255351014493193
0.9785231820995842,-1.7312333221761877,12.219139011667991
0.9791037698216292,-1.5816291666349396,12.181889207334251
0.978220881034309,-1.4297074415116826,12.238534281502012
0.9793274871600286,-1.2806590216708067,12.167535774140575
0.9809367032462338,-1.1318500422071929,12.064290421085708
0.9816886636949044,-0.9816886636949044,12.016045550386359
0.9824484915503117,-0.8313025697733407,11.967295916409334
0.9672314462926249,0.37201209472793273,12.94360309078425
0.9659085168266,0.5201045859835538,13.028480641386238
0.9647596214466786,0.6679105071553929,13.102192376025187
0.9656551961744814,0.8170928583014843,13.044733387296674
0.9651386743918935,0.9651386743918935,13.077872798629286
0.9646430748692427,1.1130497017722032,13.109669863130769
0.9641557175346571,1.2608190152376286,13.140938118838946
1.2855197102891307,-4.370767014983045,3.5195987739190855
1.2850967794699544,-4.197982812935185,3.5431155386980606
1.2849485031772543,-4.026171976622064,3.5513603355764616
1.2843801414511955,-3.8531404243535867,3.5829636815967945
1.283825029904051,-3.6802984190582797,3.6138302609246296
1.2833190568502342,-3.50773875539064,3.641964529584172
1.283068769346184,-3.335978800300078,3.6558815866842593
1.124695637762224,-2.7742492398134857,12.46210594749644
1.1251475263676571,-2.6253442281912,12.436979005787713
1.1256516230632534,-2.4764335707391574,12.408949070680883
1.126156171527695,-2.3273894211572363,12.38089401529151
1.126720313707799,-2.1783259398350783,12.349525294096779
1.127283064662122,-2.0291095163918196,12.31823393101351
1.1278963191284817,-1.8798271985474697,12.284134356375922
1.128515461750929,-1.730390374684758,12.249707375043407
1.1274157732349397,-1.5783820825289157,12.310854766030474
1.1290626199390286,-1.4301459852561031,12.219283036539338
1.1305198843011228,-1.2812558688746059,12.138252897163618
1.1311953707138354,-1.1311953707138354,12.100692959795879
1.1319921198184777,-0.9810598371760139,12.056390297440316
1.1151245723685603,0.37170819078952017,12.994298172185289
1.1145276152313417,0.5201128871079594,13.027491545528093
1.1122966878826739,0.6673780127296044,13.151540660226729
1.112455638479767,0.8158008015518292,13.142702326310562
1.1127796306421294,0.9644090132231788,13.124686974562621
1.112217568040187,1.112217568040187,13.155940062305632
1.1116600204214844,1.2598813564776823,13.186942097644739
1.1111099227008632,1.40740590208776,13.21752988674578
1.4571523259629313,-4.200027292481391,3.50831498204343
1.456440782285216,-4.026630398082656,3.543225166502097
1.4558019353826683,-3.853593358365887,3.5745686579942912
1.4551621098006677,-3.680704160084042,3.605960166047211
1.4545674462740683,-3.5080744292492234,3.635135906138231
1.4542130262754338,-3.336135766161289,3.652524673568365
1.2742347376169207,-2.773334428930945,12.482727867556605
1.2747374564928897,-2.624459469250067,12.458063171290476
1.275260773711711,-2.475506207793321,12.432387866721541
1.2758321671721438,-2.326517481313909,12.40435381663169
1.2764168975625527,-2.177417060547884,12.375665422050893
1.2770541497928385,-2.0282624732003907,12.344400169329653
1.2776963673830197,-1.8789652461514996,12.312891303130726
1.2763527799584993,-1.726830231708558,12.37881119855718
1.2785575371686118,-1.5793946047376968,12.270640072451847
1.279855946856617,-1.4304272347221014,12.206936714343563
1.28061547247855,-1.28061547247855,12.169672410839524
1.2813812459762146,-1.1306305111554833,12.132101570293422
1.282146947108794,-0.9804653124949602,12.094534280166705
1.2628067145598973,0.37141373957644047,13.043416417554802
1.262131234279612,0.5197010964680755,13.076557237888807
1.2614816549682233,0.667843229100824,13.108427289287377
1.258697682416273,0.8144514415634707,13.245016227338951
1.2602076205232375,0.9636881804001227,13.170934734542115
1.2595819385578395,1.1113958281392702,13.201632319958996
1.2589587906959878,1.2589587906959878,13.232205575661467
1.2583356037442421,1.4063750865376823,13.262780749215864
1.257730566011217,1.553667169778562,13.292465474870625
1.6279721181914275,-4.027088923947215,3.535088144669956
1.6272640350805005,-3.85404639887487,3.5661716605012117
1.6265369725831622,-3.681109990582946,3.5980883356733386
1.625872202110584,-3.5084610677123127,3.627270508203182
1.4232821772021726,-2.9214739426781438,12.5205912911985
1.4237251308823602,-2.7725173601393327,12.501146458355933
1.4242367405425398,-2.623593995736257,12.47868775721448
1.4247986754509756,-2.474650331046431,12.454019872395655
1.4253960545625466,-2.3256461942862603,12.427796053771502
1.4260347644941012,-2.176579377385733,12.39975788994203
1.4267002444289256,-2.0274161368200523,12.370544573354913
1.425096284478994,-1.8751266901039396,12.440955396218811
1.4281419136362623,-1.7288033691386333,12.307258008630868
1.428925582617255,-1.5793388018401238,12.272856415369787
1.4297182198816365,-1.4297182198816365,12.238061131347848
1.4305662596878028,-1.2799803376154024,12.200833780018996
1.4314172061913557,-1.130066215414228,12.163478830145799
1.4102618521076653,0.37112154002833303,13.092159056278177
1.409549157543286,0.5193075843580527,13.123445006236416
1.4088371829540722,0.6673439287677184,13.154699350640009
1.4071959124614757,0.8146923703724332,13.22674803610181
1.4053269574985021,0.9615394972358171,13.308791641270474
1.40673743580141,1.1105821861590077,13.246874298544029
1.406050325233337,1.258045027840354,13.277037159218047
1.4053744187853805,1.4053744187853805,13.306708180107101
1.40469916185901,1.5525622315283791,13.33635068822106
1.4040829958340217,1.6996794160096051,13.363399216983908
1.797982521321979,-3.681583257945005,3.5889084430687177
1.5725454982240707,-3.0702078774850907,12.542668396713921
1.572722954712668,-2.9207712016092406,12.535620296187744
1.57318155325683,-2.771796070023939,12.517405979732125
1.573671183716745,-2.622785306194575,12.497959157981967
1.5742581321519218,-2.4738342076673057,12.4746471246632
1.5748792985324507,-2.3248218216431416,12.449976045414104
1.5755533737716114,-2.1757641828274634,12.42320356678924
1.5737034560540017,-2.023333014926574,12.49667738643899
1.5770081709166315,-1.8773906796626567,12.365422887117553
1.5777956223471272,-1.7280618720944727,12.33414740722111
1.5786145015014894,-1.5786145015014894,12.301623701582848
1.5794808176446533,-1.4290540731070673,12.267215924709
1.5803683812863283,-1.2793458324698848,12.231964253612858
1.5813058708043677,-1.1295041934316912,12.194729659275893
1.5575448216680958,0.37084400515907046,13.138455438162481
1.5567582840349665,0.5189194280116555,13.169694624453939
1.5559847492947256,0.6668506068405967,13.200417370366502
1.5552149480103366,0.8146364013387477,13.230991833326094
1.5523072493653267,0.9609521067499641,13.346477902682373
1.5517607718757607,1.1084005513398292,13.368182537504133
1.5529501319644943,1.2571501068284003,13.320944312892095
1.5522102437361267,1.4043806967136385,13.350330708694777
1.5515774308894508,1.5515774308894508,13.375464354654326
1.5509451338091267,1.6986541941719007,13.400577515743912
1.6202730391199873,1.9288964751428423,10.647057203452974
1.7221492591584067,-3.0699182445867246,12.548560407515247
1.7223435795890847,-2.9204956349554045,12.541513636990828
1.722560231553897,-2.771075155108443,12.533657043248382
1.7230962143647566,-2.6221029349028906,12.514220343463506
1.7236325312190166,-2.4730379795751105,12.494771530041476
1.7235012712377837,-2.322979974277013,12.499531497707046
1.72226604239982,-2.1715528360693384,12.544325419457302
1.725732736191778,-2.025860168572957,12.41861040562631
1.7265061379949251,-1.876637106516223,12.390564023622488
1.7273406830563516,-1.7273406830563516,12.360300363133305
1.7282032709109467,-1.5779247256143425,12.329019768255726
1.7291141382541488,-1.4283986359490795,12.295988382295278
1.7300631312768437,-1.278742314422015,12.261574419559274
1.7310478149049515,-1.128944227111925,12.225866184752412
1.703768854589977,0.5185383470491234,13.215101196291982
1.702926139406155,0.6663624023763215,13.2456611353427
1.7020934340465608,0.8140446858483551,13.275858081505461
1.7012752001843987,0.9615903305390079,13.305530238168764
1.6978067038251972,1.1072652416251285,13.431310619689981
1.6991022849011574,1.2558582105791165,13.38432810474697
1.6990141342604068,1.403533415258597,13.387524769836595
1.6983218894552297,1.5506417251547748,13.412628101852583
1.6976503774834457,1.6976503774834457,13.436979585394717
1.773247756201016,1.927443213261974,10.695541754020155
1.7723444180122543,2.0805782298404725,10.728300105264694
1.8717335546168843,-3.06964302957169,12.554159114880399
1.8719359745538526,-2.9202201203040103,12.547405865656046
1.8721472002233819,-2.7707778563306054,12.540358834566746
1.8724435134508821,-2.6214209188312347,12.530473063907252
1.8716895962523041,-2.4706302670530413,12.555625678875778
1.870814309525587,-2.319809743811728,12.58482749316746
1.8743590965218293,-2.174256551965322,12.466564290484058
1.8750987718005068,-2.0251066735445473,12.441886822558658
1.8759341465233221,-1.8759341465233221,12.41401657527281
1.8767749240164564,-1.7266329300951397,12.385966077686476
1.8776977868193554,-1.5772661409282585,12.355177003244506
1.8786355357274525,-1.427763007152864,12.323891290082614
1.879640831164358,-1.2781557651917634,12.290352051155857
1.8505671886490098,0.5181588128217227,13.260323471492924
1.849674422107364,0.6658827919586511,13.290108457325786
1.8487854478876689,0.8134655970705742,13.31976692155385
1.8478992718576586,0.9609076213659824,13.349332030983938
1.847145898828093,1.1082875392968559,13.374466491075943
1.843419291794275,1.253525118420107,13.498795677407593
1.8456449192460096,1.4026901386269675,13.424543026768433
1.8449279940911185,1.5497395150365394,13.448461492106858
1.8442116256869852,1.6966746956320264,13.472361382809403
1.8435217758880946,1.8435217758880946,13.495376544700314
1.9250778225322123,2.079084048334789,10.774457266742303
1.9241457761200704,2.232009100299282,10.805552729986303
2.021458521569673,-3.0696221994206145,12.554582863273012
2.021506923390489,-2.919954444897373,12.553087669649798
2.021728228275753,-2.770516460970476,12.546251281107942
2.0200923262258916,-2.6186382006631925,12.596786369910603
2.0193884419296793,-2.4681414290251635,12.618530248414146
2.0229714014135904,-2.322670868289678,12.507848086416047
2.023640354642025,-2.173539640171064,12.487183272892132
2.024438676916695,-2.024438676916695,12.462522085477516
2.025250249742564,-1.8752317127245963,12.437451571733376
2.026157609653617,-1.725986111927155,12.409422073460597
2.0270657827012433,-1.5766067198787448,12.381367456367919
2.0280794882872404,-1.4271670473132432,12.35005280533948
2.0889808036738966,0.5415876157673065,10.468733944271747
1.99622763204485,0.6654092106816166,13.333997035909526
1.995340467435717,0.8129164867330698,13.361402675696404
1.9945271432833136,0.9603278838030768,13.38652729013804
1.9937144819016648,1.107619156612036,13.411631430750617
1.9909514065401845,1.2535619967104865,13.496986332514247
1.9893579400666008,1.3999185504172376,13.546210532553275
1.9913772950306905,1.5488490072460923,13.483830096974614
1.9907058246927416,1.6957864432567797,13.504572667203362
1.9900860982285624,1.8426723131745948,13.52371680355511
2.0776169162494145,2.0776169162494145,10.819778837325288
2.0766898110562853,2.2305186859493435,10.84841829240034
2.0757906365942196,2.3833151753489186,10.876194931773966
2.171212679992113,-3.069645513092298,12.554108592545646
2.171192958361229,-2.919880185382342,12.554675803133506
2.1686382171017855,-2.766883242509174,12.628152297044707
2.1685055300980642,-2.6171618466700775,12.631968486173434
2.171771060576077,-2.471325689621053,12.538049100248294
2.1722559202289213,-2.322066673348157,12.524104131379808
2.1729319320251546,-2.1729319320251546,12.504661467099723
2.173680092782341,-2.0237711208663174,12.483143738399491
2.1745376610638534,-1.8746014319515976,12.458479357855254
2.175428415978639,-1.7253397781899549,12.432860502000217
2.176403130522976,-1.576016060033879,12.404826897024599
2.2417079966624978,0.5411019302288788,10.526604364102695
2.2403472923795187,0.6952801941867471,10.565739356577453
2.141850710811132,0.812426131686981,13.398583367348103
2.14098115114916,0.9597501712047958,13.423592630016927
2.1401494922981,1.1069738753266034,13.447511833685873
2.1393184792995035,1.254083246485916,13.471412462098165
2.1354900905250793,1.3991141972405692,13.581520123073176
2.136232151872306,1.5469267306661523,13.560177818501359
2.137180433238665,1.6950051711892857,13.532904453817629
2.1365263645795225,1.8418330729133814,13.551716015134588
2.230076427732059,2.07627805340571,10.86113800837525
2.229111030615327,2.229111030615327,10.88890363634529
2.2282116864013077,2.38188145787726,10.914769527625353
2.321155136236424,-3.21966680187633,12.548629309027234
2.320998513133282,-3.069707710918211,12.552843300294086
2.3180718765299027,-2.91628397369891,12.631585330304084
2.317796083154419,-2.766401776668177,12.639005633263409
2.3210690802913017,-2.6205618648450177,12.55094466987714
2.3213293519416003,-2.4710925359378324,12.543941983559712
2.321591300891582,-2.321591300891582,12.536894168994436
2.3221850499915653,-2.172366659669529,12.520919172510311
2.3229077570849874,-2.0231777239127307,12.501474522780661
2.323739223254898,-1.8739832445604012,12.479103677685721
2.324656052726605,-1.7247448133132874,12.45443610751596
2.39421533585704,0.5406292693870735,10.582922864837698
2.392821507154613,0.6946901149803715,10.620424241465258
2.391454118439945,0.8485804936399803,10.65721424234252
2.2873194023498273,0.9591984590499275,13.458989812969747
2.286431409314682,1.1063377787006525,13.48288153021997
2.2856534761133718,1.2534228739976554,13.503812054840843
2.2849419206773836,1.4004482739635575,13.52295666590382
2.280450874442664,1.5448215601063207,13.643789603270307
2.283564685236298,1.6942576696914469,13.560011595889854
2.282922797530565,1.8410667722020684,13.577281775907949
2.3823706633718875,2.074967997130354,10.901607307999399
2.3814876971494052,2.227843329591379,10.925363777356836
2.3806280744831936,2.3806280744831936,10.948492181375968
2.3797624133661133,2.533295472292959,10.971783051715292
2.467775112669437,-3.066023624831725,12.627788774848469
2.4673817266090583,-2.915996585992523,12.637731479240372
2.470682936543346,-2.770159656124358,12.55429447468397
2.4706604948046738,-2.6203974944898056,12.554861682310609
2.4708594262675296,-2.4708594262675296,12.549833754458966
2.4711382225150813,-2.3213722696353796,12.542787270218248
2.471417081708943,-2.171851374835132,12.535739195030061
2.4721294671175422,-2.0226513821870804,12.517733886138359
2.4728988789330257,-1.8734082416159286,12.498287253409117
2.546518370976041,0.5401705635403723,10.637578599520367
2.545147230313289,0.6941310628127152,10.672233732639057
2.5438501977649537,0.8479500659216513,10.7050158073327
2.5425544865048617,1.001612373471612,10.737764486896893
2.432751243038942,1.1057960195631555,13.513005658388707
2.4319940071885418,1.2528453976425824,13.532144547571086
2.4312468101916496,1.3998087695042831,13.551029708004755
2.428667930101194,1.5455159555189417,13.616210061311833
2.4264885800188836,1.6911890103161917,13.671292423950781
2.4291965756842364,1.8403004361244217,13.602848716593066
2.5347130386271473,2.0738561225131207,10.935954524890576
2.5337982589298536,2.2266711972413864,10.959075283427751
2.532882249569212,2.379374234443805,10.982227121305044
2.532014784066055,2.532014784066055,11.00415202901469
2.617760788240245,-3.216106111266587,12.617695464896322
2.6173152530082224,-3.065997867809632,12.628312750727027
2.620601072236966,-2.9200983376354763,12.550010341776755
2.620441198440744,-2.770180695494501,12.553820199380212
2.62041739623837,-2.62041739623837,12.55438741554594
2.6203935944651744,-2.470656817638593,12.554954621484171
2.6206569286985415,-2.321153279704423,12.548679259574008
2.620952632647264,-2.17164646705059,12.541632514178367
2.697393607704061,0.6936154991239014,10.720012981035694
2.6960373428046758,0.8473260220243266,10.752333325340572
2.6947315792941193,1.0009003008806727,10.783450201004797
2.693427080004152,1.154325891430351,10.814536949778073
2.692202064784719,1.307641002895435,10.843729560815007
2.5775222565978937,1.399226367867428,13.57659604367916
2.576797935746593,1.546078761447956,13.593856904232162
2.5782883239119965,1.6943037557135976,13.558340347934369
2.6878877360313287,1.9199198114509493,10.946541770153445
2.686909301669616,2.0727586041451325,10.969858259037451
2.6859554354251185,2.225505932209384,10.992589279693462
2.685060645961858,2.3781965721376457,11.013912476619126
2.684166452473897,2.530785512332531,11.035221471210953
2.8480847210324813,0.8467278900366836,10.797686098146642
2.846710800926569,1.0001956868120376,10.828657385364494
2.845477839673893,1.1535720971650916,10.856451139106639
2.8442459459056786,1.306815704875582,10.884220829318636
2.8430640044279443,1.459951786057593,10.910864481175878
2.842037538949849,1.6130483329174818,10.934003350026032
2.8380408674461273,1.7641875662502953,11.024097425019534
2.8362233153666425,1.916367104977461,11.065069186947227
2.839005462589449,2.0717066889166253,11.002353254376558
2.8380598308194127,2.224425272804405,11.023669947411392
2.837114828734213,2.3770421538043407,11.044972445916393
2.8362322488907368,2.529612546307954,11.064867804975009
2.9999919328130398,0.8461515707934215,10.84138494094961
2.9986928402712234,0.9995642800904078,10.869167675097941
2.9973948723397283,1.1528441816691262,10.89692635803469
2.99624770311856,1.306056691102962,10.921460020163408
2.9951661110429435,1.4591834899952802,10.944591232241478
2.9940852995565135,1.6121997766842764,10.967705750434291
2.9930059101812923,1.7651060495940953,10.990789854983433
2.988099268919507,1.9154482493073763,11.095724573142007
2.988016496280038,2.0686268051169496,11.097494770539882
2.9900275728538612,2.2233538362246663,11.05448535896683
2.989132285240488,2.3759769446783365,11.073632214905103
2.9882375337053206,2.5285086823660405,11.092767606134124
3.150518263998364,0.9989448154141154,10.908911777681226
3.1493807603681536,1.152212473305422,10.932052048394809
3.1482440778393608,1.305369495689491,10.95517561541746
3.1471034878198405,1.4584138114287066,10.978378672642009
3.1460133991877295,1.6113727166571297,11.000554378616847
3.1449654779324265,1.7642489266450199,11.02187227237139
3.1439182544719424,1.9170233258975258,11.043175970864858
3.1383984679307226,2.0667502105885247,11.155465155226764
3.140732956393312,2.221494042326977,11.107974585906938
3.1412100874415123,2.3750612856265096,11.098268294579178
3.1407191633289258,2.5278959119476716,11.108255178632447
3.3012714644207004,1.1516063247979187,10.965756501288169
3.300082400811528,1.3046837398557203,10.98882058114522
3.2989742129555206,1.4576862801431372,11.010315926735153
3.2978755086802733,1.6105903647043196,11.03162732080029
3.2967803652970002,1.7633941488797908,11.052869644803721
3.295793203685565,1.9161588393520725,11.07201746335803
3.2948066335337236,2.0688320722188496,11.091153809463592
3.289078849472802,2.218215968249099,11.202254736248314
3.2936893108297225,2.3745202008307302,11.11282634226368
3.2934007480556313,2.527493597345019,11.1184235490187
3.450738916702364,1.4569786537187759,11.04137939488573
3.449645946398044,1.6098347749857536,11.061637338101406
3.4486131540007627,1.7626245009337231,11.080779898201165
3.447715069256725,1.9153972606981804,11.097425684162296
3.447176236106867,2.0683057416641204,11.10741282773737
3.446731705404683,2.221227099038573,11.115652097996474
3.4414090085995532,2.370748428146359,11.214307010400184
3.599787906633157,2.067963265512665,11.1179923503488
0.0,0.0,75.0
