-3.0532470015440607,-1.800632847064446,9.702458060085291
-3.0553664530260076,-1.645197320860158,9.657130914275584
-2.8988182378323692,-1.9586609715083576,9.654037123494462
-2.8943421889041514,-1.7991856849944725,9.75493745704398
-2.898290164414516,-1.6449754987217524,9.665941100607867
-2.898050534076751,-1.4881881120934668,9.671342913992149
-2.8978084317069417,-1.3314254956491354,9.676800452606798
-2.897569150750691,-1.1746901962502803,9.682194390136289
-2.7417155759487435,-1.958368268534817,9.663802446805164
-2.7414888837624063,-1.80154983790101,9.669204613827958
-2.7372923119358914,-1.6423753871615347,9.769210627693383
-2.741033390336074,-1.4879895547538688,9.680059207480241
-2.740807066055526,-1.331249146369827,9.685452607158396
-2.740577792616966,-1.1745333396929853,9.69091628647179
-2.7403432993530266,-1.0178417969025528,9.69650435634746
-2.5847032671452914,-1.95810853571613,9.672467801031644
-2.584487395533679,-1.8013093968871097,9.677923885618895
-2.581745029850085,-1.6429286553591447,9.747236283979504
-2.581010883802692,-1.4860365694621562,9.76579158592051
-2.5838397731707516,-1.3310689740576602,9.694292329650622
-2.583618702378455,-1.1743721374447524,9.699879821834188
-2.5833976693987952,-1.0177021121874041,9.70546635831569
-2.583210892870224,-0.861070297623408,9.710187074167038
-2.4277306803947987,-1.957847322899031,9.68118253180809
-2.427530228590057,-1.801070814760365,9.686575747353302
-2.4273256441347852,-1.6443173718332413,9.692080153092647
-2.423670791083613,-1.4854756461480207,9.79041506365354
-2.426076614009057,-1.3304291109081925,9.725685680861247
-2.4267188734967307,-1.1742188097564825,9.708405497939253
-2.4265516112385814,-1.017586159551663,9.712905738842238
-2.426384372036037,-0.8609750997547228,9.717405359427318
-2.4262285439644216,-0.704388932118703,9.721597960134005
-2.2708009111675995,-1.9575869923858618,9.689867826658315
-2.2706066104924,-1.8008259324594897,9.695456076476361
-2.2704123430615395,-1.6440916966997354,9.70104337015944
-2.270218313431909,-1.487384412248492,9.706623824480374
-2.2667831528044213,-1.3288039171612125,9.80542191528373
-2.2699053756352043,-1.1740889873975195,9.715624177071518
-2.2697485328038614,-1.0174734802224203,9.720135107992462
-2.2696200534078796,-0.8608903650857473,9.723830282805821
-2.2694915885562588,-0.7043249757588389,9.727525039311217
-2.2693626418758663,-0.5477771894183125,9.731233653614794
-2.1139037783633072,-1.9573183132993586,9.698831651367001
-2.11372292738323,-1.8005787899931214,9.704418367478183
-2.113563516043722,-1.6438827347006726,9.709342785904596
-2.1134178401984633,-1.487219961621141,9.713842897495738
-2.1112130382010657,-1.329282283311782,9.781952027098114
-2.110945490599379,-1.1727474947774326,9.790216911790523
-2.1130222735525277,-1.0173810946734392,9.726062452805564
-2.1129026765503696,-0.860812201557558,9.729756955862825
-2.1128554417257877,-0.7042851472419293,9.7312160994925
-2.1128563823414743,-0.5477775806070488,9.731187042681142
-2.3263446011598496,2.498666423467987,3.1362652396166766
-2.3278348181082493,2.672699235605768,3.0902305483409975
-2.3295930984981164,2.84728045371992,3.0359150374279693
-2.3313638391984397,3.022138310072051,2.981214611724056
-2.3330839371759193,3.1971890990929266,2.9280786039486486
-1.9569217650260484,-1.8003680238239645,9.71206152071315
-1.9567868912174895,-1.643700988622691,9.716561257530955
-1.956656701738919,-1.4870590933215784,9.720904713063774
-1.956545946250574,-1.3304512434503903,9.724599800746134
-1.953610798200256,-1.1721664789201536,9.822523881698956
-1.9563472864498999,-1.017300588953948,9.731227602161866
-1.9563481573900436,-0.8607931892516192,9.731198545360755
-1.9563490283309628,-0.7042856501991467,9.731169488533766
-1.956396238103008,-0.5477909466688422,9.729594449230717
-2.151435857844957,2.151435857844957,3.2225715716112973
-2.152307646161192,2.324492257854087,3.1934864732826185
-2.153347316158367,2.497882886743706,3.1588004106982908
-2.1547097106503763,2.671840041206467,3.1133474297112684
-2.1562017298355807,2.8461862833829663,3.0635698358828165
-2.1578535816097366,3.0209950142536313,3.0084598161899407
-2.159465904521595,3.1960095386919605,2.9546685809145004
-2.1610541291093326,3.3712444414105587,2.901681327653449
-2.1626984061067045,3.5468253860149956,2.8468240219778096
-2.1644710067544675,3.7228901316176843,2.787685509591782
-1.8001689851725127,-1.8001689851725127,9.719279391203543
-1.800062606196677,-1.6435354230491397,9.723137082485508
-1.7999607181551036,-1.4869240715194336,9.726831916042869
-1.799858841647113,-1.3303304481739533,9.730526331350262
-1.7985957994490454,-1.172997260510247,9.776328867405667
-1.7975710327409478,-1.0160184098101008,9.813490661499188
-1.799841590134975,-0.8607938039775966,9.731151934364902
-1.8000228106513296,-0.7043567519939986,9.724580214712915
-1.8002517339367647,-0.5479027016329284,9.716278617940375
-1.800480715457614,-0.39140885118643787,9.707974909338432
-1.9784312717785952,1.9784312717785952,3.2548359845743136
-1.9790017609743873,2.151088870624334,3.2341479568904674
-1.979643219361933,2.323928996642269,3.21088632638552
-1.9805992521126397,2.4972773178811543,3.1762170773284737
-1.9816958767080073,2.6709813990412274,3.1364494530595266
-1.9829653145002033,2.845124146891596,3.090414989336864
-1.9844621095757442,3.0198336450065675,3.0361357178129964
-1.9859707460391571,3.1948225044977745,2.9814270341952493
-1.98743602132397,3.3700002100710797,2.928290785725949
-1.988937710445387,3.5454976577504724,2.8738340381739533
-1.9899549643060446,3.720350585441736,2.8369446874447704
-1.989276592707057,3.892062898774677,2.8615449261930337
-1.6434792205172344,-1.8000010510426854,9.725369297817991
-1.643386198667482,-1.643386198667482,9.729063878688876
-1.6433318729809228,-1.4868240755541682,9.7312215507078
-1.6433326045709569,-1.3303168703669652,9.731192493894241
-1.6433333361617188,-1.1738095258297994,9.731163437051762
-1.6410446793454516,-1.0158848014995652,9.822062808714563
-1.6436253553643232,-0.8609466147146454,9.719565209724053
-1.6438344043877795,-0.7045004590233341,9.711262337601042
-1.644045204703216,-0.5480150682344053,9.702889908810818
-1.6442581947532302,-0.39149004636981677,9.694430509577558
-1.805749503169457,1.805749503169457,3.28042454778398
-1.806180011125675,1.978197155042406,3.2633259148924623
-1.8066232760612702,2.1507419953110363,3.245720608653727
-1.807203795208407,2.323547736696524,3.2226639295842006
-1.8079349274149519,2.496672042620648,3.19362529971842
-1.8088082469339941,2.670145507378754,3.158939367350783
-1.8099515158768653,2.8442095249493597,3.1135317606664046
-1.8112039010590855,3.018673168431809,3.06379034669186
-1.8111472010371206,3.1910688780177843,3.06604232100851
-1.811368860514084,3.363970740954728,3.0572385951568037
-1.8127929818046842,3.539262488285336,3.0006762789689674
-1.815079317466324,3.7165909833834254,2.909869097404595
-1.8181496187800037,3.8960348973857224,2.7879248818082516
-1.4868244754378508,-1.6433323149576242,9.731203996566805
-1.4868251373530685,-1.4868251373530685,9.731174939734572
-1.4868257992688763,-1.3303178203984682,9.731145882876461
-1.4870147461458432,-1.1739590101151394,9.722851470609257
-1.4872038666768983,-1.0175605403578778,9.71454943525444
-1.4852476879557752,-0.8598802403954487,9.80042199923524
-1.4875858842856893,-0.7046459451879581,9.697779581253656
-1.4877786197354383,-0.5481289651656878,9.68931885777208
-1.4879714051372444,-0.39157142240453796,9.680855941489241
-1.6332077705780212,1.6332077705780212,3.305252859328135
-1.6335737913010364,1.805528927227461,3.2891852385039044
-1.6339695121934408,1.9779630937078492,3.271813836144503
-1.634354725091544,2.150466743541505,3.2549037149570097
-1.6348254384366196,2.3231729914625645,3.2342402850744776
-1.6353542811450645,2.4960670606950983,3.2110250855498634
-1.6361440443059965,2.669498177551889,3.176355969259774
-1.6352886062874523,2.8402381056571535,3.2139080881872673
-1.6358370228783616,3.013383989512771,3.1898336320639658
-1.6379462328582364,3.1896847692502495,3.097243283856045
-1.6405796904093046,3.3675056803138355,2.981639453999975
-1.64179014079243,3.5428103038152434,2.928502960463831
-1.643030593788636,3.718437659626913,2.874049408683689
-1.644309161187769,3.8944164343920846,2.8179227063531584
-1.3304199038845246,-1.4869398925768216,9.726137401401573
-1.3305890999541232,-1.3305890999541232,9.717836201932926
-1.3307583390641953,-1.1741985344684076,9.709532890786647
-1.3309296422758405,-1.0177697264462309,9.701128309445835
-1.3297915048417985,-0.8604533266623402,9.756968293702727
-1.329808048416381,-0.7040160256322018,9.756156622882841
-1.3314903030362937,-0.5482607130149444,9.673620833546394
-1.3317370955199765,-0.3916873810352872,9.66151255207582
-1.460996866684886,1.460996866684886,3.319691809684926
-1.4611926345115358,1.6330976503364223,3.310086930668419
-1.4614401375157184,1.8053084051664756,3.2979437892131642
-1.461795792386314,1.9777237191108956,3.2804944357511516
-1.4621443431372017,2.150212269319414,3.2633936288888634
-1.4625026755739574,2.3227983670880503,3.245812907063268
-1.4611793202117838,2.4926000168318665,3.3107401648616843
-1.4615880329532651,2.665248765973601,3.2906876541830314
-1.4642705105354479,2.842407461627634,3.159078323465721
-1.4651950893104464,3.016578125050919,3.11371608275914
-1.466208187358831,3.191158996016279,3.0640108561490393
-1.467331432913705,3.3662309343314405,3.008901506236839
-1.4684281720585224,3.541503238494083,2.9550926297789033
-1.4695081523755797,3.7169912089499957,2.9021059850218762
-1.1742894662585623,-1.3308613950930372,9.704476693831879
-1.1744415946442406,-1.1744415946442406,9.696017704087012
-1.1745937624512794,-1.0179812607911087,9.687556522345673
-1.1747582038330662,-0.8614893494775818,9.67841287728585
-1.1732733809469327,-0.7039640285681596,9.760975388619585
-1.1751937368025889,-0.5484237438412081,9.654195378977974
-1.2890337050113467,1.4609048656795263,3.3242056184194837
-1.2892006933766051,1.6329875449437,3.3149203501709934
-1.2893738621977096,1.8051234070767934,3.3052914221091925
-1.2896622628400116,1.9774821363546846,3.2892551112999513
-1.2884600592105442,2.1474334320175736,3.356102781625026
-1.2886291086896204,2.319532395641317,3.346702906621374
-1.2906500014769657,2.495256669522134,3.234332613020939
-1.2910647898539138,2.668200565698089,3.211268602900489
-1.291690168750689,2.841718371251516,3.1764948580080272
-1.2924037285532612,3.015608699957609,3.136817877111966
-1.2932316145859957,3.1899713159787892,3.0907838682082627
-1.2942064819181296,3.3649368529871366,3.0365770695995877
-1.2951906722450985,3.540187837469936,2.9818518725516583
-1.2961462954141718,3.7156193801872925,2.928715131823708
-1.0182377655305823,-1.0182377655305823,9.671099489250977
-1.0184265037636047,-0.8617455031845886,9.658990273049127
-1.0186153119777772,-0.705195215984615,9.646876566941543
-1.017339509730367,-0.5477981975471208,9.728730492334904
-0.9814145550696457,0.8304277004435464,12.033632027449833
-0.9805113183902394,0.9805113183902394,12.09158259770377
-0.9796257556613551,1.1303374103784867,12.148399228720365
-1.11709219949317,1.4608128762602994,3.328718858708214
-1.1172323368430173,1.6328780307705637,3.3197278162465125
-1.1163287198145797,1.803300239700475,3.3777027892331546
-1.116089983587503,1.974620740193275,3.393019816115242
-1.1178427519625467,2.1496975999279746,3.280564322253312
-1.1181093246280753,2.3222270588429264,3.263461343229409
-1.1183829603786029,2.4948542962291915,3.245905205235374
-1.118742327632138,2.667770165892022,3.222848637950449
-1.119193484661303,2.8410296149094614,3.19390294994831
-1.119734106954994,3.014668749494214,3.159217279043119
-1.1204404307118798,3.188945841256889,3.1139004031581123
-1.121214588742926,3.363643766228778,3.064231362486197
-1.1220735359788667,3.538847305779503,3.009122349227866
-0.8613107998300451,-0.5481068726191196,9.691951229633872
-0.8618210779489611,-0.3917368536131642,9.653259890475937
-0.8318090231449191,0.6805710189367521,11.92889458497649
-0.8309975585571728,0.8309975585571728,11.99042309348053
-0.8302084189539178,0.9811554042182665,12.050258831876214
-0.8280965768685195,1.1292226048207084,12.210387191970753
-0.8279657867669075,1.2795834886397661,12.22030422347256
-0.9440477023134441,1.6306278494504944,3.4185065409558177
-0.9447215460213152,1.8035593151316016,3.367413001032787
-0.9455403236936465,1.9770388586321699,3.305329985044537
-0.9457514046054903,2.1494350104670237,3.2893249814060113
-0.9459805635059881,2.321952292241971,3.2719492319636174
-0.9462035806163713,2.49453671253407,3.2550391777481025
-0.9464754501317268,2.667339904916685,3.234424937718231
-0.9467796275024579,2.8403388825073734,3.2113609861615373
-0.9472376253660271,3.0139378988919043,3.1766337462191103
-0.9477603049195187,3.187921025638381,3.1370020804168917
-0.948367418248046,3.362393573788527,3.090968306224781
-0.7049288992968308,-0.3916271662760171,9.671557147544661
-0.6818180688310677,0.5303029424241636,11.813325727129673
-0.681090515608405,0.681090515608405,11.880750852097947
-0.6796699054928065,0.8307076622689856,12.012404195924638
-0.678607701202152,0.9802111239586639,12.110842708473733
-0.679088012062024,1.1318133534367065,12.06633047384716
-0.6784744379851294,1.2815628273052444,12.12319271776726
-0.7733711342969977,1.632672394626995,3.328754855905359
-0.7734681523613967,1.8047590221765921,3.3197638227925523
-0.7735717391043829,1.9769055554889785,3.3101640452459122
-0.7737020946541884,2.1491724851505234,3.298083500535
-0.7738903818627392,2.3216711455882177,3.2806342086192757
-0.7740749555965797,2.494241523588979,3.2635290585321
-0.7742641304717908,2.6669097827361683,3.245997503170017
-0.7745129225866357,2.839880716150997,3.2229409914097573
-0.774824760659852,3.0132074025660907,3.1940417708420625
-0.5488097795413277,-0.3920069853866627,9.608198440077999
-0.5487274315333158,-0.2351688992285639,9.618010372735753
-0.5307211170841033,0.5307211170841033,11.763499365793663
-0.5293288029496495,0.6805656037924065,11.929396427003788
-0.5287805863674849,0.8309409214346192,11.994717547889643
-0.529039836879483,0.9825025542047541,11.963827322046633
-0.5285372333569786,1.132579785764954,12.023713554093
-0.6014030650708444,1.4605503008863363,3.3416014898473065
-0.6014730090433391,1.632569595974778,3.3332675232523314
-0.6015484580359752,1.8046453741079256,3.324277622309822
-0.6016263431410761,1.9767722703206787,3.3149974536118663
-0.6017071550696944,2.148954125248909,3.3053685479384
-0.6018412165430137,2.321387549523053,3.289394850699523
-0.6019870631545695,2.4939464044975024,3.2720169302677533
-0.60212898285779,2.6665712097987844,3.2551069089518307
-0.3920229982808675,-0.23521379896852046,9.605527283595407
-0.3787365378285004,0.5302311529599005,11.821879587822728
-0.3785659444226532,0.6814186999607756,11.850336759655
-0.37856128539454764,0.8328348278680048,11.851113945400897
-0.3781612558568008,0.983219265227682,11.917844011766036
-0.2353944480449464,-0.07846481601498215,9.55530297213329
-0.22812903707769272,0.22812903707769272,11.575242794350629
-0.22767649336404383,0.37946082227340644,11.701059637005997
-0.22776625026208616,0.5314545839448678,11.676105297397186
-0.22756223683592558,0.6826867105077769,11.732825398383376
-0.22731382512674392,0.8334840254647278,11.801889172744204
-0.07850251682720676,-0.07850251682720676,9.52385807288988
-0.07614047653972898,0.07614047653972898,11.493951406850954
-0.07605552354049025,0.22816657062147072,11.564807665479357
0.07609830538106592,-0.22829491614319772,11.529124862192916
0.07617823329614741,-0.07617823329614741,11.462459846556115
0.07844530426800068,0.07844530426800068,9.571577022523499
0.2565019827753048,-3.1635244542287593,3.6869563441375703
0.25648028859144106,-2.992270033566813,3.6929877917864786
0.25647072929596654,-2.821178022255632,3.695645480620371
0.2564702177715467,-2.650192250305983,3.6957876953622986
0.2564862775689551,-2.479367349833233,3.6913227277963614
0.25650331980154245,-2.3085298782138826,3.686584622213914
0.25652500476050294,-2.1377083730041915,3.680555739285637
0.25656431260186646,-1.9669930632809762,3.669627317692772
0.256638818190106,-1.7964717273307418,3.6489131687835084
0.22726586594409842,-0.9848187524244265,11.815222852463528
0.22748995183325688,-0.8341298233886086,11.75292217695484
0.2277221285227352,-0.6831663855682057,11.68837208570995
0.22772491593209773,-0.5313581371748947,11.68759712622073
0.22781542243873304,-0.37969237073122175,11.662434379371803
0.22830904301566202,-0.22830904301566202,11.525197289150924
0.23505232443605087,0.07835077481201697,9.65042066125558
0.23514937278449216,0.23514937278449216,9.62343914230496
0.42773520931456394,-3.6785228001052497,3.648271662555672
0.42765985501753073,-3.506810811143752,3.6608417274320004
0.4275860566751937,-3.335171242066511,3.6731522390745255
0.4275141212697949,-3.1636044973964816,3.685151988901268
0.42747734563633005,-2.99234141945431,3.6912866370463746
0.4274538243109466,-2.8211952404522473,3.695210296315821
0.42744457544349906,-2.650156367749694,3.696753126232963
0.4274695791105168,-2.4793235588409974,3.6925821933342036
0.42749733550716335,-2.308485611738682,3.68795206976705
0.4275263994084902,-2.137631997042451,3.6831038376207488
0.4275887067201185,-1.9669080509125452,3.6727101775340287
0.42768843896109604,-1.796291443636603,3.6560735584067032
0.4278406582564737,-1.6257945013746002,3.630681424266257
0.42799694007821626,-1.4551895962659354,3.6046116085339435
0.37818573786649573,-1.134557213599487,11.913760098010833
0.37852840096335577,-0.984173842504725,11.856599491013789
0.37889028113612616,-0.8335586184994775,11.796233228859222
0.3786762834932831,-0.6816173102879095,11.831930785068039
0.3791190541716404,-0.5307666758402965,11.758070947322707
0.3909590047468202,0.23457540284809208,9.783015074969413
0.5990886718052112,-3.8512843187477865,3.617366155127854
0.598866511126214,-3.6787514254896005,3.6438370519248053
0.5987531681006601,-3.5069828417324382,3.6573421039692704
0.5986488920685443,-3.3353295415247466,3.669766805302544
0.5985481729449021,-3.1637546284230544,3.681767693756086
0.5984825617495922,-2.992412808747961,3.6895854011362417
0.598439006424644,-2.8212124588590357,3.694775106699197
0.5984260578517011,-2.6501725419146767,3.6963179555038863
0.5984468408885983,-2.479279769395622,3.6938416143830466
0.5984847936565771,-2.308441346961083,3.689319464879091
0.5985254815603513,-2.1375910055726832,3.684471418381605
0.5985983183150092,-1.9668230458921734,3.6757927709077194
0.5987037320411093,-1.7961111961233278,3.6632325110220734
0.5983718416584353,-1.6241521416443245,3.7027779252120325
0.5287202888630544,-1.2840349872388466,12.001902118192987
0.5291586836387675,-1.133911464940216,11.949666488933076
0.5292565313913082,-0.9829049868695724,11.938007730186875
0.5291850806978061,-0.8315765553822667,11.946521225654678
0.5303669123013525,-0.6819003158160246,11.805703586142243
0.5311503730600307,-0.5311503730600307,11.712352643117349
0.546798857448334,0.2343423674778574,9.847803897851392
0.5467255048567303,0.39051821775480744,9.856544008346617
0.7706818775488326,-4.0246720271994585,3.577978509472871
0.7703454005185945,-3.8517270025929724,3.6091611159215375
0.7700316040007503,-3.6790398857813624,3.6382418330034056
0.7698632683610337,-3.5071548892002644,3.6538421371336938
0.7697293919163571,-3.3354940316375474,3.66624897656682
0.7695984584643362,-3.163904773686715,3.678383077674553
0.7694959375152028,-2.992484201448011,3.687884084050239
0.7694308566292316,-2.8212464743071823,3.6939153773398203
0.7694096273064354,-2.6501887162777216,3.6958827794458813
0.7694180632232145,-2.4792359814970246,3.6951009909452637
0.7694662435472522,-2.308398730641757,3.690635937024723
0.7686701368220467,-2.135194824505685,3.7644141758711243
0.7685560203429412,-1.964087607543072,3.7749897841220985
0.7687879902247094,-1.7938386438576552,3.7534922526977255
0.7696403716566695,-1.6247963401640801,3.674498822691035
0.6793992697832477,-1.2833097318128013,12.037485036706421
0.6790340936013851,-1.1317234893356418,12.071327302716064
0.6795150391507686,-0.9815217232177768,12.026756248997906
0.6811096021700634,-0.8324672915411886,11.878982027818225
0.6817605244307088,-0.6817605244307088,11.818658585626558
0.7016265295533403,0.3897925164185224,9.977600314849198
0.9420599735246551,-4.025165341423526,3.5692241317559166
0.9416415037866174,-3.8521697882179806,3.600954190250576
0.9412578865575715,-3.679462647452325,3.6300415913473927
0.9409901582694359,-3.5073269535497156,3.6503418268747083
0.9408265154641288,-3.3356576457364566,3.662749882494154
0.9406649801395951,-3.16405493319682,3.674998140445709
0.9405174735171921,-2.992555597554702,3.6861826857825974
0.9396518136022438,-2.8189554408067314,3.7518205019520394
0.9392271193173363,-2.6469127908034022,3.7840225306235737
0.9391285076516955,-2.4758842474453795,3.7914996636982607
0.939408212971579,-2.3058201591120575,3.770291281455883
0.9405039720298853,-2.1375090273406485,3.68720642284903
0.9405732016004238,-1.9666530578917953,3.6819571583907447
0.9407173247143974,-1.7959148926365767,3.671029164270422
0.940966057314063,-1.6253050080879272,3.6521692582377057
0.8286946642796124,-1.2807099357048555,12.165037799137998
0.8294486787628791,-1.1310663801311989,12.107865388602256
0.8312788759676041,-0.9824204897798957,11.96909247604949
0.8319693050991662,-0.8319693050991662,11.916741362600739
0.8577305915123475,0.3898775415965216,9.963417022778927
0.8562411938885168,0.5448807597472379,10.076349140517138
0.8569562043993567,0.7011459854176555,10.022134168032807
0.856406983306151,0.856406983306151,10.063778320118061
1.1130686544977564,-4.195412620799236,3.5868646274117992
1.112437600811105,-4.021889787547841,3.6273522668490443
1.111783096103594,-3.848479948050903,3.6693444953522913
1.1112382793354387,-3.6756343085710665,3.7042992786536786
1.1107561552969083,-3.503154028244096,3.7352317724318596
1.1103949076166908,-3.3311847228500726,3.7584089856128884
1.1103180560942492,-3.1601360058067094,3.763339686116879
1.1102913183743925,-2.9892458571618263,3.7650551458056896
1.1110118303385188,-2.8202608000900864,3.718827971746123
1.1113830275092305,-2.6502210655989344,3.6950124113179044
1.1113589803235209,-2.4791854176447776,3.6965552495978784
1.1114119797241555,-2.308317188657862,3.6931548723103873
1.1114833811007483,-2.137468040578362,3.688573846556224
1.1115589459025323,-1.9666042889044804,3.6837257004895747
1.111708789712909,-1.7958372756900838,3.6741119032885337
1.1119392009994675,-1.625141909153068,3.6593289944968035
0.981054446486031,-1.1319858997915742,12.05673615757388
0.9818630599776168,-0.9818630599776168,12.004856496328024
1.0130729380950654,0.38964343772887133,10.002468555604807
1.0110175935666454,0.5443940888435783,10.134336968619806
1.0108499062901302,0.6998191658931671,10.145095580974626
1.0111197838193768,0.8555628940010112,10.127780565901446
1.0104815635393565,1.0104815635393565,10.168728005280371
1.0098441484422438,1.1652047866641275,10.209623785100135
1.2851048213922975,-4.1980090832148385,3.5426683733756477
1.2849520411820847,-4.026183062370532,3.5511636073561164
1.2843839615707622,-3.8531518847122865,3.582751266588943
1.2838285333746693,-3.680308462340719,3.6136354529543695
1.283321648895341,-3.507745840313932,3.6418204007756003
1.2830711238819295,-3.3359849220930164,3.6557506644133326
1.2828467412083833,-3.164355294980679,3.668227301998016
1.2826309051729174,-2.992805445403474,3.6802287099038438
1.2824765449378983,-2.8214483988633763,3.6888118000301233
1.2823728583334006,-2.650237240555695,3.6945772192858044
1.2823451112409787,-2.4792005483992257,3.696120076453468
1.2823757887923168,-2.3082764198261705,3.6944142732201612
1.2824562332327332,-2.1374270553878887,3.6899412178236872
1.2825434200499761,-1.9665665774099632,3.6850932574009505
1.2826854753230668,-1.7957596654522934,3.6771943758547962
1.1677684477259587,0.3892561492419862,10.067073250992706
1.1670205452157867,0.5446095877673671,10.108659833506508
1.1643284596612622,0.6985970757967573,10.258351319395189
1.165543294760457,0.8547317494910017,10.190801285258075
1.1648083163886251,1.0095005408701416,10.23166923033159
1.1640968386224726,1.1640968386224726,10.27123044108626
1.1633934279316003,1.3185125516558138,10.310343087907484
1.1626878978238575,1.4727380039102196,10.349573583383275
1.4564518662349748,-4.026661041943753,3.5426813590834882
1.4558135654539965,-3.8536241438488146,3.5739980564303124
1.4551729247591179,-3.6807315155671807,3.605429556042182
1.4545801358656858,-3.5081050335584183,3.6345133217517116
1.4542186136701525,-3.3361485843021144,3.65225054144355
1.4539657245663289,-3.1645136358208332,3.6646579389632876
1.4537173478409056,-2.992947480848923,3.6768439474562626
1.4535080948071628,-2.821515713449198,3.6871104458249278
1.4533851615220093,-2.6502905886577817,3.693141872700366
1.453333329267317,-2.479215679338364,3.6956848979971824
1.4533335589404475,-2.308235652434828,3.6956736296357207
1.4534245647650337,-2.137389065830932,3.6912086470596392
1.4535213367456237,-1.966528867361726,3.6864607618649075
1.3221674451841103,0.3888727779953266,10.131024500383376
1.3213329328810905,0.544078266480449,10.171967845597237
1.3193448793646845,0.6984767008401271,10.269506924567466
1.3179214656420954,0.8527727130625323,10.339343305906894
1.3188794718615369,1.0085548902470576,10.292341027788652
1.3180827926200553,1.1630142287824017,10.331428184551555
1.3172824944285833,1.3172824944285833,10.370692896418475
1.3164854873854475,1.471366132960206,10.40979613598357
1.6265783192116934,-3.681203564531727,3.5962732965025452
1.6258940318636481,-3.5085081740215562,3.6263122231311513
1.6253828971501183,-3.3363122625712953,3.648750075008593
1.625100228680408,-3.1646688663776366,3.661158688796519
1.6248200304502207,-2.9930895297767224,3.6734588637187926
1.6245478058648606,-2.8215830312389683,3.6854090106409814
1.6244104033021962,-2.6503538159141096,3.691440724525876
1.6243236344407492,-2.4792308104621963,3.69524971422895
1.6242884887907745,-2.3081994314395216,3.696792542112476
1.6243869992875786,-2.137351314852077,3.692468116717066
1.4762810866656113,0.38849502280673986,10.194038919133916
1.475350207045712,0.5435500762799991,10.234902782366376
1.4744520782217965,0.6984246686313773,10.274328947297974
1.4712679938611406,0.8517867332880287,10.414104257717298
1.47266739059829,1.0076145304093562,10.352673374870164
1.471776121382981,1.1619285168813007,10.39179841589494
1.4708859303088035,1.316055832381561,10.430876128553294
1.4700036662762916,1.4700036662762916,10.469605859002627
1.469132653521772,1.6237781959977478,10.507841679525015
1.7965894194904382,-3.3365232076250995,3.6442387487088155
1.7962515231203344,-3.1648241121643985,3.6576590953118
1.7959389553132745,-2.9932315921887906,3.670073458645703
1.7956368004651186,-2.821714972159472,3.6820742469015073
1.7954438054817197,-2.6504170461873007,3.689739495181783
1.795316026799491,-2.4792459417707255,3.6948145251486864
1.630111319250578,0.3881217426787091,10.256306840289383
1.629126089914111,0.5430420299713703,10.295437533450581
1.6281420507914859,0.6977751646249225,10.334520954478336
1.6271533213360545,0.8523184064141238,10.373790663070906
1.6237731753013651,1.005192918043702,10.508041088253862
1.6251845158970264,1.1608460827835902,10.451986387332354
1.6242212919604002,1.3148458077774667,10.490243084442895
1.6232592091259375,1.4686630939710863,10.528454460005463
1.6223147174152794,1.6223147174152794,10.56596716284028
1.6214050092785672,1.775824533971764,10.602098354478954
1.7836992487232521,0.38776070624418524,10.316532356064315
1.78261715964846,0.5425356572843139,10.35577286912013
1.7815383581919628,0.6971237053794638,10.394894161095493
1.7804608616759905,0.8515247599319955,10.433968131148035
1.7768692658352168,1.0043174111242528,10.56421255072891
1.7773163461787012,1.1591193562035007,10.54799978002066
1.7772872730615772,1.3136471148716005,10.54905407772928
1.7762831251912539,1.4673643208101663,10.585468157247604
1.7752873810140342,1.6209145652736832,10.621577488075062
1.7743092231290152,1.7743092231290152,10.657049075536662
1.9369944445895018,0.38739888891790036,10.376888134617658
1.935822599987371,0.5420303279964639,10.415983881651854
1.9346526306583074,0.6964749470369908,10.455017064757953
1.933506043040179,0.8507426589376786,10.493270173906907
1.932360813543734,1.0048276230427415,10.531477972626718
1.9280952290070195,1.1568571374042116,10.673788833381806
1.930158363923409,1.312507687467918,10.604957351253603
1.9290766880559154,1.4660982829224958,10.641044837607708
1.9280860660554475,1.619592295486576,10.674094532990864
1.9271399190408927,1.7729687255176212,10.70566042856349
2.088756478726402,0.5415294574475857,10.475663626365645
2.087518955804562,0.6958396519348541,10.513892278720348
2.0862794565710767,0.8499657045289571,10.552181981847951
2.085109331445726,1.0039415299553496,10.588328630802152
2.082345622443773,1.1568586791354294,10.673703106523519
2.079897053686152,1.3095648115801697,10.749342500469083
2.081781454762462,1.4649573200180286,10.691130961618555
2.0807601570347383,1.6183690110270186,10.7226801435325
2.0797508719939564,1.7716396316985554,10.753858238313555
2.241433427509933,0.5410356549161907,10.534501202419335
2.2401403456070375,0.695215969326322,10.571691318723111
2.2388843053076593,0.849231977875319,10.607816087549836
2.2376296727353955,1.0030753705365565,10.643900368968133
2.2364928991871813,1.1568066719933696,10.67659492634651
2.2324354169687743,1.3086690375334196,10.793291506250071
2.2319490111302116,1.4623114210853112,10.807280944712147
2.2332442322362933,1.617176857826281,10.770029303136766
2.232202963494403,1.770367867599009,10.799977062460954
2.3925662594896715,0.694616010819582,10.627291755959405
2.391274299731145,0.848516687001374,10.66205231829234
2.3901006379644074,1.0023002675334611,10.69363003790103
2.388928127696248,1.1559329650143135,10.725176776097314
2.387773900416225,1.3094243970024457,10.756231605049095
2.383078018670429,1.4605962049915533,10.882575702886157
2.385547821759715,1.616016266353355,10.81612491471833
2.3845027438058195,1.7691471970172208,10.84424304852196
2.5436270365986315,0.8478756788662105,10.7106561330381
2.5423699741014225,1.001539686767227,10.742427977723864
2.541184063957311,1.1550836654351413,10.772401469888052
2.539999259778596,1.3084844671586708,10.802347009137492
2.538829237017073,1.4617501667674058,10.831918952887676
2.533733591638922,1.6123759219520413,10.960709728117877
2.536712462579216,1.76801171634309,10.88541973651914
2.693261043751744,1.1542547330364619,10.818493661219435
2.692091601331352,1.3075873492180852,10.846361949847221
2.69096910679902,1.4608118008337536,10.8731114512033
2.688776679545285,1.613266007727171,10.925357884577949
2.684714202910837,1.7642407619128357,11.02216835546411
0.0,0.0,75.0
