-0.3912624702505512,0.5030517474649945,3.380280807218675
-0.2794949970587745,0.3912929958822843,3.376643616105845
-0.27929042839591134,0.5027227711126404,3.4107682973130693
-0.2793293140034755,0.614524490807646,3.4042816783798315
-0.1680039146315242,0.1680039146315242,3.291314285983951
-0.16780959092179537,0.27968265153632565,3.345340438317443
-0.1677555274668092,0.39142956408922147,3.360371236457482
-0.1679683261548538,0.5039049784645614,3.3012086445498454
-0.05479643477024197,-0.05479643477024197,4.296253354356864
-0.054796417546127234,0.054796417546127234,4.296267720375006
-0.055990199350193136,0.1679705980505794,3.3005770088903077
-0.05602769090307166,0.2801384545153583,3.26930664538407
0.055951611391656074,-0.2797580569582804,3.332761845147367
0.055965666269958414,-0.16789699880987521,3.321039173777251
0.0547964590948594,-0.0547964590948594,4.296233066063351
0.05479644187072936,0.05479644187072936,4.296247432094255
0.1674823015359878,-0.5024469046079635,3.4363338957779277
0.16753928437482526,-0.39092499687459237,3.420491446414829
0.16770395356316345,-0.2795065892719391,3.374709886016433
0.16796473149106955,-0.16796473149106955,3.302208038053948
0.27913786767631293,-0.6141033088878884,3.436217385400056
0.2790160265017185,-0.5022288477030933,3.4565420587041515
0.2795401009618004,-0.3913561413465205,3.369119705598642
0.0,0.0,50.0
