-1.9784758273688885,1.9784758273688885,3.2532202356832585
-1.979055208188674,2.151146965422472,3.2322097651474024
-1.9797156650272874,2.324014041553772,3.208259181224008
-1.9806620368139705,2.497356481200224,3.1739402741061866
-1.9817683965088477,2.6710791431206213,3.133819619473755
-1.983025005288113,2.8452097901959883,3.0882503827468355
-1.9845197598823185,3.019921373733963,3.03404510654957
-1.9860163559684025,3.1948958769926477,2.9797730511122182
-1.8057878257875957,1.8057878257875957,3.278902475149721
-1.806212257789988,1.978232472817606,3.26204516301064
-1.8066605754463083,2.1507863993408436,3.244239176121212
-1.8072352103286253,2.3235881275653756,3.2214162044258217
-1.8079749499369853,2.4967273118177418,3.1920357114152154
-1.8088394193109798,2.67019152374478,3.157701283309052
-1.8099830429760728,2.8442590675338284,3.1122795879999074
-1.811229058167019,3.018715096945032,3.0627911731645128
-1.8111472010371206,3.1910688780177843,3.06604232100851
-1.811377158160197,3.3639861508689375,3.0569090346859724
-1.6332250378178954,1.6332250378178954,3.3044948599976607
-1.6336005899300632,1.8055585467648063,3.2880088291294243
-1.6339910601899517,1.9779891781246781,3.2708679196548474
-1.6343723619661745,2.150489949955493,3.2541294893564583
-1.6348434586024967,2.3231985990667057,3.233449233709635
-1.6353748526932568,2.4960984593739184,3.21012203330352
-1.6361565975177659,2.669518659107934,3.175804906890477
-1.6352886062874523,2.8402381056571535,3.2139080881872673
-1.6358370228783616,3.013383989512771,3.1898336320639658
-1.6379462328582364,3.1896847692502495,3.097243283856045
-1.6405572402384352,3.3674595983841566,2.9826249742459083
-1.3297901414498174,-0.7040065454734328,9.757035185261245
-1.3314734419988112,-0.5482537702348046,9.674448079922271
-1.4610099608631713,1.4610099608631713,3.319049375223642
-1.4612041987378102,1.6331105750599055,3.30951955963414
-1.4614570733939796,1.805329325957269,3.29711287095391
-1.461809116318804,1.9777417456077937,3.2798407289507026
-1.4621532997797866,2.1502254408526276,3.2629541926960286
-1.4625094970191073,2.3228092011479937,3.245478229212978
-1.4611793202117838,2.4926000168318665,3.3107401648616843
-1.4615880329532651,2.665248765973601,3.2906876541830314
-1.4642605552513681,2.8423881366644204,3.1595667556090206
-1.4651739305624276,3.016534562922645,3.1147541859977537
-1.466172713032005,3.1910817871873047,3.065751318936961
-1.4672844707922972,3.366123197699976,3.011205590121307
-1.1747705679129017,-0.8614984164694612,9.677725381496899
-1.1732733809469327,-0.7039640285681596,9.760975388619585
-1.1751851643297984,-0.548419743353906,9.654672045177364
-1.1753950856771394,-0.3917983618923798,9.642999519261394
-1.288881836744712,1.288881836744712,3.332650144431568
-1.2890418701705044,1.4609141195265716,3.323751600602421
-1.2892074697401181,1.632996128337483,3.314543555339398
-1.2893788775941315,1.805130428631784,3.3050125445893315
-1.2896678067658984,1.9774906370410443,3.2889468452783603
-1.2884600592105442,2.1474334320175736,3.356102781625026
-1.2886291086896204,2.319532395641317,3.346702906621374
-1.2906435982572395,2.4952442899639964,3.234688659459991
-1.2910541608868766,2.668178599166212,3.2118596189870914
-1.2916690448175374,2.8416718985985825,3.1776694391560767
-1.292368698714119,3.0155269636662774,3.1387656861861757
-1.293188113506458,3.1898640133159297,3.0932027145271803
-1.0184426969760156,-0.8617592051335518,9.657951336173724
-1.018622432504232,-0.7052001455798529,9.646419722597244
-1.017339509730367,-0.5477981975471208,9.728730492334904
-1.0190167489869046,-0.39192951884111726,9.621120855143758
-1.01921562443971,-0.23520360563993306,9.60836124721115
-1.1168343605753366,1.1168343605753366,3.3452614910689107
-1.1169621743712348,1.2888025088898862,3.337061112887312
-1.1170965025697968,1.4608185033605035,3.3284427785289665
-1.1172352144834725,1.6328822365527675,3.3195431903237846
-1.1163287198145797,1.803300239700475,3.3777027892331546
-1.116089983587503,1.974620740193275,3.393019816115242
-1.1178394065792374,2.149691166498534,3.280778957990435
-1.1181030611620457,2.3222140501057873,3.263863199615969
-1.1183703037448105,2.4948260621999623,3.2467172395144104
-1.1187260054492476,2.6677312437635905,3.223895849415456
-1.1191644932802651,2.8409560214037497,3.1957630018061423
-1.1196995855422114,3.0145758072290305,3.16143213103301
-1.1203885561488824,3.1887981982698963,3.117228612226583
-0.8621970931834094,-0.7054339853318805,9.624748903182393
-0.8613107998300451,-0.5481068726191196,9.691951229633872
-0.8618210779489611,-0.3917368536131642,9.653259890475937
-0.862709408061515,-0.2352843840167768,9.585903128751482
-0.9449758866432292,1.1167896842147254,3.348127872199484
-0.9450648249947468,1.288724761356473,3.34138420870471
-0.9444838351778222,1.459656836183907,3.3854371931863625
-0.9440477023134441,1.6306278494504944,3.4185065409558177
-0.9447215460213152,1.8035593151316016,3.367413001032787
-0.9455376828859439,1.9770333369433373,3.3055302217050695
-0.9457440209969564,2.1494182295385373,3.289884836299649
-0.9459708531680797,2.321928457776196,3.2726855088358207
-0.9461915956042752,2.4945051156839986,3.2559479295652523
-0.9464556265098397,2.667284038345912,3.2359280444542264
-0.9467566953593852,2.8402700860781556,3.2130997934753367
-0.9471993772180778,3.0138162002393383,3.1795338746189117
-0.7056707801892363,-0.7056707801892363,9.602804222914699
-0.7058127609080178,-0.5489654807062361,9.589646329569248
-0.7049288992968308,-0.3916271662760171,9.671557147544661
-0.7060968938154745,-0.2353656312718248,9.563314652111004
-0.7731436828998451,1.1167630975219984,3.349833642170765
-0.7721718786085261,1.2869531310142102,3.439894442873552
-0.7725473502823451,1.4592561060888742,3.4050980544572553
-0.7733692872016543,1.6326684952034924,3.3289260332577015
-0.7734653172272193,1.8047524068635117,3.3200265654624417
-0.773567522929962,1.976894780821014,3.3105547741690486
-0.7736923302780273,2.1491453618834093,3.2989884024203775
-0.7738786962103366,2.3216360886310095,3.281717162483048
-0.7740615416008018,2.4941983007136943,3.264772184551589
-0.7742429950077542,2.6668369828044867,3.247956207027741
-0.7744892414969696,2.8397938854888882,3.2251356080788725
-0.5488097795413277,-0.3920069853866627,9.608198440077999
-0.5487274315333158,-0.2351688992285639,9.618010372735753
-0.6006056475806675,0.9438088747696203,3.436615405819495
-0.6005894703552885,1.1153804449455358,3.438542955129307
-0.6013468166267284,1.2886003213429895,3.3483036063780247
-0.6014011510567048,1.4605456525662832,3.341829548525297
-0.6014700799229707,1.6325616455052063,3.3336165339023154
-0.6015447601686672,1.8046342805060016,3.324718230721359
-0.6016214656011746,1.976756244118145,3.315578622412488
-0.6017014535857723,2.14893376280633,3.306047891345031
-0.6018292322585587,2.321341324425869,3.290822802569437
-0.601973825119254,2.4938915612083385,3.2735942691029294
-0.3920229982808675,-0.23521379896852046,9.605527283595407
-0.4292642530984277,0.6009699543377988,3.393207514675183
-0.42901376908855104,0.7722247843593918,3.4349914656719562
-0.4295128059466174,1.116733295461205,3.351745706258825
-0.42952321484682765,1.2885696445404828,3.3500093679730867
-0.429546338357644,1.4604575504159896,3.346152069284443
-0.42959549629355653,1.6324628859155148,3.3379518940066504
-0.42964670705021785,1.8045161696109149,3.3294092818538985
-0.42970005634491226,1.9766202591865962,3.320509934081869
-0.2353944480449464,-0.07846481601498215,9.55530297213329
-0.25807780397351415,0.25807780397351415,3.2488443081765013
-0.25757024665235473,0.4292837444205913,3.3899561117191723
-0.25761737683336056,0.6011072126111746,3.376852912206985
-0.07850251682720676,-0.07850251682720676,9.52385807288988
-0.08598496666558625,0.08598496666558625,3.283014245441734
-0.08594958259041863,0.2578487477712559,3.3125268371556302
0.08590012789204621,-0.2577003836761386,3.3537752324997143
0.0859767596857947,-0.0859767596857947,3.2898593937929235
0.07844530426800068,0.07844530426800068,9.571577022523499
0.256469910517968,-2.8211690156976483,3.695873118436353
0.2564724449277748,-2.6502152642536734,3.695168498241074
0.2564883475788987,-2.4793873599293548,3.6907472207071805
0.25650540949028533,-2.308548685412568,3.686003643997168
0.25652931041297156,-2.1377442534414297,3.6793586757029715
0.25656823412417157,-1.9670231282853154,3.6685370505208965
0.2566469556468147,-1.796528689527703,3.6466507815721485
0.2567381353427465,-1.626008190504061,3.621300873683893
0.2568313023361492,-1.4553773799048457,3.5953984545449487
0.25695335255541724,-1.2847667627770862,3.56146588014262
0.25726806996865215,-0.7718042099059564,3.4739677002593936
0.2571985675089051,-0.6001299908541119,3.4932908723163933
0.2574321074183078,-0.42905351236384637,3.4283617767420793
0.23505232443605087,0.07835077481201697,9.65042066125558
0.23514937278449216,0.23514937278449216,9.62343914230496
0.4274728881651388,-2.9923102171559712,3.6920302005094356
0.4274527618944379,-2.82118822850329,3.6953875210390947
0.4274456509863965,-2.650163036115658,3.6965737118594006
0.42747215436026215,-2.4793384952895203,3.6921526085905754
0.42749986855348493,-2.3084992901888186,3.6875295250967213
0.4275286479072127,-2.137643239536063,3.6827287591457605
0.4275931011950164,-1.9669282654970754,3.6719771226620566
0.42769702675271776,-1.7963275123614144,3.65464100443063
0.42784775811814857,-1.6258214808489646,3.6294970761218366
0.4280028022252932,-1.4552095275659969,3.6036337270862617
0.4281855298151056,-1.2845565894453168,3.5731524174719738
0.42805315312987124,-1.1129381981376651,3.595234549308131
0.42803359630990323,-0.9416739118817871,3.5984968781394144
0.42841200191954854,-0.7711416034551873,3.5353739607998733
0.3909590047468202,0.23457540284809208,9.783015074969413
0.5986380776322721,-3.335269289665516,3.6710553673818964
0.5985383482853293,-3.1637026980795975,3.6829383219284324
0.5984779751036675,-2.9923898755183376,3.6901319093278175
0.5984379421513436,-2.82120744157062,3.6949019170277637
0.5984251204861474,-2.650168390724367,3.6964296445163
0.5984492216562111,-2.4792896325757314,3.6935579410793054
0.5984870103537652,-2.3084498970788085,3.6890553409001825
0.5985272997257057,-2.137597499020378,3.6842547802813215
0.5986014731742376,-1.9668334118582096,3.675416863013396
0.5987087934153803,-1.796126380246141,3.662629437982403
0.5983718416584353,-1.6241521416443245,3.7027779252120325
0.598355309341214,-1.453148608400091,3.70474778443716
0.598726601827195,-1.2829855753439894,3.6605075294908005
0.5993264785933057,-1.113034888816139,3.589030992606382
0.546798857448334,0.2343423674778574,9.847803897851392
0.5467255048567303,0.39051821775480744,9.856544008346617
0.5468522300841443,0.5468522300841443,9.841444439729926
0.7698527655064815,-3.50710704286286,3.6548154766209677
0.7697182938879354,-3.3354459401810534,3.667277473080773
0.7695900568599405,-3.163870233757533,3.6791616863160357
0.7694921669456548,-2.992469538121991,3.6882335170746074
0.7694277241845583,-2.8212349886767134,3.694205672904431
0.7694089661131005,-2.650186438834013,3.695944054747585
0.7694195498652021,-2.4792407717878735,3.694963218176653
0.7694672580942218,-2.3084017742826655,3.690541915097427
0.7686701368220467,-2.135194824505685,3.7644141758711243
0.7685560203429412,-1.964087607543072,3.7749897841220985
0.7687879902247094,-1.7938386438576552,3.7534922526977255
0.7696403716566695,-1.6247963401640801,3.674498822691035
0.7702273794782701,-1.4548739390145102,3.620098574714774
0.7705068898890866,-1.2841781498151443,3.5941952816054936
0.7708784824276889,-1.1134911412844395,3.5597583874070864
0.7032562386581808,0.23441874621939357,9.826568972216052
0.7016265295533403,0.3897925164185224,9.977600314849198
0.7023512800575645,0.5462732178225502,9.910434928460958
0.7019048803032283,0.7019048803032283,9.951804491929835
0.9409826685064621,-3.5072990371604496,3.6509097308249068
0.9408206308277463,-3.335636782025646,3.66319607929087
0.9406598826754006,-3.164037787180893,3.67538465068138
0.9405154644182848,-2.9925492049672697,3.6863350237417194
0.9396518136022438,-2.8189554408067314,3.7518205019520394
0.9392271193173363,-2.6469127908034022,3.7840225306235737
0.9391285076516955,-2.4758842474453795,3.7914996636982607
0.939408212971579,-2.3058201591120575,3.770291281455883
0.9405026504978499,-2.1375060238587498,3.6873066267227586
0.9405687414024495,-1.9666437320233034,3.6822953485387018
0.9407114499108097,-1.7959036771024548,3.6714746155050904
0.9409488511316225,-1.625275288318257,3.653473900188331
0.9412804710042444,-1.4547061824611052,3.628329147772959
0.9416220291995844,-1.284030039817615,3.6024308317602305
0.8586252549601482,0.2341705240800404,9.895580042105337
0.8577305915123475,0.3898775415965216,9.963417022778927
0.8562411938885168,0.5448807597472379,10.076349140517138
0.8569883911202865,0.7011723200075072,10.019693641406803
1.1111862029473443,-3.675462055902755,3.707640436575673
1.1107561552969083,-3.503154028244096,3.7352317724318596
1.1103949076166908,-3.3311847228500726,3.7584089856128884
1.1103180560942492,-3.1601360058067094,3.763339686116879
1.1102913183743925,-2.9892458571618263,3.7650551458056896
1.1110118303385188,-2.8202608000900864,3.718827971746123
1.111383644042793,-2.650222535794353,3.694972855272013
1.1113598324292033,-2.4791873184959154,3.696500579530408
1.111408897069377,-2.3083107862210137,3.6933526517035205
1.1114793503901006,-2.1374602892117323,3.6888324520644744
1.1115541739704744,-1.966595846255455,3.6840318618648524
1.1116962816718596,-1.7958170703930039,3.674914404037338
1.1119059459977922,-1.6250933056890813,3.661462595085453
1.1122977726133783,-1.4545432411098025,3.636323474485522
1.0130312694342327,0.3896274113208588,10.00514196636415
1.0110175935666454,0.5443940888435783,10.134336968619806
1.0108499062901302,0.6998191658931671,10.145095580974626
1.2833289474156824,-3.5077657896028653,3.641414571788161
1.2830776821870382,-3.3360019736862996,3.655385994562849
1.282853897543267,-3.164372947273392,3.667829379130964
1.282640172482006,-2.9928270691246803,3.679713407830576
1.2824819574128976,-2.8214603063083743,3.6885108432408344
1.2823744764402978,-2.6502405846432824,3.694487245612663
1.2823470011264473,-2.4792042021777982,3.696014990727832
1.282369608266626,-2.3082652948799267,3.694757936917128
1.2824491224409424,-2.1374152040682373,3.6903366082997593
1.2825350651209595,-1.9665537665188046,3.6855578272348737
1.2826646228830685,-1.7957304720362959,3.6783538608208346
1.2828592468843998,-1.624955046053573,3.6675319328550273
1.1669857028026185,0.5445933279745553,10.110597220893908
1.165951260641799,0.6995707563850795,10.168116635111147
1.4542343126045953,-3.33618459950466,3.651480310866887
1.4539838946358032,-3.1645531824426305,3.6637664680714153
1.4537358449581195,-2.992985563149069,3.6759364307512215
1.45351824676001,-2.821535420181196,3.6866123646000943
1.4533965160004791,-2.650311293883227,3.6925847924391917
1.4533364987422046,-2.4792210860896433,3.695529395311354
1.4533235811351117,-2.3082198053322363,3.6961631667304573
1.453413693647145,-2.1373730788928604,3.691742012392865
1.4535086393873584,-1.9665116885828966,3.6870837273033743
1.4536164759299557,-1.7956438820311216,3.6817929859035843
1.6248496401504684,-2.993144073961389,3.6721590536086524
1.624578954609983,-2.8216371316910225,3.684041639357602
1.624427583853711,-2.6503818473402654,3.6906865306512344
1.6243283253240575,-2.479237970231456,3.695043793280803
1.6242935238063991,-2.308206586461725,3.6965715144033453
1.624371526087201,-2.137330955377896,3.6931473610903396
0.0,0.0,75.0
