-3.520866465804875,-1.9265118397800258,9.591909281537738
-3.383781276943329,-2.189505532139801,9.660961678336491
-3.3826781750568395,-2.0561377142502355,9.679002028043811
-3.3869446490566615,-1.9259097024047682,9.609227255725251
-3.3862824199467045,-1.7927377517364906,9.620057483536762
-3.3857174113204227,-1.6596653977060896,9.629297748040536
-3.3852581034372906,-1.526685027040347,9.636809361370652
-3.2550156004633988,-2.325011143188142,9.594038602215782
-3.254378992225749,-2.191724627417341,9.604874768849122
-3.248097920178119,-2.0549190923575855,9.711789413239202
-3.2529015302601443,-1.9251866199498813,9.630023711490551
-3.2526599170839647,-1.792281995127899,9.634136383119731
-3.2522690939775334,-1.6593209663150679,9.640788864276885
-3.2518783647784595,-1.5263918855082566,9.647439746969361
-3.251487729452902,-1.393494741194101,9.65408903177321
-3.2511544151697884,-1.260651712004612,9.659762613890877
-3.12118201901142,-2.324284482242547,9.611355228167824
-3.1205717763765453,-2.1910397578814043,9.622184623032283
-3.118272394726756,-2.056732856096371,9.662989559309402
-3.1143185852855533,-1.9216008292187456,9.733154049973628
-3.1192992016280883,-1.791937839233157,9.644767795131358
-3.1189244744213434,-1.659002380011353,9.651417721990576
-3.118558186622671,-1.5261029423898176,9.657917882712177
-3.1182994669915822,-1.3932827405707071,9.662509133608339
-3.118040790284365,-1.2604845747958073,9.667099622775424
-3.117782156490338,-1.1277084395816115,9.671689350403014
-3.1175204724854217,-0.9949533422825815,9.676333207218306
-2.9874871577984874,-2.323601122732157,9.627639963303146
-2.98706614050062,-2.1905151697004546,9.635443418236278
-2.986707238263567,-2.057509430803791,9.642095585371521
-2.982246548841285,-1.9218922203643836,9.724773397076163
-2.9817000044392414,-1.789020002663545,9.734903466866413
-2.985705390961321,-1.6587252172007338,9.660664585535073
-2.985457705263004,-1.525900604912202,9.665255380721376
-2.9852100606624816,-1.393098028309158,9.66984541416987
-2.9849593834491928,-1.2603161841229924,9.674491656370783
-2.9847121001873096,-1.1275579045152058,9.679074992494016
-2.9844648578934514,-0.9948216192978172,9.683657569284705
-2.8541024728272717,-2.3231066639291744,9.63942311773279
-2.8537595710886694,-2.1900945545564205,9.646074328838097
-2.8534167517349696,-2.057114402413583,9.6527239419364
-2.853102475198853,-1.9241853902503891,9.658819914490167
-2.848001059452789,-1.7882797350052397,9.757771273562646
-2.8497164760253355,-1.6568119046658927,9.72449760803952
-2.852392513382764,-1.5256983211117108,9.672590932201437
-2.8521531604101087,-1.3929120085723787,9.67723362417582
-2.8519168909355255,-1.2601493239017436,9.681816506022969
-2.8516806606023466,-1.1274086332613928,9.686398628650437
-2.8514406341623904,-0.9946885933124618,9.691054383764161
-2.8511958731337557,-0.861989450017182,9.695801974950015
-2.720831013258757,-2.322660621074549,9.650052500416635
-2.7205041859703147,-2.1896741009029363,9.656701157818944
-2.720265019541692,-2.056785746482743,9.661566527701673
-2.72003935773879,-1.923930277424998,9.666157172575403
-2.7198137333726997,-1.791096848806412,9.670747055870933
-2.7149415626303446,-1.655452172335576,9.769861772471934
-2.7193601006424393,-1.5254946906042952,9.679975320206964
-2.7191348427780873,-1.3927276023985324,9.68455774774656
-2.718909622241533,-1.2599825078680276,9.689139415925645
-2.71867587122925,-1.1272558490462743,9.69389461983019
-2.7184425184016847,-0.9945521408786651,9.698641723450983
-2.718209205629551,-0.8618712115410772,9.703388012222916
-2.717990555093133,-0.7292169781957186,9.70783602669075
-2.587655417084812,-2.3222548614863694,9.659721916473117
-2.5874407488648536,-2.189372941347184,9.66431286738171
-2.5872261162590826,-2.05651306677004,9.66890305663594
-2.5870088055844924,-1.9236732144089814,9.67355051977301
-2.586794486133148,-1.7908577211691026,9.678134011824461
-2.583964193857007,-1.6563873037544916,9.7386633854749
-2.5819407868201734,-1.5226830281247177,9.781936499566996
-2.586146728195107,-1.3925405459512115,9.69198713314244
-2.585924743121388,-1.2598094902386248,9.696734564206452
-2.5857027961531185,-1.1271012188359748,9.701481180337296
-2.585480887279089,-0.9944157258765727,9.706226981774734
-2.5852987157141194,-0.8617662385713731,9.710122950688437
-2.585119983555451,-0.7291364056182041,9.713945363556029
-2.5849412761080295,-0.5965249098710836,9.717767247942426
-2.454629661158319,-2.321946976771383,9.667058934484189
-2.454426055561613,-2.1890826982036007,9.671648668186762
-2.454220046526682,-2.0562384173601926,9.676292580858885
-2.4540167379852953,-1.923418524366853,9.680875618258241
-2.4538134631254356,-1.7906206352536962,9.685457896399292
-2.4536084430854728,-1.6578435426253193,9.690079514873162
-2.4498539914558135,-1.5228822109049651,9.7747134024386
-2.449820219223249,-1.3904385028023847,9.775474705450499
-2.4529767042864936,-1.2596366859849562,9.704320345694143
-2.452787428170003,-1.1269563859159473,9.708587060288451
-2.4526178523425295,-0.9943045347334578,9.712409685516285
-2.4524482999610124,-0.8616710243106259,9.716231782218877
-2.452277654389525,-0.7290555188725615,9.720078521912285
-2.4521384315926493,-0.5964661049819958,9.723216920725108
-2.3214444492532067,-2.188790480724452,9.679034369679407
-2.321252149423717,-2.0559661894895775,9.683616952847117
-2.3210598814503935,-1.9231639017731832,9.688198776869413
-2.320861770095118,-1.7903790797876626,9.692919851060829
-2.320662559439364,-1.6576161138852603,9.697667122029856
-2.3204633829785313,-1.524875937385892,9.702413578120009
-2.316308166212903,-1.3897848997277418,9.801434084060531
-2.3200136858115865,-1.259436000869147,9.713130044553061
-2.319947963616549,-1.126831868042324,9.714696231197749
-2.319787589466949,-0.994194681200121,9.718518012425761
-2.3196433188463317,-0.8615818041429232,9.721956040006908
-2.3195116305515247,-0.7289893696019077,9.725094225645279
-2.319379957208002,-0.5964119889963433,9.728232054988474
-2.1885007184863103,-2.1885007184863103,9.686358015756248
-2.1883165704575314,-2.0556913237631353,9.691012297132517
-2.188128730311339,-1.922901005425116,9.695759895572387
-2.1879409224098163,-1.7901334819716679,9.700506679038753
-2.1877531467447704,-1.6573887475339169,9.705252647738682
-2.187591505658451,-1.5246849887922536,9.709338073483849
-2.1854387921075764,-1.3907337767957304,9.763747206476992
-2.183558239235827,-1.2572001983479004,9.811277567057509
-2.187142161452174,-1.1267095983238473,9.720695101765237
-2.187017992538347,-0.9940990875174305,9.723833430570423
-2.1868938377224088,-0.8615036330421609,9.726971403056076
-2.1867696970093298,-0.7289232323364432,9.730109019096552
-2.186725831353509,-0.5963797721873206,9.73121770924272
-2.4511185299071134,2.7482238062594906,3.0487784724133675
-2.4530173787738336,2.8990205385508943,3.000785686526328
-2.4548375021035405,3.049949623825611,2.9547826629147025
-2.4566511364680244,3.201090874791668,2.908943645783026
-2.055409321634832,-2.055409321634832,9.698599648436769
-2.0552329141472736,-1.9226372422668043,9.703345944462491
-2.055067288960325,-1.789897316191251,9.70780213947694
-2.054925207867911,-1.6571977482805735,9.711624873611342
-2.054783146405045,-1.5245165279779367,9.715447079606903
-2.054641104582859,-1.391853651491614,9.719268757164123
-2.051114550592575,-1.2571347245567397,9.81415174325614
-2.0522846801275776,-1.1254464374893167,9.782669059394955
-2.0542850522027303,-0.9940088962271275,9.72884845256219
-2.054196624692892,-0.8614372942260516,9.731227621067546
-2.05419754162171,-0.7289088050915745,9.73120295082444
-2.0541984585513458,-0.5963801976439391,9.731178280559327
-2.054199375481801,-0.46385147188298725,9.731153610272173
-2.2975046439316906,2.2975046439316906,3.184952852804564
-2.298643186658139,2.4469427470876965,3.1543200214410234
-2.3001208064313188,2.5969105879063275,3.114564221083455
-2.301684257527315,2.7471715331777626,3.0724991034060736
-2.303455078612307,2.897895098899354,3.02485463437435
-2.3052055741072808,3.04882027543221,2.9777570313994985
-2.306914321259323,3.1999134133597065,2.9317826800330664
-2.30866567372644,3.3512888812157997,2.8846620199673225
-2.310396408706848,3.502859071265221,2.8380960795259043
-2.3123311785124963,3.6549750886165264,2.7860405213049333
-1.9225385325526014,-2.055127396866574,9.706184918345961
-1.9224027872429041,-1.9224027872429041,9.710089066910754
-1.922269883652648,-1.7896995468490169,9.713911485249255
-1.9221369984374619,-1.657014653825398,9.71773337510539
-1.9220125829725692,-1.5243548071851412,9.721311667863937
-1.9219034672712114,-1.3917232004377738,9.724449926635472
-1.9217943639784343,-1.259106652261733,9.727587828525841
-1.9184100631899297,-1.1245852094561657,9.824923147850654
-1.9216683233392777,-0.9939663741410056,9.731212862654573
-1.9216691811118556,-0.8614379087742801,9.731188192398292
-1.921670038885183,-0.7289093250943798,9.731163522120454
-1.9217402328629674,-0.5964021412333347,9.729144684650244
-1.921985135730409,-0.46392744655561596,9.722101073489263
-2.1479330515198125,2.1479330515198125,3.2236501648583413
-2.1487601362277506,2.296950490450354,3.1998625173687145
-2.1498012316795254,2.446325539497391,3.1699197420130716
-2.151037230854569,2.596079416548618,3.1343713726728737
-2.152420412484309,2.7461915607558423,3.0945899129183942
-2.154019681967484,2.8967850895424787,3.048593585889769
-2.1556881263773002,3.0476970062575623,3.000607730153554
-2.1572876213228858,3.198736817823589,2.954604918637564
-2.158881430256518,3.349988426260114,2.9087656415778014
-2.1605318762924135,3.50155166157736,2.861297434118832
-2.1622522333188208,3.6534606700904217,2.8118185281401367
-2.164173237759652,3.8059598319221464,2.7565688348186157
-1.7896255316774936,-1.9221903858758265,9.716197907756026
-1.7895018211925786,-1.7895018211925786,9.72001948151194
-1.7893992154845881,-1.6568511254486928,9.723189101945756
-1.7892976319229177,-1.5242165012676707,9.726327146983564
-1.789196059894318,-1.3915969354733584,9.729464835750193
-1.789139152592053,-1.2590238481203335,9.73122277448114
-1.7865746912825589,-1.1248803611779075,9.810442236317044
-1.7868802169016629,-0.992711231612035,9.801004162506807
-1.789141548440554,-0.8614385233232297,9.731148763682775
-1.7893428203798012,-0.7289915194139931,9.724931218247093
-1.7895708681621159,-0.5965236227207054,9.717886533064686
-1.7897989740802105,-0.4640219562430175,9.710840051994317
-1.7019093375190355,1.4497746208495488,12.425862377951418
-1.700993027184973,1.5749935436897897,12.454168366140976
-1.7001347912603133,1.7001347912603133,12.480680362180095
-1.6992786008484073,1.8251510898001413,12.507129169736345
-1.6984291239730784,1.9500482534505714,12.533370587634316
-1.6968256339113368,2.073897997002745,12.582904429022413
-2.0020490565989726,2.5952487770727424,3.1541658493018048
-2.0033360221747265,2.7453123266838846,3.1144098506696096
-2.0046987209185505,2.8956759302156843,3.0723143584387316
-2.006241058075438,3.046514199299739,3.024669607829388
-2.007765458904864,3.197552397515154,2.977578933120334
-2.0092537153604835,3.3487561922674725,2.9316048039527374
-2.01077917323461,3.5002452274824694,2.884481475792448
-2.0122865968659798,3.6519275276456673,2.8379152482600816
-2.0120502503165962,3.8005393617091263,2.8452162928808846
-2.012438039786937,3.950341337359543,2.833236984387412
-1.6567948556226184,-1.7893384440724278,9.725066407931436
-1.6567008031577661,-1.6567008031577661,9.728204239830916
-1.65661002938001,-1.5240812270296091,9.731232686304153
-1.656610768838595,-1.3915530458244196,9.731208016065686
-1.6566115082976494,-1.2590247463062136,9.731183345811552
-1.6566122477573644,-1.1264963284750078,9.731158675535383
-1.6538930382410304,-0.9923358229446183,9.821878492130779
-1.656925220238015,-0.8616011145237678,9.720717109384097
-1.6571364077917814,-0.7291400194283838,9.713671349934579
-1.657347649111955,-0.5966451536803038,9.706623796699567
-1.6575627902700465,-0.46411758127561303,9.699446134850803
-1.5786561528241891,1.1997786761463838,12.331974314179398
-1.5775566643850105,1.3251475980834089,12.368656073695128
-1.5765845465632506,1.4504577828381906,12.401088422129263
-1.5756136262441898,1.5756136262441898,12.433480818796326
-1.5748064848393657,1.700791003626515,12.46040913004721
-1.5740120105918338,1.825853932286527,12.486914832381999
-1.5714174219024504,1.9485576031590384,12.57347697797153
-1.5695582119802702,2.0718168398139567,12.635504998298522
-1.5714653076746912,2.2000514307445678,12.571879385564948
-1.8543470644845448,2.7444336554371263,3.134217101059427
-1.855539468401465,2.8946415707062854,3.0944354424557616
-1.856919060705692,3.045347259557335,3.0484086982626053
-1.8583571671272934,3.1963743274589445,3.0004297727592046
-1.857801356968551,3.3440424425433917,3.0189730278339155
-1.8580824830688714,3.493195068169478,3.0095939387611352
-1.8595147372304446,3.6446488849716716,2.961810259689912
-1.8615541282836232,3.7975704216985915,2.893770933849332
-1.86567401016527,3.9552289015503725,2.7563210880567937
-1.5240816340046925,-1.6566104717442312,9.731217927897056
-1.524082314306779,-1.524082314306779,9.73119325765176
-1.5240829946094725,-1.3915540385564749,9.73116858738446
-1.524098932021384,-1.2590382481915783,9.730590638456995
-1.524293155166764,-1.1266514625145647,9.723547395853807
-1.5228560764921606,-0.9931670064079308,9.77566113196545
-1.5221213915532958,-0.8603294821822977,9.802303498667996
-1.5248782285351392,-0.7292895875602841,9.702330492656856
-1.5250762127363624,-0.596768952809881,9.695150860393738
-1.525274248355244,-0.4642139016733351,9.687969363538016
-1.454269372907636,1.0748947538882527,12.262866206077213
-1.4531829750367793,1.2004555011173395,12.302262971859498
-1.4521117367619425,1.3258411509565562,12.341109995167358
-1.4511415889687875,1.4511415889687875,12.376291107360615
-1.450247499953626,1.5763559782104628,12.40871404969488
-1.449381393456807,1.7014477227536429,12.440122243426686
-1.4465891564411304,1.8239602407301208,12.54137898431896
-1.4452724000108605,1.947975843492899,12.589129395164996
-1.4471929887844959,2.0764073317342766,12.519481811983212
-1.4464697011408894,2.2011495452143968,12.545710871016546
-1.7054534478054622,2.7435555464696564,3.154011676393928
-1.7065497572845587,2.893714805830339,3.114255479395112
-1.705028491311088,3.0393986149458527,3.1694221553037565
-1.7062413478461034,3.1899294764079325,3.125439535198069
-1.7083212879850946,3.3423677373621414,3.0500132878763537
-1.7115914032645863,3.4975998240624153,2.9314269308857632
-1.712890941066498,3.649202439663409,2.8843009305680525
-1.7141750505994173,3.800996851329143,2.8377344157907913
-1.7156116331635622,3.9533659372899477,2.7856386704614025
-1.3915544101431228,-1.524083401585325,9.731153828949473
-1.3916746708459342,-1.3916746708459342,9.726377393162522
-1.3918520319870429,-1.2592946956073245,9.719333079585411
-1.3920294383412817,-1.1268809738953232,9.71228697026283
-1.3922075071603859,-0.9944339336859899,9.705214549594842
-1.3900697949004375,-0.860519396843128,9.790118804284312
-1.3910393216749186,-0.7286396446868622,9.751611775190135
-1.3927498959960865,-0.5968928125697514,9.683672305247995
-1.3929761037112514,-0.4643253679037504,9.674687935451871
-1.3298378138921054,0.9498841527800753,12.182373155721969
-1.3286886155625262,1.0756050697410926,12.228016261902063
-1.3275681522676217,1.2011330901468957,12.272518088805128
-1.3265889610935473,1.3265889610935473,12.311408962189226
-1.3256112135417641,1.4518599005457418,12.35024249872918
-1.324763185364051,1.5770990301952985,12.383923926175441
-1.3216404501449999,1.6992520073292856,12.507950677265178
-1.3208636617526852,1.8240498186108511,12.53880264959868
-1.3225233001907157,1.9522963002815328,12.472886217684497
-1.3218562581926154,2.077202691445539,12.499379354649832
-1.321194668377768,2.2019911139629467,12.525655945373572
-1.5543007329446281,2.738529862807202,3.2673020282172303
-1.5551555811564517,2.888146079290553,3.233349727125372
-1.5586570427210953,3.043092321503091,3.094280971222233
-1.5598166660553257,3.193910316208524,3.0482238115389464
-1.5610245010091157,3.3450525021623907,3.000251814343258
-1.5621827452892187,3.496313763266347,2.9542494270281026
-1.5633368956396114,3.64778608982576,2.908409639730415
-1.5645321815990378,3.799578155311949,2.8609360552694554
-1.5657789671381577,3.9517278694439217,2.811417044250099
-1.2593907124241377,-1.3919581558372047,9.715118122048054
-1.259551247414339,-1.259551247414339,9.70807093813363
-1.2597141420275995,-1.1271126533931153,9.70092017120816
-1.2598777025592305,-0.9946402914941294,9.693740171719583
-1.2600413055726403,-0.8621335248654907,9.68655830736089
-1.2580624854520355,-0.7283519652617048,9.77342478616378
-1.2604517361940228,-0.5970560855655898,9.668541175585673
-1.260685869510392,-0.46446321508277594,9.658263163677645
-1.205053584764233,0.8245103474702646,12.100415754172673
-1.2039894604614254,0.9505179951011253,12.147128808194587
-1.202941775006077,1.076316325005437,12.193120227753894
-1.2019024470443282,1.2019024470443282,12.23874476907445
-1.2009245090599083,1.3273376152767409,12.281674405937146
-1.2000388817395387,1.4526786463162837,12.320551778393138
-1.1969268925025998,1.5749038059244735,12.457162248577134
-1.1966250229990667,1.7004671379460423,12.470413751610103
-1.197683271011717,1.8280428873336731,12.42395865566587
-1.1970306164791,1.953049953202742,12.45260896123576
-1.196426636420038,2.0780041579926976,12.479122549030613
-1.405563296831539,2.5891955467949406,3.2984167893828413
-1.408155948293637,2.742198425624451,3.184604270028238
-1.4088563602665494,2.8918630552839697,3.1538575027173863
-1.409762011753019,3.042118025361778,3.1141011070586515
-1.410722331783877,3.1926873824582485,3.071944865197196
-1.4118076926644254,3.343755061573639,3.0242995653834797
-1.4128801038343266,3.4950192042217556,2.977222733493498
-1.4139273850253402,3.6464443087495613,2.9312490603776027
-1.4150009772705536,3.7981605179367492,2.8841203815044167
-1.416061769886397,3.950067042314687,2.8375535822693863
-1.1273465619574463,-1.1273465619574463,9.689444008348453
-1.127492966345093,-0.9948467350103762,9.68226102810651
-1.1276884614843596,-0.862349999958628,9.67266952784263
-1.1265618248712816,-0.7289517690343588,9.727945251894774
-1.1263493122304127,-0.5963025770631597,9.738371675071427
-1.128322732114395,-0.4646034779294567,9.641550560188612
-1.0789350517110636,0.8250679807202251,12.064638680937549
-1.0779816527619828,0.9511602818488084,12.111414914382522
-1.0770299372575374,1.0770299372575374,12.158108553652916
-1.0760973659836754,1.202697056099402,12.203862927152386
-1.0742449650969,1.3270084862961706,12.294746535107933
-1.0722918644453596,1.4507478166025451,12.390570735571004
-1.0721997139541342,1.5767642852266677,12.395091878471135
-1.072777417808073,1.7038229576951744,12.366748224054525
-1.0721163299562655,1.828904327572453,12.39918291439438
-1.0714560566059919,1.9538316326344558,12.43157764316944
-1.070900185918342,2.0788062432532524,12.45885010563208
-1.2591378899331422,2.592342714568234,3.2234185010218113
-1.259625112351984,2.741537009236671,3.199514101268335
-1.2602354163376541,2.8911283080687356,3.169570999554587
-1.260962292663659,3.0411443528947073,3.133908555471109
-1.2617731354321085,3.191543813151804,3.094126499217815
-1.2627124979119808,3.342474259178773,3.0480389314789136
-1.263690128008069,3.49373153037525,3.0000738549057218
-1.2646277498996998,3.6451035144167823,2.95407168495543
-1.2655620673952486,3.7966862021857457,2.908231637275861
-0.9953146391598272,-0.8626060206051835,9.656243553562632
-0.9954995634483997,-0.7300330131954931,9.645960971165941
-0.9939960858431095,-0.5963976515058657,9.729560764775023
-0.9952185533121872,-0.4644353248790207,9.661586338186218
-0.9535558320422276,0.6992742768309669,11.97821206450611
-0.9526699314219756,0.8256472738990455,12.027471932927575
-0.951803437199115,0.951803437199115,12.075652722544739
-0.9509625527049905,1.0777575597323226,12.122409501568598
-0.9488382380601182,1.2018617682094832,12.240530493359344
-0.9474719182528173,1.3264606855539443,12.316503726011724
-0.9477489530764596,1.4532150613839048,12.301099403394929
-0.9477691295807545,1.5796152159679242,12.299977503348742
-0.9470704356805651,1.7047267842250173,12.338827876407997
-0.946430989703296,1.829766580093039,12.374383811219232
-0.9458478462647681,1.9547522156138541,12.406809083756634
-0.9452767945199672,2.0796089479439277,12.438562006339247
-1.1108257909545272,2.5919268455605633,3.233328828657463
-1.1111836965134583,2.740919784733197,3.2134277468236476
-1.1117041540445989,2.890430800515957,3.184488079194054
-1.1122577939711744,3.0401713035212103,3.1537033282721794
-1.1129727855595801,3.1905219852707964,3.113946733952041
-1.1137314792044384,3.341194437613315,3.0717601181358205
-1.1145883480178882,3.492376823789383,3.024114542503426
-1.1154348639367746,3.64375388886013,2.9770446321458124
-0.8630501645909543,-0.5974962677937375,9.627747813921957
-0.8619214356432893,-0.46411154226946344,9.700165694717398
-0.8270106251305602,0.6997782212643202,11.940000970859671
-0.8262342646872416,0.8262342646872416,11.98981131563275
-0.8254668200375855,0.9524617154279833,12.039049633894066
-0.8232836710216147,1.07660172364365,12.179117827878379
-0.8223991155002995,1.2019679380388995,12.235869837678486
-0.8232747923500052,1.3299054337961622,12.179687472684222
-0.8225633116167514,1.455304320552714,12.225335213920609
-0.8218635660753514,1.5805068578372141,12.270230039475564
-0.8212573476707216,1.7056883374699603,12.30912427732894
-0.8206520230566557,1.8306852822033088,12.347961170663389
-0.8201212149841646,1.9556736665007002,12.382017173035301
-0.9623126974922549,2.4427937705572624,3.2591840502562306
-0.9625612694053522,2.591511109937487,3.243235977683966
-0.9628713547186208,2.740480009583767,3.2233412799364203
-0.9632445431468064,2.8897336294404194,3.1993979628429017
-0.9637112478924909,3.0393970125840095,3.1694547521991367
-0.9642676871952741,3.1895008114920604,3.1337542811673487
-0.9648877465234139,3.3399960456579714,3.0939720264424935
-0.9656065564925898,3.491039088857825,3.047854050315415
-0.729725463605174,-0.46437074956692886,9.669280617973847
-0.7300633624936539,-0.3318469829516609,9.643659765323846
-0.700331524314491,0.700331524314491,11.898047308380953
-0.6995576229442169,0.8267499180249835,11.956727622668538
-0.6976039312272994,0.9512780880372264,12.104864385792702
-0.697217700387837,1.0775182642357481,12.13414996134243
-0.6976988526515091,1.2051162000344249,12.097667061664332
-0.6970827166828548,1.330794277303632,12.14438496871714
-0.6964753805472927,1.456266704780703,12.190435637034696
-0.6958736033137856,1.58153091662224,12.23606480704224
-0.6953022495049804,1.7066509760576793,12.279387150635223
-0.6947894736671353,1.8317177033042655,12.318267876887425
-0.8139735495770014,2.293925457898822,3.281251919687719
-0.8141687840328496,2.442506352098549,3.2664484580723467
-0.8143611655635592,2.5911491631567793,3.2518613167145745
-0.8146065981316706,2.740040375533801,3.2332516323460325
-0.8148690628643841,2.8890812228828167,3.213350500759219
-0.8152512453467858,3.0386637326562016,3.1843718879230707
-0.8156577489084894,3.188480291187731,3.1535491530423485
-0.5972536714638462,-0.3318075952576923,9.650230138720005
-0.574054972053449,0.574054972053449,11.800141867683266
-0.5726567414526477,0.6999137951087916,11.929721216735523
-0.5717137628498064,0.8258087685608314,12.017110631225776
-0.5716505512648914,0.952750918774819,12.02296868927511
-0.5717581771745599,1.079987667996391,12.012994586785851
-0.5712306097286464,1.2059312872049202,12.061886269018707
-0.5707258166377368,1.3316935721547194,12.108667365133073
-0.5702219149221573,1.4572337825788466,12.155365854104552
-0.569727561954949,1.5825765609859697,12.201179424238255
-0.569235398993646,1.707706196980938,12.246790038193296
-0.6657362535119519,2.145150150205178,3.3036887326562905
-0.6658974704075525,2.293646842514903,3.2887481496250075
-0.6660597276156736,2.44221900125747,3.2737111568748034
-0.6662170936510188,2.5908442530872953,3.2591274477131833
-0.6663894038550979,2.7396008825154023,3.243158805583022
-0.6666040788333969,2.88861767494472,3.223264058657975
-0.4650130444823464,-0.33215217463024743,9.592749872317249
-0.4648419277304878,-0.19921796902735192,9.613138781367795
-0.44605498135866756,0.5734992617468583,11.851641655878716
-0.4454770490215821,0.7000353627482004,11.920503469407876
-0.4459095992317562,0.8281178271446902,11.86896423202029
-0.4454487605767628,0.9545330583787774,11.923874095149287
-0.44501704921537877,1.0807556909516343,11.975313381997239
-0.44460358389793714,1.2067811562944009,12.024578615595395
-0.44419802774634254,1.3325940832390275,12.07290145599493
-0.4438055741957517,1.4582183152146126,12.119663094833022
-0.4434146049032314,1.5836235889401122,12.166247881302887
-0.5176904929509502,1.996806187096522,3.3161247366994715
-0.5177601589876542,2.145006372948853,3.307823886719312
-0.5178573568909655,2.293368294802847,3.2962425588306417
-0.33216825322924926,-0.19930095193754954,9.590067755430354
-0.33273286551184544,-0.06654657310236908,9.49588317271072
-0.31913680336728745,0.44679152471420247,11.763881016872482
-0.3188959411407289,0.574012694053312,11.804059930793784
-0.3694382395065696,0.8127641269144531,3.372955209888282
-0.31875903211544426,0.828773483500155,11.826898115180583
-0.3184293404743011,0.9552880214229034,11.881894916710358
-0.3181003301269183,1.0815411224315221,11.936778069687847
-0.19955548998738606,-0.19955548998738606,9.51930072718492
-0.19944502657368846,-0.06648167552456281,9.550011921531876
-0.1922184785324147,0.1922184785324147,11.559147018159905
-0.19184913169680004,0.3197485528280001,11.66183334723759
-0.1917615132902759,0.44744353101064377,11.686193140413096
-0.06326412103291915,-0.06326412103291915,12.233659058817778
-0.06326402089854712,0.06326402089854712,12.233742577316548
-0.06408419461599715,0.19225258384799143,11.549665010136792
0.07393754196530074,-0.3696877098265037,3.3313403553975434
0.0641291499176989,-0.19238744975309668,11.51216940065106
0.06326416690013602,-0.06326416690013602,12.23362080261247
0.06326406676561878,0.06326406676561878,12.233704321232345
0.2205630490420402,-3.308445735630603,3.6787494778013965
0.22053254313920634,-3.1609664516619573,3.6872307720082276
0.22051385774590013,-3.0136893891939684,3.6924257114553
0.22050356462322404,-2.8665463401019124,3.695287419964579
0.22049878596218805,-2.719485026866986,3.6966159900574382
0.22050963452388206,-2.572612402778624,3.693599857607637
0.22052355059822445,-2.425759056580469,3.6897308909573283
0.2205385633443221,-2.2788984878913285,3.685557026076154
0.22055942599354805,-2.1320744512709644,3.679756762862091
0.2205932641597833,-1.9853393774380497,3.6703490280763376
0.22065164509431426,-1.8387637091192854,3.65411787817321
0.22132659167196292,-0.6639797750158888,3.4664682770416704
0.19185456624282926,-0.4476606545666016,11.660322427072224
0.191988437403953,-0.3199807290065883,11.623103377713683
0.1923568679866132,-0.1923568679866132,11.520671786576948
0.19915360810310445,0.06638453603436816,9.631032496460875
0.19917275198687187,0.19917275198687187,9.625710086847981
0.367749173839338,-3.6039419036255125,3.6547130638314727
0.3676850869498006,-3.4562398173281257,3.665403580376953
0.3676221976664213,-3.3085997789977917,3.6758943208287604
0.36756283934851197,-3.161040418397203,3.685796050875304
0.3675316955689166,-3.0137599036651164,3.6909912334384813
0.36750814045441366,-2.8665634955444266,3.6949205291671845
0.36750017592402473,-2.719501301837783,3.6962491151621393
0.3675096940494488,-2.5725678583461415,3.6946613695551633
0.367532738951286,-2.4257160770784876,3.690817183854179
0.36755736235911846,-2.278855646626534,3.6867096830729906
0.3675834725280651,-2.1319841406627775,3.682354171436451
0.36763986469379134,-1.9852552693464731,3.6729472336823576
0.3677165808952912,-1.8385829044764561,3.6601499856436135
0.36784756279641234,-1.6920987888634966,3.6383005217173405
0.36798064608480374,-1.5455187135561756,3.6161005193963405
0.3182325772774415,-1.2092837936542775,11.91471754590573
0.31850208410172953,-1.0829070859458805,11.869760345065274
0.31879182439826254,-0.9563754731947876,11.82142794110031
0.31908772335046454,-0.8296280807112079,11.772068194245037
0.31918621120586416,-0.7022096646529011,11.75563915461963
0.31908252617576655,-0.5743485471163798,11.772935149756528
0.3194961157852392,-0.4472945620993348,11.703943089211478
0.3312460758431266,0.19874764550587595,9.74389879131585
0.5152045287093856,-3.900834288799634,3.6123324327527584
0.5149940203415967,-3.7520992910602042,3.637414932967431
0.5148736252438497,-3.6041153767069476,3.6517602537582405
0.514783894961672,-3.4564061518855116,3.6624517993990438
0.5146950412660569,-3.3087538367103657,3.6730388979678423
0.5146082700232089,-3.1611650872854256,3.6833778680535616
0.5145564134159272,-3.0138304214361447,3.689556688292093
0.514514475855025,-2.866580651192282,3.6945536339782947
0.5145033253790177,-2.719517577003379,3.6958822358756223
0.5145046630912388,-2.5725233154561935,3.6957228447434503
0.5145369248370016,-2.425674074231579,3.6918787921125613
0.5145706338324921,-2.278812806972465,3.6878622967327956
0.5146056657107708,-2.131937757944622,3.683688177177949
0.5146740066172975,-1.9851711683810043,3.675545219153868
0.44419942901225784,-1.586426532186635,12.072734492310822
0.44454765951321,-1.4606565955434043,12.031242119790768
0.444896436420297,-1.3346893092608911,11.989684641868308
0.445248876518426,-1.2085326648357277,11.947690687281948
0.4456009486967306,-1.082173732549203,11.905740571091037
0.44598960464360476,-0.9556920099505817,11.859431424460453
0.4456677368192854,-0.8276686540929585,11.8977826304357
0.4459263749891444,-0.7007414464115126,11.866965366404116
0.44689602928409244,-0.5745806090795474,11.75142908479856
0.46327758953967196,0.19854753837414513,9.79953285880557
0.46314380206111194,0.3308170014722228,9.815473909011551
0.6627732934004863,-4.050281237447416,3.5782775181480844
0.6624806018326345,-3.9012746552366253,3.60540235922479
0.6622098871178038,-3.7525226936675553,3.630490521725676
0.6620122407837278,-3.604288866489185,3.648807159408662
0.6618968621719773,-3.4565725024536595,3.6594997342933837
0.6617815817540659,-3.3089079087703293,3.670183209181488
0.6616700083269836,-3.1613122620066996,3.680523143126976
0.6615880117698918,-3.0139009425072847,3.688122076011439
0.6615319572225649,-2.866638481297781,3.6933168641600247
0.6615082343587566,-2.719533852363777,3.695515352197809
0.6614945419136659,-2.572478774108701,3.6967842831744164
0.6615360198646726,-2.425632072837133,3.6929403636604263
0.66157837807617,-2.27876996892903,3.689014867058006
0.6616234173678127,-2.1318976781851746,3.6848409045589037
0.57045576939269,-1.71136730817807,12.13369367066985
0.5708045018828884,-1.5855680607858014,12.101375304123309
0.5712092425384213,-1.4597569531537433,12.06386644782387
0.5716571175736125,-1.3338666076717625,12.022360164465766
0.5721074850993912,-1.2077824685431595,11.980622892522753
0.5725595873038485,-1.081501442685047,11.938724861307392
0.5719887908453559,-0.9533146514089265,11.991622740591687
0.57252212130267,-0.8269763974371901,11.94219697816817
0.5740486424369887,-0.7016150074229862,11.800728457320346
0.5943917501293156,0.33021763896073086,9.915455276372334
0.8105105916305817,-4.19991852026756,3.543827318137538
0.8101537742509873,-4.050768871254936,3.570882646868199
0.809789930796635,-3.9017151211110597,3.5984707208437072
0.8094589825540625,-3.752946191841562,3.6235645475676534
0.8091760491516117,-3.604511491675361,3.64501769601263
0.8090239906251848,-3.4567388690348806,3.6565473850189605
0.8088818210439231,-3.3090619951796856,3.6673272544325712
0.8087454408223895,-3.1614594504875226,3.6776681513085734
0.8086264911138158,-3.0139714668787683,3.6866873965917932
0.8085579767926052,-2.866705554082873,3.6918824279695244
0.8085149028948322,-2.7195501279189807,3.69514846412865
0.8084973810554005,-2.572491666994456,3.696477040461815
0.8085300242990664,-2.425590072897199,3.6940018984459684
0.807549232930314,-2.2758205655308847,3.7683694444661455
0.6964628732748112,-1.8361293931790477,12.191383988734657
0.6968890078197489,-1.7105457464666565,12.159072753755332
0.6973148271601842,-1.584806425364055,12.126785418849046
0.6977411671121431,-1.4589133494162991,12.094458609083304
0.6982616245749941,-1.3330449196431704,12.054995431130031
0.6982358704088992,-1.206043776160826,12.056948215578679
0.6979635887372008,-1.078671000775674,12.07759370696003
0.6989644600254328,-0.9531333545801356,12.001703620689646
0.7004763974330586,-0.8278357424208874,11.887062445896007
0.7011134108679405,-0.7011134108679405,11.83876152539105
0.7262114728909554,0.3300961240413434,9.935725526116272
0.7254270644753061,0.4616354046661039,9.995202526840309
0.9579878647589988,-4.200408330097148,3.5366600749343178
0.9575697471349425,-4.051256622493987,3.563485994762118
0.9571523960410077,-3.9022366915518005,3.590262734946684
0.956741317902057,-3.753369785615762,3.6166370099448812
0.9563572944105939,-3.6047313404707,3.6412754915617
0.9561652823661563,-3.456905251631488,3.653594751534733
0.9559986504063375,-3.309226097560399,3.664285656049792
0.9558345694131566,-3.1616066526742874,3.6748128936381903
0.9556734322162231,-3.0140469785280883,3.685151260828448
0.9545498858616046,-2.863649657584814,3.7572366327374738
0.9541625651632986,-2.715693454695542,3.7820866591477653
0.9539615390706072,-2.568357989805481,3.7949842495280066
0.954200386070711,-2.422200980025651,3.779660115582786
0.8222058875955467,-1.9606448088816881,12.248267105775227
0.8227000245674065,-1.8352539009580608,12.21656387675926
0.8231993151927383,-1.7097216546310718,12.18452999558491
0.8237036710768546,-1.5840455213016436,12.152171133548123
0.8242070436222031,-1.4582124617931287,12.119875361334472
0.8237388394536284,-1.330655048348169,12.149914773132956
0.8237471885493849,-1.2039381986491011,12.14937910527177
0.8255800804809259,-1.079604720628903,12.031782981167886
0.8266566673586302,-0.9538346161830348,11.962710472363355
0.8273101453195428,-0.8273101453195428,11.920784118677012
0.8279966275459454,-0.7006125310004153,11.876740251331661
0.856417479901,0.46114787379284616,10.053292822069835
0.8563704372437884,0.5928718411687766,10.056311021921353
0.8567868639578262,0.7249735002720068,10.02959358883026
0.8562285530757917,0.8562285530757917,10.065414138117674
1.1047739413976845,-4.198140977311201,3.5698375815148538
1.1041165183598813,-4.0484272339862315,3.6063931178798825
1.1033947182361228,-3.898661337767634,3.6465282959237015
1.1026773205528815,-3.7491028898797967,3.6864186794209886
1.1021403717816969,-3.600325214486877,3.71627533062199
1.1017289096463119,-3.452083916891777,3.7391543874666766
1.1013736315316824,-3.3041208945950475,3.7589093721450837
1.1012325926089117,-3.1568667654788802,3.766751740260837
1.1012060479358086,-3.00996319769121,3.768227737764917
1.101517013650016,-2.8639442354900417,3.7509367123211277
1.1025372358170518,-2.7195918483487276,3.6942079906564445
1.1025096247752382,-2.5725224578088888,3.695743282827628
0.9477485938919786,-2.085046906562353,12.301119375590304
0.9482805159149886,-1.9597797328909765,12.27154223311522
0.948813035312186,-1.8343718682702264,12.241931874077025
0.9493924053525942,-1.7089063296346696,12.20971641863494
0.9499686595994169,-1.5832810993323614,12.177674214659824
0.94914536194871,-1.4553562216546887,12.223453089872692
0.9493899621700053,-1.3291459470380074,12.209852270049993
0.9517481406381284,-1.205547644808296,12.07872744814724
0.9524941797765571,-1.0794934037467647,12.037244477082368
0.9532413893422002,-0.9532413893422002,11.995696425251936
0.9539957683003402,-0.8267963325269615,11.953749724495218
0.9889250949129295,0.46149837762603374,10.011529577389773
0.9863083261587395,0.5917849956952437,10.157033126630026
0.9876343567130828,0.7242651949229273,10.083300148983824
0.9869914095647426,0.8553925549561102,10.119050763900638
0.9863562638510979,0.9863562638510979,10.154367585638155
0.9857236379593334,1.1171534563539112,10.18954429448781
1.251418377641037,-4.1959322073846534,3.6021578623406256
1.2510244609082635,-4.047432079409087,3.6214844423288497
1.250728109281778,-3.899328811290249,3.6360242243116687
1.2505136520800666,-3.7515409562402,3.6465460527035276
1.2503788802447782,-3.604033243058478,3.6531583096557085
1.2504974219028087,-3.457257578201883,3.647342347435128
1.2502724185844036,-3.3095446374293034,3.6583815957558485
1.2500539225344383,-3.1619010981753437,3.6691015805532246
1.2498431653711903,-3.014327634130518,3.6794418754295606
1.2496773192768789,-2.8669067912822515,3.6875787163930767
1.2495714365977475,-2.719655479653921,3.6927735961667665
1.2495183859820782,-2.572537853492514,3.6953763974236082
1.0736551952925895,-2.084154202626791,12.32368217644867
1.0742439399679233,-1.9589154199415073,12.294796830603197
1.0748469296284533,-1.8335624093661849,12.26521258871469
1.0754651960018218,-1.7080917818852464,12.234878831540158
1.0744593459683114,-1.580087273482811,12.284228451679219
1.0748590684012236,-1.4542210925428318,12.26461702893419
1.0774324040977397,-1.3309459109442665,12.138362483144533
1.0780910043424963,-1.204925240147496,12.106049841280011
1.0788286013640924,-1.0788286013640924,12.069861411972674
1.0796743957604675,-0.9526538786121772,12.02836453789972
1.0805241291108334,-0.8262831575553432,11.986674408493748
1.119683768270176,0.46104625752301365,10.065400607316846
1.1175064101128849,0.5916210406479979,10.17222746459099
1.1163392042223204,0.7223371321438543,10.22949362296891
1.117511964649855,0.8545679729675362,10.17195494455283
1.1167954482394407,0.9854077484465653,10.207109104218112
1.1160785245336176,1.1160785245336176,10.24228324685604
1.1153927801018177,1.2466154601137962,10.275927653173447
1.1147078778270225,1.3769920843745571,10.309530741076692
1.400725267902863,-4.202175803708589,3.510797153320212
1.4000346721000065,-4.052731945552651,3.5411130092413856
1.3994203309278654,-3.903646186272467,3.568081430398955
1.3988104469086282,-3.7547017259126334,3.594854190933205
1.3982161890905618,-3.6059259613388175,3.620940990647334
1.3977000065271397,-3.457468437198714,3.643600433634113
1.3974305483748126,-3.3097039303613984,3.6554291393530747
1.3971870239701782,-3.1620548437219824,3.666119402360245
1.3969485768078653,-3.0144679815327624,3.6765867839857833
1.396730862973366,-2.8669738766295407,3.6861440115441226
1.3966125179675426,-2.7197191139367933,3.6913391345534095
1.1988737449357938,-2.2084516354080415,12.371699091082696
1.1994858954376189,-2.083317607865338,12.34482683622877
1.2000986713438613,-1.9580557269294578,12.317927127298049
1.2007696422287024,-1.8327536644543352,12.28847276834015
1.199537159943954,-1.7046054378150926,12.342576420889586
1.2000745503366728,-1.579045460969306,12.318985994113596
1.2028758055487203,-1.4561128172431876,12.196016162765588
1.2036111235873614,-1.3303070313333996,12.163737084868657
1.2043464996960813,-1.2043464996960813,12.131455457804577
1.2050827746970079,-1.078231956307849,12.099134371064501
1.205951649406106,-0.9520670916363995,12.06099240671194
1.250189426257011,0.4605961044104777,10.1190372663267
1.2493849034860696,0.5918139016512961,10.154354301715983
1.246278397900585,0.7215295987845491,10.290724049922346
1.247058563429643,0.8532505960308083,10.256476251607083
1.24699869707166,0.9844726555828895,10.259104272043388
1.2462327474807942,1.1150503530091318,10.292728017428942
1.24546773820251,1.24546773820251,10.326310484861992
1.2446975751681084,1.375718372554225,10.360119192488327
1.243932287017455,1.505812768494814,10.393713901893506
1.5475872149807781,-4.0532046106639426,3.533945135311008
1.5469338780795756,-3.9041664542008334,3.559893942218757
1.5462397389174283,-3.7551536516566117,3.5874633065888304
1.5455712765008247,-3.6063329785019245,3.6140128588054736
1.5449397854938753,-3.457722377057721,3.639094004800974
1.544602844699735,-3.3098632386422895,3.6524763984640245
1.5443336602311175,-3.1622070185684787,3.6631676907909494
1.5440676873683092,-3.014608342004794,3.6737314266629113
1.5438073796926346,-2.867070848000607,3.6840701563447382
1.5436604804094238,-2.719782751197556,3.689904605811627
1.3245635069194444,-2.207605844865741,12.391854623788255
1.3252156173867706,-2.0824816844649257,12.365954527577514
1.3258923525224378,-1.957269663247408,12.339076404926253
1.324419765505382,-1.8289606285550513,12.397563651077675
1.3251066504991966,-1.7037085506418241,12.370282403011757
1.3280709387493406,-1.5810368318444532,12.252548744802148
1.3288604452474329,-1.4554185828900454,12.221191643077596
1.3296668506282578,-1.3296668506282578,12.18916336260257
1.3304807690745772,-1.2037683148769984,12.156836683115586
1.331293765355267,-1.0777140005256924,12.124546629598768
1.3321077557546972,-0.9515055398247837,12.09221709232527
1.3804562905421636,0.46015209684738784,10.171941670619468
1.3795711815897964,0.5912447921099128,10.207095847974244
1.3776787221324727,0.7216412354027237,10.282259312564193
1.3753604111390003,0.8514135878479526,10.374336469404717
1.376992403277391,0.9835660023409937,10.309518075102908
1.3761418451380794,1.1140195889213023,10.343299985906036
1.3752954796854193,1.2443149578106174,10.37691537432822
1.374450154669379,1.374450154669379,10.410489439370537
1.3736058681668455,1.504425474658926,10.444022257413934
1.3727721475503007,1.634252556607501,10.4771354265215
1.6937045251506528,-3.7556056862036216,3.5800706428578266
1.6929596329359216,-3.606740087559137,3.6070831627679425
1.6922678437982908,-3.45811255037042,3.6321699706097874
1.691789309606435,-3.31002256227346,3.6495233730612284
1.6914944601265074,-3.162359208062601,3.6602156951039575
1.6912004989661977,-3.014748715548439,3.670875803423833
1.690915373533997,-2.867204329035908,3.681215495881183
1.6907153244064217,-2.7198463914364175,3.6884700099367294
1.450189837622981,-2.2068106224697535,12.410805096995155
1.450854636741254,-2.081661000541799,12.386697046107471
1.449195780145501,-1.9532638775874145,12.446853261912416
1.4499535834182182,-1.8282023443099276,12.419372539752352
1.4530966775545755,-1.7058091432162408,12.305392434632935
1.4539121589478972,-1.580339303204236,12.27582009257084
1.454728556100307,-1.454728556100307,12.24621454173019
1.4556073742411284,-1.3290328199592911,12.214345377229833
1.45649080937857,-1.2031880599214275,12.182308783522046
1.45738355700039,-1.077196542130723,12.149934485023287
1.5104748593236494,0.4597097397941542,10.224649413305578
1.5095250886374172,0.5906837303363807,10.25909157696968
1.50859788582221,0.7215033366975787,10.29271534697449
1.5050778434335752,0.8506961723754991,10.420364976312797
1.5049234027659946,0.9814717844126052,10.425965560565729
1.5058131178465222,1.1129923044952557,10.39370123312105
1.5048878544367967,1.2431682275782234,10.427254673179924
1.5039653265384039,1.3731857329263688,10.460708913578934
1.5030599912670701,1.5030599912670701,10.493539686351951
1.5021557453012486,1.6327779840230963,10.526330956917462
1.5012582085787016,1.7623465926793456,10.558878925748893
1.8403812696640722,-3.6071472885415816,3.6001519020049386
1.839629155185242,-3.458502811748255,3.6252443736105135
1.8390092743850357,-3.310216693893064,3.645925189916845
1.8386694257014324,-3.162511412206464,3.6572634152582424
1.8383470135293174,-3.0148891021880804,3.668019913772504
1.8380370657055332,-2.8673378225006316,3.6783605695987447
1.8377770504416124,-2.7199100346535867,3.6870353469239916
1.5757256948403535,-2.2060159727764947,12.429741922463037
1.5738161505802366,-2.077437318765912,12.493449225639942
1.5746477892269575,-1.9525632586414272,12.465703623452626
1.5779821242726932,-1.8304592641563242,12.354461638603816
1.578788113186156,-1.7050911622410485,12.32757177742613
1.57964238976998,-1.57964238976998,12.29907091548786
1.5805289952739399,-1.4540866756520245,12.269491477703262
1.581427849620849,-1.328399393681513,12.239503387043918
1.6402842603492733,0.4592795928977965,10.27590229096338
1.639277049907975,0.5901397379668709,10.309505419357379
1.638264481786451,0.7208363719860383,10.343287293730505
1.6372569033988096,0.851373589767381,10.376902697759967
1.6330723414840527,0.9798434048904316,10.516510435655285
1.635245460154829,1.1119669129052838,10.444009612872549
1.6342529273415902,1.2420322247796085,10.477123057879666
1.6332694593221626,1.3719463458306167,10.509934078072831
1.6322871744008973,1.5017042004488257,10.542705627071292
1.6313377125029622,1.6313377125029622,10.574382115671234
1.6304087797130242,1.7608414820900662,10.60537370047792
1.6294809042455904,1.890197848924885,10.636330010289036
1.699280720375846,-2.076898658237145,12.507063694845996
1.7027304762137327,-1.9549868430602118,12.400496362388722
1.7035370071418101,-1.829724933596759,12.37558159926099
1.704406776734015,-1.704406776734015,12.348713313605586
1.7052774349109308,-1.5789605878804913,12.32181757844166
1.706218467726987,-1.453445361397063,12.29274788143281
1.7698760257901038,0.45885674742706395,10.326285188906205
1.7687815859393534,0.5895938619797845,10.360093823751754
1.7676940701696964,0.7201716582172837,10.393688564951923
1.7666078908711458,0.8505889844935147,10.427242020864831
1.7627311546787172,0.9792950859326207,10.546999317926392
1.761673761887438,1.109201998225424,10.579663522125607
1.7634006225983245,1.240911549235858,10.526318604939476
1.7623469713916915,1.3707143110824267,10.558867226844285
1.7613431520766838,1.500403425843101,10.589876478425111
1.7603404756462597,1.6299448848576479,10.62085042485186
1.7593389400869426,1.7593389400869426,10.65178912832338
1.758458478907203,1.8887146625299587,10.678987690675697
1.828199977458265,-1.9542827345243523,12.419440612384413
1.829037927157844,-1.829037927157844,12.395340478654077
1.8992184486752217,0.4584320393353984,10.376890021921938
1.8980510939758652,0.5890503395097513,10.410464118767337
1.8968851734242396,0.719508169229884,10.443996968325301
1.8957338257679825,0.8498117149994404,10.47711068923224
1.8945930025800275,0.9799618978862211,10.509921717634299
1.8898663553675283,1.1078526910775166,10.64586404206571
1.891464322524283,1.2392352457917717,10.599905171033434
1.8912745905377315,1.3695436690100815,10.605362021547393
1.8901982544533982,1.4991227535320053,10.636318346950048
1.8891858400097015,1.628608482766984,10.66543623254136
1.8882440749322569,1.7580203456265842,10.692522183309507
1.8873032483326788,1.8873032483326788,10.719581142669817
1.886365008388247,2.0164591468977813,10.74656570766615
2.028328048661498,0.458009559375177,10.427229368543877
2.027084620961378,0.5885084383436259,10.460684161381863
2.0258643856442125,0.7188551045834302,10.493514956244674
2.0246456185471895,0.8490449368101118,10.526306248206971
2.0234358464159334,0.9790818611690001,10.558855527934647
2.020775537046844,1.1081672299934304,10.630431944335264
2.017450045053284,1.2365016405165288,10.719905297484942
2.0199821791957158,1.3683750246164526,10.651777473756333
2.018971225728608,1.4979463932825154,10.678977478073165
2.0179650129341278,1.6273911394630063,10.706049933180132
2.0169598026797364,1.756706924914609,10.733095414647252
2.015981595282,1.885918266554129,10.75941437620866
2.0150268102818947,2.0150268102818947,10.785103151181474
2.014072929241284,2.144013118224593,10.810767604854668
2.157214843174982,0.4575910273401477,10.477098311848742
2.1559166645418544,0.5879772721477784,10.509909353461786
2.154620047416808,0.7182066824722693,10.542680928467284
2.1533667057182275,0.8482959749799079,10.574358731181071
2.15214051326223,0.9782456878464681,10.605350345642016
2.1509157164466366,1.1080474902906916,10.636306685746867
2.1464827681552032,1.2358537149984503,10.748348008217448
2.1452142307452555,1.3651363286560716,10.780409877580688
2.1476213413345926,1.496826995475625,10.719570942399912
2.146553669209555,1.6261770221284506,10.746556007189717
2.1455368033426456,1.755439202734892,10.772256960373369
2.1445209004393964,1.884578973113409,10.797933574964546
2.143505959198032,2.013596507125424,10.823585883865185
2.142578174362665,2.142578174362665,10.84703534302615
2.285890733016969,0.4571781466033938,10.526293891468868
2.2845248336515,0.5874492429389572,10.558843829019985
2.283223585130662,0.7175845553267796,10.589853110642437
2.2819238181152737,0.8475717038713875,10.620827087387333
2.280625530090496,0.9774109414673555,10.651765819184291
2.279484070505243,1.1071779771025465,10.678967265466795
2.278348023519664,1.2368174984821034,10.706039727297131
2.2733215928003943,1.3639929556802366,10.825821616178146
2.2733010814318777,1.493883567798091,10.826310410434289
2.2750306761580004,1.6250219115414288,10.785093464481086
2.2739537134110543,1.754192864631385,10.810757924868284
2.272913053404078,1.8832708156776645,10.835557276193413
2.2719503080994667,2.0122988443166703,10.858499888464102
2.2709883780359714,2.141217613576773,10.881423073207337
2.4130065479145157,0.5869475386819093,10.605338671149568
2.411633290289546,0.7169720592752704,10.63629502453869
2.4103414610318348,0.8468767295517258,10.665415797140248
2.409139897964719,0.9766783370127239,10.692501764295002
2.4079395322996078,1.1063505959214415,10.719560739282421
2.4067424230739833,1.2358947577947483,10.74654630670981
2.4056023003307487,1.3653418461336682,10.772247269081909
2.3999368010458246,1.4918526060555126,10.899960521716316
2.4022331161901302,1.6231304839122502,10.848196350298394
2.4022850039703183,1.753018786681043,10.847026681599047
2.4012676755356734,1.8820746646090414,10.869959580687336
2.400251208338301,2.0110212826618197,10.892873065526715
2.3993087680199,2.139924036342073,10.914117815975644
2.398461344408431,2.268814785251218,10.933220673523948
2.5412689927713563,0.5864466906395437,10.651754164607247
2.53999701344814,0.7164094140494753,10.6789570483446
2.5387311321043953,0.8462437107014651,10.706029519092077
2.537466511909649,0.975948658426788,10.733075018575988
2.536235816932942,1.105538689432308,10.759394984440561
2.5350346351348594,1.2350168735272393,10.785083773719023
2.5338345906340747,1.3643724718798864,10.8107482404589
2.530901162593399,1.4925827369140559,10.873483302645774
2.527009261777919,1.6198777319089226,10.956716515221196
2.530530311320003,1.7519056001446174,10.881414425337717
2.5294481542803235,1.880871704464856,10.904557719885553
2.5285546082443675,2.0098767398865482,10.923667329991964
2.527661693288805,2.138790663552066,10.9427634436474
2.526769408745307,2.2676135719509167,10.961846075144926
2.668257821128904,0.7158740495711694,10.719550536161101
2.666931269981583,0.8456123538965994,10.746536606226442
2.665667890512842,0.9752443501876251,10.772237572925988
2.6644057074750234,1.1047535860262292,10.797914200595145
2.6631447191487094,1.2341402357030604,10.823566524212062
2.6619919166549426,1.3634592743842389,10.847018020169159
2.660864606201991,1.4926801449425804,10.869950930769832
2.6561875842167613,1.6196265757419277,10.965095730309145
2.6542490881976764,1.7479201312521284,11.00453061338775
2.6577548167057072,1.8798753581576952,10.933213472440109
2.6568164425728518,2.0088124321892296,10.95230284577326
2.6558661995780186,2.1376484045384054,10.971633667724184
2.7950386872072124,0.8450116961324131,10.785074080130777
2.7937155607461315,0.9745519397951622,10.810738556046061
2.792436930494039,1.1039866934511318,10.835539945992245
2.791254128064234,1.2333448472841964,10.858482578737629
2.7900723271764165,1.3625934621094127,10.881405784730553
2.7888791058505515,1.4917260333619229,10.90455051116453
2.787893913804792,1.6208685545376698,10.923660126363117
2.782629035168106,1.7472321848729966,11.025782149421858
2.7815950542648817,1.8759594552018972,11.045838114417052
2.7849354564969513,2.0077441663117557,10.981044857571234
2.7839919662335286,2.1365519740861965,10.999345589855082
2.9204616195299464,1.103285500711313,10.869942286501754
2.919225374546782,1.2325618248086412,10.892855791626836
2.918079008960365,1.3617702041815036,10.914103403627124
2.9170483580904136,1.4909358274684337,10.93320627102996
2.916018435008778,1.6200102416715434,10.952295649050399
2.914975480297258,1.7489852881783547,10.971626565214343
2.909091796041289,1.8747480463377195,11.080679245863806
2.909451786506275,2.004289008482101,11.074006908684055
2.91205627615981,2.1355079358505273,11.02573331579817
3.047233288487627,1.231860265558828,10.923652922234268
3.046157210938972,1.3610489665897534,10.942749045666467
3.045081893118253,1.4901464583344641,10.96183168693053
3.043999619886183,1.6191487339820123,10.981037759255699
3.042968336503395,1.748088193310461,10.999338963286874
3.0419767413431327,1.8769643723181033,11.016935858230738
3.035455543355352,2.002108975404594,11.132661348327716
3.0382450674186523,2.13323589840033,11.083158321434865
3.1709061117181463,1.7472339799263255,11.02572669794823
3.1698733309039384,1.876047481555392,11.04330640291684
3.1691781085233597,2.004990231922942,11.055140283029651
0.0,0.0,65.0
