-3.6855721366993492,-2.2355109681619005,9.606493146406109
-3.690160284337433,-2.117305081177215,9.543758558431897
-3.5696107817044114,-2.3595732285842717,9.537547477860677
-3.561675555171546,-2.2335931447685966,9.649725252036923
-3.5676472312497096,-2.1164008998938955,9.56530556625033
-3.566723177245273,-1.9949468618490513,9.578368623871555
-3.565875769209407,-1.8735957431439256,9.590348161807725
-3.5651781844500157,-1.7523757177805164,9.600209695726598
-3.4470670213057457,-2.358519540893405,9.56008191944079
-3.4415650687912307,-2.23399837798729,9.640590372685239
-3.438694213934082,-2.1114789032928574,9.682598747608246
-3.44459405066984,-1.994238660914118,9.59626817155592
-3.443920271118519,-1.8730092702574401,9.606127389599237
-3.443246755104841,-1.7518272964568493,9.615982751373721
-3.442594200859035,-1.630702516196385,9.62553138576294
-3.4420923184650722,-1.5096896133618738,9.632875283250598
-3.4416631369509756,-1.388741265787236,9.639155370141545
-3.3247387515961697,-2.357542023859102,9.580987355362645
-3.3239910548091807,-2.2361394368716305,9.592326030841875
-3.3169959458917417,-2.110815601931108,9.698405488901443
-3.318597659258494,-1.9911585955550966,9.674115819088257
-3.3220410986803195,-1.8724231647107255,9.621896734004736
-3.3215107128598147,-1.751342012235175,9.629939931196617
-3.3210624947150427,-1.630339770132839,9.636737071663063
-3.3206635881709206,-1.509392540077691,9.642786411354024
-3.3202647774439167,-1.3884743614765471,9.64883429799714
-3.3198660624995138,-1.2675852238634506,9.654880732115856
-3.3195355073257518,-1.1467486298034415,9.659893536649037
-3.2033691924963485,-2.478078054572647,9.588383272584629
-3.2027424999579113,-2.3567350471388404,9.598245571356692
-3.2021160525780528,-2.2354395084035463,9.608104012053225
-3.2003424366683215,-2.113433684592288,9.636015514003248
-3.1948512908842437,-1.9892470301732084,9.722430010749278
-3.200450269577463,-1.871961478432101,9.634318540922848
-3.2000658318080015,-1.7509794174043785,9.640368461592324
-3.1996814863847014,-1.6300264175922066,9.646416929004609
-3.1992972333603467,-1.5091024685662013,9.65246394232905
-3.1989311600818175,-1.3882154090921095,9.658224859882544
-3.19866590995266,-1.2673959265850163,9.662399117373468
-3.198400703808068,-1.1465964787236473,9.666572682676595
-3.1981355416371016,-1.0258170605251082,9.670745555964103
-3.0815224192190476,-2.477302337019234,9.60416371820829
-3.0809197529035517,-2.3559974581027157,9.614019844121529
-3.0803173222739395,-2.234740018120309,9.623872115580497
-3.0798562534319793,-2.113626840590574,9.631412527984814
-3.0749566254816334,-1.9896778164881157,9.71154202712048
-3.073561310806088,-1.8682431497056613,9.734361283443839
-3.0787168280628667,-1.7506429022318262,9.650046919219157
-3.0783471287468536,-1.6297131858071578,9.656093056053045
-3.0780635593611247,-1.5088546859613354,9.660730606715859
-3.0778083440781767,-1.3880312139960405,9.664904448689505
-3.0775531711136788,-1.2672277763409265,9.669077598578717
-3.0772980404436794,-1.1464443680084295,9.673250056775217
-3.077039625444746,-1.0256798751482485,9.67747622754645
-3.076784867201637,-0.9049367256475402,9.681642594998806
-2.959751905930875,-2.4765271049625692,9.619934287356948
-2.9592500343392407,-2.3553214559026605,9.628477004641866
-2.958835572045821,-2.2342227788917426,9.635531865400985
-2.958480165603194,-2.113200118287996,9.641581494053426
-2.958124844855481,-1.992206528167977,9.647629664031122
-2.952196163997908,-1.8677159404884722,9.74854600455118
-2.9536078807383603,-1.748053643702295,9.72451615866811
-2.957207990339064,-1.6294819538603007,9.663236104115995
-2.956962807905945,-1.508654493829564,9.667409530634401
-2.9567176661050194,-1.3878470677635806,9.671582265523021
-2.956469258173005,-1.2670582535027166,9.675810595577765
-2.9562244742464374,-1.146291122666986,9.67997723882958
-2.9559797308507907,-1.025543988254356,9.684143192175434
-2.955735027975998,-0.9048168452987748,9.68830845578669
-2.9554827598538815,-0.7841076709816421,9.692602492913238
-2.8382159233461812,-2.4758904863232645,9.632885039568706
-2.837862132659655,-2.354821769653756,9.639163425942911
-2.8375212820705737,-2.2337933497151323,9.645212176731519
-2.8371805133495784,-2.1127939993028777,9.651259474685176
-2.836834871379575,-1.991820228840978,9.657393253547845
-2.8365996417958277,-1.8709486999078861,9.66156764894506
-2.8310377479661994,-1.7468105253408466,9.760269281759626
-2.835502919818375,-1.6289059326616198,9.681030129393989
-2.8358909090875355,-1.508452611216774,9.67414485334347
-2.8356561007986425,-1.3876614961355058,9.678311772422127
-2.8354213313902075,-1.2668903821105182,9.682478001526327
-2.8351866008681776,-1.1461392641807526,9.68664354055052
-2.8349480349465552,-1.0254067360444987,9.690877142758573
-2.834704824696041,-0.904693029158311,9.695193163448344
-2.8344616561719733,-0.7840000325582054,9.699508443658615
-2.7169061380402098,-2.4754033702144134,9.642794457286932
-2.716579838786325,-2.354369193614815,9.648842335925892
-2.7162536178998273,-2.2333640858287467,9.654888762044074
-2.7159832976534557,-2.1124314537304656,9.659899083165698
-2.7157581002468505,-1.9915559401810237,9.66407306324301
-2.715532940172254,-1.8707004698964416,9.668246351380468
-2.712114350085954,-1.7478070256109486,9.731609101102194
-2.709974696462354,-1.6259848178774123,9.771267069334982
-2.714854951965602,-1.508252751092001,9.680812700655437
-2.7146301951254004,-1.3874776552863157,9.684978514939807
-2.714405475544793,-1.2667225552542367,9.689143638626518
-2.714172165150406,-1.1459838030635048,9.693467990992211
-2.7139393282546163,-1.025265968451744,9.697783567174639
-2.713706531303507,-0.9045688437678356,9.702098402991957
-2.713473774298292,-0.7838924236861734,9.706412498421685
-2.7132843078454494,-0.6632472752511098,9.709924213815775
-2.595655831978833,-2.4749276537472595,9.65247197174974
-2.5953589571168325,-2.3539302169199177,9.658230406766933
-2.5951437542112488,-2.2330306722282836,9.662404663687731
-2.594928586988813,-2.1121511754560105,9.666578228468111
-2.5947134554430873,-1.9912917216191135,9.670751101232966
-2.5944954092554435,-1.870450178765552,9.674980508848797
-2.5942805917846368,-1.7496310967849877,9.679147289551828
-2.5899668334067134,-1.626258244232122,9.762820582506862
-2.5894197526270304,-1.5054766003645523,9.773432222366608
-2.5936312381341735,-1.3872911273740929,9.691742700204564
-2.5934087342845142,-1.2665484516273209,9.696058572389582
-2.5931862686081426,-1.145826490780342,9.70037370413334
-2.5929638411131286,-1.0251252395098416,9.704688095279309
-2.5927655040268784,-0.9044530828000737,9.708535208554501
-2.5925863676580656,-0.7838051809198804,9.712009888532698
-2.5924072560409104,-0.6631739492197677,9.715484088406889
-2.4743162392676012,-2.353617886132596,9.664909994980384
-2.4741111002434075,-2.2327344075367335,9.66908314434685
-2.4739059952314633,-2.111870971539054,9.673255601801088
-2.473698250055671,-1.9910254207765157,9.677481768188265
-2.473493444534571,-1.8702023605017486,9.681648133091215
-2.4732886729236943,-1.7493993052387105,9.685813808157477
-2.4730820427967015,-1.6286150037929499,9.690017291073218
-2.4682286331429415,-1.5050174592335008,9.788750350282164
-2.469569633964535,-1.3853683312483978,9.761470330056575
-2.4724456438592006,-1.2663745980742247,9.702963573884546
-2.472240042597488,-1.1456722148622507,9.707146126562819
-2.4720692287175488,-1.0250043143463008,9.710620998482746
-2.471898438439983,-0.90435308723414,9.714095390258883
-2.471727671759898,-0.7837185300702115,9.717569301990743
-2.471564398632566,-0.6631026435355664,9.720890772152572
-2.4714241839224953,-0.5425077476903039,9.72374316423545
-2.353305638215173,-2.353305638215173,9.671587810916428
-2.353107926005895,-2.2324357246722597,9.675816136129164
-2.352913098101922,-2.1115886777837765,9.679982776831444
-2.352718302457217,-1.9907616405407222,9.684148727628553
-2.3525235390637684,-1.8699546079737648,9.688313988691817
-2.3523227447842614,-1.749163066634451,9.69260822786761
-2.3521209459157575,-1.6283914240955244,9.696923951447431
-2.351919181686405,-1.5076405010810292,9.701238934225252
-2.347297175015258,-1.3843034621884855,9.800086382303697
-2.3515454325343046,-1.2662167713646257,9.709232031711942
-2.3513829645159063,-1.1455455468154416,9.71270661540592
-2.3512205189495607,-1.0248909954395524,9.716180718934403
-2.3510580958722467,-0.9042531137970179,9.719654341506569
-2.3509202193767127,-0.783640073125571,9.722603004436586
-2.350786853492233,-0.6630424458567837,9.72545520225443
-2.350653502738382,-0.5424585006319343,9.728307076484697
-2.232139951497146,-2.232139951497146,9.68248353688876
-2.231955163740131,-2.1113089386730968,9.686649073641753
-2.2317673475529163,-1.99049520187152,9.69088287810633
-2.2315758842186124,-1.8696987138047831,9.695198897569831
-2.231384453744525,-1.7489229502321952,9.699514176289242
-2.2311930561104436,-1.6281679058103236,9.703828714720146
-2.2310149785567104,-1.5074425530788582,9.707842988213919
-2.227627897148652,-1.384741665795108,9.784195514585555
-2.226892939434442,-1.2639122088681969,9.800763134756338
-2.230552607993635,-1.1454189068075422,9.718265873393676
-2.2304107891538694,-1.0247833355571834,9.721462792923688
-2.23028425680677,-0.9041692933000417,9.72431512010597
-2.2301577388153455,-0.7835689352594457,9.72716712367864
-2.2300312351825435,-0.6629822591083238,9.73001880357527
-2.22997791902505,-0.5424270613844716,9.731220671151107
-2.103498875119249,1.8760935913225736,12.582346278082767
-2.1026028958586713,1.988948685271716,12.60254369050957
-2.1017164591967354,2.1017164591967354,12.622525991037165
-2.1009031914889906,2.214465526164071,12.640858896752114
-2.1000905529322695,2.3271273694654875,12.659177619970592
-2.099296512402561,2.4397229738732467,12.677077101317707
-2.096010963076275,2.549202522660334,12.751140863406143
-2.0936085513796074,2.659448700401123,12.805296692666374
-2.111204026593951,-2.231844256685034,9.689149171167884
-2.1110225544840486,-2.1110225544840486,9.693473725372911
-2.110841459183223,-1.990221947229896,9.697789300064358
-2.110660394950464,-1.8694420640989824,9.702104134391135
-2.1104793617777773,-1.7486828997587303,9.706418228543747
-2.110332045492209,-1.6279704350939899,9.709928835559708
-2.1101862449288644,-1.5072758892349034,9.713403322298454
-2.1100404645264144,-1.3865980195459298,9.716877328594883
-2.1059390896777592,-1.2635634538066556,9.814614759750093
-2.10819769557645,-1.1444501775986442,9.76079126234351
-2.109656510083346,-1.0246903048976255,9.726027119172656
-2.1095368390781735,-0.9040872167477887,9.728878927910195
-2.109438196011697,-0.7835056156614875,9.731229632314076
-2.1094391367346645,-0.6629665858308946,9.731207214503051
-2.1094400774584714,-0.5424274484893212,9.731184796672032
-1.9934044437588947,1.5377691423282902,12.496361153078823
-1.9924182148606444,1.65086080659882,12.51986338893947
-1.9914344390134902,1.7638419316976628,12.543307167594548
-1.990463761800413,1.8767229754118182,12.56643880047082
-1.9896156452132883,1.9896156452132883,12.586649763770815
-1.9887682510662323,2.1024121511271603,12.606843511030071
-1.9879462522309186,2.215140109628738,12.62643207767924
-1.9871770717627697,2.327835998350673,12.644761961151431
-1.983661991221356,2.4370704463576662,12.728527760450191
-1.98170894285022,2.547911497950283,12.775069697668947
-1.9826741531416123,2.6624481485044513,12.752068343760463
-2.3973581386397522,3.356301394095653,2.869980268567957
-1.9901194677384626,-2.110732768813521,9.700379435791525
-1.989948767613101,-1.989948767613101,9.704693825794308
-1.9897965992893858,-1.8692028659991198,9.70853983055374
-1.989659122604948,-1.7484883198649543,9.71201450892142
-1.9895216649191836,-1.6277904531156955,9.71548870710383
-1.9893842262249237,-1.507109262291609,9.718962425282143
-1.9892626667773279,-1.3864557980569254,9.722034800679296
-1.9867703239465253,-1.2643083879659707,9.785027952968669
-1.9853107734898479,-1.1430577180699124,9.821917614798174
-1.9889241534658986,-1.0245972911794023,9.730590614235638
-1.9888994029414122,-0.9040451831551873,9.731216175670824
-1.988900289909257,-0.7835061748127375,9.731193757847791
-1.9889011768778926,-0.6629670589592974,9.73117134000477
-1.988902063847338,-0.5424278355947285,9.73114892214128
-1.882154765226909,1.31180483637027,12.429152084214493
-1.8811708510631668,1.4251294326236112,12.454020193846233
-1.880233028089014,1.538372477527375,12.47772336369156
-1.8792963802255565,1.6515028795921558,12.501396832997258
-1.8783680986630078,1.7645276078349466,12.524858846775764
-1.8774407337001364,1.8774407337001364,12.548297693796329
-1.8765525924628728,1.9902830526121378,12.57074517394311
-1.875753084840129,2.103117095123781,12.590952468386554
-1.874954258447665,2.2158550327108766,12.611142544956813
-1.8713094962823758,2.324960283259921,12.703262720118538
-1.8697280959006697,2.436312367385721,12.74323209906759
-1.8716386832389518,2.552234568053116,12.694942627139767
-1.872061191985949,2.6662689704042304,12.684263856340557
-2.2595242440271126,3.355051150222076,2.891261568659843
-2.2612227594317114,3.4946169918490084,2.8483321456986843
-2.263077750487687,3.6346400235105274,2.801447851676066
-1.869254494565006,-2.1104486228959747,9.707150748602231
-1.8691253426699008,-1.9897140744550559,9.71062561882988
-1.8689962086204768,-1.8689962086204768,9.714100008914151
-1.868867092413035,-1.7482950219347748,9.717573918954585
-1.8687436726896407,-1.6276154568587193,9.72089456339404
-1.8686376567101464,-1.506965852185602,9.723746954917218
-1.8685316528081242,-1.3863299359544148,9.726599021492405
-1.8684256609321788,-1.2657077057927664,9.729450764502403
-1.8648671835116002,-1.142983112474852,9.825192660000326
-1.8661689737306573,-1.0233829855942316,9.790167606197144
-1.8683613785487743,-0.904045828330052,9.731180301185333
-1.868362211762227,-0.7835067339648049,9.731157883329075
-1.8684729345955142,-0.6630065251790535,9.72817885250187
-1.868710752191915,-0.5425289280557173,9.721780299196318
-1.8689486303344522,-0.42202065846261827,9.715380116878919
-1.7700091867504286,1.1990384813470645,12.377375332434859
-1.7689317783833773,1.3124332549296025,12.40636332563956
-1.7678544503054487,1.4256890728269749,12.435349158641479
-1.7669727732083111,1.5389762863427225,12.459070943697334
-1.766091975105492,1.6521505573567508,12.482769079149087
-1.765213817279206,1.765213817279206,12.506396177173862
-1.7643419787152226,1.8781704934710437,12.529853253563118
-1.7634710009381698,1.9910156462205142,12.553287170223477
-1.7626621046636446,2.1038225120178984,12.575050765556796
-1.7588290400717828,2.2127204052515976,12.678180510730556
-1.7576339677906438,2.3246126670779486,12.710334286609971
-1.7604621084609544,2.441931311736163,12.634242319032936
-1.7597810589383345,2.5545208920072597,12.65256615940536
-1.7591005361819039,2.6670233935661125,12.670875826976484
-2.1217612923345404,3.353751720141693,2.913380102550306
-2.1233873857733703,3.493314731433609,2.8696295739703075
-2.125041875995971,3.6331361105737567,2.8251150214601424
-2.1268164072460354,3.77338394833974,2.7773707293314516
-2.128986636248592,3.9145883311667657,2.7189800712461363
-1.7483433022777242,-1.989494102591893,9.71618533593795
-1.7482225261654893,-1.8687895969355228,9.719658957872241
-1.7481200313371523,-1.7481200313371523,9.722606794801877
-1.7480208618989213,-1.6274676990093404,9.72545899073264
-1.7479217037116563,-1.5068290549238414,9.728310863076231
-1.7478225567734427,-1.386204096751351,9.731162411887695
-1.7478208437390104,-1.2656633696041109,9.731211680189745
-1.7464625210517912,-1.1442340655166907,9.770278175979868
-1.7445551707839886,-1.022670272528545,9.825135163872737
-1.7478373788453438,-0.9040538166441432,9.730736116711313
-1.748059830736147,-0.7836130275713762,9.724338214403318
-1.7482823392582398,-0.663141576960022,9.717938683332093
-1.7485049044332508,-0.5426394530999743,9.711537522875595
-1.7487284573760462,-0.4221068690218042,9.705107953392023
-1.657836611467701,1.086168814409873,12.319233410432105
-1.6566297589349248,1.1996284461252904,12.3539434979795
-1.6556002608717997,1.313062275863841,12.383552722744312
-1.6545926241053868,1.4263729518149886,12.412533198343695
-1.653623574467954,1.5395805693322329,12.440403875861932
-1.6527989550137818,1.6527989550137818,12.464120620592759
-1.6519751575936314,1.765904478806985,12.487813722938057
-1.651155266743139,1.8789008207766755,12.511394469074816
-1.6503398474448367,1.991789471054113,12.534846609633206
-1.6462320061070106,2.1003649733089444,12.652991559902134
-1.645592174247928,2.213037751574799,12.671393658950045
-1.6480899504772049,2.3300582058470827,12.599555526918635
-1.6473882067637875,2.442679065201478,12.619738262644042
-1.6467481623911235,2.5552988726758814,12.638146473760173
-1.9826707116237332,3.2132939119419124,2.97673318891745
-1.9841445455136975,3.3525200941438333,2.9343444943904515
-1.9856547018730037,3.4920134412249375,2.8909111352863306
-1.9871473550297223,3.631683097123285,2.847981182918069
-1.9863347052675013,3.7671865099900885,2.871353669303936
-1.9868382205972588,3.9051647784153016,2.856872147574734
-1.9889986346701551,4.046583429156522,2.794736833132987
-1.6275046053111935,-1.8686163986906295,9.724318908267634
-1.6274122814325813,-1.7479613393164763,9.727170909953593
-1.6273199680279367,-1.6273199680279367,9.730022588085419
-1.627281185117933,-1.5067418380721602,9.731220641355918
-1.6272819108188017,-1.3862031092160163,9.731198223535827
-1.6272826365203386,-1.2656642728491523,9.731175805695095
-1.6272833622225225,-1.145125328971405,9.731153387834368
-1.6247013332149964,-1.0229600986909237,9.810915538140023
-1.6251568076597953,-0.9028648931443307,9.796845354954428
-1.6278355217311276,-0.7837726586112838,9.714096480421752
-1.6280427691982626,-0.6632766837474403,9.707694343352067
-1.6282532158798373,-0.5427510719599458,9.701193378491425
-1.6284643679341393,-0.4221944657607028,9.694670623772751
-1.5443884942786341,1.0867919033812612,12.291880977352506
-1.5432635839003606,1.2003161208113915,12.326630885432827
-1.5421600565681284,1.3136919000395169,12.360720244105153
-1.5412210123547458,1.427056492921061,12.389728510655672
-1.5402831110414326,1.5402831110414326,12.418701471573733
-1.539416974785563,1.653447861806716,12.445457518862312
-1.5386493887500006,1.7665974463425933,12.469169224874364
-1.537882567830309,1.8796342495703777,12.492857295486928
-1.5340091568644685,1.9885303885280148,12.612511872082479
-1.5337317923366924,2.1017806043132454,12.6210800140706
-1.5356034228016586,2.218093832935729,12.56326297559886
-1.5349431511547638,2.330839599901678,12.583659604059925
-1.5342893653164043,2.4434978780964958,12.603855877670696
-1.5336463964227387,2.556077327371231,12.62371800214293
-1.8452558005036448,3.2121119490248633,2.9977083591405105
-1.8441552848115716,3.3468003316950745,3.031704684429272
-1.8446906792178297,3.484415727411456,3.015165672287928
-1.8461555685192224,3.623935004871066,2.969913384146217
-1.848220101258679,3.7648927988602723,2.9061373497966727
-1.852401119788715,3.9106245862206204,2.7769803854669064
-1.8542942918904342,4.0519764156124305,2.718497898518983
-1.5067415694728588,-1.7478202205885163,9.731229602518795
-1.5067422414178875,-1.6272816207313183,9.731207184706044
-1.506742913363515,-1.506742913363515,9.731184766873312
-1.5067435853097424,-1.386204098484963,9.731162349020572
-1.506794812926621,-1.2657076428583618,9.729453264089841
-1.506986591586489,-1.145309809605732,9.723055035212802
-1.5071784190338073,-1.0248813249429891,9.716655178661057
-1.5045491325500693,-0.9027294795300415,9.804374931827802
-1.506956351727569,-0.783617302898336,9.724063914609047
-1.507759219156341,-0.6634140564287899,9.697278194181443
-1.507954760757486,-0.5428637138726949,9.690754423914349
-1.5081503530848703,-0.4222820988637637,9.684228961289577
-1.4320399474908345,0.9737871642937675,12.223467660998573
-1.4308184702171378,1.087422037365025,12.264219281489588
-1.4297673623332845,1.201004584359959,12.299286941363668
-1.4287261018870925,1.314428013736125,12.33402606541393
-1.427740689469252,1.427740689469252,12.366901955734377
-1.4268714296534257,1.5410211440256998,12.39590269679232
-1.4260032276667542,1.654163744093435,12.424868145951528
-1.4234895067990605,1.7651269884308352,12.50873233321601
-1.4216454948514332,1.876572053203892,12.570253310060046
-1.4217201131245114,1.9904081583743158,12.567763852735169
-1.4231101725830493,2.106203055422913,12.521387897378382
-1.4224075206832798,2.218955732265916,12.544830170250187
-1.4217204381886013,2.3316215186293063,12.567753007761866
-1.4211146744917267,2.4443172401257702,12.58796284122652
-1.4205094271365675,2.5569169688458215,12.608155448204784
-1.7048866643645524,3.2051869290053587,3.1206000942465764
-1.7070946601462726,3.3459055338866945,3.0469356814244506
-1.7104797830915788,3.4893787575068207,2.9339992817441995
-1.711781798635491,3.6289774131072408,2.890560697612102
-1.7130685845346247,3.7687508859761745,2.8476302135630647
-1.7144762228006902,3.9090057879855737,2.8006677840176266
-1.7160624059570353,4.049907278058603,2.747748638153382
-1.3862038513730501,-1.627282782046624,9.731171310203592
-1.3862044695639102,-1.5067439886564242,9.731148892338851
-1.386357131225912,-1.386357131225912,9.725612821343908
-1.3865335945053798,-1.265965455852738,9.719213616525067
-1.38671010271303,-1.1455431283281552,9.712812782445774
-1.386886655866023,-1.0250901369444518,9.70641031848374
-1.3854165069907691,-0.9035325045591972,9.759723301192182
-1.3846517679238222,-0.7826292601308561,9.787455540653703
-1.3874263891115568,-0.6635517513142227,9.68683761420143
-1.3876106792436378,-0.5429780918779452,9.680154579040604
-1.3878680437549538,-0.42239462201237726,9.670821599250246
-1.3194961350701344,0.8605409576544354,12.150237423601936
-1.3183625006802149,0.9744418483288546,12.191347158571489
-1.3172372307703926,1.0881524949842374,12.232153566857406
-1.3161408703260833,1.2016938381238154,12.271911612041492
-1.3151818112592903,1.3151818112592903,12.306690606403876
-1.3142241489185968,1.4285045096941271,12.34141895036231
-1.3133510128177097,1.541759884612094,12.373082063283903
-1.3105453427125608,1.6524267364636638,12.474825937199782
-1.3090818031090035,1.7644146041903959,12.527899243509744
-1.3095543561908767,1.8789258154043014,12.510762738012374
-1.3104229811339254,1.994121927812495,12.479263216196337
-1.3097705563745499,2.1070221993851455,12.502922527508701
-1.309123613813808,2.219818301684283,12.52638303421979
-1.308477310052787,2.3325030309636636,12.549820375713367
-1.3078640579611653,2.4451371518404397,12.572059142621171
-1.5694670648107176,3.070696431151404,3.085375980523409
-1.5706774492634092,3.2096452224078362,3.0414830071769003
-1.57189409549941,3.3488178556291777,2.9973629586335093
-1.573063707746613,3.4880977867424896,2.954948534788201
-1.5742290442315647,3.6275712758379535,2.9126891657423144
-1.575435789318686,3.767346452718597,2.8689281691207356
-1.5766654661181816,3.907388329075493,2.824335584619952
-1.266062189540103,-1.3866395409248746,9.715371611320265
-1.2662233738392095,-1.2662233738392095,9.708969798953056
-1.2663864581263948,-1.1457782240191192,9.702492524104393
-1.2665506790205563,-1.0253029306356887,9.695970106244673
-1.2667149425140782,-0.9047963875100559,9.689445996451475
-1.2646541546076981,-0.7828811433285751,9.77129502007476
-1.265270328352681,-0.6627606481847376,9.746822235052583
-1.2673249613466786,-0.5431392691485766,9.665217668205969
-1.2675600858745102,-0.42252002862483673,9.655879146287575
-1.205584999784124,0.8611321427029456,12.117365003110713
-1.2045335322146604,0.9750985736975823,12.159126503003876
-1.2035032960849548,1.0888839345530543,12.200044746485794
-1.2024762493189953,1.2024762493189953,12.240836316908428
-1.201507215257464,1.3159364738534127,12.279323776752548
-1.200631824491618,1.4293236005852594,12.31409197354344
-1.197577841151346,1.5397429386231591,12.435388082565211
-1.1965413985251776,1.652366693201436,12.476552831606483
-1.1982612155445573,1.7688617943752987,12.408246266233547
-1.1975399817067673,1.881848542682063,12.436891759175545
-1.1969427553098737,1.9949045921831225,12.460612005842592
-1.1963461243296585,2.1078479333427316,12.484308604140182
-1.1957515995299344,2.2206815419841637,12.507921550541205
-1.195161037156425,2.3334096439720677,12.531377119894437
-1.1945710578395892,2.446026451766778,12.554809531784777
-1.432529869689518,3.0697068636203952,3.1037173780636778
-1.4335485357675364,3.2084181514797243,3.0632586663127768
-1.4346545283826635,3.3475272328928813,3.0193315763864206
-1.435748487820413,3.486817756135289,2.9758824123137586
-1.4368117096367656,3.626239076702313,2.9336540649452516
-1.4379055342527007,3.7659430658999304,2.890210255637072
-1.4389864477948342,3.9058203583002635,2.8472792398974605
-1.146016011340288,-1.146016011340288,9.692054108263143
-1.146164653832995,-1.0255157429032062,9.685528982604922
-1.1463297106236172,-0.9049971399660135,9.678283300162867
-1.1465423319038603,-0.7844763323552729,9.668949626151289
-1.1445998970914433,-0.6626630983160986,9.754218858408365
-1.146967811174208,-0.5433005421351512,9.650271887010732
-1.0915172447461579,0.8617241405890719,12.084447385367007
-1.090564609036557,0.97576833440113,12.12626629998853
-1.0896163581084148,1.0896163581084148,12.167892730956957
-1.088685875403724,1.2032843886041162,12.208739170358818
-1.0877569803767175,1.3167584499297105,12.249515913698644
-1.0846365773578677,1.427153391260352,12.386495733072302
-1.0839639535427061,1.5403698287185823,12.416022652560152
-1.0853267639067623,1.6565513764892688,12.356197842629747
-1.0846606846427387,1.7697095381013104,12.38543746864066
-1.0840005610752514,1.8827378166043842,12.414415650783305
-1.0833734157866695,1.9956878711859698,12.441946148553008
-1.0828331829142315,2.108675145675082,12.465661354838616
-1.082293488568021,2.2215497923238323,12.489352920836438
-1.0817566409413955,2.334316962031432,12.51291952120252
-1.0812224350365829,2.446977089819635,12.536370154953204
-1.2956843865817058,3.0687261787461453,3.121894137685139
-1.2965244328571608,3.207192018120345,3.085017687309275
-1.2975243280713082,3.3462469513417945,3.041124169388958
-1.298529077661904,3.485525418987216,2.9970175534793526
-1.2994952690203443,3.6249078556883285,2.9546035713879277
-1.3004579499373932,3.7644835392924536,2.9123436910663116
-1.0259678938977947,-0.9052657887333482,9.66334527819069
-1.026158246963681,-0.784709247678109,9.654006061427914
-1.0249691158356697,-0.6632153102466096,9.712347929010399
-1.0246753453367157,-0.54247518282532,9.726761074159725
-0.9772977493686139,0.8623215435605416,12.05122922173053
-0.9764390158264725,0.9764390158264725,12.093360923965953
-0.9755869745357882,1.0903619127164692,12.135164286929836
-0.9736422310902374,1.2027345207585285,12.230578461119329
-0.9718334043351755,1.314833429394649,12.319324208781282
-0.9714174879665814,1.4285551293626197,12.339730148151894
-0.9723466874865835,1.5443153271845735,12.29414120167101
-0.9716384777062552,1.6575009325577295,12.328887816448159
-0.9709512132748549,1.7705580947953234,12.362606797901414
-0.9703600100273498,1.8836400194648555,12.391612767695477
-0.9697695262981568,1.9965843188491461,12.420583436048766
-0.969231111568487,2.1095030075314125,12.446999463787769
-0.9687478480145827,2.222421533680513,12.47070963132537
-0.9682650661358365,2.3352275124452526,12.49439616662626
-1.1582786245709544,2.92976357979712,3.1718365228995467
-1.1589263121056252,3.067746120279596,3.1400592869896684
-1.1596731422716346,3.2061551580451075,3.1034178555902727
-1.160498980167742,3.3449676487187854,3.0629000993526887
-1.161394318732816,3.484182956198448,3.0189724594359717
-1.1622796113059162,3.6235776117184444,2.975537702027893
-0.9058986985219067,-0.6643257122493983,9.62815278346347
-0.904379474094423,-0.5426276844566539,9.712628167823446
-0.9052316210288295,-0.4224414231467872,9.665245148887664
-0.863737754332741,0.7485727204217091,11.972481837768015
-0.8629446743179081,0.8629446743179081,12.016580483017016
-0.8621564292828716,0.9771106198539213,12.06041028268318
-0.8601025943673286,1.0894632861986164,12.174612299688533
-0.8588112425451824,1.2023357395632555,12.24641699131032
-0.8587288844576406,1.316717622835049,12.25099645368229
-0.8591762945095262,1.4319604908492103,12.226118538730553
-0.8584453899196907,1.5452017018554434,12.266759964078801
-0.8578197816442185,1.6584515778454894,12.301546463409139
-0.8571950845852706,1.7715365081428927,12.336282295198373
-0.8566104942755471,1.884543087406204,12.368788019970587
-0.8560889796753669,1.997540952575856,12.397786465165765
-0.8555680996973346,2.1104013125867587,12.426749622651705
-0.8551130613278736,2.223293959452471,12.452051704729477
-1.0212787390162628,2.7914952199777847,3.2125284083513463
-1.0217645956645498,2.92905850757171,3.1855126979892603
-1.022260679540092,3.066782038620276,3.1579283099929327
-1.0229141094874086,3.205130876393881,3.1215948065596564
-1.0235783643840728,3.3436893236546377,3.0846593895840115
-1.024367765136533,3.4828504014642125,3.04076532707964
-1.025160746979481,3.6222346393274996,2.9966721406078776
-0.7848282628566702,-0.5433426435161562,9.6463701918671
-0.7842178192259209,-0.422271133429342,9.685535515105578
-0.7491273596209496,0.7491273596209496,11.936896859197056
-0.7484262121549597,0.8635687063326457,11.981881630533977
-0.7462796241715149,0.9759041239165964,12.119604112998537
-0.745463475120472,1.0895235405606898,12.17196724660294
-0.7462926455504527,1.2055496581968852,12.118768677113188
-0.7457598788802595,1.3194213241727668,12.152950340739032
-0.7451200404811102,1.432923154771366,12.194001596679428
-0.7444840888018827,1.5462361844346793,12.234803485381974
-0.7438704512168921,1.659403314253067,12.274173728852183
-0.7433284257443457,1.772552399851901,12.308949426011509
-0.742787189607906,1.8855367120816076,12.343674480323223
-0.7422994441406866,1.9984985034556944,12.3749676381506
-0.7418475820557768,2.11141234892798,12.403958561674507
-0.8846812010164631,2.654043603049389,3.2399267426321003
-0.8849666256411912,2.7910485885606797,3.2216142447623355
-0.885316257445602,2.9283537746277606,3.199182292089823
-0.8857459898918443,3.066043811164076,3.1716111793525457
-0.8862424305731826,3.2041072489953524,3.1397601471294934
-0.8868135420069376,3.342604889103072,3.1031183299632588
-0.6639350109501526,-0.42250409787736987,9.657777327252795
-0.6641845047660001,-0.30190204762090916,9.638859702747808
-0.6337619385655757,0.748991381941135,11.945621022272718
-0.6323794056466956,0.8623355531545849,12.050450228304591
-0.6319584307860728,0.9766630293966582,12.082370235268478
-0.6325786609560697,1.0926358689241207,12.035341889404243
-0.632012744802196,1.2065697855314652,12.078251928131742
-0.6314610763300511,1.3203277050537434,12.120081650330768
-0.6309103300596255,1.4338871137718763,12.16184144748663
-0.6303714932233466,1.5472754833663962,12.202698223449403
-0.6298335759442798,1.6604703365803744,12.243485274886169
-0.6293310977730244,1.7735694573603416,12.28158519064349
-0.6288726032270895,1.886617809681269,12.316350091040384
-0.6284147762604579,1.9995015608287297,12.35106437288971
-0.7482819523548329,2.516948385193529,3.262253012481608
-0.7484590006579568,2.653627365969119,3.2488284981049134
-0.7486981244010463,2.7906021000402634,3.2306971742216746
-0.7489397161074197,2.927673435692641,3.2123787194368703
-0.7492970073185831,3.065305939030567,3.185287462891054
-0.7496608050458066,3.203096167013901,3.1577028561303493
-0.5434302146884556,-0.30190567482691977,9.638254638183895
-0.5444890916874927,-0.18149636389583093,9.540124478406966
-0.519160559022031,0.6345295721380377,11.887415957622402
-0.5183158748314247,0.7486784858676134,11.965696054990289
-0.5181732638930624,0.8636221064884372,11.978912353181826
-0.5184146490296614,0.9792276703893604,11.956542274273907
-0.5179384853106658,1.0934256912114058,12.000670177578542
-0.51746319550594,1.2074141228471933,12.044717091923182
-0.5170051299418043,1.3212353320734997,12.087167770366307
-0.516553932694428,1.4348720352623001,12.128981935766262
-0.5161053934541242,1.5483161803623726,12.17054977353898
-0.5156646873292902,1.661586214727713,12.21139168670166
-0.5152247332066051,1.774662969933862,12.252163908964363
-0.6118618169959198,2.243493328985039,3.296437718627196
-0.6120112275660318,2.38004366275679,3.2825912726936437
-0.6121588765402486,2.516653159109911,3.2689080805533095
-0.6123037002585382,2.653316034453665,3.2554867156278604
-0.6124732143690662,2.7901557543479685,3.239777198124237
-0.39721290412800914,-0.28372350294857795,12.671274507011404
-0.3968679780588025,-0.17008627631091536,12.71237314976748
-0.404431444235986,0.5199832854462677,11.811170769997709
-0.4038841423872411,0.6346750808942359,11.876382898535972
-0.40447684596257155,0.7511712853590615,11.805761061923917
-0.28348111314661345,-0.28348111314661345,12.711708240136282
-0.2834467620071154,-0.17006805720426924,12.717438451538506
-0.30257258156957356,-0.06051451631391472,9.527006025275696
-0.2893436340856641,0.4050810877199298,11.733764427453572
-0.28906093949976674,0.5203096910995801,11.780921516363179
-0.3393578554547354,0.7465872820004179,3.3907497341965396
-0.1702610174855078,-0.1702610174855078,12.66379136152024
-0.17036727735861396,-0.056789092452871316,12.634248841467574
-0.17426319925977574,0.17426319925977574,11.551099130064529
-0.1739435397797852,0.28990589963297525,11.639971310329685
-0.17382185137123918,0.40558431986622473,11.67380329360389
-0.05682901748626336,-0.05682901748626336,12.600948798889625
-0.05691489088431512,0.05691489088431512,12.529324868526011
-0.0580985301537506,0.17429559046125181,11.542093682465506
-0.05814947079966765,0.29074735399833823,11.499605911413965
0.058162565755824853,-0.29081282877912423,11.488683876776975
0.05814457218601538,-0.17443371655804615,11.503691669880133
0.05692069002804526,-0.05692069002804526,12.524488010126099
0.05682610389363896,0.05682610389363896,12.603378922303548
0.2025783944827061,-3.3087804432175325,3.6788685484165455
0.20254960937860575,-3.1732772135981566,3.6868714237282134
0.20253243005262506,-3.0379864507893752,3.691647644209567
0.20252043976729378,-2.9027929699978774,3.6949812002781144
0.2025160468897991,-2.767719307493921,3.6962025142857584
0.20251998833322327,-2.632759848331902,3.6951067086162155
0.2025326969270543,-2.497903262100336,3.691573447403691
0.20254602457255483,-2.3630369533464726,3.6878680765713625
0.202559824283851,-2.2281580671223606,3.684031461339565
0.20258483392196613,-2.09337661719365,3.6770782464153555
0.2026159361836049,-1.9586207164415141,3.668431151691003
0.20336641595920837,-0.6100992478776252,3.4597817041452714
0.17395051914909063,-0.40588454468121143,11.638030896214424
0.17407491391871352,-0.2901248565311892,11.603446486609876
0.17438078047208877,-0.17438078047208877,11.518409035289963
0.17033153246416569,0.056777177488055226,12.644186687525071
0.17023864850386494,0.17023864850386494,12.670010417401102
0.33782485452091254,-3.716073399730038,3.6464739855305837
0.33776276345302036,-3.580285292602016,3.656831573383883
0.33770383129312737,-3.444579079189899,3.6666622147981442
0.33764620584704313,-3.308932817301023,3.6762748795608005
0.3375904940334686,-3.173350643914605,3.685568325835021
0.33756186049843057,-3.0380567444858753,3.690344767355107
0.3375360636360972,-2.9028101472704364,3.694648015423269
0.3375287420869573,-2.76773568511305,3.695869343885043
0.3375275361572303,-2.6327147820263965,3.6960705084569554
0.3375487164218003,-2.4978605015213224,3.692537368208505
0.33757043387547914,-2.3629930371283536,3.6889146179150316
0.3375934325394088,-2.228116654760098,3.6850781452910795
0.3376272514254921,-2.093288958838051,3.6794367205966836
0.3376790841867124,-1.958538688282932,3.6707903500921404
0.33776230991563055,-1.8239164735444051,3.656907229247423
0.3378826817935252,-1.689413408967626,3.6368276535099753
0.3380051033213914,-1.5548234752784005,3.6164061698239323
0.3383696292349637,-0.8797610360109057,3.555598564111854
0.28929204688919263,-0.6364425031562237,11.74236983460306
0.28929288276807574,-0.5207271889825363,11.742230399266212
0.2896856113230494,-0.40555985585226917,11.676718230628659
0.3020273846962387,0.06040547693924774,9.617951868286731
0.28332555644042046,0.16999533386425228,12.737657097278849
0.28358365730400475,0.28358365730400475,12.694602557224414
0.47316040076885574,-3.8528775491178253,3.621975798337253
0.47298333162878264,-3.7162976056547206,3.6430739465512403
0.4728903812780515,-3.5804557439623896,3.6541491699100845
0.47280786840026895,-3.4447430412019595,3.6639807471363497
0.4727264579170357,-3.3090852054192497,3.673680971809709
0.4726466669338476,-3.173484763698691,3.6831882297584784
0.4725975397788396,-3.0381270414353976,3.689041830206655
0.47255745778055314,-2.9028529549376834,3.6938176818328188
0.4725430351337082,-2.767752062926005,3.6955361695413274
0.47253278528623344,-2.6326826608804432,3.696757459717034
0.47256011342821613,-2.4978177424062853,3.693501256011942
0.47258982450850795,-2.3629491225425396,3.689961120360209
0.4726220214412201,-2.2280752439371807,3.6861247903361516
0.4726583598310864,-2.0932013078233824,3.681794997268092
0.4727309196194429,-1.958456666994835,3.6731493508923947
0.4728212821487928,-1.8237392311453438,3.6623824717149844
0.40276076035047814,-1.4384312869659932,12.010236153274576
0.40307532362552967,-1.3243903490553117,11.972755299202696
0.4033898894822648,-1.2101696684467942,11.935274137517972
0.40370494670602763,-1.0957705696306463,11.897734428452402
0.4730740317723358,-1.1488940771613871,3.6322668399547737
0.47319606684718335,-1.0139915718153927,3.617726112556568
0.40401545438800335,-0.7503144152920063,11.860736806544935
0.40430835605065496,-0.6353417023653148,11.825836977652145
0.40515537595334294,-0.5209140547971551,11.724912833333562
0.3964844712504942,0.1699219162502118,12.758068766064135
0.39706302374630625,0.28361644553307586,12.689133059361247
0.6086790173889971,-3.9902291139945363,3.5913998664963955
0.608417045059676,-3.8533079520446147,3.6156778388735376
0.6081680058710792,-3.71658225810104,3.638757247898326
0.6080308661128315,-3.580626211553341,3.6514665110146822
0.60792476802593,-3.4449070188136037,3.6612990243558343
0.6078191524115789,-3.309237607574152,3.671086825130274
0.6077165545535765,-3.173630896002011,3.680594958943459
0.6076394683276334,-3.038197341638167,3.68773883276004
0.6075879319404826,-2.9029201192711946,3.692514905816715
0.6075589260584172,-2.7677684409327896,3.6952029912545257
0.6075457475280951,-2.632698239288412,3.6964242957944364
0.6075668881836849,-2.497774984755149,3.6944651108157274
0.6076050148344716,-2.3629083910229447,3.6909317690424572
0.5161510322298611,-1.8925537848428242,12.166320254568255
0.5164637869286834,-1.778930821643243,12.137336086818529
0.5167755073955395,-1.6651655238300715,12.108447765279642
0.5171105113940767,-1.55133153418223,12.07740167028252
0.5175106864293505,-1.4375296845259735,12.040315927381442
0.5179114813087352,-1.3235515633445456,12.003172741168534
0.5183165165611772,-1.2094052053094133,11.965636583452799
0.518721078327374,-1.0950778320244565,11.928144305508674
0.5187915188081026,-0.9799395355264161,11.921616318183482
0.5185067210715167,-0.8641778684525279,11.948009607886334
0.5190772616795798,-0.7497782668705041,11.895135439234679
0.5421479029833893,0.1807159676611298,9.75709134217918
0.5408050909200427,0.30044727273335703,9.881534844537263
0.7443645938173878,-4.12784002026006,3.55928289120245
0.7440296559361376,-3.9907045182029197,3.5846792283760394
0.7437039116239559,-3.853738451142317,3.6093784721691335
0.7433994624063075,-3.7169973120315376,3.6324630362524033
0.7431842197952655,-3.5807966953771886,3.648783596661211
0.7430545320080679,-3.445071012037406,3.6586170462509457
0.7429242910498849,-3.309390023767669,3.6684924394894765
0.7427988821175366,-3.173777041774929,3.6780014490963
0.7426876465786335,-3.0382676450944097,3.68643577501107
0.7426246547421239,-2.902987286719212,3.6912120693890316
0.7425764148894507,-2.767784819133407,3.694869809024574
0.7425603076073901,-2.6327138178807465,3.696091127928945
0.7425690409255737,-2.4977322285678394,3.6954289326215317
0.6301675851837065,-2.005078680129975,12.21815935107037
0.6305451336659742,-1.8916354009979228,12.189532106760893
0.6309252690365519,-1.7780621218302826,12.160708714176096
0.6313058885999436,-1.6643518881271242,12.131848608144864
0.6316869676748136,-1.5505043752018153,12.102953660105328
0.632116853112316,-1.4366292116189003,12.070358017366821
0.6326060997758698,-1.3227218449859095,12.033261367736507
0.6330961042889303,-1.2086380172788669,11.996107254908743
0.6325198235562308,-1.0925342406880352,12.039803177685961
0.6326639376954256,-0.9777533582565671,12.028875864069448
0.6336004601219355,-0.8640006274390029,11.957864967286177
0.6605716203508799,0.30025982743221813,9.912803129012666
0.6600237921641019,0.42001514046806493,9.954341665330723
0.8802006232297461,-4.265587635651847,3.5273951811127446
0.8798051346044575,-4.128316400836301,3.5527692518153273
0.8794125502403264,-3.9911800357060963,3.5779569886432157
0.8790210105923018,-3.8541690464431686,3.603077697752333
0.878661126593356,-3.7174124586641986,3.6261674187962996
0.8783623381982085,-3.581015686500388,3.6453373199737484
0.8781971621839757,-3.445235020875597,3.655934812785212
0.8780439336692365,-3.3095502115225064,3.6657657685144898
0.8778936513427767,-3.1739232010085003,3.6754077003757573
0.8777454771936146,-3.0383497287471273,3.684914374137584
0.8776676266227464,-2.9030544572906227,3.6899091723773694
0.8775955016551754,-2.7678011975278607,3.694536622851409
0.7435553271128977,-2.230665981338693,12.294391709303596
0.7439673454312911,-2.117445521612136,12.267957113532248
0.7443825057372114,-2.004106746215569,12.241320931650549
0.7448282668011551,-1.8907179080337015,12.212721442234866
0.7452745620581671,-1.7771931864463983,12.184087679639582
0.7457244004490959,-1.6635390471556757,12.155226593867937
0.7461743267010024,-1.5497466785328509,12.126359871042496
0.7466247962408565,-1.435816915847801,12.097458291521022
0.747157007013661,-1.3218931662549387,12.063312293597662
0.7463693371165447,-1.20567354457288,12.113848239214654
0.7468075896039503,-1.0914880155750044,12.085730490966142
0.7485360002077075,-0.9788547695023868,11.974837762178247
0.7494861345476831,-0.864791693708865,11.913878294881563
0.7791330087882993,0.419533158578315,10.011770787888167
0.7791448855734503,0.5394079977046963,10.01100878775246
1.0157576816434208,-4.266182262902368,3.5195228426211997
1.015276940483559,-4.128792891299808,3.54625410991936
1.0148277118333653,-3.991655666544571,3.5712331467253264
1.0143845877016258,-3.854661433266178,3.595872746162179
1.0139530085396584,-3.7178276979787475,3.619870395837509
1.0135561551504897,-3.5812317481983973,3.6419371438295087
1.013352660391296,-3.445399045330406,3.6532523239221675
1.0128084600644867,-3.3085076362106562,3.6835121926712375
1.0119351644318861,-3.1707301818865767,3.7320711697974858
1.011366618016167,-3.034099854048501,3.763684785353881
1.011065646519833,-2.8983881866901884,3.7804200894829165
1.010881223882329,-2.7630753452783665,3.7906747779318337
0.8575634109080225,-2.2296648683608584,12.315801774268436
0.858038763673605,-2.116495617061559,12.289370124768382
0.8585142695428568,-2.003199962266666,12.262929962048645
0.8590005930247665,-1.8898013046544866,12.235888293737894
0.8595150497698101,-1.7763311028576074,12.207282295514105
0.8600301230473727,-1.6627249045582542,12.178642015441909
0.8605498455782622,-1.548989722040872,12.149743216973967
0.861069110292392,-1.4351151838206535,12.12086987507849
0.8599897964313881,-1.318651021194795,12.180884347992396
0.8605579488846636,-1.2047811284385292,12.149292638435028
0.8628985350082669,-1.0930048110104715,12.019146026228107
0.8635713449768249,-0.978714190973735,11.981734910617426
0.8642451625251942,-0.8642451625251942,11.944267769254196
0.8993376574890909,0.41969090682824245,9.992974763035434
0.8973498133270393,0.5384098879962237,10.103507411536334
0.8986882663994156,0.659038062026238,10.029083688687145
0.8980976279356078,0.7783512775441935,10.061925716728112
0.8975077653240814,0.8975077653240814,10.094724604059593
0.896919045567393,1.0165082516430457,10.127459943767718
1.1503431614384532,-4.39837091138232,3.5611709944109506
1.1496031479965196,-4.260294019045926,3.59747797958822
1.1489950416133106,-4.122864561083055,3.6273132612064742
1.1484509486948613,-3.9858003513527533,3.654007875663183
1.1478756115120115,-3.848759403304979,3.6822354150374466
1.1473138417338546,-3.7118977232565884,3.7097973022313937
1.146755091857157,-3.5751776393193717,3.7372110252011552
1.146570437399263,-3.439711312197788,3.7462706534265138
1.1465323242426422,-3.304710816934674,3.748140584071102
1.1464987842541101,-3.1697319329378337,3.7497861431886506
1.1469602850525988,-3.0360713427862906,3.7271437130643434
1.1477723193466627,-2.903188807759206,3.687303197463727
0.9710187632584987,-2.341868781976379,12.359292619920446
0.9715083196999053,-2.2287543804880174,12.335273706946182
0.9720078809404346,-2.1155465643997693,12.310763932491746
0.9725463042671671,-2.0023012146676966,12.28434748295848
0.9730853244320612,-1.8889303356622364,12.25790175099187
0.9736447593169142,-1.7754698552249608,12.230454419739438
0.9742279430032514,-1.661918255711429,12.201841910485342
0.9748118255621427,-1.5482305464810502,12.173195112725097
0.9735289175634209,-1.4316601728873835,12.236137917617533
0.9742088491302903,-1.3180472664703926,12.202778705580265
0.9765795944787147,-1.2063630284737064,12.086463769463109
0.9773388110199197,-1.0923198476104985,12.04921463026389
0.978095586776663,-0.978095586776663,12.012085242301957
0.9788592312588095,-0.8636993216989495,11.974618856797449
1.018864748178911,0.41953254336778684,10.01184409147399
1.0164264856195224,0.5381081394456295,10.131471597659164
1.0156044624074045,0.6571558286165557,10.171802195573392
1.0168554117878288,0.7775953148965749,10.110427363659646
1.0161929280413404,0.896640818860006,10.142930540225052
1.0155355702511728,1.0155355702511728,10.17518222403423
1.0148790623781863,1.134276599128561,10.207392208694785
1.0142187652760093,1.2528584747527174,10.239788102800027
1.2863121381685048,-4.265140247611359,3.5333182027850754
1.2863143908748194,-4.129746202282314,3.53321931321787
1.2857702651332756,-3.9926550338349083,3.557105409130145
1.2851933248900986,-3.8555799746702952,3.582431999901395
1.2846274662610961,-3.7186584549663304,3.607272128667958
1.2841015600052383,-3.581967509488296,3.6303584234509287
1.283708784878517,-3.445744633094966,3.6476005122413113
1.2834782549322854,-3.310022867983262,3.6577203429824863
1.2832526261775052,-3.1743617594917235,3.667625020643854
1.2830360040934823,-3.0387694833793,3.677134322411149
1.084313732894924,-2.4539731849727224,12.40066799734479
1.0848135024097958,-2.340913347305349,12.37872905629709
1.0853602072521398,-2.2278446359386024,12.354729742714007
1.0859074634093173,-2.114661902428671,12.330706227447394
1.0864760625747423,-2.001403273163999,12.305745794290075
1.0870779565068975,-1.8880827665646114,12.279323783539965
1.0876805177498832,-1.7746366342234934,12.252872479100397
1.088315013515284,-1.6611123890496438,12.225019309233268
1.0868103590510654,-1.5444147207567769,12.291070808184962
1.0876931033812482,-1.431175136027958,12.252319993571867
1.090279713183797,-1.3198122843803857,12.138772691699998
1.0909377503317506,-1.2057733029982507,12.109886099447863
1.0916357420671843,-1.0916357420671843,12.079245576006997
1.0924804908614063,-0.9774825444549426,12.042162693908224
1.0933265479542333,-0.8631525378586051,12.005022379963151
1.1376213953216938,0.41912367196062406,10.060561951317993
1.136874195298364,0.5385193556676461,10.093362625978749
1.1338432300225147,0.6564355542235611,10.226416296772427
1.1341233632126755,0.775979143250778,10.214118976984892
1.1346585967504796,0.8957831026977469,10.190623232080071
1.1339253071388016,1.014564748492612,10.222813265851173
1.1332019747234847,1.1332019747234847,10.254566197443246
1.1325001389371188,1.251710679877868,10.28537546748484
1.1317991719607288,1.370072681847198,10.316146598403762
1.4219288049499708,-4.130364623902296,3.5247635204700813
1.4212785161119184,-3.9931158309811035,3.550591266403046
1.420646098256687,-3.8560394095538646,3.575709224351243
1.4200100623042362,-3.7190739727015707,3.6009708835138525
1.4194286676434145,-3.582367589766712,3.6240623356621953
1.4189216278792962,-3.44595252484972,3.6442006087483065
1.4186487643455215,-3.31018045013955,3.655038023774239
1.4184012334493694,-3.174517046291446,3.6648692936996454
1.4181577327701242,-3.038909427364552,3.674540494110964
1.1980129996681594,-2.453074237415755,12.418104741755485
1.198555079475286,-2.340036107546987,12.396574771203042
1.199119187417133,-2.226935633774675,12.374169901630886
1.199723555871942,-2.113798646060088,12.350165991387783
1.2003285339451102,-2.0005475565751833,12.326137868722164
1.20096833675707,-1.88723595776111,12.300726599902013
1.2010499935972543,-1.772978561976899,12.297483407033624
1.1998622032778343,-1.6569525664312952,12.344659284576728
1.2009489635437494,-1.5440772388419635,12.301496052493349
1.2037320957716733,-1.4330143997281826,12.190957430462028
1.2044575600323633,-1.3191678038449692,12.162143916355497
1.2051841538106989,-1.2051841538106989,12.133285540807286
1.2059116248927002,-1.091062898712443,12.104392321086983
1.2067220983917208,-0.9768702701266312,12.072202465759318
1.2561497789541836,0.41871659298472785,10.109066239330623
1.25533091002996,0.5379989614414113,10.141589538654955
1.253291294446397,0.6564859161385888,10.222597653834889
1.2511532266030467,0.7745234259923622,10.307516031352904
1.2528907464452304,0.8949219617465929,10.238506356864562
1.2521145324187262,1.0136165262437307,10.269335516913188
1.2513392795856395,1.132164110101293,10.300126500911524
1.2505649861599046,1.2505649861599046,10.330879379797366
1.2497836695704967,1.368810685720068,10.361911200095676
1.2490091134828394,1.4869156112890944,10.392674511215638
1.2482355168661137,1.6048742359707175,10.42339971469788
1.5568180490431085,-3.9935767345018873,3.5440756198922188
1.556131156854577,-3.8564989539439516,3.5689848464244136
1.555451645693248,-3.719558283179506,3.593626409876876
1.5547860088080956,-3.5827677594273504,3.6177648412599623
1.554150787422114,-3.4461604416751226,3.6408002952448584
1.5538321446451027,-3.3103380472873924,3.652355449383954
1.5535610135712445,-3.1746681581673255,3.662187655152799
1.5532919075004628,-3.0390493842400357,3.671946426893413
1.311628995564073,-2.452175948228484,12.4355287158727
1.3122222671830752,-2.33917882410896,12.414014514081522
1.3128160756625435,-2.2260794326451823,12.392480843763572
1.313446761264652,-2.1129360942083535,12.369609873914428
1.31410881541298,-1.9997308060632306,12.345601365690541
1.313890160075315,-1.8851467514124087,12.353530609070084
1.3127551756047082,-1.7693656714672152,12.394689302910102
1.3141498205669035,-1.6569715128887046,12.34411436862591
1.316943350112323,-1.545976976218814,12.242810755871204
1.3177338212527427,-1.4323193709268942,12.2141453771806
1.3185233731663486,-1.3185233731663486,12.185513333020971
1.3193189687019196,-1.204595580119144,12.156662124993844
1.3201149444232452,-1.0905297366974636,12.127797130038786
1.3209118812431484,-0.9763261730927619,12.098897282129244
1.374459862037057,0.4183138710547564,10.157051376458703
1.373570999058167,0.5374843039792828,10.189284803577124
1.3726832849913764,0.6565007015176147,10.221476566934896
1.3691976026937946,0.7738942971747536,10.347880173526107
1.3686901166387992,0.8926239891122603,10.366283476572598
1.370107918636568,1.0126884616009415,10.314868783364751
1.3692528884702118,1.1311219513449575,10.345875308786383
1.3684040171053418,1.2494123634440077,10.376658493509218
1.3675561976077348,1.3675561976077348,10.407403533672586
1.3667094280682441,1.485553726161135,10.438110498509126
1.3658683783691503,1.6034107050420459,10.468610040983691
1.3650398308259453,1.7211371779979312,10.498656209495962
1.691648512226399,-3.856958607876189,3.562258865599503
1.6909097371010828,-3.7200014216223822,3.586906302095784
1.6901735936321551,-3.583168018500169,3.6114659397727777
1.689481714507609,-3.4465426975955227,3.634548805182
1.6890283976706268,-3.310495659434429,3.649672619681617
1.6887336619309594,-3.1748192844302037,3.6595057612935946
1.4246357768940678,-2.564344398409322,12.470489817454279
1.4252034395187152,-2.4513499159721905,12.451551133661539
1.425806200354076,-2.3383221685806843,12.431441483372978
1.4264511716655357,-2.2252638277982353,12.409923583140042
1.4270967264618941,-2.112103155163603,12.388386216351591
1.4266993797568455,-1.9973791316595835,12.401642723432147
1.4255282340843325,-1.881697268991319,12.440715152378381
1.4272663973171944,-1.769810332673321,12.382725560641923
1.430025193197286,-1.6588292241088518,12.290685041232635
1.4308176594018844,-1.5452830721540352,12.264246332369872
1.4316250158043462,-1.4316250158043462,12.237310848245357
1.4324823924684973,-1.3178838010710174,12.208706559661579
1.4333407964964553,-1.2040062690570226,12.180067995581346
1.434206704606612,-1.0899970955010252,12.151179076036897
1.43507209405084,-0.9758490239545713,12.12230746052056
1.492549392923921,0.4179138300186979,10.204717079623883
1.4915750235718135,0.5369670084858529,10.237224544895831
1.4906509116620787,0.6558864011313146,10.26805529275147
1.4890805250023391,0.7743218730012164,10.320447426899158
1.4855979912450068,0.891358794747004,10.436633701570045
1.4878760403244375,1.0117557074206176,10.360632130731219
1.4869539022373295,1.1300849657003704,10.391397026792212
1.4860329065433564,1.2482676414964193,10.422123809682788
1.4851089824548844,1.3663002638584938,10.452948291338487
1.4842078178484175,1.4842078178484175,10.483013458193
1.4833077462326674,1.6019723659312808,10.513042160068707
1.4824087656203646,1.719594168119623,10.543034463266025
1.4815375979799674,1.8371066214951595,10.572098854253895
1.8255914322529943,-3.5835683670151366,3.605165630729033
1.8248440358469655,-3.446927623266491,3.628253653482375
1.8242545411444326,-3.3106841672621186,3.6464638923800763
1.8239191803663326,-3.174970425082135,3.6568236120855673
1.5381104349988077,-2.5635173916646794,12.485818189694342
1.538723115181961,-2.45055903528979,12.466891721898847
1.539336283711387,-2.3375106530432177,12.447950168467713
1.5400030294087461,-2.2244488202570776,12.427353548378093
1.5392839542699446,-2.1093891225180723,12.449566691272679
1.538160276682274,-1.993911469773318,12.484278516887976
1.5401656501438523,-1.882424683509153,12.4223299876518
1.5429450926765538,-1.771529550850858,12.336469483213982
1.5437346948753945,-1.6580854130143128,12.312077669999631
1.544589790720557,-1.544589790720557,12.2856626749981
1.545445834497945,-1.4309683652758751,12.259218397168056
1.5463309098256564,-1.3172448491107442,12.231877297933714
1.547257087213271,-1.2034221789436552,12.203266503947553
1.548184374695875,-1.08946307848969,12.17462141771945
1.6104225854936318,0.41751696660946014,10.252004162089797
1.6094251371947985,0.5364750457315995,10.282816604901932
1.6084289237113305,0.6552858578083198,10.313590902701563
1.60742525788394,0.773945494536712,10.344595412855256
1.6035649243227004,0.8908694024015001,10.463846011839273
1.602565577187289,1.0090227708216266,10.4947171121212
1.604439303047752,1.1290498799224922,10.436835344225408
1.6034511444192894,1.2471286678816695,10.46736081733959
1.6024784526036917,1.3650742374031448,10.49740850099095
1.6015069401888817,1.4828767964711869,10.527419751456385
1.6005392182692122,1.6005392182692122,10.557313908720218
1.599620433289377,1.718110835755257,10.58569634185578
1.5987027025561569,1.835547547379291,10.614046207976521
1.597786024256071,1.9528495852018648,10.642363563103153
1.9591175707155333,-3.175121580125175,3.654141207492245
1.6515709220795212,-2.5627824652958084,12.499439874189733
1.652169564610663,-2.449768664767535,12.482222414640027
1.6528277281365273,-2.336756443227504,12.463293081533607
1.6516316870339125,-2.2211598549766407,12.497692223313223
1.6506777387058997,-2.1060371149006305,12.525128574550642
1.6530718919325567,-1.9950867661254992,12.456270726684181
1.6557170125067695,-1.8840917728525306,12.380194848139887
1.6565608787910497,-1.7708064566387083,12.355924548488368
1.6573961229435075,-1.6573961229435075,12.331902228554576
1.6582598815779226,-1.5438971311242726,12.307059808286866
1.6591785112705129,-1.4303263028194075,12.280639250524018
1.6600981593645292,-1.3166295746684196,12.254189402684965
1.6610629048905958,-1.2028386552656039,12.226442515007065
1.728128875108988,0.4171345560607902,10.297569156820657
1.7270595027487234,0.5359839836116728,10.32832519969871
1.725980681675905,0.6546823275322398,10.359352995447189
1.7249109465402743,0.7732359415525368,10.390119472047985
1.7238425366797867,0.8916426913860964,10.420847832627985
1.7191728575839131,1.007790985480225,10.555151706410463
1.7205642770502843,1.1272662504812205,10.515133319589168
1.7206803426598483,1.2460099033054073,10.511795175648793
1.7196374731234485,1.363850409718597,10.541788975161055
1.7186246181408429,1.4815729466731402,10.570919531019605
1.717638317902166,1.5991805028744301,10.599286350247915
1.7166531490684485,1.7166531490684485,10.627620629323957
1.7156836517383323,1.8340066622030444,10.655504182857953
1.7148215076888111,1.9513486121976127,10.680300166314616
1.7650228483468906,-2.5621299411487124,12.511534253210357
1.7655778729820961,-2.4490273722009723,12.49660114999174
1.7636424113618867,-2.332559318252818,12.548675321689643
1.7632962637918932,-2.2183404608994786,12.557988525219201
1.7659775994636246,-2.1077797154888422,12.485846389879754
1.7684555805226734,-1.9966433973643087,12.419175570998256
1.7692557569906606,-1.8834012896997356,12.397646584658517
1.7700839526332535,-1.7700839526332535,12.375363734075734
1.7709760710677855,-1.656719550353735,12.351361021725559
1.7718690893570106,-1.5432408197625576,12.327334098516694
1.7728091721867905,-1.4296848162796698,12.30204088981803
1.7737913624455477,-1.3160387527821806,12.275614768193876
1.7747746416342218,-1.2022666927199568,12.249159348585792
1.8456099059837245,0.41675062393180884,10.343315450940658
1.8444656572828264,0.5354900295337238,10.374101803247264
1.843322826592017,0.6540822933068448,10.404850003569827
1.8421814112197834,0.7725276885760383,10.435560124324326
1.8410458948492177,0.8908286587980085,10.466111530680926
1.8373903499025481,1.007601159623978,10.564465056896381
1.8352474510265682,1.1248290828872516,10.62212038978123
1.8376999981004598,1.2448935471003115,10.556133879850229
1.836645046487352,1.3626721312648096,10.584517667397513
1.8355913053921622,1.480315568864647,10.612868885599468
1.8345387726052742,1.5978240922691098,10.641187593906452
1.8335648921972272,1.7152703830232126,10.667390136520744
1.8326437337579802,1.8326437337579802,10.692174178852277
1.8317235004092998,1.9498992101131258,10.71693333134641
1.8307983802722194,2.0670304293396025,10.741823964338813
1.8778873613110885,-2.674566847927914,12.537009326575884
1.8784170160707192,-2.561477749187344,12.523622475247947
1.875953872457357,-2.4444247428989803,12.585877626838446
1.8758638670620644,-2.330618743925595,12.588152483853492
1.8791932061025625,-2.22086469812121,12.504004525310592
1.8810887938838243,-2.1090995567788333,12.456094162295066
1.881860135273932,-1.9959122646844731,12.436598760196432
1.8827113124589447,-1.8827113124589447,12.415085534416221
1.883563259695808,-1.7694079106233347,12.393552845826598
1.8844633271407978,-1.6560435299116103,12.370803934668707
1.8854131836695178,-1.5426107866386962,12.346796620655873
1.886363998224224,-1.4290636350183514,12.322765092848648
1.962880247400348,0.4163685373273465,10.388841847060242
1.961664408060278,0.5349993840164394,10.419571789892295
1.9604427736712973,0.653480924557099,10.450448200695789
1.9592531164908162,0.771826985284261,10.480516397982292
1.95806490274847,0.8900295012493045,10.51054811284066
1.956878129347006,1.0080887332999728,10.540543423552919
1.9520233407764291,1.123892226507641,10.66324662151569
1.9513273617517184,1.2417537756601844,10.680837264404772
1.9534794491328549,1.3615159796986565,10.62644395764756
1.952370458025414,1.4790685288071317,10.654473346243385
1.9513893565752374,1.596591291743376,10.679270365456993
1.9504092406722355,1.7139959993786313,10.704042475287139
1.9494301088515111,1.831282829527177,10.72878971275864
1.9484683753812866,1.9484683753812866,10.753097212594902
1.9475383003200564,2.065570924581878,10.776604556467717
1.946609112752729,2.1825617324803326,10.800089469221554
1.9914136408606602,-2.674184032012887,12.543802796037546
1.9884558349656298,-2.5565860735272383,12.614288513803814
1.9884815478826605,-2.442991615970126,12.613675764530505
1.9930058688287167,-2.3346640177707827,12.50585935581229
1.9936564947060622,-2.221502951243898,12.490354676469046
1.9944505581574736,-2.108419161480758,12.471431821382872
1.9952452544724077,-1.9952452544724077,12.452493884901493
1.9960837703061227,-1.8820218405743443,12.432511711461004
1.996986688876044,-1.7687596387187818,12.410994794616556
1.9978904246770879,-1.655394923303873,12.389458402821987
1.9988646063180675,-1.5419812677310807,12.366243258003138
2.0799357535286123,0.4159871507057225,10.43428483880082
2.0786526307226865,0.5345106764715479,10.464862177263072
2.077391607370165,0.6528945051734804,10.494912876760239
2.076132113100249,0.7711347848658069,10.524927137596848
2.0748720986453875,0.8892308994194517,10.554953794652349
2.0736809674039813,1.007216469881934,10.583338936708287
2.0724912028178255,1.1250666529582483,10.611691510813635
2.06687417758632,1.2401245065517923,10.745547507185506
2.0687541054426233,1.359466983576581,10.700748061581947
2.0691570858807604,1.477969347057686,10.69114487380157
2.0681180694021486,1.5954053678245148,10.715905059177146
2.067080095965287,1.7127235080855236,10.740640388443495
2.0660845227982665,1.8299605773356076,10.764365302030342
2.0650985308045526,1.947092900472864,10.787861892359516
2.064113479446588,2.064113479446588,10.811336066956102
2.063158800433788,2.1810535890300047,10.834086456211416
2.101241624272509,-2.6691447659677823,12.633229851295113
2.1013038222307174,-2.555639783794116,12.631827767709801
2.105693690100486,-2.447157531738403,12.532870151427801
2.1063555436452344,-2.3340696564717462,12.517950465674367
2.107017813343804,-2.220910668119144,12.503021398866338
2.107739205032015,-2.107739205032015,12.48675958780759
2.1085787706820343,-1.9946015398343566,12.467833866600735
2.109419005438894,-1.8813737075536083,12.44889306220233
2.110327036826225,-1.7681118416652153,12.428423967399205
2.1967937337532577,0.4156096253046704,10.4792677582562
2.195461426937109,0.5340311579036211,10.509300987180985
2.1941307351707073,0.6523091374831833,10.539297809207461
2.192832600697796,0.7704546975424689,10.568560715714838
2.1915740973911872,0.8884759854288595,10.596930245504716
2.190317037746462,1.006361882207834,10.625267231868932
2.1890671535825823,1.124115565353218,10.653442466558317
2.1853195916655843,1.2403165249993857,10.737921044314426
2.182513041330977,1.3566972959624992,10.801187078584114
2.185770260934674,1.4768717979288337,10.727761932941668
2.1846897122868816,1.5942330332904269,10.752119959569
2.183646859477067,1.711506997968512,10.775628236185462
2.182605001795385,1.8286690555582954,10.799114080348183
2.181564137373289,1.9457193657653657,10.822577534178471
2.1806072966415777,2.062736631958249,10.844146902729115
2.179676604205632,2.179676604205632,10.865126829160864
2.1787467058777095,2.296516798087315,10.886088854589822
2.3120555207145954,0.5335512740110605,10.55377365312252
2.3107281966601554,0.6517438503400439,10.582160153811401
2.3094023956755962,0.7698007985585322,10.610514081727956
2.3080781151989944,0.8877223519996132,10.638835491662164
2.3068392862234046,1.0055453298922534,10.665329413362258
2.305680312716269,1.1232801523489517,10.690115525049642
2.3045225032737395,1.2408967325320137,10.714876741745755
2.299465680498529,1.3560951449093892,10.823023281177392
2.2980630031334144,1.4731173097009067,10.853021307550776
2.301155422337787,1.5931076000800064,10.786886018597343
2.300057749658887,1.7102993523104548,10.81036113467885
2.2989891739656105,1.8274016511008697,10.833213974987025
2.298007737499618,1.9444680855766001,10.854203232903956
2.2970271386247947,2.061434611586354,10.875174577876251
2.2960473762693554,2.1783013569734915,10.896128032825388
2.2951572388214165,2.2951572388214165,10.915164745973613
2.428558940188628,0.5330983039438452,10.595752112481279
2.427165915785441,0.6511908554546304,10.624090449998874
2.425773739029642,0.7691477709118377,10.652411543800028
2.424554693004534,0.8870322047577562,10.677210633916431
2.4233368716968138,1.0047982150938009,10.701984809570014
2.422120273165532,1.1224459802474418,10.726734110245573
2.4209204245068303,1.2399836320644742,10.751142667757208
2.4197647849992103,1.3574290257312642,10.774651877172836
2.414083663716093,1.4720022339732273,10.890223099063121
2.4134338626465457,1.5893344949135788,10.903442021851546
2.416391496917355,1.709154961234227,10.843274778529732
2.4153601524954427,1.8262479201794808,10.864255449261826
2.414329688109608,1.943240968478465,10.885218217393394
2.413305188126027,2.0601385752295354,10.906059651509736
2.412445889325778,2.1770853147574094,10.9235403929628
2.411587202243936,2.2939488021344756,10.94100869020982
2.5448647111254474,0.532646102328582,10.63765935647423
2.5434913108152233,0.6506605678829641,10.664298986336206
2.5422134149692095,0.7685761487116215,10.689086131123162
2.5409368025541563,0.8863733032165659,10.71384838140159
2.5396614716375483,1.0040522097171702,10.738585774656173
2.53843313374876,1.121633245144801,10.76241165153938
2.537221675421484,1.2391082600895618,10.785910118222127
2.5360113727287423,1.3564711993665364,10.809386169243496
2.5348279175737556,1.4737371613800903,10.832341462796592
2.528651242998887,1.5877577572318593,10.952149448296154
2.5299061787272223,1.7062157949555687,10.927807657301521
2.531584282442126,1.8250956454815328,10.895257743410966
2.5305954275719755,1.9420848630203533,10.914438405838325
2.529694519293106,2.0590536784943883,10.931913182063447
2.5287942522442592,2.1759392403031996,10.949375520450651
2.5278946258449686,2.2927416373942737,10.966825432259142
2.6598154929563527,0.6501771205004417,10.700955911155802
2.6584801461611485,0.7680053755576652,10.725706244667649
2.6571605125992854,0.8857201708664285,10.75016533715722
2.6558920767543372,1.0033370067738607,10.773675492207289
2.6546248512334745,1.1208416038541338,10.797163214189872
2.6533588344173498,1.2382341227280966,10.820628533119184
2.6521840639182463,1.3555607437804371,10.842402623383322
2.651052060481362,1.4728067002674234,10.863384036376608
2.647848293761487,1.588708976256892,10.922765086374916
2.643405837149266,1.7035282061628603,11.0051049573053
2.6465971523507648,1.8232113716194156,10.945954693222426
2.6469031492032618,1.9410623094157253,10.940283114738037
2.6459613307934404,2.057969923950454,10.957739493735907
2.64501098469724,2.174786809639953,10.975353931361497
2.644085416777884,2.2915406945408323,10.992509111404772
2.7746214956982875,0.7674484988101646,10.761434781622143
2.773297290887227,0.8850948800703915,10.784934183271332
2.7719743494426523,1.0026290200111723,10.808411165158688
2.770675031703836,1.120060119199423,10.83146891963846
2.769492191152997,1.2374326811534668,10.852459664392555
2.768310360373774,1.3547050699701448,10.873432489691453
2.7671295378141965,1.4718774137309556,10.894387423076509
2.766040584288731,1.589002037782888,10.91371204420647
2.761147076292326,1.703686493882499,11.000552470189334
2.758782242340171,1.8196223300541552,11.042518926141732
2.763088458494852,1.9400408325602152,10.966100609154928
2.762102034260624,2.056884493598337,10.983605740599089
2.761165508849719,2.173683485690204,11.000225365147891
2.7602586184948,2.290427364282919,11.016319084581625
2.8892702068533014,0.8844704714857045,10.819653974656248
2.8879849982960812,1.0019539790006815,10.841530433773464
2.8867523289131074,1.1193529438642664,10.862512585821996
2.885520711353834,1.2366517334373575,10.883476834022908
2.88427938099673,1.353845423733159,10.904606410740698
2.8832523533488663,1.471047119055544,10.922088186927546
2.882226057238044,1.5881653784781058,10.939557511096325
2.8812004915635723,1.7052002909253798,10.957014401982676
2.875366986543715,1.8191097261807174,11.056310686122757
2.874034570013653,1.935574302254093,11.078990706095581
2.8782087380885124,2.055863384348937,11.00793918941757
2.877263554268528,2.172627581794603,11.02402784295164
2.876318991028394,2.2893151153083133,11.040105933149796
3.0039645063532117,1.0013215021177373,10.87256139552737
3.0026831428262186,1.118646661052905,10.893517071890805
3.001492709299151,1.2359087626525915,10.912985660780599
3.000424127427645,1.353132449624232,10.930461463232731
2.9993563061515816,1.4702726990939123,10.94792482675431
2.9982892446591833,1.5873296001136854,10.965375764621292
2.9972182902608995,1.7043005964228646,10.982890367852654
2.996199221278412,1.821219134502564,10.999556426577719
2.9897986872917057,1.9345756211887508,11.104232044349736
2.9892877595076284,2.0514719918189606,11.112587859902987
2.9932488615276163,2.171572703461212,11.047807202248258
2.9923351940813787,2.28825632488576,11.062749503089364
3.118666034754525,1.118012352081811,10.921362041839451
3.1175559266066526,1.2352580086554663,10.938831881596798
3.116446608477066,1.3524202263202363,10.956289288788106
3.1153261070523173,1.4694934467227911,10.973922688178746
3.114230088787225,1.5864945735331148,10.991170794589792
3.113207047270752,1.7034529126575815,11.00727046144852
3.1121846779373565,1.8203344342652463,11.023359550121071
3.1111629798787033,1.93713921388674,11.03943807490198
3.104112641858447,2.0498857068876535,11.150389675144766
3.1055312497467162,2.1680123818986514,11.128064956121605
3.1083237618796433,2.287257107798228,11.084119022046465
3.230178038961984,1.5857237645813376,11.014982060570695
3.2291174235741713,1.702625550611836,11.031066085405293
3.228057504454955,1.8194505934200655,11.047139551462863
3.2270677515826995,1.93624065094962,11.0621489601141
3.224000485592325,2.0516366726496615,11.108663448712313
3.2185612678107876,2.1652139437999844,11.191148122123906
3.222565139799748,2.285091644585276,11.130430186814856
3.3429552390218538,1.9353951383810735,11.083519014560366
3.342027565156152,2.05212218913097,11.09709339344603
3.336990008620678,2.1661163213853527,11.17080647688914
0.0,0.0,60.0
