-3.0735616871376887,-1.8682433784562422,9.734355128841294
-2.952196072803258,-1.867715882793898,9.748547556840897
-2.9536078807383603,-1.748053643702295,9.72451615866811
-2.9572086262129713,-1.6294823042398003,9.663225280448927
-2.95696386898175,-1.5086550351947705,9.667391469300043
-2.9567191522624796,-1.3878477653476946,9.671556968568119
-2.956471078905566,-1.2670590338166712,9.675779603579457
-2.8368340022006064,-1.9918196185663835,9.657408678039218
-2.8365991808295705,-1.8709483958663122,9.661575829274213
-2.8310377479661994,-1.7468105253408466,9.760269281759626
-2.835502919818375,-1.6289059326616198,9.681030129393989
-2.8358915865246317,-1.5084529715556552,9.674132831512495
-2.8356571855704136,-1.387662026981266,9.678292522010615
-2.8354228233618697,-1.2668910487361544,9.682451524926151
-2.835188499889395,-1.1461400318701809,9.686609840429554
-2.83495036053418,-1.0254075772144906,9.690835872769817
-2.7157570244535276,-1.9915551512659202,9.664093002814987
-2.7155322551898315,-1.8706999980196617,9.668259047365858
-2.712114350085954,-1.7478070256109486,9.731609101102194
-2.709974696462354,-1.6259848178774123,9.771267069334982
-2.714855357213029,-1.5082529762294605,9.68080518949128
-2.7146309902423797,-1.3874780616794387,9.684963777636746
-2.7144066603143857,-1.2667231081467134,9.689121679205442
-2.714173735398942,-1.145984466057331,9.693438886811109
-2.7139413020681906,-1.0252667141146499,9.69774698301206
-2.713708908543754,-0.9045696361812513,9.702054341412477
-2.5947121948592784,-1.9912907541943299,9.670775552578888
-2.5944944456869967,-1.8704494840999277,9.674999199034445
-2.594280001101478,-1.7496306984172758,9.679158746940182
-2.5899668334067134,-1.626258244232122,9.762820582506862
-2.5894197526270304,-1.5054766003645523,9.773432222366608
-2.5936317256890518,-1.3872913881592603,9.69173324317925
-2.593409607668147,-1.2665488781635137,9.696041631504585
-2.593187527688256,-1.1458270471180665,9.700349281954367
-2.592965485728988,-1.0251258897068092,9.704656194924091
-2.5927671609952503,-0.9044536608122964,9.708503068599533
-2.5925883351822425,-0.783805775752771,9.711971724775616
-2.4736967542516144,-1.9910242168366652,9.677512197375371
-2.473492304220139,-1.8702014983127881,9.681671330542152
-2.473287887981295,-1.7493987500355503,9.685829776264413
-2.4730815417498824,-1.6286146738352885,9.690027483883803
-2.4682286331429415,-1.5050174592335008,9.788750350282164
-2.469569633964535,-1.3853683312483978,9.761470330056575
-2.472446246606335,-1.2663749067983667,9.702951312181384
-2.472240844871208,-1.145672586647633,9.707129805884307
-2.472070327226247,-1.0250047698255171,9.71059865148711
-2.4718998331018605,-0.9043535974762903,9.714067018610173
-2.4717293624931815,-0.7837190661563748,9.717534907352473
-2.47156606106285,-0.6631030895534475,9.720856953283082
-2.3527166689031977,-1.9907602583027058,9.684183663243665
-2.3525222436036866,-1.8699535782490844,9.688341693741222
-2.3523216995474594,-1.7491622894070855,9.69263058157626
-2.352120250837813,-1.6283909428877168,9.696938816566828
-2.351918836622502,-1.5076402798862194,9.701246313852472
-2.347297175015258,-1.3843034621884855,9.800086382303697
-2.3515457378002034,-1.2662169357385713,9.709225503215293
-2.351383551606077,-1.14554583283373,9.712694059741402
-2.351221387782355,-1.0248913741615395,9.71616213784818
-2.351059246329223,-0.9042535562804704,9.719629737531633
-2.3509214247809127,-0.783640474926971,9.722577225345916
-2.3507882901388446,-0.6630428510648023,9.725424477752838
-2.2317654841559578,-1.9904935399228811,9.690924883316214
-2.231574353183963,-1.869697431046023,9.695233410576563
-2.231383254946519,-1.7489220106337584,9.69954119992562
-2.2311921894352165,-1.6281672733716446,9.703848251552934
-2.231014566364978,-1.5074422745709313,9.707852279954004
-2.227627897148652,-1.384741665795108,9.784195514585555
-2.226892939434442,-1.2639122088681969,9.800763134756338
-2.2305529979735987,-1.1454191070675237,9.718257082357411
-2.2304113566787707,-1.0247835963118677,9.721449999620319
-2.2302850437906963,-0.9041696123475794,9.72429737969653
-2.2301587452085405,-0.7835692888570548,9.727144437284757
-2.2300324609298734,-0.6629826235196921,9.729991172439782
-2.2299779075123793,-0.5424270585840922,9.731220930672919
-2.110658750847465,-1.869440607893469,9.702143314034451
-2.110478031899984,-1.7486817978599871,9.70644992007258
-2.1103312447708245,-1.6279698173946362,9.70994791707605
-2.110185697243868,-1.5072754980313343,9.713416373854727
-2.1100401697920748,-1.3865978258633633,9.716884352234104
-2.1059390896777592,-1.2635634538066556,9.814614759750093
-2.10819769557645,-1.1444501775986442,9.76079126234351
-2.1096569172449073,-1.0246905026618123,9.726017416347005
-2.109537453806531,-0.9040874802027989,9.728864278683353
-2.1094381894039653,-0.7835056132071873,9.731229789779007
-2.1094391284948175,-0.6629665832412283,9.73120741086197
-2.1094400675865055,-0.5424274459508157,9.731185031925001
-2.3883343076306254,2.661286799931268,3.085021832569339
-2.3901717507456928,2.7999154794449543,3.0412348156329543
-2.3920201389861493,2.938767599325841,2.997186971905883
-1.9897952183551626,-1.8692015687578798,9.708574733215912
-1.9896579803356678,-1.7484873160525565,9.712043379404982
-1.9895207612457335,-1.6277897137465092,9.715511547155586
-1.9893835610814443,-1.5071087583950336,9.718979236566682
-1.9892623411039518,-1.3864555710724513,9.722043031967672
-1.9867703239465253,-1.2643083879659707,9.785027952968669
-1.9853107734898479,-1.1430577180699124,9.821917614798174
-1.9889244151099548,-1.0245974259657342,9.730584001267445
-1.9888993992103259,-0.904045181459239,9.731216269972819
-1.9889002846393196,-0.7835061727367016,9.731193891043745
-1.9889011700691017,-0.6629670566897005,9.73117151209474
-1.9889020554997512,-0.542427833318114,9.731149133123814
-2.247334196523787,2.247334196523787,3.1993610441017495
-2.248422401441153,2.3846904257709194,3.171857019681646
-2.249676481371766,2.5223645397198586,3.1401605583939656
-2.2511226868666308,2.6604177208423816,3.1036081861224503
-2.252720482916159,2.7988345393806826,3.063224412015856
-2.2544542570388058,2.937622213717232,3.0194038364539963
-2.2561715534586253,3.0765975728981254,2.975999729457669
-2.257838266878809,3.215709046766788,2.9338740912819077
-2.259555488365255,3.355097543330227,2.890471878202149
-2.2612499267285435,3.4946589776713854,2.8476455011305717
-1.8689947717955984,-1.8689947717955984,9.714138667115712
-1.8688658797552247,-1.7482938875129523,9.71760654587436
-1.8687428840384888,-1.6276147699690062,9.720915782288323
-1.868637052086348,-1.5069653645857646,9.7237632225007
-1.8685312321475434,-1.3863296238514031,9.726610339490698
-1.868425424193115,-1.2657075454211426,9.729457134037467
-1.8648671835116002,-1.142983112474852,9.825192660000326
-1.8661689737306573,-1.0233829855942316,9.790167606197144
-1.868361375945833,-0.9040458270705644,9.731180371218244
-1.8683622077138724,-0.7835067322671079,9.731157992251262
-1.8684713767844285,-0.6630059724073779,9.728220765873388
-1.8687087812965775,-0.5425283558602967,9.721833326722745
-1.8689462461447477,-0.42202012009720113,9.71544426421346
-2.1099610421636648,2.1099610421636648,3.2308693501076533
-2.110640234872343,2.246810572606043,3.212595467867679
-2.111641080132906,2.3841108969242493,3.1856674278603734
-2.112663826393413,2.521566502469558,3.15815013492265
-2.1140087923094693,2.659559448389332,3.121963426124495
-2.1153753034637806,2.7977544336133873,3.0851970362701664
-2.1170027430564553,2.936487675852503,3.041410289019794
-2.1186401319569548,3.075445352840741,2.9973558526772948
-2.1202133099066343,3.214516953729414,2.955029031102754
-2.1217801626176813,3.3537815473634316,2.912872391958679
-2.123405118802547,3.4933439051267707,2.8691524615355135
-2.1250594226974835,3.633166109773117,2.82464292222668
-2.12682967240451,3.7734074832983246,2.777013826289405
-1.7481190141675507,-1.7481190141675507,9.722636049449783
-1.7480200168828879,-1.6274669122702747,9.725483294100044
-1.7479210308101707,-1.5068284748363538,9.728330216285379
-1.747822055947494,-1.3862036995445641,9.731176816060575
-1.7478208462047906,-1.2656633713896759,9.731211609271845
-1.7464625210517912,-1.1442340655166907,9.770278175979868
-1.7445551707839886,-1.022670272528545,9.825135163872737
-1.747836934293315,-0.9040535867034387,9.73074890239922
-1.748059000047124,-0.7836126551935383,9.724362105713922
-1.7482811222357912,-0.6631411153308173,9.71797368591492
-1.7485033008808333,-0.5426389554457758,9.711583642383395
-1.7487264560342153,-0.42210638593929334,9.705165513655828
-1.9729733051919947,1.9729733051919947,3.2556387031264507
-1.973515718411834,2.109620250716098,3.2400384455670803
-1.9741508869427913,2.246447561003866,3.2217704677337267
-1.9749262240238972,2.3835316496840138,3.1994711252431998
-1.9758825216073472,2.5209535620507535,3.1719672074558574
-1.9769833373421326,2.6587017295290747,3.140306826845759
-1.9782542386868,2.7968421995227173,3.1037546419354456
-1.9796573582711499,2.9353540139882566,3.063399749941958
-1.9811809686224706,3.074246330621075,3.019579442782458
-1.9826903528069124,3.213325744204306,2.9761682920728347
-1.9841550316955812,3.3525378121752922,2.934042903034978
-1.9856640164073796,3.492029821957805,2.8906432414924623
-1.9871530594672935,3.6316935224747082,2.8478171185256684
-1.9863347052675013,3.7671865099900885,2.871353669303936
-1.986829516923397,3.9051476711942623,2.8571224725096585
-1.6274112345977896,-1.7479602149383666,9.727203248007797
-1.6273190814562697,-1.6273190814562697,9.730049975408463
-1.6272811907174023,-1.506741843256854,9.73122046838121
-1.6272819151593811,-1.3862031129135468,9.731198089449826
-1.627282639602061,-1.2656642752460474,9.731175710496778
-1.627283364045386,-1.1451253302541606,9.731153331523807
-1.6247013332149964,-1.0229600986909237,9.810915538140023
-1.6251568076597953,-0.9028648931443307,9.796845354954428
-1.6278349723151833,-0.7837723940776808,9.714113452576989
-1.628041860029669,-0.6632763133454207,9.707722428722832
-1.6282519470662145,-0.5427506490220715,9.701232573753217
-1.6284627323379548,-0.42219404171724756,9.694721149412992
-1.836253774110394,1.836253774110394,3.27579236987048
-1.8366885801343027,1.9727395860701773,3.2623606604157303
-1.837122096430592,2.109288332938828,3.2489687922826533
-1.8377056364074371,2.246084666720201,3.230942502412624
-1.838297189919971,2.3829778387851475,3.2126686642632407
-1.8391676981196818,2.52034091964549,3.185777562085356
-1.840058473767462,2.6578622398863336,3.158260372735519
-1.841228726293479,2.7959399177049127,3.122109788213166
-1.8424179798134548,2.934221227110317,3.085372238892319
-1.8438354184705341,3.073059030784224,3.0415857613254573
-1.845261744794824,3.212122296494694,2.997524732448042
-1.8441552848115716,3.3468003316950745,3.031704684429272
-1.8446906792178297,3.484415727411456,3.015165672287928
-1.8461555685192224,3.623935004871066,2.969913384146217
-1.848220101258679,3.7648927988602723,2.9061373497966727
-1.8523938584065334,3.9106092566360147,2.777204698770632
-1.5067422484960602,-1.6272816283757452,9.731206948560008
-1.506742919276083,-1.506742919276083,9.731184569614854
-1.506743590056703,-1.3862041028521668,9.73116219064977
-1.5067958429263653,-1.265708508058147,9.729418900651744
-1.5069872890516645,-1.145310339679265,9.723031765982384
-1.5071787838105388,-1.0248815729911667,9.716643008771982
-1.5045491325500693,-0.9027294795300415,9.804374931827802
-1.506956351727569,-0.783617302898336,9.724063914609047
-1.5077585949679857,-0.6634137817859137,9.697299018708854
-1.5079537970453787,-0.5428633669363363,9.69078657582655
-1.5081490496730192,-0.42228173390844537,9.68427244645811
-1.6996130406957932,1.6996130406957932,3.2965417306483076
-1.7000270609125947,1.8360292257856021,3.282728952372352
-1.7004361399264674,1.9725059223147023,3.269081025322734
-1.7008374488390154,2.109038436560379,3.255692328818924
-1.7013044618655309,2.2457218896625006,3.2401115742435067
-1.701852019558366,2.3825928273817123,3.221843642636543
-1.70251930738968,2.5197285749367264,3.199581205957969
-1.7033436987230386,2.6572161700079397,3.1720773927667167
-1.7042915962816871,2.795038217901967,3.140453094545016
-1.7036860004080532,2.9303399207018517,3.1606573289951427
-1.7035153439465185,3.066327619103733,3.1663508670613467
-1.7048866643645524,3.2051869290053587,3.1206000942465764
-1.7070946601462726,3.3459055338866945,3.0469356814244506
-1.71047341578056,3.4893657681923425,2.934211711600881
-1.711774188126296,3.6289612788277474,2.890814603754393
-1.7130578385797888,3.768727244875535,2.847988726228607
-1.7144625376384832,3.908974585815742,2.8011243561934904
-1.3862038585546466,-1.6272827904771936,9.731171049772605
-1.3862044756731486,-1.5067439952969008,9.731148670795491
-1.3863585761029362,-1.3863585761029362,9.725560424811079
-1.38653473355294,-1.2659664958526844,9.719172310488716
-1.3867109357754743,-1.1455438165101746,9.71278257255041
-1.3868871827876104,-1.0250905264082337,9.706391210377113
-1.3854165069907691,-0.9035325045591972,9.759723301192182
-1.3846517679238222,-0.7826292601308561,9.787455540653703
-1.387426009337678,-0.6635515696832373,9.686851386193212
-1.387609685066369,-0.5429777028520574,9.680190631549593
-1.3878666025242878,-0.42239418337695717,9.670873863552771
-1.563241759215031,1.563241759215031,3.311128361907457
-1.5634518510650246,1.6994041859402442,3.3035096619550686
-1.563833660926606,1.8358047323921025,3.2896638379769456
-1.5642146520331008,1.972270648215649,3.2758477050569894
-1.5645850898407836,2.1087885993506212,3.2624142734039268
-1.564954380768477,2.2453693289286845,3.249022431819789
-1.5654509323031316,2.3822079404612873,3.231015654529074
-1.5659548470424236,2.519144753937812,3.2127418604701106
-1.5649152486482965,2.6535519433601547,3.250441505820824
-1.5647620756615843,2.789358482701085,3.255996119322525
-1.5658617580828231,2.9274806781548435,3.2161176070880586
-1.569462336664128,3.070687180429816,3.0855474404358105
-1.5706697770146214,3.2096295443342266,3.0417612310179223
-1.5718849774853603,3.348798430294898,2.997693611218125
-1.573052184681369,3.488072235597818,2.9553664033377345
-1.5742146748979322,3.627538163895235,2.9132102504082127
-1.5754201464719735,3.7673090459112406,2.8694954360352227
-1.5766464818229478,3.9073412810394794,2.8250240246960345
-1.2660636838162451,-1.3866411775130303,9.715312262639664
-1.2662245888103902,-1.2662245888103902,9.708921543523864
-1.2663874289700592,-1.145779102401482,9.702453964771934
-1.2665513651234204,-1.0253034860522927,9.695942856060732
-1.2667153437428504,-0.9047966741020359,9.68943006071003
-1.2646541546076981,-0.7828811433285751,9.77129502007476
-1.265270328352681,-0.6627606481847376,9.746822235052583
-1.2673243075366722,-0.543138988944288,9.665243635803357
-1.2675590237370695,-0.4225196745790232,9.655921331566418
-1.4272114170743297,1.5631363139385515,3.314952193831054
-1.4274032142024222,1.6992895407171693,3.3073345211828737
-1.4276735619144598,1.8355802938900196,3.2965970279160786
-1.4280213382464562,1.9720294671022491,3.282784275461026
-1.4283650079946304,2.1085388213254066,3.2691346256111657
-1.4287021068168797,2.24510331071224,3.2557459554912285
-1.4271914049837433,2.378652341639572,3.3157470209309636
-1.4271436318330277,2.5144911608486678,3.3176444436251487
-1.428051904347185,2.652096393787629,3.2815702711023604
-1.4308059327288263,2.7934782496134227,3.1721875765658396
-1.431601258179603,2.9313740048439487,3.140599361491752
-1.4325215569238543,3.0696890505511165,3.1040475390429165
-1.4335361543698015,3.2083904407324133,3.0637504225544347
-1.4346394449457662,3.347492038206788,3.0199306504488703
-1.4357283707679098,3.4867689004363522,2.976681408222298
-1.4367934191363088,3.6261929149630645,2.934380515056567
-1.4378860035072087,3.7658919139474514,2.890985964987941
-1.1458687045576232,-1.2664864629321098,9.698520598764539
-1.1460170509600265,-1.1460170509600265,9.692008470913372
-1.1461654357778337,-1.0255164425380616,9.685494656698275
-1.1463304561660135,-0.9049977285521158,9.678250572254917
-1.1465427086940874,-0.7844765901591124,9.66893308576951
-1.1445998970914433,-0.6626630983160986,9.754218858408365
-1.1469674496391171,-0.543300370881687,9.650287757720754
-1.1471883282389923,-0.42264833145647085,9.640591602919073
-1.2910365042192982,1.4269350836108032,3.325927425252999
-1.291199424993034,1.5630308828863042,3.3187755099318963
-1.2913729323184484,1.6991749109453267,3.3111588649178714
-1.291546486246851,1.8353555330876306,3.3035401741203714
-1.2918613294826418,1.9717883449998215,3.2897191486601756
-1.2906919950285318,2.1058658866254993,3.341050730300033
-1.290318479107738,2.2410794637134397,3.3574473761994383
-1.2912106324105543,2.3785459018089155,3.3182835253971064
-1.2931969298663573,2.5183308634239587,3.2310888056526963
-1.2936132062369867,2.6553113180653933,3.2128150564882816
-1.2942241032499988,2.7927993806973657,3.185997827433958
-1.2948509406116142,2.930452128752601,3.158480847078515
-1.2956728060093654,3.068698751074813,3.122402503014186
-1.2965083740002812,3.207152293579643,3.0857226409006557
-1.2975058186374377,3.3461992164860237,3.0419366986978176
-1.2985098300186186,3.4854737542605023,2.9978624887920944
-1.2994740491486494,3.624848663414653,2.955535083815761
-1.0257788147146083,-1.0257788147146083,9.672621994953218
-1.0259687673605906,-0.9052665594358151,9.663302423832931
-1.0261587903700666,-0.7847096632241686,9.653979400496546
-1.0249691158356697,-0.6632153102466096,9.712347929010399
-1.0246753453367157,-0.54247518282532,9.726761074159725
-0.9774190343773267,0.8624285597446999,12.045278663586537
-0.9765284974848109,0.9765284974848109,12.08897072095229
-0.9756492666393041,1.0904315333027514,12.132108074230374
-0.9751645534168453,1.20461503657375,12.155889366279688
-1.1552101169725797,1.5629313347276077,3.3223854907662016
-1.1553610017136429,1.69906029663771,3.314982692726552
-1.1544573978634793,1.8335499848419965,3.359315849038275
-1.1538005062007959,1.9682479223425342,3.391544663420092
-1.1543349980210829,2.104963819920798,3.365321103823888
-1.156294390176706,2.244571463284194,3.269188225798324
-1.1565672791585466,2.3811679276793605,3.2557995822179606
-1.1568840530447102,2.5179241154502514,3.240257831031059
-1.1572563904794197,2.654882307570433,3.2219899875610594
-1.1577086416937092,2.792120841731887,3.1998013661074864
-1.1582692235808565,2.9297398008221665,3.1722977599376847
-1.1589123230250524,3.0677090903604327,3.140745627685966
-1.159657323076574,3.2061114226234695,3.1041939864657806
-1.16047807511236,3.34490739297092,3.063925755770356
-1.161371209619763,3.484113628859289,3.020106252658536
-1.1622528555654297,3.62349419676281,2.9768504082818623
-0.9058990959147323,-0.6643260036708037,9.628130686720503
-0.904379474094423,-0.5426276844566539,9.712628167823446
-0.9052316210288295,-0.4224414231467872,9.665245148887664
-0.8647031980362719,0.6341156785599328,11.91879903326705
-0.8638368720370605,0.7486586224321192,11.966970468928892
-0.8630184465659824,0.8630184465659824,12.012478430088933
-0.8622037328759103,0.9771642305926985,12.05778000032906
-0.8601025943673286,1.0894632861986164,12.174612299688533
-0.8588112425451824,1.2023357395632555,12.24641699131032
-1.0192388332948157,1.5628328777187175,3.325955902512149
-1.0176722962352467,1.6961204937254113,3.413062071835938
-1.017805615738772,1.8320501083297898,3.4056489364892073
-1.0196414140893668,1.9713067339061094,3.303570686252833
-1.0198895285872844,2.107771692413721,3.2897744575997763
-1.020138000141164,2.2443036003105608,3.2759583751061214
-1.0203796519391515,2.380885854524687,3.262521500246166
-1.0206204929146347,2.517530549189433,3.2491297105898624
-1.0209436291080363,2.6544534356808946,3.2311619543818964
-1.021272267500945,2.79147753116925,3.212888252317761
-1.021753890387147,2.9290278191098222,3.1861079572590043
-1.0222487600694146,3.0667462802082435,3.158591083608627
-1.0228969516470587,3.205077115160784,3.1225488559628474
-1.0235547255892214,3.3436121035914574,3.0859738078126426
-1.0243435432932755,3.4827680471971374,3.042112165296608
-0.7848282628566702,-0.5433426435161562,9.6463701918671
-0.7842178192259209,-0.422271133429342,9.685535515105578
-0.7499800066980256,0.6345984672060215,11.88219205649309
-0.7491899062515075,0.7491899062515075,11.932883943212865
-0.748461255433815,0.863609140885171,11.979633296249581
-0.7462796241715149,0.9759041239165964,12.119604112998537
-0.745463475120472,1.0895235405606898,12.17196724660294
-0.7462926455504527,1.2055496581968852,12.118768677113188
-0.7457113409432262,1.3193354493610925,12.156064475931018
-0.8825953328444668,1.6972987170085898,3.3737535156116607
-0.8835108788862878,1.8349841330715206,3.3150131915892445
-0.8836296101571822,1.9711737457352527,3.307395537200101
-0.8837961955225575,2.107514004707637,3.2967076221280536
-0.8840114848726639,2.2440291539075314,3.282894918445038
-0.8842242864712376,2.380603848191793,3.269241825884187
-0.8844329658672269,2.517232287468261,3.2558532088433267
-0.8846749007765395,2.654024702329618,3.2403309583870907
-0.8849596287044508,2.7910265212986523,3.222063159740422
-0.8853048926446936,2.928316183363217,3.1999114439372676
-0.8857335712729818,3.0660008236372445,3.172407942882259
-0.8862247909099621,3.204043474828324,3.140891886535151
-0.8867944939042928,3.3425330924084875,3.104340433134766
-0.6639350109501526,-0.42250409787736987,9.657777327252795
-0.6641845047660001,-0.30190204762090916,9.638859702747808
-0.6357689972408074,0.5201746341061151,11.793437761743675
-0.6350819915616371,0.6350819915616371,11.845529295264
-0.6337619385655757,0.748991381941135,11.945621022272718
-0.6323794056466956,0.8623355531545849,12.050450228304591
-0.6319584307860728,0.9766630293966582,12.082370235268478
-0.6325469088798347,1.0925810244288054,12.037749459521478
-0.6319658085764909,1.2064801800096645,12.081810821527775
-0.7473476526061449,1.5626360009037576,3.333095376893496
-0.7474414355088473,1.6987305352473803,3.325984380044595
-0.7475357048501863,1.8348603664504572,3.318836499461966
-0.7476361562265901,1.971040775506465,3.311219872118471
-0.7477366345920995,2.1072577883959167,3.303601198352453
-0.7479182582060254,2.2437547746180764,3.289829765510248
-0.7481004703234138,2.380319678301771,3.276013709968744
-0.748277704338462,2.5169340964111906,3.2625751141670634
-0.7484543207199901,2.653610773461783,3.2491833498228146
-0.7486910299646276,2.790575657140885,3.2312351029225894
-0.7489320308315841,2.927643393250738,3.2129614479585484
-0.7492847338497632,3.0652557293853953,3.1862180866570924
-0.5434302146884556,-0.30190567482691977,9.638254638183895
-0.5444890916874927,-0.18149636389583093,9.540124478406966
-0.5205840519566732,0.5205840519566732,11.75549545198784
-0.519160559022031,0.6345295721380377,11.887415957622402
-0.5183158748314247,0.7486784858676134,11.965696054990289
-0.5181732638930624,0.8636221064884372,11.978912353181826
-0.5183836328362416,0.9791690842462342,11.959416662912744
-0.5178924232369214,1.0933284490557231,12.00493892518596
-0.517402143716799,1.207271668672531,12.05037499348164
-0.611430091128076,1.5625435662161942,3.3364473972110815
-0.6115044709257906,1.6986235303494184,3.3295543383944803
-0.611581211979748,1.834743635939244,3.3224424529789545
-0.6116610485843115,1.970907823216115,3.315043691112379
-0.6117432470651833,2.107115628780076,3.3074260451830497
-0.6118583079320675,2.243480462417581,3.296762916923882
-0.6120073541188988,2.380028599351273,3.282950239775168
-0.612154696863189,2.5166359759931107,3.269295427127126
-0.6122991669414625,2.6532963900796704,3.255906835367327
-0.4231146769528558,-0.30222476925203984,9.585025588436864
-0.42293654544276293,-0.18125851947546984,9.606250320199663
-0.4056649890548236,0.4056649890548236,11.664191395694075
-0.404431444235986,0.5199832854462677,11.811170769997709
-0.4038841423872411,0.6346750808942359,11.876382898535972
-0.4043353106458585,0.7509084340565944,11.822625282805618
-0.40390601497857614,0.865512889239806,11.873776734787612
-0.40348042752447016,0.9798810382737133,11.924486345626825
-0.40308096205090044,1.0940768969953012,11.972083469350721
-0.30224088070344013,-0.18134452842206408,9.582337991347828
-0.30257258156957356,-0.06051451631391472,9.527006025275696
-0.2893436340856641,0.4050810877199298,11.733764427453572
-0.28906093949976674,0.5203096910995801,11.780921516363179
-0.2893533867078159,0.636577450757195,11.732137564779656
-0.28903811509997807,0.751499099259943,11.78472891948951
-0.2887241571257244,0.8661724713771732,11.83710114324031
-0.28841970282958984,0.9806269896206055,11.887888031380236
-0.18156601356681185,-0.18156601356681185,9.52076037847472
-0.18147836535525846,-0.06049278845175282,9.545128458086566
-0.17426319925977574,0.17426319925977574,11.551099130064529
-0.1739435397797852,0.28990589963297525,11.639971310329685
-0.17382185137123918,0.40558431986622473,11.67380329360389
-0.05776009424833497,-0.05776009424833497,11.824370968237112
-0.057760248728411276,0.057760248728411276,11.824242121929885
-0.0580985301537506,0.17429559046125181,11.542093682465506
-0.05814947079966765,0.29074735399833823,11.499605911413965
0.058162565755824853,-0.29081282877912423,11.488683876776975
0.05814457218601538,-0.17443371655804615,11.503691669880133
0.05776010340108992,-0.05776010340108992,11.824363334251522
0.05776025788121518,0.05776025788121518,11.824234487903468
0.20253147139092728,-3.037972070863909,3.691914172689245
0.2025202045620354,-2.9027895987225074,3.6950465923763645
0.2025158221614985,-2.767716236207146,3.696264993565407
0.20252060775418146,-2.6327679008043585,3.694934496326262
0.2025332861287362,-2.49791052892108,3.6914096367196194
0.2025466300967959,-2.3630440177959517,3.687699727866331
0.20256039698572348,-2.2281643668429583,3.683872237955825
0.20258603464861205,-2.0933890247023244,3.676744418696785
0.2026170630496892,-1.958631609480329,3.668117858790133
0.20336641595920837,-0.6100992478776252,3.4597817041452714
0.17395051914909063,-0.40588454468121143,11.638030896214424
0.17407491391871352,-0.2901248565311892,11.603446486609876
0.17438078047208877,-0.17438078047208877,11.518409035289963
0.18120424993663123,0.06040141664554374,9.621338414063523
0.18118444158806174,0.18118444158806174,9.626845559119495
0.33770014804293547,-3.444541510037942,3.6672766282515283
0.3376432772873916,-3.308904117416437,3.676763400936011
0.3375890736881272,-3.173337292668396,3.6858052576861695
0.3375605086352281,-3.038044577717053,3.6905702755056424
0.3375357345264299,-2.9028073169272974,3.6947029151440915
0.33752843043637065,-2.767733129578239,3.695921331206904
0.3375283865359727,-2.632721414980587,3.695928654357296
0.33754951641402237,-2.497866421463766,3.692403919227779
0.337571245474349,-2.362998718320443,3.6887792327963354
0.3375941894095041,-2.228121650102727,3.68495188963513
0.3376288072560795,-2.093298604987693,3.6791771880658217
0.33768051679026523,-1.9585469973835385,3.6705513734138364
0.33776527422927455,-1.8239324808380826,3.656412743646925
0.33788536059959146,-1.6894268029979573,3.6363807942415676
0.3380075474937243,-1.554834718471132,3.615998450476752
0.28848612502007853,-1.0962472750762984,11.876807956632767
0.28876113439386875,-0.9817878569391538,11.830932859840118
0.289036668561888,-0.8671100056856639,11.784970220627656
0.28933007289879903,-0.7522581895368775,11.736026607653045
0.28929204688919263,-0.6364425031562237,11.74236983460306
0.28929288276807574,-0.5207271889825363,11.742230399266212
0.2896856113230494,-0.40555985585226917,11.676718230628659
0.3020273846962387,0.06040547693924774,9.617951868286731
0.30138782967497296,0.18083269780498382,9.724637862660039
0.47297846148156103,-3.7162593402122654,3.643654234499003
0.47288659377035486,-3.580427067118401,3.6546004591562635
0.47280427867182634,-3.4447168874661633,3.664408470582117
0.47272304319857883,-3.309061302390052,3.6740878424596843
0.47264344338952397,-3.1734631199010894,3.683572321621618
0.47259599147153575,-3.038117088031301,3.6892263141713
0.4725560052465395,-2.9028440322287428,3.693990754215122
0.47254268688021733,-2.7677500231555587,3.695577664653136
0.47253246147288036,-2.632680856777476,3.6967960427367217
0.4725609786202352,-2.4978223155641004,3.693398166622991
0.4725906841163359,-2.3629534205816793,3.6898586963389945
0.47262280439401005,-2.228078935000333,3.6860314999186343
0.47265991456729123,-2.093208193083718,3.6816097472868137
0.4727323016613085,-1.9584623925968494,3.6729846777929183
0.4728239845846243,-1.823749654826408,3.6620604709886635
0.4729920717948033,-1.6892573992671547,3.6420325379916036
0.4731617148716639,-1.5546742060068957,3.621819220314663
0.4032992938988107,-1.209897881696432,11.946068785565942
0.40363352957316245,-1.0955767231271551,11.906243925102046
0.4040015315944399,-0.9811465767293541,11.862395735718216
0.40438677547432256,-0.8665430903021197,11.816493143810114
0.40401545438800335,-0.7503144152920063,11.860736806544935
0.40430835605065496,-0.6353417023653148,11.825836977652145
0.40515537595334294,-0.5209140547971551,11.724912833333562
0.421516955585341,0.180650123822289,9.775397339282662
0.42132169042808576,0.3009440645914898,9.798663579956205
0.6084071626385653,-3.85324536337758,3.616593680433475
0.6081587236988952,-3.716525533715471,3.639617462106706
0.608026907741804,-3.580602901146179,3.6518333483166003
0.6079210636494037,-3.444886027346621,3.6616423230210557
0.6078156432792412,-3.3092185022980907,3.6714120297737765
0.6077132909470802,-3.173613852723641,3.6808974097731877
0.6076379203613803,-3.0381896018069017,3.687882288681621
0.6075865070533039,-2.902913311476896,3.692646955532254
0.6075585915232188,-2.7677669169391077,3.695233993904033
0.6075454444099667,-2.6326969257765223,3.6964523869045394
0.6075676729999463,-2.4977782112220015,3.694392378907118
0.6076057088582357,-2.36291109000425,3.690867451219958
0.6076462422370041,-2.228036221535682,3.6871110688087256
0.6076875437569698,-2.0931459840517848,3.683283499830516
0.6077724191749595,-1.9583777951193142,3.6754177719546277
0.6078655087851652,-1.8235965263554956,3.6667908036369
0.6075701366426612,-1.6876948240073923,3.6941640637643047
0.6073642670349326,-1.55215312686705,3.713242783500398
0.5182334367188327,-1.209211352343943,11.973335908502754
0.5186626805561406,-1.0949545478407414,11.933556249130987
0.5187915188081026,-0.9799395355264161,11.921616318183482
0.5185067210715167,-0.8641778684525279,11.948009607886334
0.5190772616795798,-0.7497782668705041,11.895135439234679
0.5205974089084414,-0.6362857219992061,11.754257612453756
0.5211276186181912,-0.5211276186181912,11.705121061579241
0.5421479029833893,0.1807159676611298,9.75709134217918
0.5408050909200427,0.30044727273335703,9.881534844537263
0.7440198126215172,-3.990651722242683,3.5854255880773422
0.7436944474274773,-3.853689409396927,3.610096085608241
0.7433907298721194,-3.716953649360597,3.633125172114106
0.7431804957905028,-3.58077875244515,3.649065965679114
0.7430511180826738,-3.445055183837851,3.6588759038040877
0.7429210793585616,-3.309375717142683,3.6687359628420495
0.7427959701781348,-3.173764599852031,3.6782222440526624
0.742686295766336,-3.038262119044102,3.6865381990320145
0.7426234542857115,-2.9029825940259633,3.691303092822089
0.7425761443955561,-2.767783810928891,3.6948903189595015
0.7425600755048468,-2.6327129949717296,3.6961087268772133
0.7425695998057092,-2.497734108437386,3.6953865560820134
0.7426160864343118,-2.3628693659273554,3.6918617529464512
0.7426645032362265,-2.2279935097086794,3.688190596307784
0.7418908172876689,-2.0907832123561576,3.746854576454453
0.7416451952208932,-1.9552464237641733,3.765478629373824
0.7416255094194384,-1.82035352312044,3.7669712860103743
0.7420195866793208,-1.6864081515439109,3.737090763308501
0.6325179874959331,-1.3225376102187694,12.039942395161802
0.6330379066617224,-1.2085269127178337,12.00052003305661
0.6325198235562308,-1.0925342406880352,12.039803177685961
0.6326639376954256,-0.9777533582565671,12.028875864069448
0.6336004601219355,-0.8640006274390029,11.957864967286177
0.6352400405036038,-0.7507382296860773,11.833545388859832
0.6358461497072558,-0.6358461497072558,11.787587751454048
0.6605716203508799,0.30025982743221813,9.912803129012666
0.6600237921641019,0.42001514046806493,9.954341665330723
0.8797971883350042,-4.12827911449502,3.553279074829291
0.8794042147674191,-3.9911422054829018,3.578491782478899
0.879012916684692,-3.8541335577713416,3.6035969930514113
0.8786538950383749,-3.717381863623894,3.6266313865962516
0.8783587639463653,-3.5810011145505656,3.645566639638538
0.8781944439264688,-3.4452243569423007,3.6561092128912023
0.8780415811526494,-3.3095413443446016,3.6659167031264914
0.8778914829133531,-3.173915361302123,3.6755468241785394
0.8777436623309413,-3.038343446530181,3.685030813526346
0.8776668473983662,-2.903051879856134,3.689959166468867
0.877595345527411,-2.7678007051249116,3.6945466398194853
0.8770066455027508,-2.631019936508252,3.732316919653549
0.87630546861966,-2.4941001799174938,3.7773035783560047
0.8761549170413832,-2.3588786228037235,3.786962785087404
0.8762360441196023,-2.224291496611298,3.78175777010847
0.8765044919152056,-2.09012609610549,3.764534485012419
0.8774581868147148,-1.9574067244328253,3.7033465765329296
0.8779520977073996,-1.823438972161522,3.6716578524827455
0.8781496837634007,-1.6887493918526937,3.6589809706857963
0.7471005540211825,-1.3217932878836305,12.066934249150684
0.7463693371165447,-1.20567354457288,12.113848239214654
0.7468075896039503,-1.0914880155750044,12.085730490966142
0.7485360002077075,-0.9788547695023868,11.974837762178247
0.7495697810780462,-0.864888208936207,11.908511634907697
0.7502478921955146,-0.7502478921955146,11.865004847762307
0.7509632672291278,-0.6354304568861849,11.819107252936377
0.7791330087882993,0.419533158578315,10.011770787888167
0.7791448855734503,0.5394079977046963,10.01100878775246
1.0152714600951451,-4.128770604386924,3.5465588429853554
1.0148219006711754,-3.9916328093066236,3.57155627222982
1.0143798357942702,-3.8546433760182266,3.5961369725615526
1.013948229962744,-3.7178101765300617,3.6201361051785526
1.0135539565375964,-3.5812239797661736,3.6420593961221073
1.013351043136005,-3.4453935466624177,3.6533422502423534
1.0128084600644867,-3.3085076362106562,3.6835121926712375
1.0119351644318861,-3.1707301818865767,3.7320711697974858
1.011366618016167,-3.034099854048501,3.763684785353881
1.011065646519833,-2.8983881866901884,3.7804200894829165
1.010881223882329,-2.7630753452783665,3.7906747779318337
1.0110738846441576,-2.6287921000748096,3.7799620144900956
1.0116189837939382,-2.4953268266917146,3.7496521673345384
1.0126225380833238,-2.3627859221944223,3.69385025104863
1.0126859324078363,-2.22790905129724,3.6903252551148142
1.0127543238555734,-2.093025602634852,3.6865223977291564
1.0128231611407432,-1.9581247782054372,3.6826947498729155
1.0129778918185062,-1.8233602052733113,3.6740910615436277
1.013148074363888,-1.6885801239398137,3.6646281832009535
0.8610124336180592,-1.3202190648810244,12.124021340893478
0.8605579488846636,-1.2047811284385292,12.149292638435028
0.8629701534518338,-1.0930955277056564,12.015163734054454
0.8636817255359591,-0.9788392889407539,11.975597278816586
0.8643970642940982,-0.8643970642940982,11.935821380372488
0.8651135889643405,-0.7497651104357619,11.895979540136693
0.8993376574890909,0.41969090682824245,9.992974763035434
0.8973498133270393,0.5384098879962237,10.103507411536334
0.898705663090691,0.6590508195998401,10.028116358149596
0.8981311867465324,0.7783803618469948,10.060059703122597
0.8975574443740373,0.8975574443740373,10.091962236127813
0.8969844345765235,1.016582359186727,10.123824034826754
1.1489950416133106,-4.122864561083055,3.6273132612064742
1.1484509486948613,-3.9858003513527533,3.654007875663183
1.1478756115120115,-3.848759403304979,3.6822354150374466
1.1473138417338546,-3.7118977232565884,3.7097973022313937
1.146755091857157,-3.5751776393193717,3.7372110252011552
1.146570437399263,-3.439711312197788,3.7462706534265138
1.1465323242426422,-3.304710816934674,3.748140584071102
1.1464987842541101,-3.1697319329378337,3.7497861431886506
1.1469602850525988,-3.0360713427862906,3.7271437130643434
1.1477729731269946,-2.903190461438869,3.6872711212993323
1.1476758569487828,-2.767924125582358,3.692035893725084
1.147613858040011,-2.6327612037388484,3.695077721527433
1.1475890244692464,-2.497693759138948,3.696296121132839
1.14761861266265,-2.3627442025407497,3.6948444473679416
1.1476904570250648,-2.227869710695714,3.6913195759893256
1.147766230185129,-2.092985478572882,3.6876019475742225
1.1478442427837405,-1.9580872376899103,3.68377444647637
1.1479920210454144,-1.8232814451897756,3.6765240603994656
1.1481678500995878,-1.6884821324993935,3.667897429446761
1.1485274979678917,-1.5538901443095003,3.650252169126304
0.9766800027946249,-1.206487062275713,12.081537476194839
0.977482120743915,-1.0924800173020226,12.042183482273849
0.9782855573167007,-0.9782855573167007,12.002764793252751
1.0188346038137706,0.41952013098214075,10.013323052471613
1.0164264856195224,0.5381081394456295,10.131471597659164
1.0156044624074045,0.6571558286165557,10.171802195573392
1.0168812529161249,0.7776150757593895,10.10915953065981
1.016236091082216,0.8966789038960727,10.140812849117737
1.015596691286606,1.015596691286606,10.17218346698234
1.0149580955857005,1.1343649303604886,10.20351463386826
1.014320302464825,1.2529839030447838,10.234806424089378
1.2863167995317029,-4.129753935338625,3.5331135777141967
1.2857739674045443,-3.99266653036148,3.556942886389777
1.2851969487429236,-3.85559084622877,3.5822729195831187
1.2846304522122947,-3.718667098509274,3.6071410510304247
1.284105794025623,-3.581979320176738,3.6301725579252206
1.2837115548380675,-3.4457520682495493,3.6474789162305967
1.283480588877523,-3.3100288871051906,3.6576178871794554
1.2832550404352652,-3.174367731603024,3.667519039272264
1.2830389334067274,-3.0387764212264594,3.67700573107318
1.2828357066661908,-2.903259757191906,3.6859270024738393
1.2827271598880443,-2.767990187126832,3.6906920017301204
1.2826350820690944,-2.632777273720772,3.6947340446751795
1.2826073265619522,-2.497709004357486,3.695952459197912
1.2826099200813257,-2.362702484360337,3.6958386085788817
1.2826902138844523,-2.227830371483522,3.6923138617488576
1.282772960155533,-2.092945356043238,3.688681456191617
1.282860147367652,-1.9580496986137845,3.684854101681445
1.282994486899653,-1.823202691910033,3.6789568490775153
1.2831909847477811,-1.6884091904576068,3.6703309633886008
1.137575262402064,0.4191066756218131,10.062587099659382
1.136848595687923,0.5385072295363845,10.09448640069408
1.1338432300225147,0.6564355542235611,10.226416296772427
1.1341233632126755,0.775979143250778,10.214118976984892
1.1346934262571313,0.8958105996766824,10.189094282293397
1.1339801858777812,1.0146138505222253,10.220404192501526
1.1332771704027669,1.1332771704027669,10.251265248654413
1.1325944778950277,1.251814949252399,10.281234164795357
1.131912607407671,1.370209998440865,10.311166995788689
1.421287775021782,-3.9931418441088162,3.5502235270884768
1.42065543642895,-3.8560647560214356,3.5753383369446397
1.4200183611029529,-3.719095707650591,3.600641277264657
1.419438342106884,-3.5823920062697545,3.623678091661823
1.4189273860408633,-3.4459665089563822,3.6439719098605323
1.4186534714062222,-3.3101914332811853,3.6548510718218807
1.41840652812659,-3.1745288962833205,3.6646590031794233
1.418163027656169,-3.0389207735489334,3.674330195296797
1.417924230228219,-2.9033686618958767,3.683814595055246
1.417784909471208,-2.76805625182474,3.689348045584758
1.4176649512263595,-2.6328063379918105,3.694112468544553
1.41762727689202,-2.4977242497621304,3.695608793067713
1.4175964605918634,-2.362660767653105,3.696832734683298
1.4176852032385583,-2.2277910336605915,3.6933081123952647
1.4177745140658427,-2.092905235049577,3.6897609234829147
1.4178708751902243,-1.9580121609769765,3.685933715490549
1.4179852908924904,-1.8231239454332018,3.681389427604998
1.2560839207448111,0.41869464024827036,10.111681952533345
1.2552878923957842,0.537980525312479,10.143298084859516
1.253291294446397,0.6564859161385888,10.222597653834889
1.2511532266030467,0.7745234259923622,10.307516031352904
1.2529172161770368,0.8949408686978833,10.237455049402392
1.2521622424408017,1.0136551486425538,10.267440601520953
1.251408178009801,1.1322264467707723,10.297390038450082
1.2506550211543304,1.2506550211543304,10.327303428889053
1.249898077471083,1.3689359896111861,10.357367222072128
1.249144611965653,1.4870769190067297,10.387292871267924
1.5561472279575694,-3.856538782329628,3.5684020493687143
1.555469319044673,-3.719600545541609,3.5929855094247003
1.5548020775797151,-3.5828047874662996,3.617182128748375
1.5541671910590125,-3.446196814956941,3.6402054392918046
1.553839630492643,-3.31035399539737,3.6520839851348654
1.5535691422542788,-3.1746847689543958,3.6618928793342818
1.5532999602331112,-3.039065139586522,3.671654405314051
1.5530383953451956,-2.9035065652105834,3.6811397061439948
1.5528491061598788,-2.768122319676306,3.688004025284428
1.552717717048793,-2.6328691723870836,3.6927686756714095
1.5526488754896306,-2.497739495352884,3.6952651227421924
1.552615277355486,-2.3626754220626958,3.696483514141079
1.5526754253399244,-2.2277516972268483,3.694302327930423
1.5527726284102035,-2.092867455683318,3.6907773885911297
1.3743722500332651,0.4182872065318633,10.160228508599417
1.3735078531222922,0.5374595947000274,10.19157470648701
1.3726445428345144,0.6564821726599852,10.22288149943774
1.3691976026937946,0.7738942971747536,10.347880173526107
1.3686901166387992,0.8926239891122603,10.366283476572598
1.3701446871090137,1.0127156382979667,10.313535423887544
1.3693162674570702,1.1311743078993188,10.343576954594276
1.3684905849272955,1.24949140362927,10.373519227226318
1.3676658975522782,1.3676658975522782,10.403425411902056
1.3668422035339851,1.485698047319549,10.433295573824758
1.366024188317639,1.6035936123728805,10.462959801589982
1.6901970112260618,-3.5832176637992506,3.6106846686675027
1.6895067581546075,-3.4465937866353995,3.633713284767367
1.6890390680887,-3.3105165734538518,3.6493166271165833
1.6887450302836402,-3.174840656933244,3.6591264838366655
1.688449732960888,-3.0392095193295985,3.6689783613033597
1.6881653962942387,-2.903644481626091,3.678464563118567
1.6879197504157053,-2.7681883906817566,3.6866599408245193
1.6877769293472002,-2.632932009781632,3.6914248186549727
1.6876721223849669,-2.497754741129751,3.6949214482212582
1.6876356022281234,-2.3626898431193726,3.6961398544937296
1.6876608804410749,-2.227712362182219,3.695296508356172
1.492436833123636,0.41788231327461806,10.208472363788836
1.4914969133803033,0.5369388888169092,10.239830501592245
1.4905982208613064,0.6558632171789748,10.26981319325661
1.4890805250023391,0.7743218730012164,10.320447426899158
1.4855979912450068,0.891358794747004,10.436633701570045
1.4879028427395944,1.0117739330629243,10.359737933291584
1.4870059456389773,1.1301245186856228,10.389660725185394
1.4861101291678391,1.2483325085009849,10.419547464503054
1.4852126198023858,1.366395610218195,10.449490683125049
1.4843360331531197,1.4843360331531197,10.478735866173174
1.4834604806330969,1.6021373190837447,10.507946548012498
1.4825859604134184,1.7197997140795656,10.537122789659797
1.8242733036510306,-3.3107182177370555,3.645884294758581
1.8239341941701535,-3.174996560222119,3.656359816646585
1.8236167126692724,-3.039361187782121,3.6661672228061306
1.823305234904539,-2.9037824111442663,3.675789165942753
1.8229968426858822,-2.768254464819303,3.6853157926483036
1.8228425885831565,-2.6329948501756704,3.6900808974906667
1.8226970176082116,-2.497769987092734,3.694577769504832
1.6102928033937816,0.41748331939838784,10.256013295730462
1.6093228461709044,0.5364409487236348,10.285976504344958
1.6083540567488812,0.655255356453248,10.315903638110186
1.6073814406398792,0.7739243973451271,10.34594898308881
1.6035649243227004,0.8908694024015001,10.463846011839273
1.602565577187289,1.0090227708216266,10.4947171121212
1.6044773818911482,1.129076676145623,10.435659040465232
1.6035186551088194,1.2471811761957485,10.465275326529898
1.6025725444174392,1.3651543896889298,10.494501885546747
1.6016275495192622,1.4829884717770947,10.523693976296599
1.6006815476219844,1.6006815476219844,10.55291717452566
1.5997877885376013,1.7182905876885348,10.580526526015447
1.7279703207730364,0.417096284324526,10.302129312044627
1.7269304450389926,0.5359439312189976,10.332037007298865
1.7258848769968196,0.6546459878263798,10.362108418092618
1.724844575663067,0.7732061890903404,10.392028353950202
1.7238055276747684,0.8916235487972938,10.421912242544977
1.7191728575839131,1.007790985480225,10.555151706410463
1.7205642770502843,1.1272662504812205,10.515133319589168
1.7207337940392466,1.2460486094766958,10.510257869301867
1.7197194451247375,1.3639154219954814,10.539431391890602
1.718732433128243,1.4816658906277955,10.567818681868651
1.7177730480130184,1.5993059412534998,10.59541139965043
1.7168147333451722,1.7168147333451722,10.622973330470913
1.8454238707265855,0.41670861597051934,10.348320784976202
1.8443112067876875,0.5354451890673931,10.378257339848304
1.8431998837605665,0.6540386684311688,10.408157817089425
1.842089899222437,0.7724893125771511,10.438022281885324
1.8409909203855503,0.8908020582510727,10.46759063500938
1.8373903499025481,1.007601159623978,10.564465056896381
1.8352474510265682,1.1248290828872516,10.62212038978123
1.8377382648857141,1.2449194697612902,10.555104300588695
1.8367121877989332,1.3627219457863053,10.582711210399971
1.8356872558661717,1.4803929482791707,10.61028730950109
1.8346634671927544,1.597932697232399,10.637832648868823
1.8336981007595763,1.715394997484765,10.663806120451937
1.83280206133742,1.83280206133742,10.687914328142668
1.9626605052699144,0.41632192536028484,10.394395757748498
1.9614782531312531,0.5349486144903417,10.424276795017818
1.9602973381917002,0.6534324460639,10.454124035015731
1.9591404600478164,0.7717826054733822,10.48336375284157
1.9579849464153438,0.8899931574615199,10.51256898308646
1.956830795038136,1.0080643489590397,10.541739782773774
1.9520233407764291,1.123892226507641,10.66324662151569
1.9513273617517184,1.2417537756601844,10.680837264404772
1.9535304763299857,1.3615515441087778,10.625154261880176
1.9524406808840669,1.4791217279424747,10.652698486390783
1.9514864030214802,1.5966706933812111,10.676817548175286
1.950533057531771,1.7141048081339807,10.70091304453937
1.9495806430491502,1.8314242404401107,10.72498501000289
2.0796797587735907,0.4159359517547182,10.440385297956176
2.0784409871015317,0.5344562538261082,10.469905730855551
2.077214776269409,0.6528389296846714,10.499126833829266
2.075990011431151,0.7710820042458563,10.52831347818092
2.074774012257461,0.8891888623960547,10.55729123317991
2.0736156405742645,1.0071847397075,10.584895701636547
2.0724585617609597,1.1250489335273781,10.61246936047771
2.06687417758632,1.2401245065517923,10.745547507185506
2.0687541054426233,1.359466983576581,10.700748061581947
2.0692125930782534,1.4780089950558954,10.689822114704
2.068202002060134,1.5954701158749605,10.71390490979207
2.06719239755088,1.7128165579707295,10.737964195972538
2.0662137697245546,1.8300750531846053,10.761285295196977
2.1952139410735696,0.5339709586395169,10.514879882001033
2.1939200133768404,0.652246490463385,10.54404795819562
2.1926715970501607,0.7703981286932998,10.57219010449267
2.1914477705711417,0.8884247718531654,10.599777939639274
2.1902253094728366,1.006319736784817,10.62733499599598
2.1890154049420025,1.1240889917269743,10.654608998734119
2.1853195916655843,1.2403165249993857,10.737921044314426
2.182513041330977,1.3566972959624992,10.801187078584114
2.185808943698156,1.4768979349311864,10.726889935382992
2.1847502530278984,1.594277211669007,10.750755233432194
2.1837359263436,1.711576807134173,10.773620466233538
2.182722541076902,1.8287675344157825,10.79646447733883
2.3104981498944084,0.6516789653548332,10.587079994337543
2.309208947498999,0.7697363158329998,10.614651215218352
2.3079211829891424,0.8876619934573625,10.642191685101267
2.3067319339445436,1.0054985353091603,10.667625277381028
2.3056048328899164,1.1232433801258568,10.691729756431641
2.3044788325823484,1.2408732175443415,10.715810694616657
2.299465680498529,1.3560951449093892,10.823023281177392
2.2980630031334144,1.4731173097009067,10.853021307550776
2.3011992149423235,1.5931379180369931,10.78594945845991
2.3001315869559757,1.7103542569672643,10.808782030858907
2.2990777717314237,1.8274720749660036,10.831319199907888
2.4255718114255784,0.7690837450861591,10.65651936314977
2.424386376755694,0.886970625642327,10.680634696451449
2.4232021001944855,1.004742334226982,10.704726470313354
2.4220189800712237,1.1223990395452013,10.728794718723165
2.4208504386115948,1.2399477856303291,10.75256639293827
2.4197265376375854,1.3574075698942554,10.775429944405822
2.414083663716093,1.4720022339732273,10.890223099063121
2.4134338626465457,1.5893344949135788,10.903442021851546
2.4164375795168374,1.709187556243617,10.842337318816298
2.4154344629494537,1.8263041061325138,10.862743749450942
2.540737391068572,0.8863037410704321,10.71771633463171
2.5394837712443326,1.003981956073341,10.742032601241512
2.538304541803246,1.121576425447946,10.764905929286542
2.5371264072017783,1.2390617337497056,10.78775802089963
2.535949365737234,1.356438032836195,10.810588909107715
2.534797252632428,1.47371933292583,10.832936265841724
2.528651242998887,1.5877577572318593,10.952149448296154
2.5299061787272223,1.7062157949555687,10.927807657301521
2.531642518038277,1.825137629283409,10.894128156709478
2.654467487048018,1.120775161198052,10.800079921734955
2.65323631608555,1.23817694750659,10.822899381099845
2.652100381331718,1.355517972680656,10.84395366011261
2.650999472233457,1.4727774845741428,10.864358746975483
2.647848293761487,1.588708976256892,10.922765086374916
2.643317960545534,1.7034715745737887,11.0067337291405
2.646269206420261,1.8229854533117353,10.952033092618727
2.7670532584609444,1.4718368396068853,10.895741080112515
2.765867233902767,1.588902453518611,10.916788328412494
2.76085072061879,1.7035036361264875,11.00581161208737
2.7684541407341174,1.8260016672927157,10.870880956568513
0.0,0.0,60.0
