-3.6840885156216387,-2.2731609990005857,9.621989727986175
-3.6884893735658895,-2.118919427367639,9.54389189329386
-3.5268285850881944,-2.272845088167948,9.63107558757568
-3.526775236658121,-2.1160651419948726,9.632064387969251
-3.529148887448023,-1.9606382708044572,9.58806933821758
-3.5284604003016926,-1.803435315709754,9.600830282828753
-3.5277721817312195,-1.6462936848079024,9.613586249450634
-3.373498617318418,-2.4320571427179294,9.564777773632187
-3.3726281868789734,-2.2745631958020986,9.581661375998365
-3.3669565656962845,-2.1141355179953414,9.691672920265134
-3.37124515351189,-1.9600262520417964,9.608487856749534
-3.370587676669345,-1.8028724782184868,9.621240831681774
-3.3700527230784805,-1.6458397019685602,9.6316172423669
-3.3696253214084253,-1.4889042117851181,9.639907485355721
-3.369221241944943,-1.3320177003038147,9.64774535117084
-3.2153209527594573,-2.4310963301351998,9.590628722511852
-3.2146937137972813,-2.273807748783443,9.603388663668412
-3.211870856943359,-2.1151344667675778,9.660814125926834
-3.2092137443844457,-1.956837649014906,9.714867846984717
-3.213052599503187,-1.8024441411847145,9.636773901331566
-3.2126672774909446,-1.6455125079831667,9.644612518667273
-3.212282047925348,-1.4886185100141858,9.652449255358064
-3.2119378502200866,-1.3317791086278408,9.659451279674485
-3.2116717995947455,-1.1750018779005165,9.664863555583239
-3.211405793040663,-1.018250617305576,9.670274934949049
-3.0575213543749076,-2.4303374868108243,9.611045628304609
-3.0569250848129164,-2.273098139989092,9.623797605695216
-3.0564702630970912,-2.1160178744518325,9.633524542313594
-3.052094278061621,-1.9564706910651417,9.727110507103717
-3.05324687018707,-1.8006327695975028,9.70246086932039
-3.0553654450101213,-1.6451967780823729,9.657152471967962
-3.0551060392771454,-1.4883849934939941,9.662700191074833
-3.054852991896345,-1.3316025862112273,9.668111928792825
-3.0545972393530123,-1.174845092058851,9.67358151982691
-3.0543445609751267,-1.0181148536583755,9.67898536595169
-3.05409192439724,-0.8614105427787088,9.684388318130715
-2.899896862426497,-2.4296433171681464,9.62972246941726
-2.899514315304913,-2.272592301184932,9.638345952490226
-2.899166602748002,-2.115608061464758,9.64618418516693
-2.898818973586873,-1.958661468639779,9.654020537912842
-2.8943421889041514,-1.7991856849944725,9.75493745704398
-2.898289823774843,-1.6449753053857217,9.665948779401631
-2.89804977703308,-1.4881877233413114,9.671359979480059
-2.897807326259465,-1.3314249877408353,9.676825371909729
-2.8975676295526855,-1.174689579548386,9.682228681402677
-2.897327972500483,-1.0179800984461156,9.687631096991183
-2.8970817126432142,-0.8612945632182529,9.693182354838626
-2.742586364576181,-2.4291479229103317,9.643051199561128
-2.742257494653395,-2.2721562098556705,9.650888303611211
-2.741943411529338,-2.115213488894061,9.65837303223205
-2.7417162876409935,-1.9583687768864242,9.66378548688931
-2.741489201360125,-1.8015500466080823,9.669197045345115
-2.7372923119358914,-1.6423753871615347,9.769210627693383
-2.74103298352915,-1.4879893339158243,9.680068901854739
-2.7408062659453165,-1.3312487577448682,9.685471674110204
-2.740576603747649,-1.174532830177564,9.690944617711253
-2.7403417032687405,-1.0178412040712463,9.696542391685313
-2.7401068430539905,-0.861176436388397,9.70213920614809
-2.7398812627478026,-0.7045408961351493,9.70751487661461
-2.585370973331873,-2.4286818234329717,9.655591744906445
-2.585132382469153,-2.2717830027759227,9.661622051156613
-2.584918258368177,-2.1149331204830544,9.667033967982377
-2.584704169735662,-1.9581092194967138,9.672444988354371
-2.5844879852997913,-1.8013098079362184,9.677908979472718
-2.581745029850085,-1.6429286553591447,9.747236283979504
-2.581010883802692,-1.4860365694621562,9.76579158592051
-2.5838392764217675,-1.3310687181566683,9.694304884819203
-2.5836178216166377,-1.1743717370984716,9.699902082801913
-2.583396404787534,-1.0177016140072104,9.705498320952913
-2.583209548148017,-0.8610698493826724,9.710221061582303
-2.583031195250226,-0.7044630532500618,9.714728872912644
-2.4281358201458585,-2.2714818962654806,9.670282126066098
-2.427932633837634,-2.114651003665036,9.675748914242448
-2.4277318003180994,-1.9578482260629833,9.681152399937929
-2.4275310000298185,-1.8010713871188975,9.68655499153661
-2.4273261246525326,-1.6443176973452638,9.692067224619436
-2.423670791083613,-1.4854756461480207,9.79041506365354
-2.426076614009057,-1.3304291109081925,9.725685680861247
-2.42671837307029,-1.1742185676146564,9.70841896206177
-2.4265508201902932,-1.0175858278217358,9.712927022232194
-2.4263832904466045,-0.860974715964924,9.717434459913335
-2.4262273937534475,-0.7043885981864848,9.72162890690305
-2.426089821316324,-0.5478267338456215,9.72533033432319
-2.2711790391924667,-2.2711790391924667,9.678992548618282
-2.270991181339103,-2.1143710998674408,9.68439549749533
-2.2708022468585467,-1.9575881438435747,9.689829411070292
-2.270607608391952,-1.8008267238970652,9.6954273760512
-2.2704130033060808,-1.6440921748078514,9.701024380974587
-2.2702185589540984,-1.4873845731078577,9.706616763057
-2.2667831528044213,-1.3288039171612125,9.80542191528373
-2.2699050772738705,-1.1740888330726915,9.715632758192868
-2.2697480427488395,-1.017473260542583,9.72014920238449
-2.269619340118423,-0.8608900945276776,9.723850797606772
-2.269490652082955,-0.7043246851291929,9.727551973066141
-2.2693619786539263,-0.5477770293302581,9.73125272843211
-2.5030671572570986,2.8483177996373876,3.0096964576450347
-2.1644011818114692,2.6122083228759108,12.750012973369415
-2.1142661260113353,-2.2708784316418043,9.68763827302746
-2.1140864143997575,-2.1140864143997575,9.693189792600847
-2.1139052179384996,-1.9573196462393512,9.698787181063793
-2.113724052534953,-1.8005797484557007,9.704383610114633
-2.113564155817798,-1.6438832323027317,9.709323022472105
-2.113418226730821,-1.4872202336253926,9.71383095702106
-2.1112130382010657,-1.329282283311782,9.781952027098114
-2.110945490599379,-1.1727474947774326,9.790216911790523
-2.1130219471089413,-1.0173809374968974,9.72607253706191
-2.112902142299483,-0.8608119838997892,9.729773459550202
-2.1128554476729478,-0.704285149224316,9.731215915777184
-2.1128563899233996,-0.5477775825727331,9.731186808465864
-2.0229438640574915,1.5734007831558265,12.508698750265978
-2.0219414780582747,1.7223945924200117,12.53966372490445
-2.0209665921743794,1.8712653631244252,12.569779186107816
-2.0201028479396794,2.0201028479396794,12.596461340829151
-2.01924743834352,2.1688213226652624,12.622886027996834
-2.0184636758294223,2.317495331507855,12.64709744594419
-2.0157313594619115,2.4636716615645584,12.731502163378714
-2.013897416250697,2.6106077618064587,12.788154994790979
-2.3330535693684604,3.197147483949372,2.9290167040303885
-2.334818182542996,3.3725151525621055,2.8745055653683522
-2.3366363079908665,3.5482255047268714,2.8183413647242475
-1.957218950778415,-2.1137964668406886,9.70214664038211
-1.9570578650746693,-1.9570578650746693,9.707520873375998
-1.95692273810228,-1.8003689190540975,9.71202905638971
-1.956787629794404,-1.6437016090272993,9.716536616707288
-1.9566570970955435,-1.487059393792613,9.720891522950879
-1.956546149075312,-1.3304513813712122,9.72459303399171
-1.953610798200256,-1.1721664789201536,9.822523881698956
-1.9563472879846926,-1.0173005897520402,9.731227550957243
-1.956348160438504,-0.8607931905929417,9.731198443656282
-1.9563490328930935,-0.7042856518415136,9.731169336329373
-1.9563979653112145,-0.5477914302871401,9.729536825126814
-1.8747688340389241,1.4248243138695824,12.452894394074896
-1.873831329245765,1.5740183165664425,12.484171962935186
-1.872898400830552,1.7230665287641078,12.51529685206799
-1.8719704615802493,1.8719704615802493,12.5462552898395
-1.8710949564781914,2.0207825529964465,12.575464389693678
-1.8702953389209138,2.16954259314826,12.602141686057543
-1.867410000702214,2.3155884008707455,12.698403983038993
-1.8659576469022676,2.463064093910993,12.746858237693267
-1.868078064066126,2.6153092896925765,12.67611567260019
-2.159445551920397,3.195979416842188,2.9553475959873765
-2.161037613155262,3.3712186765222083,2.9022323423197207
-2.162683600496633,3.5468011048144783,2.8473179751734676
-2.164457202606804,3.7228663884837028,2.788146051428214
-2.1665787308748183,3.8998417155746727,2.7173664170454686
-1.8002943041683515,-1.9568416349655993,9.714734865427502
-1.80017001482754,-1.80017001482754,9.719242052141084
-1.8000632575111866,-1.643536017727605,9.723113463435922
-1.799961192332937,-1.4869244632315568,9.726814720617924
-1.7998591387284035,-1.3303306677557765,9.730515558094595
-1.7985957994490454,-1.172997260510247,9.776328867405667
-1.7975710327409478,-1.0160184098101008,9.813490661499188
-1.7998415920703519,-0.8607938049032118,9.731151864181044
-1.8000237538893527,-0.704357121087138,9.72454600944755
-1.8002530753550914,-0.54790310989068,9.71622997319885
-1.7276605360001696,1.1267351321740235,12.348701323913502
-1.7265649325457664,1.2761566892729577,12.388431917871088
-1.725510665137033,1.4254218538088534,12.426663515417403
-1.7246035418008747,1.5746380164268856,12.459559129969833
-1.7237412211523784,1.7237412211523784,12.490830034975616
-1.7228846191561629,1.8727006729958293,12.521893560704854
-1.7220310952580589,2.021514763998591,12.552845463322882
-1.7189315373453156,2.16734846013105,12.66524678552053
-1.7182345350048165,2.315881329789101,12.690522643191983
-1.7198151884708386,2.467560922588594,12.633202359293847
-1.7191477597446028,2.6160944170026563,12.657405769397329
-1.9859595316707728,3.1948044639921127,2.9818337082660378
-1.9874279686423315,3.3699865555239534,2.9285828054555054
-1.9889313378500582,3.5454862979066255,2.8740651318205153
-1.9899549643060446,3.720350585441736,2.8369446874447704
-1.989276592707057,3.892062898774677,2.8615449261930337
-1.9914162394478276,4.069415793654256,2.7839534988124655
-1.643480077756303,-1.80000198992357,9.725335250558416
-1.6433868941543486,-1.6433868941543486,9.729036255797254
-1.6433318688689436,-1.4868240718338062,9.731221714024699
-1.6433326017303083,-1.3303168680673925,9.731192606717258
-1.64333333459235,-1.1738095247088214,9.73116349938293
-1.6410446793454516,-1.0158848014995652,9.822062808714563
-1.643625626763276,-0.8609467568760018,9.719554430478297
-1.643835039242845,-0.7045007311040764,9.711237122843585
-1.6440462031413425,-0.5480154010471142,9.702850253499577
-1.5783369749372358,1.127383553526597,12.312646319797636
-1.5771872392571415,1.2767706222557813,12.358310768113363
-1.576223721168731,1.4261071762955189,12.396579148151694
-1.5752613796055703,1.5752613796055703,12.43480079973115
-1.5744702480181665,1.724419795448468,12.466222445688054
-1.5736830795132648,1.8734322375157915,12.497486688531154
-1.5704725700518702,2.019179018638119,12.624999599459493
-1.5704072113262435,2.168657577545765,12.627595474494107
-1.5714335584728338,2.3197352529837074,12.586831691095107
-1.5707621249894053,2.4683404821262083,12.613499246196952
-1.5701362020189187,2.6168936700315313,12.638359244568981
-1.8111472010371206,3.1910688780177843,3.06604232100851
-1.811368860514084,3.363970740954728,3.0572385951568037
-1.8127929818046842,3.539262488285336,3.0006762789689674
-1.815079317466324,3.7165909833834254,2.909869097404595
-1.8181563757363401,3.896049376577872,2.7876565134443325
-1.8199413361421066,4.073202038032334,2.716762625739605
-1.48682446984905,-1.6433323087805287,9.731204241904635
-1.4868251329144702,-1.4868251329144702,9.731175134580695
-1.4868247284045668,-1.3303168622567176,9.731192891804085
-1.4870141292952086,-1.1739585231277962,9.722878549191094
-1.4872035783983475,-1.0175603431146587,9.714562090140234
-1.4852476879557752,-0.8598802403954487,9.80042199923524
-1.4875862439109075,-0.7046461155367456,9.697763794383448
-1.4877793145230758,-0.5481292211400806,9.689288357902512
-1.430025400017683,0.9784384315910463,12.22457650154309
-1.4288414473916058,1.128032721624952,12.276549793418319
-1.427796782610203,1.2775023844407078,12.32240861107686
-1.4267931580857123,1.4267931580857123,12.366465838702027
-1.4259216305211229,1.5760186442601885,12.404724258417502
-1.4250817034884855,1.7250989042229035,12.441595474258115
-1.4221739932266328,1.8712815700350434,12.569238481925218
-1.4224475581420573,2.021372845780818,12.557229497035948
-1.4229520603440626,2.1718741973672535,12.535082799930848
-1.422251678191543,2.3205158959967283,12.565828258182599
-1.421643781600591,2.4691707785694472,12.592513774355808
-1.6358370228783616,3.013383989512771,3.1898336320639658
-1.6379462328582364,3.1896847692502495,3.097243283856045
-1.640585162347581,3.3675169121871393,2.9813992462088095
-1.6417982062581855,3.5428277082413477,2.9281489016977957
-1.6430402688271393,3.7184595557666835,2.873624692703544
-1.6443219100514437,3.8944466290692086,2.8173630552334714
-1.3304185804872526,-1.4869384134857528,9.72620233071558
-1.330588070313277,-1.330588070313277,9.717886718792244
-1.3307576033294095,-1.1741978852906554,9.70956898784982
-1.3309291777569954,-1.0177693712259377,9.701151099949186
-1.3297915048417985,-0.8604533266623402,9.756968293702727
-1.329808048416381,-0.7040160256322018,9.756156622882841
-1.331490928318472,-0.5482609704840766,9.673590155575582
-1.2803598417486166,0.979098702513648,12.182214319670656
-1.2792629254571686,1.1287614048151489,12.236031887403286
-1.2782378790890925,1.2782378790890925,12.286323329670225
-1.2773034701940498,1.4275744666874675,12.33216786164681
-1.275344691206233,1.5754257950194641,12.428270656064171
-1.2736670615209786,1.72319661264603,12.510579534070942
-1.2749372125733092,1.8749076655489838,12.448262618165522
-1.2742996149343873,2.023887623719321,12.479544817533295
-1.273664354401753,2.172721545744167,12.510712352384814
-1.2730332631568313,2.3214135975212806,12.54167533113155
-1.2724250840727294,2.470001633788239,12.57151417964478
-1.4652002212820578,3.016588690874825,3.1134642948770903
-1.4662168540305114,3.191177858772289,3.0635856466833786
-1.4673428453205426,3.3662571157353622,3.008341583859206
-1.4684406500387386,3.54153333244637,2.9544804275983836
-1.4695232777476808,3.7170294672441333,2.9013638949062823
-1.4706428161568612,3.892878042768162,2.8464364272088005
-1.1744407552905511,-1.1744407552905511,9.696064375746744
-1.1745931873968616,-1.0179807624106134,9.687588497834014
-1.1747577626273944,-0.8614890259267559,9.678437410210691
-1.1732733809469327,-0.7039640285681596,9.760975388619585
-1.1751940526264548,-0.5484238912256789,9.654177817818479
-1.131490886398129,0.8297599833586279,12.084261022181195
-1.1305002732064922,0.9797669034456266,12.139343358011054
-1.1295229777630398,1.1295229777630398,12.193685170007605
-1.1285554636474813,1.2790295254671453,12.247483098284007
-1.1263793869281573,1.4267472234423326,12.368482283089214
-1.1250674096489943,1.575094373508592,12.441433838451182
-1.1261224403813996,1.7267210752514792,12.382769611481685
-1.1254347503517532,1.8757245839195889,12.421008122213841
-1.1248247214597749,2.024684498627595,12.454928341102054
-1.124262255186099,2.1735736933597916,12.486203874722186
-1.1237028350737166,2.3223191924856814,12.517310028728978
-1.123146107412308,2.4709214363070773,12.548266470931026
-1.2924122920255836,3.015628681393028,3.1363417113771277
-1.2932422033715505,3.1899974349831575,3.0901950863841563
-1.2942213818117099,3.364975592710446,3.0357485717066055
-1.2952066259378894,3.5402314442302307,2.980964778909609
-1.2961642821420374,3.7156709421405076,2.927714992724873
-1.2971449754915425,3.891434926474628,2.8731842426000043
-1.0184259164626002,-0.8617450062375848,9.659027953569534
-1.018615052720891,-0.7051950364990786,9.64689320054903
-1.017339509730367,-0.5477981975471208,9.728730492334904
-0.981314412690041,0.8303429645838809,12.040057041111247
-0.980442441856834,0.980442441856834,12.096001632580183
-0.9795842307038026,1.1302894969659263,12.151063419651493
-0.9772715461583541,1.2779704834378478,12.29944245615642
-0.9765624415660465,1.4272835684426837,12.344937747070553
-0.9771715004537258,1.5785078084252495,12.305861267268554
-0.9764573975070879,1.7275784725125403,12.351677246536454
-0.9758457732811611,1.876626487079156,12.390918315330161
-0.9752499303186303,2.025519086046386,12.429146877397812
-0.9747442199292768,2.174429413688387,12.46159264284838
-0.9742568530092156,2.3232278802527455,12.492861513549045
-1.119200573502105,2.8410476096591895,3.19344813851707
-1.1197425180788683,3.0146913948277225,3.158677631533095
-1.1204531037883694,3.1889819107822825,3.1130873139355515
-1.1212316816858063,3.363695045057419,3.0631346999947198
-1.1220927445759814,3.5389078867396337,3.007889948925765
-1.1229319610781334,3.71431340971998,2.9540468356255047
-0.8613107998300451,-0.5481068726191196,9.691951229633872
-0.8618210779489611,-0.3917368536131642,9.653259890475937
-0.8309449625421231,0.8309449625421231,11.994411134866603
-0.8301801852773902,0.9811220371460065,12.052399622777706
-0.8280965768685195,1.1292226048207084,12.210387191970753
-0.8278648501655084,1.2794274957103313,12.227957642526619
-0.8280144509190791,1.4302067788602275,12.216614311742653
-0.8273135831507925,1.579416840560604,12.269756924608842
-0.8267086462894127,1.728572624059681,12.315625670308748
-0.8261128735106347,1.8775292579787153,12.360799558410662
-0.825608213650555,2.0264928880513624,12.399064898588712
-0.82510840995679,2.175285808067901,12.43696202470678
-0.9464802977885365,2.667353566494967,3.2340573688831427
-0.9467886234680847,2.840365870404254,3.2106788758686946
-0.9472469717135309,3.0139676372703255,3.175925068563231
-0.9477739827696874,3.187967032952585,3.1359649708089847
-0.9483825908127457,3.3624473674270074,3.0898178613498573
-0.9491016318178541,3.537560627684729,3.0352972805806644
-0.7049288992968308,-0.3916271662760171,9.671557147544661
-0.6796699054928065,0.8307076622689856,12.012404195924638
-0.678607701202152,0.9802111239586639,12.110842708473733
-0.6791093551667232,1.1318489252778718,12.064352527139292
-0.6785146112274436,1.2816387100962825,12.119469710571302
-0.6779235956216195,1.4311720352011967,12.174241375158338
-0.6773427277625428,1.5804663647792665,12.228072609449299
-0.6767874471341323,1.7295679204538936,12.279532577733164
-0.6762926530022432,1.8785907027840087,12.325387032276154
-0.6758225422832512,2.0274676268497536,12.368953981043084
-0.7740782354206588,2.494252091911012,3.2632251047572822
-0.7742693092525642,2.6669276207588326,3.2455175658541577
-0.7745187100486575,2.8399019368450773,3.222404645287014
-0.7748342298371215,3.013244227144361,3.193164226160988
-0.7752094252040526,3.1869720813944378,3.158393444155152
-0.5488097795413277,-0.3920069853866627,9.608198440077999
-0.5487274315333158,-0.2351688992285639,9.618010372735753
-0.5293288029496495,0.6805656037924065,11.929396427003788
-0.5287805863674849,0.8309409214346192,11.994717547889643
-0.5290629158023835,0.9825454150615693,11.961077421438468
-0.528575724515897,1.1326622668197792,12.019127254213451
-0.5280975680667939,1.282522665305071,12.076100567736539
-0.5276351620653735,1.4321525827488713,12.13119718338043
-0.5271776125340615,1.5815328376021844,12.185715140732434
-0.526725991332633,1.730671114378651,12.239526725520058
-0.5263082187118232,1.8796722096850829,12.28930518307596
-0.6018441466104163,2.321398851211606,3.2890457272084888
-0.6019903059106343,2.493959838772628,3.2716305492865843
-0.6021325726420081,2.666587107414608,3.254679178860286
-0.373092150442751,-0.22385529026565057,12.763435921295184
-0.3787365378285004,0.5302311529599005,11.821879587822728
-0.3785659444226532,0.6814186999607756,11.850336759655
-0.22413169154815266,-0.22413169154815266,12.686590446214097
-0.22428250474588746,-0.07476083491529582,12.644661147900003
-0.22812903707769272,0.22812903707769272,11.575242794350629
-0.22767649336404383,0.37946082227340644,11.701059637005997
-0.22776625026208616,0.5314545839448678,11.676105297397186
-0.07479896809250305,-0.07479896809250305,12.612855628486564
-0.07614047653972898,0.07614047653972898,11.493951406850954
-0.07605552354049025,0.22816657062147072,11.564807665479357
0.07609830538106592,-0.22829491614319772,11.529124862192916
0.07617823329614741,-0.07617823329614741,11.462459846556115
0.07479743558313752,0.07479743558313752,12.614133839743701
0.2565853879326769,-3.506666968413251,3.6637679244441017
0.2565414058755026,-3.3350382763815345,3.6759958781207303
0.256502920222167,-3.1635360160733925,3.6866957138364427
0.2564811740466407,-2.9922803638774758,3.692741616280827
0.256470943068814,-2.8211803737569543,3.6955860471912843
0.2564696379236506,-2.65018625854439,3.6959489054936228
0.25648573602251973,-2.4793621148843576,3.69147328930147
0.25650277477670425,-2.3085249729903388,3.6867361507894856
0.25652388589171543,-2.1376990490976286,3.6808668087667513
0.25656328740706974,-1.9669852034542015,3.6699123437986287
0.2566366996573814,-1.7964568976016697,3.6495021662448153
0.25726806996865215,-0.7718042099059564,3.4739677002593936
0.22772491593209773,-0.5313581371748947,11.68759712622073
0.22781542243873304,-0.37969237073122175,11.662434379371803
0.22830904301566202,-0.22830904301566202,11.525197289150924
0.22420275960340005,0.07473425320113336,12.666832005084096
0.22411920759522544,0.22411920759522544,12.690061252445162
0.4277388481212336,-3.6785540938426085,3.6476646628528044
0.42766265028915856,-3.5068337323711,3.6603754402115953
0.4275886833530149,-3.3351917301535163,3.6727140754671126
0.42751657530225823,-3.163622657236711,3.6847426247576465
0.4274785100950467,-2.992349570665327,3.691092390371793
0.42745410095101083,-2.8211970662766714,3.6951641491989164
0.42744482997964145,-2.650157945873777,3.696710666334198
0.42746890707715524,-2.4793196610475006,3.692694297133002
0.42749667743778275,-2.3084820581640266,3.688061844194422
0.4275258107136165,-2.1376290535680824,3.6832020394890748
0.427587562397442,-1.9669027870282332,3.672901065258401
0.42768621901788434,-1.796282119875114,3.656443873455629
0.42783880114669737,-1.6257874443574498,3.630991214036598
0.4279954212587129,-1.455184432279624,3.6048649671404718
0.42817867706427776,-1.284536031192833,3.57429554435231
0.42805315312987124,-1.1129381981376651,3.595234549308131
0.42803359630990323,-0.9416739118817871,3.5984968781394144
0.3786762834932831,-0.6816173102879095,11.831930785068039
0.3791190541716404,-0.5307666758402965,11.758070947322707
0.3729406955284713,0.22376441731708274,12.788700546847927
0.5993540461510886,-4.024234309871595,3.5857462620216864
0.599096446207481,-3.8513342970480924,3.6164398192835705
0.5988704696195573,-3.678775741948709,3.643365389391036
0.5987561850082267,-3.5070005121910426,3.6569826332960673
0.5986517022137006,-3.33534519804776,3.669431970791095
0.5985507416496618,-3.1637682058624983,3.681461627358999
0.5984837561309083,-2.9924187806545417,3.6894430881729505
0.5984392822108323,-2.8212137589939235,3.6947422462138917
0.5984263026982723,-2.6501736262352065,3.696288781536879
0.598446222781082,-2.4792772086644828,3.693915263150913
0.5984842227604682,-2.3084391449332347,3.6893874883117377
0.5273406654232794,-1.883359519368855,12.166287057318137
0.5276607865856883,-1.7337425844958327,12.128143969662403
0.5279801924748835,-1.5839405774246504,12.090086108264984
0.528382923952817,-1.4341822221576466,12.042099833477799
0.5287933500298537,-1.2842124215010735,11.993196731555983
0.529208384430185,-1.1340179666361108,11.943744538539875
0.5292565313913082,-0.9829049868695724,11.938007730186875
0.5291850806978061,-0.8315765553822667,11.946521225654678
0.5303669123013525,-0.6819003158160246,11.805703586142243
0.546798857448334,0.2343423674778574,9.847803897851392
0.5467255048567303,0.39051821775480744,9.856544008346617
0.771028706125411,-4.197822955571682,3.5458365858445404
0.7706896191614824,-4.024712455621074,3.577261064777261
0.7703526946234499,-3.85176347311725,3.60848514347569
0.7700381439275787,-3.6790711320984317,3.6376357531044334
0.7698659944116604,-3.507167307875342,3.653589503651432
0.7697317974586015,-3.3355044556539397,3.6660260458156415
0.7696006462444639,-3.1639137678939067,3.6781803277671514
0.7694969127030886,-2.9924879938453444,3.687793709678971
0.769431676203976,-2.8212494794145786,3.6938394242303616
0.7694097987427247,-2.6501893067804962,3.695866891792747
0.7694176834350713,-2.47923475773523,3.6951361873573205
0.6772725212130857,-2.031817563639257,12.234578917473641
0.6776794641005909,-1.8824429558349745,12.196865971959397
0.6780887565544422,-1.7328934889724634,12.158935283193415
0.6784990189928183,-1.5831643776499091,12.120914702271435
0.6789226695048959,-1.4332811911770025,12.081653397627406
0.6794496971138504,-1.283404983437273,12.032811744139238
0.6790340936013851,-1.1317234893356418,12.071327302716064
0.6795150391507686,-0.9815217232177768,12.026756248997906
0.681057512730754,-0.8324036266709215,11.883809354322409
0.7016265295533403,0.3897925164185224,9.977600314849198
0.9424768864124342,-4.198306130382662,3.537612119909042
0.9420659120229943,-4.025190715007339,3.568773850929034
0.9416471154073192,-3.852192744848124,3.6005286946007544
0.9412625788955561,-3.679480990228083,3.629685799410268
0.9409920808216802,-3.5073341194262624,3.6501960512316316
0.9408280467280641,-3.3356630747631364,3.662633775904297
0.9406662912584726,-3.164059343323953,3.674898726139503
0.9405179803605005,-2.992557210237956,3.6861442548845815
0.9396518136022438,-2.8189554408067314,3.7518205019520394
0.9392271193173363,-2.6469127908034022,3.7840225306235737
0.8269362698862608,-2.1801047115183243,12.298366333763589
0.8273959711550919,-2.030881020107953,12.263509934783634
0.8278720049531118,-1.8815272839843449,12.227415137756175
0.8283694931704685,-1.7320453039018886,12.189693580371518
0.8288703962355133,-1.582388938267798,12.151713095501684
0.8293719434053152,-1.4325515386091807,12.113683772018774
0.8286946642796124,-1.2807099357048555,12.165037799137998
0.8294486787628791,-1.1310663801311989,12.107865388602256
0.831210107117414,-0.9823392175023984,11.974306806838072
0.831860511270108,-0.831860511270108,11.924990548255266
0.8577305915123475,0.3898775415965216,9.963417022778927
0.8562411938885168,0.5448807597472379,10.076349140517138
0.8569364790184679,0.7011298464696557,10.023629825741196
0.8563718117544721,0.8563718117544721,10.066445168615516
1.1139811320703727,-4.370233671968386,3.5283211726532926
1.113093103753562,-4.195504775686503,3.5852959928019175
1.112437600811105,-4.021889787547841,3.6273522668490443
1.111783096103594,-3.848479948050903,3.6693444953522913
1.1112382793354387,-3.6756343085710665,3.7042992786536786
1.1107561552969083,-3.503154028244096,3.7352317724318596
1.1103949076166908,-3.3311847228500726,3.7584089856128884
1.1103180560942492,-3.1601360058067094,3.763339686116879
1.1102913183743925,-2.9892458571618263,3.7650551458056896
1.1110118303385188,-2.8202608000900864,3.718827971746123
0.9763694874839077,-2.328265700923165,12.357317447040359
0.97686339000936,-2.1791567930978033,12.325629259821667
0.9773915223183723,-2.0299670078920045,12.291744931190415
0.9779349204293635,-1.880644077748776,12.256881167212683
0.9785058701936271,-1.7312026934194942,12.220249722565008
0.9790939450180975,-1.5816132957984654,12.182519554817112
0.978220881034309,-1.4297074415116826,12.238534281502012
0.9793274871600286,-1.2806590216708067,12.167535774140575
0.9809552915398552,-1.1318714902382945,12.063097818703675
0.9817170027314127,-0.9817170027314127,12.014227352162635
0.982485207078357,-0.8313336367586098,11.964940292644371
1.0130992320671612,0.3896535507950621,10.00078156623431
1.0110175935666454,0.5443940888435783,10.134336968619806
1.0108499062901302,0.6998191658931671,10.145095580974626
1.0110910351177564,0.8555385681765632,10.129625047742081
1.0104348729913633,1.0104348729913633,10.17172361423134
1.0097795619644092,1.1651302638050876,10.213767575212472
1.285520416221846,-4.370769415154276,3.5195595210369106
1.2850967794699544,-4.197982812935185,3.5431155386980606
1.2849494015854686,-4.0261747916344675,3.551310380232252
1.2843811126219586,-3.8531433378658764,3.582909680343249
1.283825923423217,-3.680300980479889,3.6137805774324363
1.2833197151040008,-3.5077405546176026,3.6419279278557184
1.2830693685546417,-3.335980358242068,3.655848268127855
1.2828448112336495,-3.1643505343763354,3.6683346168584876
1.2826284605357838,-2.992799741250162,3.680364642197816
1.125608626017401,-2.476338977238282,12.411339890568328
1.126119662114511,-2.32731396836999,12.382924095018815
1.1266884393542504,-2.1782643160848845,12.351297644658374
1.1272584365340452,-2.0290651857612816,12.319603360406362
1.1278785547840025,-1.8797975913066707,12.285122130006101
1.1285056851339466,-1.7303753838720515,12.250250996816725
1.1274157732349397,-1.5783820825289157,12.310854766030474
1.1290626199390286,-1.4301459852561031,12.219283036539338
1.130537673549128,-1.2812760300223451,12.13726373879075
1.1312219162732584,-1.1312219162732584,12.099216913008618
1.132038417859327,-0.98109996214475,12.05381592809428
1.1678117175264986,0.38927057250883285,10.064667264776531
1.167042688794148,0.5446199214372691,10.107428555718101
1.1643284596612622,0.6985970757967573,10.258351319395189
1.1655239144504144,0.8547175372636372,10.191878913494065
1.1647682561906023,1.0094658220318553,10.233896748902438
1.1640359620041212,1.1640359620041212,10.27461544177524
1.1633128087635454,1.3184211832653514,10.314825858908947
1.1625851672277814,1.4726078784885233,10.35528584447654
1.457155627669742,-4.200036809165727,3.508152991715363
1.4564435949033803,-4.026638174144639,3.5430871721357704
1.455804887719049,-3.8536011733739537,3.574423808688664
1.4551648584754089,-3.6807111126142695,3.6058253089116192
1.4545706627298098,-3.508082186583659,3.6349780984494657
1.454214445747454,-3.3361390225971004,3.652455030577201
1.4539609545169494,-3.1645032539486544,3.6648919699988056
1.4537124705112292,-2.9929374392878247,3.677083241942327
1.2752210579045444,-2.475429112402939,12.434336427572447
1.2757998065778695,-2.3264584708184683,12.405941511597845
1.276390816781278,-2.1773725698033566,12.376945013049514
1.2770362845386611,-2.0282340989731678,12.345276685189837
1.27768726926047,-1.8789518665595144,12.313337680698808
1.2763527799584993,-1.726830231708558,12.37881119855718
1.2785575371686118,-1.5793946047376968,12.270640072451847
1.2798767922303225,-1.4304505324927135,12.205913986064246
1.2806461642919573,-1.2806461642919573,12.168166590605324
1.2814233351696893,-1.1306676486791376,12.130036564934038
1.2821989886411214,-0.9805051089608575,12.091980987164519
1.3222316465123647,0.3888916607389308,10.127874616149924
1.3213735419650054,0.5440949878679434,10.169975458264517
1.3193448793646845,0.6984767008401271,10.269506924567466
1.3179214656420954,0.8527727130625323,10.339343305906894
1.3188478700758828,1.008530724175675,10.293891493629275
1.3180287843351233,1.162966574413344,10.33407797155455
1.3172035012135892,1.3172035012135892,10.374568509107903
1.3163841358208888,1.47125285768217,10.414768707485123
1.3155638352307337,1.6251082670497297,10.455014789083123
1.627269405249499,-3.8540591176961816,3.5659359201898013
1.6265419857490724,-3.681121336168953,3.5978682671255626
1.625877736644712,-3.508473010654378,3.6270275525719455
1.625375803560624,-3.336297702045491,3.6490614702360062
1.6250924628935586,-3.1646537435295614,3.6614995922226115
1.6248122242840757,-2.993075149996981,3.6738015397199746
1.4247671513374611,-2.474595578638748,12.455403721644956
1.4253699495423142,-2.3256036018848287,12.428942015025413
1.4260168978363863,-2.176552107223958,12.40054220258748
1.4266914875791985,-2.027403692875703,12.370928982575983
1.425096284478994,-1.8751266901039396,12.440955396218811
1.4281541822423331,-1.72881822060914,12.306719439916058
1.4289480001595631,-1.5793635791237277,12.271872327456265
1.4297548223998608,-1.4297548223998608,12.236454349690256
1.4306138724870463,-1.2800229385410415,12.19874366774797
1.4314776370578346,-1.1301139239930271,12.160826028849023
1.4323436946968895,-0.9800246332136612,12.122807728569121
1.4763700897432277,0.38851844466927044,10.190131851546198
1.4754128710245888,0.543573163009059,10.232151951638443
1.4744836370574625,0.6984396175535349,10.272943573811574
1.4712679938611406,0.8517867332880287,10.414104257717298
1.4726459766033284,1.007599878728593,10.353613408944028
1.471729621490789,1.1618918064400965,10.393839673641097
1.470814406182629,1.315991837110773,10.434015903071213
1.4699065482229994,1.4699065482229994,10.473869158748698
1.4690111105361479,1.6236438590136368,10.513177187828376
1.4681127101659,1.7771890702008262,10.552615273132872
1.7979913597651793,-3.6816013557096534,3.58855740357356
1.7972229843446197,-3.5088639218156863,3.6190752350079407
1.7965755394038985,-3.336497430321526,3.644790028890327
1.7962402485381541,-3.164804247424367,3.6581068917785586
1.5736444438421122,-2.6227407397368534,12.499021194799887
1.5742330725711862,-2.4737948283261497,12.475642424669218
1.574862254352873,-2.3247966611875746,12.450652994969452
1.5755447350924932,-2.175752253222967,12.423546672185495
1.5737034560540017,-2.023333014926574,12.49667738643899
1.5770210391236625,-1.877405998956741,12.364911796103286
1.5778186884065546,-1.7280871349214646,12.333231284588052
1.5786528701303757,-1.5786528701303757,12.30009980152385
1.5795304332368574,-1.429098963404776,12.265245325131126
1.5804356882753092,-1.2794003190800123,12.229290998731038
1.5813853813451924,-1.1295609866751375,12.191571711718979
1.6302202075467764,0.3881476684635183,10.251982086295897
1.6292070850537947,0.5430690283512649,10.292220621569044
1.6281952210161996,0.6977979518640857,10.332409174335808
1.6271758201185735,0.8523301914906813,10.372897071170357
1.6237731753013651,1.005192918043702,10.508041088253862
1.6251494395355863,1.1608210282397045,10.453379527270357
1.6241591168067273,1.3147954755102078,10.492712516452855
1.6231700003955387,1.4685823813102494,10.531997593900613
1.6222023304718292,1.6222023304718292,10.570430873812654
1.6212671168794248,1.7756735089631797,10.607575074426663
1.6203329809830747,1.9289678345036603,10.644676471815004
1.9674043137731796,-3.164954765635115,3.6547138686205614
1.7230753698755092,-2.622071215027949,12.514976240987572
1.7236186114168872,-2.473018007685099,12.495276313048649
1.7235012712377837,-2.322979974277013,12.499531497707046
1.72226604239982,-2.1715528360693384,12.544325419457302
1.7257454212545837,-2.0258750597336417,12.418150398789322
1.7265288389028843,-1.8766617814161788,12.389740805556713
1.727379479789098,-1.727379479789098,12.35889345150899
1.7282532637137664,-1.577970371216917,12.327206846124412
1.729183343038587,-1.428455805118833,12.29347876334566
1.7301446866667731,-1.2788025944928323,12.258616922419854
1.7838384008432147,0.38779095670504665,10.311486190543064
1.7827228296767281,0.5425678177276998,10.351940886873507
1.7816135005170308,0.6971531088979687,10.392169225176119
1.7805055511515675,0.8515461331594453,10.432347527086236
1.7768692658352168,1.0043174111242528,10.56421255072891
1.7773163461787012,1.1591193562035007,10.54799978002066
1.7772389347710729,1.3136113865699235,10.55080700118431
1.77620678237278,1.467301255003601,10.588236627454748
1.7751830667186963,1.6208193217866358,10.62536030648019
1.774194306222038,1.774194306222038,10.661216383472407
1.7732989638777692,1.927498873780184,10.693684776110473
1.7724045247418694,2.0806487899143686,10.72612041510503
1.872430022899984,-2.6214020320599776,12.530923143349781
1.8716895962523041,-2.4706302670530413,12.555625678875778
1.870814309525587,-2.319809743811728,12.58482749316746
1.8743716222558129,-2.174271081816743,12.466146399812928
1.8751208758666824,-2.025130545936017,12.44114937411365
1.8759720144519747,-1.8759720144519747,12.412753203869627
1.8768237022912033,-1.7266778061079069,12.384338709102963
1.8777668179810643,-1.577324127104094,12.352873946311234
1.8787167657071262,-1.427824741937416,12.321181249236638
1.9371641736120484,0.3874328347224097,10.371225538299186
1.9359591001574064,0.5420685480440738,10.411429885236188
1.9347507310806242,0.6965102631890248,10.451744182596045
1.9335717159154544,0.8507715550028,10.491079158038318
1.9323941372281395,1.0048449513586324,10.530366208888267
1.9280952290070195,1.1568571374042116,10.673788833381806
1.9301261364606561,1.3124857727932462,10.606032542220944
1.9290140164690648,1.4660506525164894,10.643135722782489
1.928005568942733,1.6195246779118957,10.676780123511946
1.9270328414057307,1.7728702140932722,10.70923281361327
1.9260563664042463,1.9260563664042463,10.74181052875899
1.9251326166616163,2.0791432259945455,10.772629193789413
2.0199654508220095,-2.6184737325470495,12.600705712026837
2.0193884419296793,-2.4681414290251635,12.618530248414146
2.0229829980441587,-2.32268418293959,12.507489851792137
2.0236664176413477,-2.173567633762929,12.48637815379265
2.024475087900882,-2.024475087900882,12.461397304003327
2.02530537465421,-1.8752827543094535,12.435748693308902
2.0262245216209775,-1.7260431110104621,12.407355077937964
2.0271579584167907,-1.5766784121019484,12.378520031626906
2.0902127012856897,0.3870764261640166,10.430679064877836
2.08892038170726,0.5415719508129933,10.470600455442067
2.087647789372914,0.6958825964576381,10.5099124464205
2.0863767466478818,0.8500053412269148,10.549176568002181
2.0851622739863247,1.0039670208082303,10.586693168586805
2.082345622443773,1.1568586791354294,10.673703106523519
2.079897053686152,1.3095648115801697,10.749342500469083
2.0817424348710905,1.4649298615759525,10.692336335544027
2.0806923971349134,1.6183163088827104,10.724773332764215
2.079662658371038,1.7715644867605138,10.756583268988933
2.078665467198907,1.9246902474063956,10.787387768831167
2.077669231868005,2.077669231868005,10.818162741525754
2.0767446033983274,2.230577536983389,10.846725687472656
2.168335203103773,-2.6169562796080013,12.636867232891014
2.171717736382115,-2.4712650103658547,12.53958274863578
2.172278991800684,-2.3220913360628,12.523440573692362
2.172963762867348,-2.172963762867348,12.503745985473557
2.173732650616577,-2.02382005402233,12.481632131158271
2.2416339245034216,0.5410840507422051,10.528734741308327
2.2402915631737463,0.6952628989159902,10.567342175114746
2.238999953718738,0.849275844514004,10.604489942586596
2.2377098327089673,1.0031113043178128,10.641594901129352
2.2365333692367035,1.1568276047776052,10.675430973896809
2.2324354169687743,1.3086690375334196,10.793291506250071
2.2319490111302116,1.4623114210853112,10.807280944712147
2.2331983394379793,1.6171436251102609,10.771349218374127
2.23212777440762,1.770308234875009,10.80213956344096
2.231075860200357,1.923341258793411,10.832393495246919
2.2301191699859175,2.076317847917923,10.859908705429689
2.22916329988153,2.22916329988153,10.887400328561881
2.394132572322457,0.5406105808470064,10.58514964240085
2.392752649180234,0.6946701239555517,10.622276885786988
2.391405708668744,0.8485633159792316,10.658516721663759
2.39019884172312,1.0023414497548566,10.690987836506196
2.3889931923624,1.1559644479172901,10.723426191863936
2.3878084271147797,1.3094433309984275,10.755302653934834
2.383078018670429,1.4605962049915533,10.882575702886157
2.385519586180243,1.6159971390253258,10.816884601398783
2.384452963459582,1.7691102632119478,10.845582403573019
2.3834307148718388,1.9221215442514827,10.873086306476722
2.3824093425945203,2.0750016854855495,10.900566631987303
2.3815270531890054,2.2278801465316502,10.92430489138252
2.5464204307935514,0.5401497883501473,10.640054005694253
2.5450741123359504,0.6941111215461684,10.674081765672327
2.543790004428588,0.8479300014761961,10.706537174280157
2.542507191651741,1.0015937421658374,10.738959848886537
2.541276341137153,1.155125609607797,10.77006919425935
2.5400580626701195,1.3085147595573343,10.800860785230014
2.538855716188929,1.4617654123512018,10.831249700453938
2.533733591638922,1.6123759219520413,10.960709728117877
2.536679277120613,1.7679885870840637,10.886258488163463
2.5356460630464936,1.9209439871564347,10.912372636953165
2.53473967942607,2.073877919530421,10.935281187385428
2.533833943559859,2.2267025564616945,10.958173366041208
2.5329249644163245,2.379414360512305,10.981147517473687
2.6973069111791848,0.6935932057317904,10.722078994493174
2.6959664809997843,0.8473037511713608,10.754021990978956
2.6946737219051444,1.0008788109933393,10.78482896612148
2.6933822020136575,1.1543066580058532,10.81560641054871
2.692172291138223,1.3076265414099941,10.844439078923443
2.691018098659196,1.4608383964149922,10.871943955244546
2.688776679545285,1.613266007727171,10.925357884577949
2.6849624673218075,1.7644039070971878,11.016252113552333
2.687899823403105,1.9199284452879322,10.946253723166663
2.686929186993535,2.0727739442521558,10.969384383678758
2.6859824262301855,2.225528296019297,10.991946077828388
2.848000618705542,0.8467028866421882,10.799581956073254
2.846646544794093,1.0001731103330598,10.830105864883677
2.8454258533613253,1.1535510216329699,10.857623028950144
2.8442062084828086,1.30679744714075,10.885116601301092
2.8430393427278804,1.459939121941344,10.911420412043086
2.8420230643369804,1.6130401175966644,10.934329640754726
2.8380408674461273,1.7641875662502953,11.024097425019534
2.8362233153666425,1.916367104977461,11.065069186947227
2.8390182325057305,2.071716007504182,11.002065391390062
2.8380819598519476,2.2244426171812566,11.023171108636454
2.9986164415396788,0.9995388138465595,10.870801558427615
2.9973313980040843,1.1528197684631094,10.898283836840605
2.9962036983356852,1.3060375095309398,10.922401118002483
2.995132853337113,1.459167287523209,10.94530249026947
2.994062773506359,1.6121876472726548,10.968187498456615
2.9929928793425957,1.7650983647405052,10.99106853592076
2.988099268919507,1.9154482493073763,11.095724573142007
2.988016496280038,2.0686268051169496,11.097494770539882
2.9900411659607498,2.223363943919532,11.054194653214331
3.1481902035517604,1.3053471575702422,10.956271581677669
3.1470596387504877,1.458393491128275,10.979270695584546
3.1459822460946114,1.611356760194801,11.001188126931297
3.1449447265961017,1.7642372856514716,11.022294417433152
3.143907891212066,1.9170170068366255,11.0433867909736
3.1383984679307226,2.0667502105885247,11.155465155226764
3.140732956393312,2.221494042326977,11.107974585906938
3.2967526774868645,1.763379339120881,11.05340670090326
3.29577531142113,1.9161484368727502,11.072364516797862
3.294798524674177,2.068826980609367,11.091311095737161
3.2888677257777856,2.2180735825012974,11.206349869363152
0.0,0.0,75.0
