-2.9827468359916463,-1.8281351575432672,9.74830745958937
-2.9859782779227637,-1.6374719588608702,9.661364551398506
-2.985731536477681,-1.4447088079730714,9.668003203512328
-2.7926888257909828,-1.8296926789665058,9.679935200641722
-2.790456277768269,-1.6357847145538127,9.744145147770809
-2.7927316124578314,-1.4445163512712922,9.678704620341435
-2.792501149154751,-1.2518108599659228,9.685332937562592
-2.7922668387755323,-1.059135697466581,9.69207189990891
-2.6004311022079385,-2.0225575239395077,9.669385653977884
-2.6002143832627165,-1.8297804919256155,9.676080377016419
-2.597508124673268,-1.6354680784979836,9.759680136642828
-2.599785251954199,-1.4443251399745554,9.689336787316634
-2.5995624033068156,-1.251641157147726,9.696220864628017
-2.599340116863899,-1.0589904179815885,9.703087574730475
-2.5991389477202187,-0.8663796492400729,9.709301944680746
-2.407287204046174,-1.8295382750750924,9.686713240859163
-2.4070837129817653,-1.6368169248276003,9.693502225647237
-2.404050178622155,-1.442430107173293,9.794708726686082
-2.4066757801318297,-1.2514714056685514,9.707111913722798
-2.4065099657780435,-1.0588643849423391,9.712643906632493
-2.4063441742716267,-0.8662839027377857,9.718175137295262
-2.406197226247703,-0.6737352233493568,9.723077700962875
-2.2144026089127995,-1.8292891117105732,9.697651043591762
-2.21421326051794,-1.6365924099480424,9.704517509887054
-2.2140495553739616,-1.4439453622004097,9.710454057985757
-2.2116275114981243,-1.2500503325858963,9.798286239777084
-2.213751039630671,-1.0587504972146686,9.721279332165906
-2.2136257711944443,-0.8662013887282608,9.72582202446523
-2.2135005169404725,-0.6736740703731872,9.730364202464045
-2.3963638994766487,2.604743368996357,3.0990682056720544
-2.3981254180922393,2.8151907081952374,3.0351890890231488
-2.0215786459157927,-1.829047346304765,9.708264089861217
-2.021439365859886,-1.6364032961722887,9.713795923850967
-2.021300104994524,-1.4437857892818027,9.719326995643229
-2.0190720522830046,-1.2499017466513838,9.807819333187751
-2.021067482100387,-1.058654395385917,9.728566159313857
-2.0210006942955707,-0.8661431546981018,9.73121879357926
-2.0210015940206487,-0.673667198006883,9.731183058888192
-2.021002493746548,-0.48119106993965427,9.731147324164525
-2.1850441673700156,2.1850441673700156,3.215847628334018
-2.1860424469594193,2.3942369657174596,3.176198613778567
-2.187282856034869,2.603908161946273,3.126932858964736
-2.1887539141263006,2.8141121753052434,3.068506337679352
-2.1904350140217197,3.024886447934756,3.0017375136643807
-2.1920462177649753,3.2358777500340112,2.9377447792178373
-2.193690034545969,3.447227197143665,2.8724567415098647
-2.195413696828436,3.6590228280473935,2.8039974524974127
-1.8288452095834633,-1.8288452095834633,9.717137511469076
-1.8287293061937717,-1.6362314844891641,9.722225452125727
-1.8286258260513633,-1.4436519679352868,9.72676803560941
-1.8285241154445906,-1.2510954474094567,9.731232939809274
-1.8263843174064578,-1.0573803942879492,9.82516604620254
-1.8285257435188544,-0.8661437732457732,9.731161470413412
-1.8286571369643216,-0.6737157873026448,9.725393545463248
-1.8288898264409146,-0.4812867964318196,9.715178915403825
-1.9760485845563651,1.9760485845563651,3.255186413109712
-1.976626185289939,2.184692099530985,3.2298308280531955
-1.9773693583294512,2.393657644293546,3.197206930402544
-1.978335852658607,2.603073490340272,3.154779648466942
-1.9795998957907261,2.8131156413868212,3.099290534121053
-1.9810540715695966,3.0237141092378055,3.03545495444628
-1.9825506216787323,3.234687856423195,2.9697592214288875
-1.9840039139818564,3.4459015348105924,2.9059624246765168
-1.9855020366804095,3.6575037517797013,2.840197657943577
-1.9848344783191025,3.8652039840950945,2.8695022135413097
-1.6360829670483024,-1.6360829670483024,9.729512104257125
-1.6360483327844917,-1.4435720583392575,9.731211351367449
-1.6360490611337533,-1.2510963408669877,9.73117561665731
-1.6347796669887567,-1.0577986080515485,9.793455396719267
-1.6359057761487508,-0.8660677638434564,9.738205550887983
-1.636500911232077,-0.6738533163896787,9.709006674996843
-1.6367121261248272,-0.48138591944847864,9.698643922719981
-1.7674104004696871,1.7674104004696871,3.286246470944647
-1.767834397846415,1.975814915240111,3.2654440562860145
-1.7682753555801134,2.1843401451283753,3.2438095223789674
-1.7688430045825292,2.3931405356116575,3.215959185143518
-1.7696499930559064,2.6024264603763334,3.17636623063639
-1.770653021434922,2.812213622278994,3.127155048209559
-1.7718429919231737,3.022555692104238,3.068771999429444
-1.7711186996723927,3.229687040579069,3.1043076620579626
-1.7725031327325296,3.440741375304322,3.03638377345672
-1.7754173968946771,3.655271111253747,2.8934023899547014
-1.7772337924196588,3.868097077619258,2.8042852987444746
-1.443572446591209,-1.6360487728033701,9.731189762896221
-1.443573089252668,-1.443573089252668,9.731154028166856
-1.44371494165394,-1.2512196161000815,9.723266427162642
-1.4438986535818834,-1.0588590126267143,9.713051257208974
-1.4423877744281937,-0.8654326646569162,9.797062608606737
-1.4442708436678895,-0.6739930603783484,9.692355894495236
-1.4444580692020563,-0.48148602306735205,9.68194535298825
-1.5590259165745912,1.5590259165745912,3.311482393726976
-1.5592894106654018,1.7671946654207886,3.2968309938448215
-1.5596686471604384,1.975580286403222,3.2757438206122202
-1.5600368845275998,2.1840516383386395,3.255268245994074
-1.5604923511367852,2.3927549384097375,3.229942351953639
-1.560528824344398,2.60088137390733,3.2279142854111313
-1.560084950044166,2.8081529100794986,3.2525955974288223
-1.5618468272899704,3.0195705327606093,3.154627677191442
-1.563985275194558,3.2322362354020866,3.0357208156337663
-1.5651669524247953,3.443367295334549,2.9700145010117467
-1.5663142818919205,3.6547333244144804,2.906218069115596
-1.567496941531948,3.866492455778805,2.8404571283019777
-1.251315799264339,-1.4438259222280834,9.717095431957702
-1.2514750407495634,-1.2514750407495634,9.706878691332292
-1.2516371750180235,-1.0590776096306351,9.69647635324175
-1.251799420519,-0.8666303680516154,9.686066878607804
-1.250646547319997,-0.6734250639415369,9.760033825296262
-1.2522275741169937,-0.4816259900449976,9.658597062859926
-1.351064728429278,1.558920840495321,3.317325073730558
-1.3512461460283698,1.7670141909601758,3.3056855405260563
-1.3515478136668155,1.975339112282269,3.2863309105894416
-1.3510544585658846,2.182472586914121,3.3179839757145544
-1.3507229797297657,2.3897406564449706,3.3392512559503587
-1.352642911830592,2.601236368904985,3.2160707401138495
-1.3532591469441646,2.8106151513455724,3.176533842359106
-1.3540253180416315,3.0205180171697936,3.127377233662159
-1.354934617863236,3.23099793490464,3.069037659555832
-1.3559756074813794,3.442091926683501,3.002249027766112
-1.3569730285126829,3.6533889229187615,2.9382557036848738
-1.0593029469107416,-1.0593029469107416,9.679390374426816
-1.0594993917154933,-0.8668631386763128,9.664495139289926
-1.0587037543920272,-0.6737205709767446,9.724823560963841
-1.059906074432631,-0.4817754883784686,9.633658820123685
-1.0270870885333752,1.0270870885333752,12.122126318877292
-1.142991423696271,1.3508080461865024,3.3337934952218973
-1.1431348696906465,1.5588202768508816,3.3229168430326723
-1.1432850574745759,1.7668950888243444,3.3115290012460576
-1.142227355465962,1.9729381594412077,3.3917282212914586
-1.1437558940709336,2.183533979589964,3.2758282769501648
-1.144025969391179,2.3920542996361016,3.2553500800092507
-1.1443595867179426,2.600817242540779,3.2300538725877033
-1.144788367341818,2.8099350834753714,3.197542001261624
-1.145346478865542,3.019549807918248,3.155223740979878
-1.1460782860993548,3.2298569880981822,3.099735173408476
-1.1469190288865685,3.4407570866597057,3.035986674072916
-0.8664558623899371,-0.48136436799440946,9.702238982145843
-0.8425132726783607,0.6552881009720584,11.921089855294511
-0.84168569245663,0.84168569245663,11.997784862798227
-0.8404480979498886,1.0272143419387527,12.112477453907502
-0.8390252923951969,1.2119254223486176,12.24433425742707
-0.9342171974799887,1.5570286624666478,3.4225382755182636
-0.9346973989752593,1.7655395313977118,3.378036176125349
-0.9354775980934484,1.9748971515306133,3.305732155738326
-0.9356860368165366,2.183267419238585,3.2864153463082033
-0.9359105626546006,2.3917714378950903,3.2656076827332043
-0.9361433704568188,2.600398251268941,3.2440324980330217
-0.9364438890709919,2.8093316672129753,3.2161822947973775
-0.9368699085046818,3.018803038515086,3.176701453175454
-0.9373997458558394,3.22882134683678,3.127599410188253
-0.9380287919507257,3.439438903819328,3.0693033155007754
-0.6747697845058354,-0.4819784175041681,9.59980763477968
-0.674555444847928,-0.28909519064911204,9.625346641005137
-0.655789210916738,0.655789210916738,11.861381586084022
-0.6543387546024964,0.841292684488924,12.03420640628218
-0.6538086002505359,1.0274135146794134,12.097375375699073
-0.6538636462119077,1.2143182001078288,12.090816537433255
-0.7273578420408839,1.5586239472304657,3.3338336107240423
-0.7274490972315205,1.7666620932765498,3.3229603691385705
-0.7275446454045872,1.9747640375267366,3.3115756099642653
-0.7276669746537668,2.1830009239613,3.2969998310960023
-0.7278439510531519,2.391487267746071,3.275912733123647
-0.7280158391741588,2.600056568479139,3.2554319138700407
-0.7282278919749179,2.808879011903255,3.230165391325471
-0.7285002822873572,3.018072598047623,3.197709531532368
-0.4818166599818159,-0.2890899959890896,9.626790867723969
-0.46929837362814725,0.46929837362814725,11.715001862999856
-0.4681401373078476,0.6553961922309866,11.908210561926026
-0.46828293547692823,0.8429092838584709,11.88438999269195
-0.46780085724784787,1.0291618859452651,11.964806834910448
-0.4673557043694885,1.2151248313606702,12.039064054221953
-0.5195111679979768,1.5585335039939305,3.33886264200531
-0.5195737879784706,1.7665508791268003,3.328416824734717
-0.5196397214384785,1.9746309414662184,3.317418276510537
-0.5197094972727079,2.182779888545373,3.305778770900446
-0.5198250698398151,2.39119532126315,3.2864997818625454
-0.28932780031159416,-0.09644260010386471,9.560676173993983
-0.2814175358649097,0.4690292264415162,11.759899071658594
-0.28149336628252775,0.6568178546592314,11.738816591813702
-0.28118472470831446,0.8435541741249435,11.824625558347762
-0.09648720466176378,-0.09648720466176378,9.52347310737099
-0.09410314276834439,0.09410314276834439,11.511933875324914
-0.09401251692722991,0.28203755078168974,11.587521648493208
0.09405203857611646,-0.2821561157283494,11.554558054505705
0.09414977827728768,-0.09414977827728768,11.473036865065538
0.09641421293819558,0.09641421293819558,9.584352893714353
0.31051625763107904,-3.415678833941869,3.6698313334359796
0.3104640464220023,-3.208128479694024,3.6843471675512944
0.31043598608501743,-3.0008811988218356,3.692148542085505
0.310423013846753,-2.793807124620777,3.6957551020959016
0.31042741667264323,-2.5868951389386936,3.6945310222212697
0.3104471408808987,-2.380094746753557,3.6890472699742958
0.3104682502660415,-2.1732777518622903,3.6831784088920188
0.3105135811348513,-1.966586013854058,3.6705754566987707
0.31060283894129415,-1.7600827540006667,3.6457598752415947
0.3107148271364426,-1.553574135682213,3.6146247590013445
0.28109900096986506,-1.0306963368895052,11.848458593228187
0.28137038770624573,-0.8441111631187371,11.773007269344717
0.28158268261874203,-0.6570262594437313,11.713984737826792
0.2815557487748269,-0.4692595812913782,11.72147292316616
0.28890039893547065,0.0963001329784902,9.679502908447631
0.5176425268367887,-3.6234976878575202,3.650575995476771
0.5175525664453353,-3.415846938539213,3.665582544557438
0.5174646192899491,-3.208280639597685,3.6802532599966042
0.5174056503419164,-3.0009527719831155,3.6900900381452146
0.5173748471593945,-2.7938241746607306,3.6952284047406323
0.5173698886100627,-2.5868494430503137,3.696055554475265
0.5174022910866172,-2.380050538998439,3.690650405087908
0.5174371596131507,-2.1732360703752334,3.6848338868809094
0.5175002613219428,-1.9665009930233825,3.6743077111410827
0.5176194106828377,-1.759905996321648,3.654432066945759
0.5178045005350066,-1.55341350160502,3.6235567016207
0.4678072433870377,-1.216298832806298,11.96374154484623
0.46819645159724704,-1.0300321935139434,11.898816614943769
0.46810664521567313,-0.8425919613882117,11.913797473197874
0.46857089500249727,-0.6559992530034962,11.836354644202629
0.46958056320208874,-0.46958056320208874,11.667929016572742
0.48052839810236075,0.28831703886141646,9.841689500449732
0.7250013962950659,-3.8321502375596346,3.614608914557067
0.7247410991150768,-3.6237054955753836,3.64562385302024
0.7246091131001746,-3.4160143903293947,3.6613502551670365
0.7244848289532072,-3.2084328139356324,3.676158964083143
0.7243851875831149,-3.001024348558619,3.6880314360089983
0.7243292064578347,-2.793841224908791,3.694701700956685
0.7243135349856296,-2.5868340535201058,3.6965689887470745
0.7243504115209806,-2.3800084949975076,3.69217507454988
0.7243981301606452,-2.1731943904819357,3.6864893015699067
0.7237938461923374,-1.9645832968077732,3.758490965560739
0.7237717379661086,-1.7577313636319782,3.7611252056859996
0.7242955895521785,-1.5520619776118112,3.6987072236453713
0.6545579072267829,-1.215607541992597,12.008093925322655
0.6542319586191447,-1.0280787921157988,12.046931364930998
0.6554865076343032,-0.8427683669583897,11.89744929791135
0.6562924133306921,-0.6562924133306921,11.801423994903232
0.6723253211629806,0.28813942335556314,9.891070414335204
0.6720132093535203,0.4800094352525145,9.92825917129538
0.9326609076067834,-4.041530599629395,3.566765578647633
0.9322516228881963,-3.832590005207029,3.6046955505572527
0.9318724923641758,-3.6239485814162387,3.639831018541045
0.931685961411512,-3.4161818585088772,3.657117551542413
0.9315246782061442,-3.208585002710052,3.6720642797520924
0.9313745985150796,-3.00109592854859,3.68597273566985
0.9306991856843355,-2.7920975570530064,3.7485658121618
0.9302798553865116,-2.5841107094069766,3.7874267461155995
0.9303350883954333,-2.3775230036772186,3.782308093056386
0.9309545638036677,-2.172227315541891,3.7248989503106316
0.9314199347751507,-1.9663309734142072,3.681771251976727
0.9315627052726094,-1.7596184432927064,3.668540166836735
0.9318595515541195,-1.5530992525901992,3.64103029263957
0.8399942272924398,-1.2133249949779685,12.154539374389316
0.8417932357325951,-1.0288583992287272,11.987818418288626
0.842493377979879,-0.842493377979879,11.922933572688038
0.8625327477452519,0.47918485985847326,10.065808940938282
0.8630635956480145,0.6712716855040112,10.01661324628941
0.8625095585835837,0.8625095585835837,10.067957968768383
1.1389528879000437,-4.038105693463791,3.640011521041316
1.138387176551543,-3.829120502946099,3.682906030601771
1.1378331943478857,-3.6203783456523637,3.724911189229175
1.137502028183197,-3.4125060845495914,3.750021539684383
1.1374655385586008,-3.205584699574239,3.7527883297713203
1.137700466873567,-2.999392139939405,3.7349751201211063
1.1382776268822015,-2.7939541750744947,3.6912125271063303
1.138220875994988,-2.5868656272613366,3.6955156076094795
1.1382247185223975,-2.3799244114559226,3.695224251727822
1.1382962566859498,-2.1731110354913588,3.689799940462791
1.1383736563903535,-1.9662817701287925,3.683931183597082
1.1385274148649969,-1.7595423684277225,3.672272597680305
1.1388250667538313,-1.5529432728461339,3.6497034344044863
1.0544900122614993,0.4793136419370452,10.044326435675927
1.0525084506505813,0.6697781049594609,10.19457640624735
1.053141028615914,0.8616608415948388,10.146611800881715
1.0524752171748346,1.0524752171748346,10.197096302033287
1.0518134474350715,1.24305225605963,10.247274345136589
1.3475120549882016,-4.042536164964605,3.545260294399114
1.3469222199567426,-3.8335478567999597,3.5831033948932856
1.3463469254803246,-3.624780183985489,3.62001359100519
1.3459005749614341,-3.416516844132871,3.6486508991356033
1.3456666674289097,-3.2088974377150925,3.6636581228296166
1.3454370268435358,-3.001359521420196,3.6783915843677306
1.3452692806375628,-2.794020813631861,3.6891539775651268
1.345178335499643,-2.58688141442239,3.6949889073509183
1.3451509058644129,-2.3798823719139617,3.696748759491186
1.345235150957113,-2.173072166930721,3.691343696483486
1.345324882451928,-1.9662440589682022,3.6855866325678903
1.3454742295191713,-1.7594663001404547,3.6760047058040186
1.2449846539643392,0.47884025152474585,10.123294038436654
1.2429710706033907,0.6692921149402873,10.25248310557852
1.2431585417787476,0.8606482212314408,10.240455182260277
1.2426458460150147,1.0514695620127046,10.27334912086188
1.241893362305136,1.241893362305136,10.321627563365936
1.2411383049202551,1.4320826595233713,10.370071129737767
1.5543311515773428,-3.8340168405574455,3.572531433255122
1.5536554836042928,-3.6251961284100163,3.6101014661551716
1.5530604932953154,-3.4167330852496938,3.643185475424673
1.552768426426336,-3.209054747947761,3.659425644138082
1.5525009745948823,-3.001501884216773,3.674297111349304
1.5522708085361634,-2.794087455365094,3.6870953299173834
1.552139558623959,-2.586899264373265,3.6943933871234833
1.552104739157869,-2.3798939333753992,3.696329498555045
1.5521669853904116,-2.173033779546576,3.6928683414515433
1.552268170463765,-1.9662063492541024,3.687242018040479
1.4351216413044308,0.4783738804348102,10.201090728044804
1.4342222367937338,0.6693037105037424,10.251101470606443
1.431409772718952,0.8588458636313712,10.407486517751394
1.4324829322334858,1.0504874836378895,10.347814252857688
1.4316138373742642,1.240731992391029,10.396139648993937
1.4307457964306405,1.4307457964306405,10.444406442909468
1.4298920854134736,1.6205443634686032,10.491876431545037
1.7610116246052612,-3.6256121683049494,3.6001870662065443
1.7602954142438365,-3.417044039414506,3.635326210311959
1.7598904919768632,-3.2092120736048684,3.655192750447412
1.7595845665113217,-3.0016442605193134,3.6702022498880638
1.7592887054590316,-2.7941644145525792,3.684717963024241
1.7591334542913875,-2.586960962193217,3.692334989314574
1.759062772778336,-2.379908457288337,3.695802808277392
1.6249204597711961,0.47791778228564596,10.277173759148397
1.623936536642626,0.6686797503822577,10.325447588271345
1.6222894093087015,0.8588590990457832,10.40625994154648
1.620598909928095,1.0486228240711204,10.489200240297663
1.6209879122240112,1.2395789917007145,10.470114775370362
1.6200248471814849,1.4294336886895456,10.517365252513585
1.6190740816734264,1.6190740816734264,10.564012282489074
1.8143911708562246,0.47747136075163804,10.351642606521438
1.813290423112698,0.6680543664099413,10.399963360659086
1.812188374888535,0.8584050196840429,10.448341203448933
1.808842639013646,1.0472246857447425,10.595212711086177
1.810035741772959,1.2384455075288665,10.54283774558408
1.8090041584270575,1.4281611777055718,10.588122312845698
1.8079871759530148,1.617672736379013,10.632765929314147
1.8070405595384644,1.8070405595384644,10.67432060821234
2.003507240760084,0.4770255335143057,10.426012317573623
2.0023025875954668,0.6674341958651556,10.473857942551973
2.0011130307104104,0.8576198703044615,10.521103983391413
1.9999435923552125,1.0475895007574922,10.567550969645652
1.9964160823161896,1.2358766223862125,10.70765430178453
1.9977081733161406,1.426934409511529,10.656335878160718
1.9967249282833202,1.6163963705150688,10.695387760049996
1.995742650654258,1.805671922020519,10.734401219230733
2.1922948782418543,0.47658584309605523,10.499358328358795
2.1909928653700894,0.6668239155474185,10.54657408377443
2.1897496162785135,0.8568585455002878,10.591658849295243
2.1885186420291447,1.0466828287965473,10.636298484080385
2.1859549172938553,1.2355397358617444,10.729268532748478
2.184387280368074,1.4246004002400485,10.786116789223769
2.185244380071057,1.6151806287481723,10.75503521482429
2.184222337581974,1.8043575832198915,10.792098218758738
2.3794404624391414,0.6662433294829595,10.615752094318054
2.3781312958823797,0.8561272665176567,10.659429254613656
2.3769608570945544,1.0458627771216038,10.698478100070346
2.375791569784297,1.2354116162878346,10.737488529276575
2.3720513550803846,1.4232308130482307,10.862271702448098
2.373555709454346,1.614017882428955,10.812082575026878
2.37250972997003,1.803107394777223,10.846979138314737
2.566436162895212,0.8554787209650707,10.719532438227759
2.5651918452278357,1.045078159166896,10.757970988888488
2.563992145437206,1.2345147366919882,10.795031236756714
2.5628040822399165,1.4237800456888428,10.831732015500336
2.5585224124401544,1.610921518943801,10.963998225187524
2.5606614064277875,1.8019469156343688,10.897921988457739
2.7508694821430364,1.4228635252463981,10.88269447716739
2.7496959808232426,1.611890747379142,10.916445355953996
2.747886300049088,1.800339300032161,10.968493287575981
0.0,0.0,90.0
