-1.6794435863240689,1.6794435863240689,3.296960184290853
-1.6798443716172462,1.8398295498665078,3.281042056652595
-1.6802372005232475,2.000282381575295,3.2654399355863433
-1.6806256809726157,2.1608044469647916,3.2500105236710937
-1.6811387331871994,2.3215725363061326,3.229633452017353
-1.6817088994792877,2.4825226611360915,3.2069879608603884
-1.6825056828145415,2.6439375015657083,3.1753418424859916
-1.5189241787000503,1.3590374230474134,3.3220874407109022
-1.5191194573183502,1.5191194573183502,3.3135150769166444
-1.5193195279339013,1.6792478992953648,3.3047323534624553
-1.519659655501286,1.8395880040278725,3.2898013934348853
-1.5200212883520317,2.000028010989515,3.273926391944542
-1.5203726812702318,2.1605295996998035,3.2585009042195594
-1.520766604510862,2.3211700805692104,3.2412084153895506
-1.5212458994343303,2.4820327832875915,3.220168270367651
-1.519701641845062,2.6394817989940553,3.28795827196889
-1.5203901830965874,2.800718758335819,3.2577326069841206
-1.3587800701127162,1.1989235912759262,3.3347138453893876
-1.3589454602253734,1.3589454602253734,3.326599376072423
-1.3591136718027195,1.5190093978971573,3.3183464783555934
-1.3592926564142636,1.6791262226293844,3.309565027546668
-1.3595169942294902,1.8393465216046045,3.2985584305437072
-1.3598414239324246,1.9997667999006243,3.2826410650635154
-1.3601604436938157,2.160254822337237,3.2669891253935788
-1.3585403082212333,2.3175099375538686,3.346477187711116
-1.359117657407198,2.478391022330773,3.3181509342282567
-1.3613186495657559,2.642559731509997,3.210164531349875
-1.3619636031677202,2.8040427124041303,3.1785214292930135
-1.1987129364761304,1.0388845449459796,3.3464271544029316
-1.198848815462042,1.198848815462042,3.33887170087435
-1.198988391042619,1.3588535098483012,3.331110700851454
-1.1991358554744036,1.5189054169342444,3.3229110469167864
-1.1992889739966228,1.679004563595272,3.3143970013399127
-1.199446920304567,1.8391519444670026,3.30561451020138
-1.1981163785996436,1.9968606309994057,3.3795983271391776
-1.1983173655993569,2.1569712580788423,3.36842258921331
-1.200266355271564,2.3205149535250236,3.2600504167450026
-1.200567225470285,2.4811722659719226,3.243320745197053
-1.2009455921885883,2.642080302814894,3.222281935275703
-1.2014194097003528,2.80331195596749,3.1959356524627793
-1.0388519495780746,1.0388519495780746,3.348518433688625
-1.0389375091116495,1.1987740489749803,3.343029037748039
-1.0390552828812276,1.358764600690836,3.3354728154824755
-1.0391807519745513,1.5188026375012673,3.3274228705753046
-1.038166427759363,1.6770380756112784,3.3925006824409394
-1.0379748076763007,1.8364169674273012,3.4047947946473442
-1.0396057330471797,1.999241794321499,3.3001566002084672
-1.0398538144912353,2.1596963839433347,3.284239995535259
-1.0400985471747846,2.320219836005288,3.268538243276069
-1.0403390127053662,2.4808084149127962,3.2531102663777176
-1.0406390623381048,2.641622235165958,3.233859445725571
-0.8789846305402972,0.8789846305402972,3.351850306468762
-0.8790069395159203,1.0388263830642694,3.3501587502171617
-0.8790462580161625,1.1986994427493125,3.3471774634018914
-0.8783681546040774,1.3574780571153922,3.398593991229646
-0.8780039470248037,1.5165522721337517,3.4262096746210915
-0.8786215307361949,1.6773683768600083,3.3793819938915846
-0.8794669500376766,1.8388854409878692,3.3152789024367024
-0.8795827742664113,1.999051759696389,3.3064966436046035
-0.8797607936958007,2.159412857253329,3.2929984945288737
-0.8799707538656328,2.31992289655485,3.2770784700569493
-0.8801748924991377,2.4804928788612064,3.2615998578817766
-0.7191864399859133,0.8790056488716718,3.350256612054679
-0.7191697969445783,1.0388008178088353,3.3517989860101522
-0.7181874556989345,1.1969790928315576,3.442836286355856
-0.7185034683437223,1.3571732179825864,3.413550192359338
-0.7193377755608402,1.5186019706284404,3.336231768601621
-0.7194239425583618,1.678655865969511,3.328246345136975
-0.7195124287814484,1.8387539846637013,3.320045990216215
-0.7196064891068978,1.998906914185827,3.3113290620239724
-0.7197098016751755,2.1591294050255265,3.3017546932906043
-0.7198815421582886,2.3196183025100408,3.2858388493697532
-0.5594365273246639,0.7192755351317107,3.341999825949756
-0.5586301511250805,0.8778473803394123,3.4380811903705393
-0.5586061597276791,1.0374114394942613,3.440939814171543
-0.5593655396835713,1.1986404421790813,3.350458147781083
-0.5593905603229407,1.3585199322128558,3.347476887706023
-0.5594500427688017,1.5185072589438904,3.3403894332891326
-0.5595140952770097,1.6785422858310288,3.3327574466476904
-0.5595829085885388,1.838629556790913,3.3245582006066456
-0.5596533851058971,1.9987620896639182,3.3161607802079374
-0.5597270894836871,2.1589473451513643,3.3073787536730492
-0.39930694677433537,0.5590297254840695,3.3904710927274664
-0.3990662299194677,0.7183192138550418,3.43062575678303
-0.3995707921842773,0.8790557428054101,3.346458288536226
-0.39954976611334336,1.038829391894693,3.3499657073051594
-0.3995369813573948,1.1986109440721844,3.3520983688523955
-0.399554852362927,1.3584864980339517,3.3491172555278723
-0.3995822523875,1.5184125590725,3.344546579401154
-0.39962754790918265,1.6784357012185669,3.3369907044401543
-0.3996750316862981,1.838505145756971,3.3290698003588517
-0.3997241894847421,1.9986209474237102,3.3208696480125752
-0.23998182643893184,0.23998182643893184,3.2799135496553617
-0.2396054238112986,0.399342373018831,3.384561539998984
-0.23964140719058533,0.5591632834446991,3.374557390049759
-0.07999326351121258,0.07999326351121258,3.2804795749217135
-0.07995715157099446,0.23987145471298338,3.310599252844767
0.07993285215651562,-0.39966426078257805,3.3308665254809426
0.07991312962786487,-0.2397393888835946,3.347316381323651
0.07998477853793871,-0.07998477853793871,3.2875565876950645
0.2385238067148232,-2.3057301315766243,3.685274253348439
0.23854797607836184,-2.1469317847052567,3.678554652749199
0.23858384546251424,-1.9881987121876186,3.6685821958882627
0.23865529433795174,-1.8296905899242968,3.6487178785909578
0.23873908975098196,-1.6711736282568737,3.6254209594680447
0.23882492719363524,-1.5125578722263564,3.60155631238419
0.23892714004854493,-1.3539204602750878,3.573138950048431
0.23904903838865024,-1.1952451919432514,3.539248601305502
0.2391753133778076,-1.0364263579704998,3.5041414504094917
0.2393071110594057,-0.8774594072178209,3.4674988727582274
0.23929733082030752,-0.7178919924609226,3.470217988650532
0.2392662570846583,-0.558287933197536,3.478857152538964
0.23948335554190311,-0.3991389259031719,3.4184991327232552
0.3975044353209114,-2.464527498989651,3.691153161327648
0.3975304591470982,-2.3056766630531698,3.6868120527727655
0.39755918452540956,-2.1468195964372114,3.682020290614716
0.3976189605841555,-1.9880948029207772,3.6720488760296064
0.3977105638440437,-1.8294685936826007,3.656768275386881
0.3978494368480089,-1.6709676347616371,3.6336024741235065
0.3979918064014336,-1.5123688643254476,3.609853403487577
0.39814133059782253,-1.3536805240325966,3.584910846484348
0.39834442247756896,-1.1950332674327069,3.5510325116742933
0.3981580240961861,-1.035210862650084,3.5821261564838522
0.39816183452759796,-0.8759560359607155,3.581490527568988
0.3985134008284813,-0.7173241214912663,3.5228447517549597
0.556469896281718,-2.78234948140859,3.695479949106371
0.5564601286842756,-2.623312035225871,3.69664377820979
0.5564943228622695,-2.464474858390051,3.6925694723478273
0.5565297372091811,-2.3056231970094645,3.6883497808774166
0.5565668674602642,-2.1467579173467333,3.6839256359346564
0.556637453264086,-1.9879909045145927,3.675515193831515
0.5567272417012019,-1.8292466513039491,3.6648167189115526
0.5569216167291178,-1.6707648501873533,3.6416565389593956
0.5566681791940552,-1.510956486383864,3.6718541367764317
0.556575446627554,-1.3516832275240598,3.682903410701286
0.5567828413901837,-1.193106088693251,3.6581919028746768
0.5573524552700051,-1.035083131215724,3.5903212504490085
0.5581655637379822,-0.8771173144454006,3.4934377225551003
0.7154665764307643,-2.7823700194529724,3.6949905191535066
0.7154513829020721,-2.6233217373075974,3.6963985612580217
0.7154774187210398,-2.464422220039137,3.693985722866458
0.71552164141407,-2.3055697334453367,3.689887437667352
0.7155693780903665,-2.1467081342710994,3.6854634982707495
0.7148878438764709,-1.98579956632353,3.748623866626886
0.714750836638609,-1.826585471409779,3.7613208485749254
0.7149742941139804,-1.6682733529326208,3.7406121942350268
0.7155739839904006,-1.510656188424179,3.685036651992405
0.716463762956195,-1.3533204411394792,3.602577450254188
0.7167657862735161,-1.1946096437891935,3.5745878004534717
0.7171314653744778,-1.035856561096468,3.540698927017658
0.7175097355134221,-0.8769563434052937,3.5056431941920465
0.874537914039946,-2.9416275290434544,3.689018234852142
0.8744656038801766,-2.7823905578005617,3.6945010819750905
0.873978383338095,-2.6219351500142847,3.7314441029269574
0.873356397343378,-2.4612771197858834,3.7786055824828537
0.8732063012712079,-2.3020893397150024,3.789986470315057
0.8734375857628163,-2.1438922559632765,3.772449550006172
0.8740536492891784,-1.9864855665663144,3.725737135819287
0.8747560873567031,-1.829035455382197,3.6724754565496056
0.8749501769156066,-1.670359428657067,3.6577588056249937
0.8752556883967,-1.5118052799579362,3.6345936964552408
0.8755685102252053,-1.3531513339844081,3.6108742873447426
0.8758918260211193,-1.1943979445742536,3.5863591834218056
0.8763386087070891,-1.0356729011992873,3.552482323348954
1.0323842518969921,-3.0971527556909764,3.763478075379851
1.032080097447227,-2.9374587388882616,3.7829922561156764
1.0320682677906863,-2.7786453363595403,3.7837512325368863
1.0322765035260282,-2.620394201258379,3.7703910802252665
1.0334230859112885,-2.464316589480765,3.6968277445194673
1.0334867402847554,-2.3054704206352232,3.6927437570932824
1.0335522768826668,-2.1466085750640005,3.6885390084287764
1.0336212326928507,-1.9877331397939433,3.6841148872503595
1.033748622219667,-1.8289398700809492,3.6759417296586747
1.033906585317268,-1.670156791666356,3.665807008833255
1.0342675567286959,-1.5116218136804014,3.642647520722832
1.0346334998895812,-1.3529822690863753,3.6191690511950156
1.035005532378735,-1.1942371527446942,3.595299897748305
1.192623381728058,-2.9418043415958763,3.685032477367983
1.1925215228586217,-2.78255022000345,3.690696266726846
1.192445377215672,-2.623379829874478,3.6949302905742485
1.1924200546346162,-2.464334779578207,3.6963383345267857
1.192459230288103,-2.305421178556999,3.694160000420254
1.1925325090549062,-2.146558516298831,3.690085387164217
1.1926122267699784,-1.9876870446166301,3.6856527408091466
1.192724540067225,-1.8288442947697447,3.6794076404921725
1.1929038823612599,-1.6700654353057636,3.6694354408970895
1.1932408357317175,-1.5114383919268417,3.650699390471715
1.193658746858465,-1.3528132464395934,3.6274617420889825
1.3514511952675774,-2.623405261401768,3.694287517015269
1.3514193706145543,-2.4643529699441875,3.695848917308979
1.3514249295137226,-2.305371938582233,3.6955761832500116
1.3515079752351054,-2.1465126665498735,3.6915017440514504
1.351595847072459,-1.9876409515771456,3.6871905230444924
1.3516860237337662,-1.828751679169213,3.682766221376582
1.3518870768612523,-1.6699781537697822,3.672902031747256
0.0,0.0,70.0
