-3.566586000449638,-2.5098197780941898,9.823635669186274
-3.565305674705555,-2.2448220914812755,9.863186554998208
-3.563913040872423,-1.9799516893735682,9.906206780098401
-3.302066088869347,-2.7737355146502516,9.834590468785763
-3.2979202161790164,-2.5064193642960526,9.972907434740534
-3.299540186043372,-2.243687326509493,9.918861077480585
-3.298232575433152,-1.978939545259891,9.962486327401493
-3.2970210779787474,-1.7144509605489486,10.002904995477337
-3.2960750188021195,-1.4502730082729325,10.034467960551012
-3.0364531158152968,-2.7724137144400536,9.887088863353597
-3.035218606796706,-2.5073545012668443,9.931856681816996
-3.031321679633563,-2.2405421110335033,10.073173533437782
-3.032996503631406,-1.978041198020482,10.012438281151674
-3.0321470916490036,-1.7138222691929152,10.04324107064626
-3.0314189350120433,-1.449809055875325,10.069646697211539
-3.0308093416271373,-1.1859688728106188,10.091752786013643
-2.7709792977153755,-2.7709792977153755,9.944060086845496
-2.769901260573526,-2.5061011405189046,9.98687685960354
-2.7690367000849645,-2.241601138164019,10.02121490653839
-2.76582628219136,-1.975590201565257,10.148724180637231
-2.7676571793543348,-1.71331158721935,10.076005806912235
-2.76717823537186,-1.4494743137662125,10.09502819015431
-2.7668887839352334,-1.1858094788293856,10.10652443263561
-2.7669351831410514,-0.9223117277136839,10.104681579384504
-2.5058451487825493,-2.769618322338607,9.998114415007535
-2.505119019365345,-2.505119019365345,10.029990129718016
-2.504434462813535,-2.2408097825173736,10.0600408738852
-2.5039259376059095,-1.9767836349520336,10.082364173365008
-2.4254586798112436,-1.659524359870851,13.526929101206022
-2.4274629718840965,-1.405373299511845,13.4389444516422
-2.4280747260013187,-1.1501406596848351,13.412089597326272
-2.428705556148698,-0.8947862575284677,13.384397341190919
-2.2406801477944205,-2.504289576946705,10.066401090738026
-2.240225204294505,-2.240225204294505,10.088721802730475
-2.2399631592980938,-1.9764380817336118,10.101578412166674
-2.1722285766300504,-1.661115970364156,13.424813301646367
-2.170823280802133,-1.4046503581660859,13.493760771925508
-2.1733666367246967,-1.1506058665013097,13.368977111861483
-2.1739798589992634,-0.8951681772349908,13.33889083130029
-2.174716629277581,-0.6396225380228179,13.302742964169596
-2.3545679610456753,2.0775599656285366,4.478768605601601
-2.3539245005560514,2.3539245005560514,4.5103384516815765
-2.35339607395924,2.630266200307386,4.536264435630699
-2.3529992005650717,2.9066460712862647,4.555736077120983
-2.3526594485495864,3.1830098421553226,4.572405195127729
-2.3514560642763427,3.458023623935798,4.631446359105865
-1.976379186673242,-2.239896411563008,10.104853229745714
-1.9763672616720669,-1.9763672616720669,10.105516310880773
-1.9174268033567812,-1.661769896242544,13.382858210117874
-1.9179538456130054,-1.4064994867828706,13.353552403574042
-1.916908513721544,-1.1501451082329264,13.411677333451067
-1.9192099131345204,-0.8956312927961096,13.283709670175014
-1.919894639077063,-0.6399648796923544,13.245635975379727
-2.07900099778797,1.8018008647495742,4.3986410462094625
-2.078043656742347,2.078043656742347,4.451873308230503
-1.9337430338530766,2.1915754383668204,12.475605919050253
-1.9324918434882985,2.4478230017518454,12.545177461647924
-1.931114754994997,2.703560656992996,12.621749479359636
-1.9298652242275942,2.959126677148978,12.691228741235903
-2.0758199687495664,3.4596999479159445,4.575519883738721
-1.7130197251898966,-1.9765612213729575,10.09473132086437
-1.6624847756104042,-1.6624847756104042,13.336992416605696
-1.6630482084063862,-1.4071946378823268,13.300843251529272
-1.6636260647320382,-1.1517411217375648,13.263768690276521
-1.6642227640861311,-0.8961199498925321,13.225485183164565
-1.66487420748254,-0.6403362336471307,13.183689364670045
-1.66554897173333,-0.3843574550153839,13.140397308432952
-1.803435535278704,1.5259839144665954,4.293762566957881
-1.6787768382983934,1.6787768382983934,12.291713427268732
-1.6775117397416448,1.9355904689326666,12.372880616846558
-1.676373343201602,2.192180525725172,12.445918758647835
-1.6752966857956466,2.4485105407782526,12.514995792459445
-1.6741390492417727,2.7043784641597868,12.58926835022126
-1.6730114697186411,2.959943369502211,12.661612485332228
-1.67210546706235,3.2155874366583657,12.719740517309575
-1.6715383391585132,3.471656550559989,12.75612675602595
-1.6702365302675983,3.7259122598277195,12.83964923613577
-1.4500164958071657,-1.713655858681196,10.053917767319732
-1.4079492602995898,-1.4079492602995898,13.243624744993
-1.408469395914341,-1.1523840512026426,13.204185970857026
-1.4077471951842195,-0.8958391242081397,13.258946134684166
-1.4096188231549602,-0.6407358287068001,13.11703177483028
-1.4102045584889622,-0.3846012432242625,13.072618966158814
-1.4221218076087803,1.4221218076087803,12.16900521038184
-1.420961267533016,1.6793178616299282,12.257002026261688
-1.41989040194104,1.9362141844650547,12.338199362137516
-1.418861751818152,2.1927863437189625,12.416195751369457
-1.4179464331471965,2.4491802027087943,12.485598894131613
-1.4170131598816071,2.7052069415921594,12.55636342646676
-1.415182352367079,2.959017645858438,12.69518261516329
-1.413853347162729,3.2133030617334755,12.795953134607458
-1.4137939257750356,3.4702214541750873,12.800458703196952
-1.4142093331546324,3.72837006013494,12.768960845035139
-1.1526297526483482,-1.4087696976813144,13.181415883163723
-1.153097600032252,-1.153097600032252,13.138058686269801
-1.153576649471705,-0.8972262829224372,13.093663352272245
-1.1531094465472749,-0.6406163591929305,13.136960824655048
-1.154545430953316,-0.3848484769844387,13.003882686844747
-1.1649513912857477,1.1649513912857477,12.039522755537789
-1.163972071189213,1.4226325314534825,12.130280074502224
-1.1629945100479875,1.6798809589582042,12.22087438438659
-1.1621028967838802,1.9368381613064667,12.303503577527664
-1.1612271698789267,2.193429098660195,12.384660521329607
-1.1594075865075755,2.4476382381826594,12.553288234577252
-1.1592900927295158,2.70501021636887,12.564176829970563
-1.1588987384226337,2.9616301093022863,12.600445122414968
-1.1581296656025144,3.2170268488958738,12.67171802643216
-1.1575473786651964,3.472642135995589,12.72568077210235
-0.8974224914587193,-1.153828917589782,13.070284706068747
-0.8978003979983427,-0.8978003979983427,13.025256373177342
-0.8978725566200049,-0.6413375404428606,13.016658526629271
-0.89867362458626,-0.3851458391083971,12.921209649006983
-0.9064048832705495,1.165377707062135,12.00001445071075
-0.9056355523059162,1.423141582195011,12.091681800033939
-0.9042568623813344,1.6793341729939069,12.255955508924956
-0.9033553188161013,1.935761397463074,12.363376258541734
-0.9034676912817112,2.194135821684156,12.349986850688794
-0.9028272416091092,2.450531084367582,12.426297731910537
-0.9022456965024842,2.7067370895074525,12.495590014279017
-0.9016417870157981,2.9625373001947652,12.56754705802291
-0.901017151260159,3.217918397357711,12.641973678871622
-0.6418563248078663,-0.3851137948847198,12.930118629348158
-0.6482413784070601,0.9075379297698842,11.865009655598342
-0.6471271303136706,1.1648288345646072,12.050880553127314
-0.6466784948539852,1.4226926886787674,12.125718711747254
-0.6465725610647791,1.6810886587684257,12.14338982879488
-0.6460292459115801,1.93808773773474,12.234021776711444
-0.6455420570366821,2.1948429939247194,12.315291140312468
-0.6450556034229501,2.4512112930072103,12.396437852904583
-0.6446379390435594,2.70747934398295,12.466109637423472
-0.6442251672674131,2.9634357694301,12.534965272862408
-0.6437656445569968,3.218828222784984,12.61161956478064
-0.3858333864283514,-0.12861112880945047,12.730056771696383
-0.38913921074395097,0.6485653512399182,11.81096682476418
-0.38888606055724456,0.907400807966904,11.881347997341294
-0.388746728835767,1.1662401865073009,11.920085199404483
-0.38841093535561316,1.4241734296372481,12.013442977190337
-0.38808233491601263,1.6816901179693882,12.104800935678682
-0.3877567444105842,1.9387837220529207,12.19532206801587
-0.38745003107057036,2.1955501760665657,12.28059494415345
-0.3871580505810358,2.4520009870132267,12.36177177238514
-0.3868896323061896,2.7082274261433272,12.436397800398737
-0.12872125631091455,-0.12872125631091455,12.638203361036801
-0.13009218683115595,0.13009218683115595,11.494759240472959
-0.12997775921141727,0.38993327763425184,11.590199226007229
0.1300051233292465,-0.3900153699877395,11.567375793904532
0.13009099438310545,-0.13009099438310545,11.495753818748298
0.12874106121185697,0.12874106121185697,12.621684801411348
0.3880770991892983,-2.19910356207269,12.106256579817227
0.38824664140924,-1.9412332070461995,12.059120212287453
0.3884409743020063,-1.6832442219753607,12.005091506872901
0.38868099411227586,-1.4251636450783447,11.938360860104297
0.3889724897331111,-1.1669174691993331,11.85731883575346
0.3892806648970684,-0.6488011081617806,11.771639541257741
0.38585580972942385,0.12861860324314126,12.723822613850956
0.6458879342965383,-2.9710844977640765,12.257594369632983
0.646138594510894,-2.7137820969457547,12.215781025465304
0.6463982350943647,-2.456313293358586,12.172469640351906
0.6466671575915286,-2.1986683358111976,12.12760991278303
0.6469448452615323,-1.9408345357845969,12.081288041771955
0.6472422999025076,-1.6828299797465198,12.031668786042246
0.6475999148212641,-1.424719812606781,11.972014023056005
0.6474852392343585,-1.1654734306218453,11.991143384272107
0.6484318539629839,-0.9078045955481775,11.833235885692943
0.6424223304391856,0.38545339826351144,12.83570161816013
0.9038786498415661,-3.2281380351484503,12.30102030235608
0.9040840099339987,-2.9705617469259957,12.276551229622157
0.9044273681544419,-2.7132821044633255,12.235639399235396
0.9047849498668983,-2.4558448639244386,12.19303281084342
0.9051567148901727,-2.198237736161848,12.148736252117388
0.9055398303602489,-1.9404424936291045,12.103087264567094
0.9052316650970137,-1.681144520894454,12.139805782516945
0.9058807429156107,-1.423526881724531,12.062466840149483
0.9069642453437305,-1.1660968868705106,11.933365321899359
0.8990399680315803,0.38530284344210586,12.877559082322136
0.8992311979203732,0.6423079985145523,12.854773652093954
0.8989531989955837,0.8989531989955837,12.887897789457
1.161744397959181,-3.485233193877543,12.336727027446358
1.162006334331812,-3.2277953731439224,12.312452387312462
1.1622708133144795,-2.9702476340258923,12.28794211383368
1.1626288880848064,-2.7128007388645488,12.254757962646877
1.1630811819943383,-2.455393606432492,12.212842165392942
1.162583606311671,-2.19599125636649,12.258954396828372
1.1632569944024782,-1.9387616573374638,12.196548960689071
1.164536210282225,-1.6821078592965473,12.077999158603575
1.1650786863672145,-1.4239850611154843,12.027725836070744
1.1657337176820624,-1.1657337176820624,11.9670215921941
1.155864493875279,0.385288164625093,12.881640107767339
1.15457311745347,0.6414295096963721,13.001316873547992
1.1552157176134392,0.8985011136993417,12.941764672085668
1.1549177744221881,1.1549177744221881,12.969376201081488
1.4197664983204679,-3.484881404968421,12.347594232951579
1.420080827105057,-3.2274564252387656,12.323760560370303
1.4193456756950227,-2.9677227764532295,12.379502696832077
1.4195552661355824,-2.7100600535315666,12.363610706720507
1.4212804300156168,-2.454938924572429,12.23280184325752
1.4218436965877355,-2.1973948038174096,12.190092706474502
1.4224295784259822,-1.939676697853612,12.14566878926199
1.4230329626393678,-1.6817662285737984,12.099917771577282
1.4236578070550283,-1.4236578070550283,12.052539555049748
1.4120055230680424,0.38509241538219346,12.93606258884705
1.4111314717512602,0.6414233962505729,13.002336674851179
1.4112803722606022,0.8980875096203833,12.99104643940079
1.4109785845416634,1.1544370237159065,13.013929197948173
1.4106767085000544,1.4106767085000544,13.036818653475592
1.6764974876565026,-3.7398790109260442,12.437953800935887
1.6762534329585073,-3.4814494376830534,12.453612054463932
1.678101398426306,-3.227118073896742,12.335048830549113
1.6784797511017397,-2.969618021180001,12.310774181613368
1.6788619620520115,-2.7120077848532493,12.286251990441812
1.6793970497710777,-2.454503380434652,12.251921411134362
1.6800519603463293,-2.196991025068277,12.209903142648955
1.680730992963203,-1.9393049918806187,12.166337233218954
1.6814333695425525,-1.6814333695425525,12.121273603459073
1.667961997508774,0.3849143071174094,12.985580500266636
1.6675937637810314,0.6413822168388582,13.009205929786887
1.665680046268818,0.8969046402985943,13.131987725152655
1.6668810031597336,1.1539945406490462,13.054935787088425
1.666525297393236,1.4101367901019688,13.077757437804252
1.719755582499053,1.719755582499053,9.662566882556419
1.7197863913058455,1.9843689130452062,9.660590226865622
2.0922978639337417,-4.045109203605235,3.65927834368388
1.9356789522453537,-3.484222114041637,12.367960565724772
1.9360742233524426,-3.2267903722540714,12.345981799392646
1.9365040301432757,-2.9693061795530227,12.322082701142705
1.936943598405395,-2.7117210377675534,12.297640823285008
1.937422098001681,-2.4540679908021295,12.271034196521327
1.938165348257114,-2.1965873946913965,12.229706299294605
1.9389334283333441,-1.9389334283333441,12.18699775769602
1.923820176938037,0.38476403538760745,13.027359258901015
1.9234089880586749,0.6411363293528917,13.050223121540583
1.9229985221813826,0.8973993103513119,13.07304678216876
1.922239640309594,1.1533437841857566,13.115243864208395
1.9223094840281776,1.4096936216206637,13.111360254344206
1.9219997695072284,1.6657331335729315,13.128581708084525
1.984472855387261,1.984472855387261,9.654810587506546
1.984595305778146,2.2492080132152323,9.648001821370414
2.3711377897219976,-3.486967337826467,3.6658096915455047
2.3699534136296196,-3.206407559616544,3.7239182647059295
2.368960279090377,-2.926362697699877,3.7726440296070507
2.368115473392968,-2.6467172937921406,3.814092395535866
2.367278954743882,-2.367278954743882,3.8551341773087984
2.179071576440651,0.6409034048354856,13.089077923593749
2.1786951176996103,0.8971097543468983,13.107547969077132
2.176497001545773,1.1522631184654093,13.215393267679772
2.177996475168572,1.4092918368737815,13.141825189707546
2.177656352736237,1.6652666226806516,13.15851248132887
2.2492870374912046,1.9846650330804743,9.64412468474859
2.2496796169316307,2.2496796169316307,9.624863715802945
2.2501098838088818,2.51482869366875,9.603753703133677
2.4343098326311683,0.8968509909693778,13.138380151856268
2.433929685048082,1.152914061338565,13.155067915248353
2.432186606619867,1.4081080354115019,13.231585777463152
2.4332183558700113,1.6648336119110603,13.186293927317536
2.5146152142369718,1.985222537555504,9.613125048382457
2.5151316173083016,2.250380920749533,9.59045592551358
2.5156693875293716,2.5156693875293716,9.566848824987872
2.778383391163086,0.9261277970543621,9.649989155220538
2.689396746760036,1.152598605754301,13.184302384326926
2.6872179778661316,1.4075903693584497,13.270837299499291
2.6889086838117366,1.6645625185501227,13.203686948677927
2.780217204841227,1.9858694320294477,9.577154945257377
2.7809821498393834,2.2512712641556916,9.546773361092036
2.781870332117882,2.516930300487608,9.511497119383904
3.0435182827641496,0.926288173015176,9.630880033270685
3.044086787080621,1.191164394944591,9.610263984580726
3.044722387140237,1.456171576458374,9.587214798502941
3.04541888755415,1.7213237190523458,9.561957142527817
3.043558399831258,1.9849293911942985,9.62942524148663
3.047377956862322,2.252409794202586,9.49091411422691
3.04844213618968,2.518278286417562,9.452323074208351
3.3098795586465846,1.1915566411127705,9.573913039956992
3.3108397104292857,1.4567694725888856,9.541879909333119
3.3118999656344976,1.7221879821299388,9.506507071314076
3.3130231978445472,1.987813918706728,9.469033158591415
3.313024245897358,2.2528564872102037,9.468998192856617
3.3154394881714775,2.519734011010323,9.388419504518922
3.577524284889398,1.457509893843829,9.485738192036663
3.57878032224255,1.723116451450117,9.44693760542063
3.580081136234929,1.9889339645749604,9.406753811637756
3.5786728052044423,2.253238432906501,9.450258943069812
3.582815201621552,2.5212403270670185,9.32229506478491
3.847581902071736,1.9901285700371045,9.340328631955572
3.8491072991506785,2.256373244329708,9.296456937016302
3.847758256691731,2.5209450647290654,9.335256525684784
0.0,0.0,120.0
