-2.9843697098184236,-1.8991443607935425,9.742617276810286
-2.984915234631734,-1.7909491407790405,9.734344499754627
-2.989849907591072,-1.6851881297331497,9.659511149851703
-2.9896023091564685,-1.5763357630097745,9.663265931666984
-2.9893547517272077,-1.4675014235751749,9.667020091644275
-2.8812225557168625,-1.9026941405677393,9.658024580678045
-2.8749777880221226,-1.7900805095232086,9.756298871482983
-2.8769167319273428,-1.6827248809386344,9.725785592765412
-2.880506842818302,-1.576126385693033,9.669287798297049
-2.880268350881391,-1.467306518373539,9.6730409604815
-2.880026299212058,-1.3585029713264427,9.676850142392603
-2.8797881555717724,-1.2497193882669955,9.680597823411787
-2.879550051311478,-1.1409537939158685,9.684344884705645
-2.772358459224953,-2.011318882182809,9.660293186849756
-2.772128875905883,-1.9024413854256061,9.664047838540341
-2.7683340216100345,-1.7912749551594342,9.726109647539054
-2.76588188856192,-1.6812223244199904,9.766212323691342
-2.7714367880172044,-1.5759150363235084,9.67536638281343
-2.7712076159257677,-1.4671099143136417,9.679114309204735
-2.7709784817320062,-1.3583227851627482,9.682861615809855
-2.7707493854157663,-1.2495536444031887,9.686608302958383
-2.7705170642192636,-1.1408011440902848,9.690407730446154
-2.770279687667026,-1.0320649816798724,9.6942898342365
-2.7700423517879185,-0.9233474505959729,9.698171272850317
-2.6632846979078337,-2.011051710665099,9.666315841133525
-2.663064176450918,-1.9021886974649418,9.670069495440892
-2.6628401667250703,-1.793341336774027,9.67388252608238
-2.658119380556168,-1.6816673632090042,9.754238422442484
-2.6568343439797584,-1.5724121627635304,9.77611195415065
-2.662179677777591,-1.4669153326529585,9.68512518345166
-2.661959587561178,-1.358142646714887,9.688871497304312
-2.6617315486835187,-1.2493841963208352,9.69275311103636
-2.661503504625197,-1.1406443591250843,9.69663481295219
-2.6612754996389123,-1.031923152921211,9.700515849794776
-2.6610475337146244,-0.9232205729214004,9.704396221735024
-2.6608387578517667,-0.814542476893398,9.707949945839026
-2.55423991014847,-2.0107846101168807,9.672336895603372
-2.554025209151649,-1.901933666389526,9.676146989719193
-2.5538140185517055,-1.7931034598341764,9.679894788164844
-2.553602862875287,-1.684291249981572,9.683641966855944
-2.548042547704538,-1.5721964656049277,9.782315584714866
-2.548776204934475,-1.4641905858134219,9.769296068568174
-2.552957294790946,-1.3579560078675244,9.69509824882919
-2.5527385812957157,-1.2492124972298184,9.698979548932904
-2.5525199052620873,-1.1404876172447622,9.70286018424126
-2.5523028088417763,-1.0317819865530584,9.706712787656436
-2.5521267106388086,-0.9231096612948881,9.709837834753891
-2.5519506367342406,-0.81445233087263,9.712962450650785
-2.5517745871230444,-0.7058099921829698,9.71608663543634
-2.445221123575234,-2.010515146050748,9.678411229148068
-2.4450189400109394,-1.9016813977862863,9.682158653161729
-2.444816789879052,-1.7928656459113046,9.68590545751372
-2.4446146731712797,-1.684067885962437,9.689651642357717
-2.444403721535978,-1.5752823983231858,9.693561580470679
-2.439094375763526,-1.4634566254581156,9.791969034676498
-2.4409201269910294,-1.3560667372172386,9.758129172288179
-2.443775566890921,-1.2490408452998039,9.705204276598764
-2.4435923164495668,-1.1403430810097979,9.708600779706416
-2.443423725842507,-1.0316677953557252,9.711725566291214
-2.443255158496964,-0.9230075043210754,9.714849921729346
-2.4430866144081245,-0.8143622048027082,9.717973846110048
-2.44292685458458,-0.7057344246577675,9.720934956234196
-2.3362347301593065,-2.010248488741729,9.68442229199723
-2.3360415837738047,-1.9014291960949576,9.688168722066195
-2.3358427841110005,-1.7926235319921633,9.69202480786607
-2.3356426573655678,-1.6838354041472696,9.695906634879009
-2.335442564902797,-1.5750659158646771,9.699787796916546
-2.332030615593049,-1.4642982935119144,9.765968841177937
-2.3301862222089778,-1.3547594315168476,9.801744249633707
-2.3348908865919196,-1.2488951253863756,9.71048861436595
-2.334729802329724,-1.1402168802075394,9.713613140470642
-2.3345687402939093,-1.0315536294321923,9.716737235453714
-2.3344077004816266,-0.9229053699578523,9.719860899370424
-2.3342724401474677,-0.8142810837723724,9.722484522803576
-2.3341402168401673,-0.7056702981144691,9.725049237504301
-2.3340080085114203,-0.5970718161308284,9.727613661668379
-2.2270836502828826,-1.9011689697536804,9.694370021643508
-2.2268928515045667,-1.7923771731622125,9.698251446954849
-2.226702085415688,-1.6836040158021053,9.702132207263993
-2.2265113520078454,-1.574849492883598,9.706012302741826
-2.226352118496703,-1.466134321936853,9.709251594869485
-2.2216665139497667,-1.3546747036279063,9.80457098972088
-2.2223393277842023,-1.2466781594886986,9.79088391756111
-2.2258913809960807,-1.1400907073394557,9.718624391763619
-2.225751541365768,-1.0314458362426728,9.721469153587655
-2.225625462325326,-0.9228203136470863,9.724033983316232
-2.2254993975677215,-0.8142070966711177,9.726598522488622
-2.225373347090528,-0.705606183223826,9.72916277115418
-2.225271745001051,-0.597024126707599,9.731229665529838
-2.1181543022273224,-1.9009077071270843,9.70059601632154
-2.1179728605828125,-1.7921308820316106,9.704476374964663
-2.11780742107103,-1.6833853859795365,9.708014507796264
-2.117661305430376,-1.5746712271148948,9.71113937524683
-2.1175152099534102,-1.4659720684292838,9.714263811471483
-2.1163957206197788,-1.3566639234742173,9.738205504258566
-2.1128177132022627,-1.2460207026577446,9.814725710219115
-2.1171058409899723,-1.1399800682253698,9.723018683594645
-2.116985920354705,-1.0313521150446,9.725583337783078
-2.1168660133098114,-0.9227364673401742,9.728147701324211
-2.11674611988777,-0.8141331230337576,9.730711773523453
-2.1167224730737377,-0.705574157691246,9.731217490496313
-2.1167234154060997,-0.5970245530632587,9.731197337529032
-2.116724357739301,-0.4884748517859924,9.73117718454381
-2.429887574787472,2.803716432447083,3.0337864104268064
-2.00925679382902,-1.900648318486911,9.706777353140751
-2.009118163727369,-1.791916200081167,9.709902391253813
-2.0089795527548957,-1.683199084740588,9.713026998151655
-2.0088409609069084,-1.5744969693594688,9.716151173940034
-2.00870238817945,-1.4658098508336526,9.719274918708173
-2.0085813525066896,-1.35714956250452,9.72200333833645
-2.0048847666675864,-1.2462797198203914,9.805332799238585
-2.00455710808746,-1.1377216018874772,9.812718969621294
-2.008240063355553,-1.0312584109123109,9.729696772822713
-2.0081722487504563,-0.9226737359123718,9.731225468416419
-2.0081731427577667,-0.8141242470639595,9.731205315456236
-2.008174036765873,-0.7055746615663878,9.73118516247812
-2.0081749307747754,-0.5970249794195277,9.731165009482055
-2.0081885225089215,-0.48847828925892683,9.73085862084983
-2.2997290104292145,2.4240386866686316,3.158872267237186
-2.3011836226826663,2.549960230540252,3.1260819953004244
-2.3026658018393076,2.6760710670024386,3.092670302603672
-2.3043859152938424,2.8026315186006188,3.0538950291227565
-2.306163562879793,2.9294510123067643,3.0138228053306477
-2.3079190591033854,3.0564333485423205,2.974249923678549
-2.309627792188009,3.1835410108537414,2.9357311896453453
-2.311339057428327,3.3108370282081436,2.8971553750577783
-1.9004379668899127,-1.9004379668899127,9.711790117271967
-1.9003068593320716,-1.7917178959416675,9.71491446371219
-1.9001757698626986,-1.683012824735533,9.71803837909686
-1.900051996548029,-1.5743287971397955,9.72098794753861
-1.8999443658131516,-1.4656713679130027,9.723552831736825
-1.8998367473107949,-1.3570262480791393,9.726117424429091
-1.8997291409994121,-1.2483934355138993,9.728681726605487
-1.895678882498349,-1.1374073294990092,9.82520103440254
-1.8974944998696543,-1.0300684427863838,9.781934133819114
-1.8996237540530903,-0.9226743948257866,9.731193140409616
-1.8996245997368888,-0.8141248284586665,9.731172987420656
-1.899625445421688,-0.7055751654423413,9.731152834407844
-1.8997835295495675,-0.5970748235727211,9.727385625329063
-1.9000248141695506,-0.48857780935788436,9.721635714676026
-2.1729267342640664,2.1729267342640664,3.2182719375010578
-2.173836000178085,2.2980552001882613,3.196603760864541
-2.1748898925862683,2.42344873745327,3.171489076035492
-2.1760921612638375,2.5491365317662096,3.1428385243448673
-2.1774933166836017,2.6752060747827104,3.1094484206771185
-2.178981345377212,2.8015474440564154,3.0739880915520175
-2.1806616027810004,2.928317009448772,3.0339468740613427
-2.1823467934116274,3.0552855107762786,2.993788095768174
-2.183971326742965,3.1823582189683197,2.9550748055935543
-2.185588888027603,3.3096060304417985,2.916527662128111
-2.187267812964886,3.437135134659106,2.8765181978563277
-2.1889123617426383,3.564800131980868,2.837327931450993
-2.1907590165640025,3.692993770779318,2.7933213958060747
-1.79151963568835,-1.79151963568835,9.71992542696163
-1.791416287845798,-1.6828456037339312,9.722537509980143
-1.7913148144213582,-1.574185746006648,9.725102217692132
-1.7912133524920382,-1.4655381974934856,9.727666634868712
-1.791111902055885,-1.356902956102943,9.730230761559241
-1.7910727122429129,-1.248323405502636,9.731221271302218
-1.7882874283950414,-1.1380010907968443,9.801618412269221
-1.7873564230816186,-1.0290840011682045,9.825149267962843
-1.7910751043194748,-0.9226750537403354,9.731160812347177
-1.7911344278512653,-0.814152012659666,9.72966142942672
-1.7913619019057643,-0.7056880219628768,9.723912096879111
-1.791589433746007,-0.5971964779153356,9.71816130381567
-1.7918170233940163,-0.4886773700165498,9.712409049679785
-2.0477687737681545,2.0477687737681545,3.243312025472356
-2.0484282657225896,2.1725754333421405,3.2266435813859644
-2.0491183386646097,2.297496319108805,3.209202212810901
-2.050111525275199,2.422859075325235,3.184099745108874
-2.0511056752332295,2.548343414683709,3.1589729291144124
-2.052401724924964,2.6743416415688928,3.1262156958008234
-2.0537236618919517,2.8005322662162975,3.092804170047131
-2.055256769761408,2.9271838842056415,3.0540553685968916
-2.0568422295125375,3.0540990680640707,3.013983390409436
-2.058408197773474,3.181176305649914,2.974404053280388
-2.059932193923803,3.3083759478170167,2.935885547559735
-2.0614584486914302,3.4357640811523833,2.8973099560234132
-2.06305297218221,3.563455133769272,2.857008894772008
-2.064707190396846,3.6914461888913306,2.8151990688417357
-2.0664515186218826,3.819804322301055,2.7711117417836917
-1.6827880145021177,-1.791354983179674,9.724086965424831
-1.68269269750609,-1.68269269750609,9.726651497609318
-1.6825973913073997,-1.574042720900471,9.729215739288229
-1.6825225543763511,-1.4654228699406933,9.731229249220988
-1.682523303409378,-1.3568736317817567,9.731209096264173
-1.6825240524432952,-1.2483242969740578,9.731188943283406
-1.6825248014779162,-1.1397748655172981,9.731168790283704
-1.679033012788871,-1.0290847497738242,9.825116405585142
-1.6803110237355368,-0.9214608839840042,9.790731140192342
-1.682923635748343,-0.8143178882653274,9.720438035377299
-1.683137410584538,-0.7058318173419031,9.714686359700309
-1.6833512397228672,-0.5973181818371465,9.708933223008216
-1.6835674764426503,-0.488777654451092,9.703115309619598
-1.683785332102374,-0.38020959111989094,9.697253838169395
-1.9224759992193394,1.7984452895922856,3.2752103048073593
-1.922929871636621,1.922929871636621,3.2629987321573637
-1.9233839584072894,2.0474732460464695,3.2507813922656226
-1.923970046450713,2.1722242459927408,3.235012518791379
-1.9245897679365789,2.297091013343659,3.218338727524795
-1.9253938641621948,2.4222697000750197,3.1967042789378795
-1.9263273081003751,2.5477232139392063,3.1715896915962247
-1.927390948172032,2.6734777668192704,3.1429721384823424
-1.9286319651465793,2.7996270461805186,3.109582206934334
-1.9299489511133672,2.9260516355589763,3.074148307009814
-1.9314371699123274,3.0529168169581955,3.034107336704899
-1.9329299919079939,3.1799815995905707,2.993942516020766
-1.9343688708663644,3.3071467792231397,2.955229048831171
-1.935801559628101,3.434486638049857,2.9166821307268194
-1.9359949601956514,3.5597326687468436,2.9114786308196443
-1.9355146009723667,3.6837213373345046,2.9244028388787555
-1.936518465727583,3.810568593851051,2.8973935584679396
-1.9382460544031657,3.9390161750774015,2.8509122702954954
-1.5739888629938272,-1.6825398190623668,9.730764737698522
-1.5739731354784978,-1.5739731354784978,9.73121707418467
-1.5739738361874336,-1.4654239164503693,9.731196921210021
-1.5739745368969935,-1.3568746007732702,9.731176768217416
-1.573975237607177,-1.2483251884470714,9.73115661520687
-1.5740688524292341,-1.139842962103928,9.728464174679893
-1.5723463986621642,-1.0301579853303833,9.77800338467253
-1.5711986143524874,-0.9210474635859408,9.811014620753518
-1.5746687408205569,-0.8144838314589087,9.71121088315008
-1.574869556289545,-0.705976007991865,9.70543526241751
-1.5750733358686633,-0.5974416101570792,9.699574391400155
-1.5752771681905509,-0.48887912116258475,9.693712003456675
-1.575481053275687,-0.3802885301010279,9.687848097998064
-1.7982242606663568,1.7982242606663568,3.2815672814562333
-1.7986567095949344,1.9227019999118262,3.2691296888232912
-1.799081399765643,2.047230558354008,3.2569152445515357
-1.7995520569332342,2.1718731721608,3.2433787510295673
-1.8001316089743709,2.296719639036266,3.226710349928524
-1.8007368649565714,2.4216806114933203,3.20930268199875
-1.8016096619242157,2.547103315134236,3.184200311712999
-1.8024833055641063,2.6726476599743645,3.159073590425791
-1.8036211095912533,2.7987224114347033,3.1263493956120243
-1.8047828060028948,2.9249928235219325,3.092938035850594
-1.8061291621734608,3.0517354809137784,3.0542157070812053
-1.805524040640589,3.175231933540346,3.0716195081359032
-1.8055798653793649,3.2998528574174597,3.070013941989586
-1.8067079306879463,3.426515040959898,3.037569840861522
-1.8081387738397794,3.5539279347885318,2.9964175958954584
-1.810589267578759,3.683612647832647,2.9259393478043876
-1.8144335873990964,3.8165672010808582,2.815373496633512
-1.8159659797363794,3.945029542185927,2.7713006122176367
-1.4654236581921531,-1.6825234594058052,9.731204899133807
-1.4654243105766858,-1.573974259508292,9.731184746148315
-1.4654249629617992,-1.4654249629617992,9.731164593144868
-1.4654387119214383,-1.3568876962235539,9.730739870346603
-1.465624818189121,-1.2484952154944362,9.724990811737094
-1.4658109717113261,-1.1400752002199201,9.719240293375456
-1.4659971725218013,-1.031627639922749,9.713488314219191
-1.4634941349029897,-0.9214592701241047,9.790810320358716
-1.463577056087333,-0.8130983644929627,9.788248779822254
-1.4665622317036906,-0.7061225560054807,9.69603291954079
-1.4667520362993884,-0.5975656444182693,9.69016961488905
-1.4669418900310136,-0.4889806300103378,9.684304792366206
-1.4671628835723232,-0.38037556240763937,9.67747802163391
-1.6735961552141994,1.6735961552141994,3.300492483208693
-1.6740039870208567,1.798004282355735,3.2878940415307625
-1.6744129973889443,1.9224741821873061,3.275259192595726
-1.6748083048760105,2.0469879281817907,3.2630476430320243
-1.675203799020893,2.171560480212269,3.2508303273716734
-1.675713686202352,2.2963483847958157,3.2350792657500094
-1.6762534423223205,2.421254972243352,3.218405514741079
-1.6769526922868134,2.5464837179170132,3.196804796621123
-1.6777656887701387,2.671997208041332,3.171690304292831
-1.6786910166741862,2.7978183611236433,3.1431057519312873
-1.677377422018463,2.9198792161062133,3.183684356611991
-1.677594851739123,3.0445239901932233,3.176967676818826
-1.678955560794743,3.1713605037234034,3.1349336485796826
-1.6814870035080254,3.3006967105898273,3.056734173051545
-1.684767894456847,3.431934599819503,2.955383291154547
-1.6860157129402074,3.5593665050959933,2.9168365958487
-1.6873107316994191,3.6870864137135455,2.876831824167276
-1.6885793690320439,3.814938574479803,2.8376420082073324
-1.690002795944724,3.9433398572043554,2.793670545831283
-1.3568753306376653,-1.5739753835396917,9.731152418065783
-1.3569917953206492,-1.4655511389463012,9.727266856980222
-1.3571641423571612,-1.3571641423571612,9.721516916988762
-1.3573365331776874,-1.2487496105234723,9.71576551625008
-1.3575089677989145,-1.140307532951088,9.710012654207475
-1.3576827514597456,-1.0318388911094065,9.70421478473726
-1.3578584329785377,-0.9233437344254056,9.698353597848829
-1.3552114517103073,-0.8131268710261843,9.786663694493775
-1.3563987498738532,-0.7053273499344037,9.747052376942136
-1.3583857505005645,-0.5976897302202483,9.68076093034805
-1.358636032376226,-0.48910897165544137,9.67241088386551
-1.549272110056718,1.549272110056718,3.31230148451462
-1.549480366507437,1.6734387958280321,3.3053535141943655
-1.549814101602413,1.797784357858799,3.2942192538787083
-1.5501918153195235,1.922237850996209,3.2816177537236086
-1.5505646632681924,2.046745355514014,3.2691785881065343
-1.550930774786166,2.1713030847006323,3.256964167127009
-1.5513359801074813,2.2959772505590723,3.2434454764147347
-1.551835592647622,2.42086352453029,3.2267771182988696
-1.5523563549192079,2.545864422067501,3.2094031507968097
-1.5506924151574326,2.667190954070784,3.2649164568172893
-1.5509361676491273,2.791685101768429,3.2567842473614164
-1.5522499359307478,2.9182298795498056,3.212953561700189
-1.555843234120081,3.0494527388753587,3.0930719009635865
-1.5570030925157596,3.1762863087321493,3.0543760445757187
-1.5582041836878178,3.3033928694181736,3.0143045568183595
-1.5593909102383885,3.4306600025244545,2.974712309744362
-1.5605454392391434,3.5580436014652466,2.9361942556652636
-1.561701679330619,3.6856159632202607,2.8976191152029926
-1.5629095111943379,3.8134992073141847,2.857322740651327
-1.248845445037152,-1.3574407011273393,9.712290205785486
-1.2490041092405961,-1.2490041092405961,9.706536460653247
-1.2491657703035965,-1.1405426598424142,9.70067403841734
-1.2493274226027713,-1.032053088237072,9.694811933989861
-1.249489116746939,-0.9235354341173029,9.688948312109673
-1.2480248749281069,-0.8139292662574611,9.742047083317388
-1.2472464766705136,-0.7049653998572469,9.77027465505919
-1.2500849114805828,-0.5978666967950613,9.667342612940573
-1.2503163232294183,-0.48925421343759845,9.65895077537101
-1.4252341791008853,1.5491675859792233,3.31578867631913
-1.4254257491840494,1.6733258794769277,3.3088416434688597
-1.4256545932615006,1.7975644871558052,3.300542919067915
-1.4260020048633222,1.9220027022070862,3.287944501973982
-1.42634958595516,2.0465015798487083,3.2753399385512907
-1.426687207250876,2.1710457501643767,3.263096553814215
-1.4268144289260558,2.295310168272351,3.2584830299166327
-1.4249709590433612,2.41625510446483,3.3253339996612183
-1.425278546734133,2.540713931134759,3.314179743438963
-1.4264340286130637,2.666811444798337,3.272277738500364
-1.4292050344965077,2.7962707196670804,3.1717909162228963
-1.4299923667603935,2.9221583146842827,3.143239364691695
-1.430913112104469,3.0484670649182166,3.1098497662409272
-1.4318887728291432,3.1750577136646223,3.074468734959389
-1.4329929216432298,3.302114123786573,3.0344282549618953
-1.4341008323989577,3.429371555736638,2.994251353182186
-1.4351683975286165,3.5567216808317883,2.955537531571565
-1.4362313478432875,3.6842456314240857,2.9169910600543716
-1.4373344474623757,3.812060925878475,2.876988627710247
-1.1406318224565437,-1.249263424595262,9.69713273613796
-1.1407794411143903,-1.1407794411143903,9.691269715020681
-1.140927097986301,-1.032267374368558,9.685405176142261
-1.1410870748694752,-0.923737155846718,9.679051319129826
-1.1412982547163535,-0.8152130390831097,9.670663816358484
-1.139289065317362,-0.7052741832917003,9.750463484278008
-1.1396877594610575,-0.5969793025748397,9.734628411544527
-1.1419322635108302,-0.48939954150464154,9.645482670527883
-1.3010495113051919,1.424958988572353,3.325768092782411
-1.3012128283976114,1.5490628909495376,3.319281571528009
-1.3013878720582774,1.6732129783606424,3.3123293021204745
-1.3015628072666348,1.7973962576539244,3.305381340150653
-1.301842575167969,1.92176761096224,3.2942697019784575
-1.3021598541298904,2.046251199346971,3.281668224082999
-1.3003618711133618,2.1672697851889366,3.353079335308223
-1.300385779215092,2.291155896712305,3.3521297689907783
-1.3015421044892288,2.4171496226228535,3.30620359949706
-1.3035402168106947,2.5450070899637374,3.2268438836838413
-1.303976808546911,2.6700477508341516,3.2095036192050657
-1.3046088290890254,2.7955903480479116,3.184401441478883
-1.3052414627606697,2.9212547023691178,3.1592749118758263
-1.3060637262658048,3.047482027953545,3.126616788811333
-1.3069049462335758,3.173912012281541,3.0932057653861236
-1.3078785608178964,3.3008363677785004,3.0545363793395026
-1.3088874711846736,3.4280386150074786,3.0144651385347245
-1.3098844840069355,3.5554007423045393,2.9748664366065043
-1.3108542827643215,3.6828763182426174,2.9363486050735474
-1.032527536842723,-1.032527536842723,9.673984533198507
-1.0327186470508454,-0.9240114210454933,9.665595154765356
-1.0329098280171254,-0.8154551273819411,9.657202670182265
-1.033101079780867,-0.7068586335342775,9.648807077723866
-1.031143019861802,-0.5969775378147275,9.73476222275356
-1.0323661819633898,-0.4890155598773952,9.681067708702628
-0.9783848860131716,0.875397003274943,12.050744998510616
-0.9774995962334951,0.9774995962334951,12.089607553565479
-0.9766208534204488,1.0794230485173382,12.12818270910784
-0.9757429539945711,1.181162523256586,12.1667208415409
-1.177213615109151,1.5489652830383567,3.3225380222528997
-1.1773667317440955,1.6731000924784516,3.315816490171592
-1.1775249851113685,1.7972749772752468,3.3088694652093125
-1.1760814883809947,1.918869796832149,3.3722362547549594
-1.175835540712433,2.042240675974226,3.3830328944875347
-1.1766269576784731,2.1674707115129768,3.3482911792659635
-1.1785665787535535,2.29510333757271,3.2631454647820064
-1.178844888350457,2.419734244508833,3.250928197306145
-1.1792028863452453,2.5445957021134245,3.235212759150876
-1.1795827128918341,2.6695819291762564,3.218539088656783
-1.1800732409351256,2.7949103074779287,3.197005830817382
-1.1806453452598913,2.920543748800784,3.1718915277623267
-1.1812949984207481,3.04649762750614,3.1433729767635867
-1.182055610362229,3.1728861120249308,3.1099835441396166
-1.1828609887803145,3.2995596002819303,3.0746289474511883
-1.183773106134266,3.426711623020244,3.0345887123799216
-1.1846884743945212,3.5540654231835638,2.9944057686407035
-0.9246477885063634,-0.7070836029754545,9.634373311134048
-0.9233912267379296,-0.5974884408304251,9.696023501408497
-0.9230919031293144,-0.4886957134214018,9.710709096568507
-0.8776658965527627,0.6711562738344657,11.939427190024077
-0.8768241620364121,0.7736683782674224,11.980724875818126
-0.8759947850667894,0.8759947850667894,12.021416268212008
-0.8751733986299672,0.9781349749393751,12.061715624273162
-0.8731987151235083,1.0786572363290396,12.158598735762972
-0.8715112651719744,1.179103476409142,12.24138942158843
-0.8733037209106616,1.2842701778097965,12.153446878591652
-1.052131294663455,1.6710320562301932,3.379700752350807
-1.051580939949927,1.7938733681498755,3.406702586768972
-1.051931292944383,1.918227651839757,3.389513357147294
-1.053871532612887,2.0457506221308983,3.294320149979768
-1.0541283770331262,2.1702643056564366,3.2817186943438656
-1.0543819776856003,2.294831363198071,3.2692763863957026
-1.0546309325303977,2.4194474334520892,3.257062013861791
-1.0549057464735763,2.544184447377449,3.243578926668917
-1.0552454813619607,2.669150335209666,3.2269106489622956
-1.055598225834073,2.794230597796076,3.209604087223525
-1.0561098595835547,2.9198331412015928,3.184502004063937
-1.056621989615108,3.04555749947884,3.1593755720144756
-1.0572869582517848,3.171860874755354,3.1267504802700614
-1.0579679423334454,3.298370643745447,3.093339629118212
-1.058755567015495,3.425385657991307,3.054696712603466
-1.0595722989353094,3.5526835905478023,3.0146257192590227
-0.8147636016514992,-0.4888581609908995,9.695654462305335
-0.815442045367069,-0.38053962117129886,9.657930086233861
-0.7758163177536445,0.5689319663526726,11.861290241673188
-0.7749996200237879,0.6716663373539495,11.906702133022137
-0.7741975545977126,0.7741975545977126,11.951300405616912
-0.7734647504384653,0.8765933838302606,11.992047455159508
-0.7713600387505715,0.9770560490840572,12.109078438591126
-0.7701775332947978,1.0782485466127167,12.174830806099926
-0.7699284299264835,1.1805569258872746,12.18868202018195
-0.770631190347995,1.2843853172466584,12.149605531122006
-0.9276727710821958,1.6698109879479526,3.4174211000222243
-0.9293780373374748,1.7967975388524513,3.3226009932988276
-0.9296244878855926,1.9212239416302246,3.3088972873806313
-0.929772920641261,2.0455004254107743,3.3006437904911294
-0.9299994926005811,2.1699988160680226,3.2880454192416266
-0.9302261750606313,2.294557898482891,3.2754409036782945
-0.9304464193764256,2.4191606903787064,3.2631943765074283
-0.9306661370637546,2.5438207746409294,3.250977132134558
-0.9309484467812683,2.6687188807729694,3.2352795028283836
-0.9312483090706487,2.793744927211946,3.218605875356225
-0.9316349614848092,2.9191228793190684,3.197106345261112
-0.9320866210546688,3.044816295445251,3.1719921389111363
-0.9325989117148057,3.170836299830339,3.143506584284573
-0.933199391774795,3.2973045176042755,3.1101173213485396
-0.9338347414715417,3.424060718728986,3.0747891572769745
-0.7069969693855507,-0.48945944034384276,9.639931617226502
-0.7065155884807733,-0.38043147072041644,9.670816432444077
-0.6728860590624401,0.5693651268989878,11.828446267013014
-0.672177176736444,0.672177176736444,11.873927297590093
-0.6714697864407833,0.774772830508596,11.919312601309805
-0.6692841574279909,0.8752177443289111,12.059539908883416
-0.6685494685163401,0.9771107616777278,12.106676658707826
-0.668580472374778,1.0800146092207952,12.104687488739962
-0.6689153071726575,1.1834655434593169,12.083204894066405
-0.6683138825642947,1.2852190049313361,12.12179156776336
-0.8054107926833828,1.6727762617270259,3.32582003273194
-0.805511893532644,1.7969111471112826,3.3193335248194202
-0.8056201964961301,1.9210943147215407,3.312384937990174
-0.8057284894717023,2.045310780966629,3.30543699197338
-0.8059009739584623,2.1697333914266292,3.294370596425466
-0.8060973840278127,2.294277169925313,3.281769164506251
-0.8062913384215054,2.418874015264516,3.2693252857599475
-0.8064817152838044,2.543519255895075,3.2571109370904097
-0.8066915896604735,2.6682875658000276,3.243645651537946
-0.8069513863009111,2.793293260272385,3.2269774140685428
-0.8072206067750854,2.918412962956078,3.2097045548521876
-0.8076118546389867,3.0440754521007958,3.1846025662586612
-0.8080034819661512,3.1698598138672085,3.15947623176222
-0.5981482409024064,-0.3806397896651677,9.645994806437827
-0.5983101565047364,-0.27195916204760745,9.633717714294384
-0.5704353296183222,0.4667198151422637,11.747299192806736
-0.5698145873859819,0.5698145873859819,11.794366365297215
-0.5683799288041469,0.6717217340412646,11.903147948727721
-0.5672007631238273,0.7734555860779464,11.992557032851415
-0.5667107628642195,0.8758257244265211,12.029710823165289
-0.5674458893334299,0.9801338088486515,11.973970577817092
-0.5669090652895716,1.0822809428255458,12.014674735763698
-0.5663732205629645,1.184234915722562,12.055304637937809
-0.6813747128944737,1.548578892941986,3.335428988714469
-0.6814585033480388,1.6726708718542773,3.3290756595457154
-0.6815440394407396,1.7967979221619501,3.3225899689972778
-0.6816326373658618,1.9209647053037922,3.3158721180008968
-0.6817242575189981,2.045172772556995,3.308925109522008
-0.6818328099708879,2.1694680317255526,3.3006942260551355
-0.6819989624475994,2.2939965100510165,3.2880958770566835
-0.6821651959271925,2.4185856946509556,3.2754913860939823
-0.6823267291416039,2.5432178086187056,3.26324328814038
-0.6824878551409539,2.6679070700964567,3.2510260668704234
-0.6826946473971347,2.792841739351915,3.2353462463519165
-0.6829145458421967,2.9179076049621133,3.2186726618833745
-0.48960675791306485,-0.27200375439614716,9.626279137647792
-0.49014847704164,-0.16338282568054668,9.57607596514557
-0.46708715989727423,0.46708715989727423,11.713255956873596
-0.46572299163227787,0.5692169897727841,11.83967861968376
-0.46491798681304286,0.6715482031743952,11.914281478754802
-0.464729246595764,0.7745487443262733,11.931772752712732
-0.46508094836411795,0.8784862357988894,11.899179211863526
-0.46459151499556567,0.980804309435083,11.944536864074188
-0.46415169443928894,1.0830206203583408,11.985296708229704
-0.4637127058912464,1.1850435817220741,12.025979447016958
-0.5574560292677146,1.5484889701880964,3.3384290428447656
-0.5575218317534807,1.6725654952604423,3.332330876157016
-0.5575918070111975,1.7966847114805253,3.3258460028181673
-0.5576617998364823,1.9208350883256613,3.31935950142595
-0.557736758937404,2.045034782770482,3.312412756377306
-0.55781173091671,2.1692678424538725,3.3054648178398054
-0.5579308991760318,2.2937159188347978,3.2944210418977278
-0.5580668751125332,2.4182897921543107,3.2818196345701196
-0.5582011681726271,2.5429164327864124,3.2693741858013468
-0.38121707759563994,-0.2722979125683142,9.577209775267406
-0.3810580956421092,-0.1633106124180468,9.596152798413932
-0.36280790711330435,0.46646730914567697,11.770699884116702
-0.36228573899801053,0.5693061612825879,11.832917277190035
-0.36227714877360156,0.6728004191509743,11.833940819901642
-0.36238997338241535,0.7765499429623186,11.820497538266252
-0.36200478995183083,0.8791544898830177,11.866392927517524
-0.36162375444532374,0.9815501906373072,11.911794083177725
-0.36125376987924745,1.0837613096377423,11.955878496807003
-0.27231350817763095,-0.1633881049065786,9.574608227265301
-0.272595993368434,-0.0545191986736868,9.527486068147681
-0.2605511626812277,0.2605511626812277,11.536718575430065
-0.25956604235962605,0.3633924593034765,11.701049301626895
-0.2592677657468816,0.4666819783443869,11.750805672808163
-0.25957455663887874,0.5710640246055332,11.699629010458438
-0.25933562852304776,0.6742726341599242,11.739485289861463
-0.25905337099111614,0.7771601129733485,11.786569472554426
-0.2587716945314849,0.8798237614070487,11.83355672492224
-0.16357719535404389,-0.16357719535404389,9.522037033900247
-0.16351170413682845,-0.054503901378942815,9.540244994641242
-0.15630791998713667,0.15630791998713667,11.543051241969167
-0.15603435549664812,0.2600572591610802,11.619108028126618
-0.15588218945220236,0.36372510872180547,11.661413446794697
-0.05176536064620134,-0.05176536064620134,11.82436388582066
-0.05176549909328953,0.05176549909328953,11.82424841205546
-0.05211286569150404,0.15633859707451214,11.53452235479422
-0.05210795269106251,0.26053976345531255,11.538620112766814
0.052161626330450184,-0.2608081316522509,11.493852849597062
0.05216052218408271,-0.15648156655224812,11.494773778596375
0.05176536884902142,-0.05176536884902142,11.824357044141777
0.05176550729615349,0.05176550729615349,11.824241570339971
0.18454359262952005,-3.014212012948827,3.6929296405201413
0.18453543297869335,-2.8910551166661955,3.695198198171532
0.18453143958364604,-2.7679715937546905,3.696308447504741
0.18453570728668175,-2.6450118044424387,3.695121934677026
0.18454725830830518,-2.5221458635468372,3.6919105033251682
0.18455922407458666,-2.3992699129696264,3.688583764077478
0.18457176667276298,-2.2763851222974103,3.685096653211403
0.18458912643526218,-2.1535398084113924,3.6802702675142385
0.1846173897433867,-2.0307912871772538,3.6724124626570003
0.18465299085704007,-1.9080809055227472,3.6625145907392422
0.18540829305416232,-0.5562248791624869,3.452524406749397
0.15604643544795715,-0.3641083493785667,11.615749542996248
0.15616139043347402,-0.26026898405579,11.583789595506076
0.15642093985761463,-0.15642093985761463,11.511629297896185
0.163254891770158,0.05441829725671933,9.611644331666163
0.16319613118925155,0.16319613118925155,9.627981031391009
0.3076977918739186,-3.3846757106131045,3.672055099225176
0.307645956238465,-3.261047136127729,3.6807019491887587
0.30760602886557087,-3.1375814944288227,3.687362347963358
0.30757999641840933,-3.0142839649004114,3.6917048946075823
0.3075609323414033,-2.8910727640091913,3.6948850275821883
0.3075542766017379,-2.7679884894156412,3.695995290469476
0.30755408235798615,-2.644965108278681,3.6960276928228595
0.30757333338092097,-2.5221013337235525,3.692816374865508
0.3075928109353632,-2.3992239252958334,3.689567268542298
0.30761371446427593,-2.276341487035642,3.6860802913569017
0.3076352598691762,-2.1534468190842335,3.6824862410101247
0.3076823613144841,-2.0307035846755954,3.6746291147864056
0.30772947718756577,-1.9079227585629077,3.666769581824674
0.30783348311527914,-1.7854342020686191,3.649420056842665
0.30794288887817967,-1.6628915999421703,3.6311697699758483
0.30805498607078574,-1.5402749303539287,3.612470518055403
0.2588325346651113,-0.983563631727423,11.823407808976128
0.25907956572466007,-0.8808705234638442,11.782199854456607
0.25934299194132027,-0.7780289758239609,11.738256977090437
0.2596069543947991,-0.6749780814264777,11.694224648533506
0.2594220105663245,-0.5707284232459139,11.725075655230278
0.2595170969739342,-0.4671307745530816,11.709214020797084
0.25987510686085963,-0.36382514960520346,11.649493372045825
0.26059586644498295,-0.26059586644498295,11.52926141329408
0.27205423931641487,0.05441084786328298,9.61785760433083
0.2715309283857736,0.16291855703146416,9.705152590916029
0.4309476670814853,-3.6322731939725186,3.651708881616784
0.4308726130740804,-3.508534135031798,3.6606517192655517
0.4307973824367768,-3.38483657628896,3.669615602726047
0.4307248056494066,-3.2612020999169355,3.678263274568799
0.4306587214928742,-3.1376563994480833,3.686137336240648
0.4306222743267419,-3.0143559202871932,3.69048009022206
0.43058793363773223,-2.891090411567631,3.6945718531695633
0.4305786154884441,-2.768005385282855,3.6956821296111784
0.4305692977433287,-2.6449256861375905,3.6967923578948003
0.43059506434898653,-2.5220568054726353,3.693722214419118
0.43062201820466145,-2.399179815711685,3.6905106076889282
0.43065094524667313,-2.276297853446701,3.6870638917930734
0.4306802130403185,-2.1534010652015927,3.683576574646949
0.4307367038860912,-2.0306158897487157,3.6768455754657623
0.4308026604089102,-1.907840353239459,3.6689867216104872
0.4309236927646056,-1.7852552985962233,3.6545654702388717
0.43107683013336107,-1.6627249162286784,3.636318841256731
0.43123247415821236,-1.540115979136473,3.6177735391019965
0.3614850090514293,-1.1877364583118388,11.928325879080639
0.3617843428963845,-1.0853530286891535,11.892659642582736
0.36212908534156724,-0.9829218030699682,11.851582879002628
0.36247407192944886,-0.8802941746858043,11.810477025323337
0.36265672536112903,-0.7771215543452765,11.788713497405425
0.362394594192156,-0.6730185320711469,11.819946959386513
0.3626903371121654,-0.5699419583191171,11.784708588900173
0.3633982426986629,-0.46722631204113796,11.7003601983265
0.3797563216310099,0.16275270927043284,9.751261819759748
0.3795844320833473,0.2711317372023909,9.771742809002276
0.5542511967224296,-3.756591444452023,3.6354330669317108
0.5541027967180501,-3.632451667373884,3.6491858598943523
0.554006289226175,-3.5087064984324416,3.658129576308994
0.5539086748238198,-3.384997457256677,3.6671758743288336
0.5538153529417056,-3.2613570784344885,3.6758243681679446
0.5537220624922764,-3.1377583541228997,3.68446994902056
0.5536704267751994,-3.014427879109419,3.689255227359375
0.5536235718147513,-2.891145319477035,3.693597454794002
0.5536044562712671,-2.7680222813563353,3.695368964929777
0.5535924761665814,-2.6449418305736665,3.6964792068068064
0.5536124514425858,-2.5220122787940022,3.694628021987711
0.5536471051754981,-2.399137455760492,3.6914165287258456
0.5536834592912006,-2.276254221530491,3.6880474545220707
0.5537210878711866,-2.153359786165726,3.6845602708647007
0.5537804188351724,-2.030528202395632,3.6790618447198824
0.5538652127529858,-1.9077579550380621,3.6712036697753803
0.5539892371985438,-1.7850764309730853,3.6597098525804554
0.5541860886425592,-1.6625582659276779,3.6414668803833763
0.46411915087703043,-1.2892198635473069,11.988312643949385
0.46450293701572504,-1.1870630612624085,11.952745722442423
0.4648873583951689,-1.0847371695887276,11.917119930758595
0.46529091072110296,-0.9822808115223285,11.879721201483832
0.46506897031411915,-0.8784636105933362,11.9002892633249
0.46505087389036476,-0.7750847898172746,11.90196632775828
0.46563923251546907,-0.6725900025223442,11.847440895682482
0.46711600506427403,-0.5709195617452238,11.710582765512314
0.46759420227316467,-0.46759420227316467,11.666266410963118
0.4883180520140824,0.16277268400469416,9.745708415918656
0.48721452217737454,0.27067473454298585,9.847976724034929
0.6777733940582499,-3.8817930750608856,3.6084954662742064
0.6774962584856322,-3.757024706147597,3.62950899994415
0.6772784011026766,-3.6326750604598104,3.6460278228752685
0.6771520643238954,-3.508878878769276,3.655607185530137
0.6770341402006191,-3.3851707010030956,3.6645486668115197
0.6769175997831581,-3.2615120716824895,3.6733852299531407
0.6768035672897269,-3.137907448343279,3.6820316322087336
0.6767244541845036,-3.0144998413673343,3.6880303060153494
0.6766671842839461,-2.891214332849588,3.6923727401975484
0.6766317989777099,-2.768039177636086,3.6950557964252013
0.6766171564482595,-2.644957975206833,3.6961660518958865
0.676625494891787,-2.52196775368757,3.6955337975729705
0.6766678479578453,-2.3990950973050884,3.6923224177734184
0.6767112568690832,-2.276210591286916,3.689030979546075
0.6767572455940432,-2.1533185087083195,3.6855439294670873
0.6768135075384548,-2.030440522615365,3.6812779225735497
0.6763038367217837,-1.905947176215936,3.719923213632896
0.6759237169608258,-1.781980708351268,3.7487454226335544
0.6759813368043405,-1.659226917610654,3.7443764543689753
0.566937252652876,-1.2884937560292637,12.012537456517052
0.5674041174313251,-1.1863904273564072,11.97713789142842
0.5678734332477872,-1.0841220089275938,11.94155247878033
0.5672085948662033,-0.9797239365870786,11.991963198647603
0.5674459550937233,-0.8769619305993905,11.973965591607175
0.5683957352035122,-0.7750850934593349,11.901949443959367
0.5699434928791618,-0.6735695824935549,11.784592232386046
0.5705215764469612,-0.5705215764469612,11.74075961140111
0.5950522251277213,0.27047828414896424,9.880747173698111
0.5946241304106609,0.3783971738976933,9.91320703681098
0.8014562287349658,-4.007281143674829,3.5795400610937875
0.8010973515890077,-3.8822410115467294,3.602565183670791
0.8007697521528349,-3.7574580677940714,3.623583566309506
0.8004697729615882,-3.6329012772872074,3.6428298675209376
0.8003099401505679,-3.509051276044797,3.6530845468924653
0.800170561596612,-3.3853369913702815,3.662026905929764
0.800031547841877,-3.2616670796630367,3.670945859891347
0.7998967693633394,-3.1380565567331007,3.679593083667008
0.7997843569754164,-3.0145718070611847,3.686805326185798
0.7997166711430005,-2.8912833495170016,3.691147967130348
0.7996606436352767,-2.7680560741221116,3.6947426240973797
0.7996433386160839,-2.644974120037816,3.6958528931479435
0.7996341949266421,-2.521923230153256,3.696439541176588
0.7996842467826443,-2.3990527403479325,3.6932282747790666
0.798628959002062,-2.2730208833135612,3.7609342593355706
0.7984244606262619,-2.1496043170707053,3.7740546271902105
0.7982823497658447,-2.0264090417132983,3.78317228769739
0.7986019368497498,-1.904358464795557,3.7626679678658874
0.7991012163397895,-1.782610405681069,3.73063480111837
0.6690912077556653,-1.389650969954074,12.071919325924945
0.6696399779089223,-1.2877691882863889,12.036710898228584
0.6697646806403025,-1.1849682811328428,12.028710122174559
0.6692523097527827,-1.0810998849852642,12.061583217112208
0.6698065763667368,-0.9789480731513845,12.026022143161498
0.6713149277420641,-0.8778733670473146,11.929248147666776
0.6724890272697408,-0.7759488776189317,11.853919345465712
0.6731296469664441,-0.6731296469664441,11.812817962421498
0.6737830811984666,-0.5701241456294717,11.770894414327728
0.7018499981255107,0.3779192297598904,9.970155053010792
0.7019193339031118,0.4859441542406158,9.96570655358358
0.9252840748855342,-4.13293553448872,3.550242838326163
0.9248710098916189,-4.007774376197015,3.573211020969495
0.9244676012391159,-3.8827639252042863,3.595642269676297
0.9240716875637798,-3.757891529426038,3.6176567655548126
0.9236939100092919,-3.6331960460365478,3.6386628154448815
0.923479918489869,-3.509223690261502,3.650561660359429
0.9233190812880329,-3.38550329805612,3.6595048975788345
0.9231571987862922,-3.261822102378232,3.6685062579494954
0.9230016703773399,-3.138205679282956,3.677154303549244
0.9228501355687403,-3.014643776191218,3.6855802878665074
0.9227720328028344,-2.8913523694488807,3.689923136131796
0.9217757319814498,-2.7653271959443497,3.7453217285333196
0.9211814054484326,-2.6407200289521735,3.7783688290167703
0.920952121806361,-2.517269132937387,3.7911179814402374
0.921014794564842,-2.3946384658685895,3.7876331076679364
0.9212891484345795,-2.2725132328052964,3.772377857569623
0.9220646766292253,-2.1514842454681924,3.7292551686900097
0.9228781263868937,-2.0303318780511663,3.684023878504412
0.9229890982977582,-1.9075108031487,3.6778533650148617
0.9231304281929245,-1.784718827839654,3.669994817587799
0.9233658418884387,-1.6620585153991898,3.6569048079405064
0.7714204186583787,-1.2857006977639647,12.10572105713559
0.7710411669788138,-1.1822631227008475,12.126809074693
0.7718992577061164,-1.080658960788563,12.079095555417446
0.7741351393720964,-0.9805711765379889,11.954770959459019
0.7747757811293268,-0.8780792186132369,11.919148534160932
0.7754428864835428,-0.7754428864835428,11.882054619538103
0.7761810989349126,-0.6726902857435909,11.841006845792073
0.8097939339066,0.37790383582308007,9.971989271894373
0.808421757356868,0.48505305441412083,10.048288164507852
0.8097937278150242,0.5938487337310178,9.97200073146859
0.8092562752661079,0.7013554385639602,10.001885394868957
1.0487803051120084,-4.133428261323798,3.544109019929955
1.048316175578292,-4.008267730152292,3.5668804226452195
1.0478588665992516,-3.8832416821031086,3.589317191199136
1.0474020745627501,-3.758325091078104,3.61172859720687
1.0469738279047527,-3.6336150497870827,3.632739492662374
1.0462453327412833,-3.5079990568384205,3.668481361124506
1.0453518344474801,-3.382020640859494,3.712318712543791
1.0446746608615902,-3.2569268838626044,3.7455426108571857
1.0443400730659116,-3.1330202191977348,3.7619583588015146
1.0440061180740634,-3.009194105037006,3.7783430597432
1.0438760608875708,-2.8860102859832844,3.784724003756658
1.0439991880435335,-2.7635272624681773,3.7786830650748158
1.0443896111498792,-2.641691369379106,3.7595278914905137
1.0456775795114694,-2.5219282799982503,3.696336812027319
1.0457040134785562,-2.398968030921394,3.695039892813682
1.0457694694841086,-2.2760864924065896,3.6918284508469696
1.0458374188254256,-2.153194685817053,3.688494679339307
1.0459084937705851,-2.030292958495842,3.6850075575734635
1.0460091409052894,-1.9074284334155278,3.6800695472336855
1.0461693009474513,-1.7846417486750639,3.6722116787852883
1.0463764435930214,-1.6618919986477398,3.662048721552182
0.8728848175415529,-1.2836541434434603,12.173999367980493
0.8736601779615174,-1.1820108290067588,12.13595816807858
0.8761348457471627,-1.0822842212170833,12.014544526756957
0.8768560405664719,-0.9800155747507627,11.979160832176802
0.8775812783651072,-0.8775812783651072,11.943578778509973
0.878307716794455,-0.774977397171578,11.907937818776027
0.9155673239277875,0.4847121126676522,10.0798845331947
0.9149228093227177,0.5920088766205821,10.111506096921516
0.9162453246100364,0.7006581894076749,10.046620055381602
0.9156605857005617,0.8079358109122604,10.075308867929927
0.9150765926645174,0.9150765926645174,10.10396108598679
0.9144948281994826,1.0220824550464804,10.132503964550587
1.1701105482004657,-4.12617930154901,3.6343492903080516
1.1695626652667057,-4.001135433807151,3.6584003198869297
1.168976378522402,-3.87607957089007,3.6841372044658556
1.1684584934028905,-3.751366741977702,3.706871386460442
1.1680391003642647,-3.627068785341664,3.7252819514837725
1.1677760969744873,-3.503328290923462,3.736827305275817
1.1677217813149405,-3.3802472617011436,3.739211660498178
1.1676829274954963,-3.2572207977505947,3.740917270041983
1.1683310294780889,-3.136046447546449,3.712466812849442
1.169049602148603,-3.0149173950148183,3.6809228250955286
1.1689003822282693,-2.891490419196245,3.6874732987397323
1.1688014592986522,-2.7682139825494394,3.691815829159367
1.1687308967123116,-2.645022555717337,3.6949133938883705
1.1687056049334208,-2.5219436738036975,3.696023655378049
1.1687073818096427,-2.398925678451372,3.695945653856299
1.168780535937119,-2.276046306824916,3.6927343253491784
1.1688547108287,-2.1531534146844473,3.6894781872191302
1.1689341444914922,-2.030254040432592,3.6859911989308287
1.1690185595200024,-1.9073460707957934,3.68228553806334
1.1691975464549225,-1.7845646761680396,3.6744283485056215
1.169376588237982,-1.6617456780223958,3.6665687512178025
0.9778569389794735,-1.1837215577119942,12.073920879599683
0.9786589133202429,-1.0816756410381632,12.038715715498341
0.979462204194609,-0.979462204194609,12.003452758050067
1.0250040862345429,0.3776330844022,10.004249854424536
1.0243400666928537,0.48521371580187805,10.03339906250173
1.0213419248553317,0.5913032196530867,10.165011846132394
1.021407923891124,0.6988580531886638,10.162114612683048
1.0223808201866924,0.8071427527789676,10.119406296471581
1.0217357935955325,0.9141846574275817,10.147721749768657
1.0210939590408843,1.0210939590408843,10.175897078670836
1.0204529303559744,1.127869028288182,10.204037031408319
1.0198127060250783,1.2345101178198317,10.232141674518509
1.2958611256450252,-4.134414067534128,3.5318369944636103
1.2953135072784991,-4.009303713004878,3.5535869418888524
1.294732516234264,-3.884197548702792,3.576662363458098
1.2941482427246198,-3.759192514581039,3.5998681558374415
1.2936189880179179,-3.634453347288436,3.6208887474555667
1.293103172040248,-3.509851466966387,3.6413755884404466
1.2928372479522845,-3.3860023160655075,3.651937387105079
1.2926120878378204,-3.2623066978764044,3.6608801489830682
1.2923865837488944,-3.138653131961601,3.6698365726133275
1.292168855231908,-3.0150606622077856,3.6784841711726486
1.2919733708358236,-2.89155944901351,3.6862482923146445
1.2918640297602293,-2.76828006377192,3.690591029503466
1.2917630866999805,-2.6450387013380556,3.69460021982205
1.291735132286306,-2.5219590677970736,3.6957104949057396
1.2917064071028619,-2.3988833274767436,3.696851382918048
1.2917872588082842,-2.2760061226622152,3.6936401678645225
1.2918681206437004,-2.1531135344061676,3.690428550474536
1.2919550788208465,-2.03021512386133,3.686974802578682
1.2920428824662062,-1.9073013979263045,3.6834874749303452
1.2922151660921402,-1.7844876103177174,3.6766448267736394
1.2924130372862568,-1.6616739050823304,3.668785908351474
1.1317752355067743,0.3772584118355915,10.048892852853044
1.131052984076502,0.4847369931756438,10.077578761866427
1.1288762716815757,0.5913161423093968,10.164031998360024
1.1269886359456995,0.6976596317759093,10.239003877542515
1.128904037454088,0.8063600267529201,10.162929215602396
1.1281951221858333,0.9133008131980557,10.191085447672002
1.1274870967174657,1.0201073732205643,10.219206339252786
1.1267857972333684,1.1267857972333684,10.247060092597891
1.126108052021788,1.233356437928625,10.273978332782356
1.1254311216278132,1.3397989543188253,10.300864210575135
1.1247550045829076,1.4461135773208813,10.327717784302571
1.4188458214888204,-4.009781669424928,3.5474539210029903
1.4182149229409786,-3.8846756584905067,3.570332613044343
1.4175962933904918,-3.7597119085573913,3.5927663863058115
1.4169842499227425,-3.6348726411061656,3.614961324085357
1.4164049301364607,-3.510220913816446,3.6359695813228257
1.4160341786576838,-3.3861686880944615,3.64941438783859
1.4157875505127622,-3.2624669642250606,3.6583580276610235
1.4155382972127468,-3.138802311210873,3.66739686522191
1.4152998099877376,-3.015203943017354,3.676045285471801
1.4150614030712347,-2.8916472149716537,3.6846907934411206
1.414932475720795,-2.768346148149382,3.68936617137075
1.4148127356993314,-2.6450846797857066,3.693708383102674
1.4147661615976281,-2.521974461978381,3.695397330610348
1.4147355458149504,-2.3988994037731772,3.696507571022032
1.4147896383276615,-2.2759659399184122,3.6945459783946717
1.414878198163043,-2.153075518943761,3.6913344744090466
1.4149712970298585,-2.0301762087819712,3.6879583685191832
1.4150674592404593,-1.9072648363675757,3.684471174564024
1.238345901041753,0.3768878829257509,10.09304212614908
1.237556416356738,0.4842612064004627,10.121671732353768
1.2367765140338383,0.5915018110596618,10.149953847012291
1.2333743981120606,0.6971246598024691,10.273327030750941
1.2328411237630137,0.8040268198454438,10.292665511790617
1.2344487974228546,0.912418676356023,10.234365376701831
1.233698087318851,1.0191418982199205,10.261588874585257
1.2329562766829933,1.1257426874062113,10.28848964515899
1.2322153575980654,1.2322153575980654,10.315358084830649
1.2314713624276568,1.338555828725714,10.342338074628152
1.2307301396948138,1.444770163989564,10.369217525685343
1.229989808709298,1.550856715329115,10.396064638718379
1.5417277325375964,-3.8851538859947423,3.5640013041680447
1.5410551435801492,-3.760174550335564,3.586440600035907
1.5403779795253811,-3.6352920316798993,3.6090325329062907
1.5397481388186798,-3.51062575650659,3.6300456372857184
1.5392604117604969,-3.3863729058730927,3.646317465183202
1.538975116189247,-3.2626272463212036,3.655835658519827
1.5387071090467277,-3.1389625024553243,3.6647770654506147
1.5384424680844213,-3.0153472374454653,3.673606167959946
1.5381833055026675,-2.8917846143450148,3.6822524976171067
1.5380067976011398,-2.7684122356820513,3.6881412547570136
1.537876639189951,-2.6451478194067155,3.69248367380213
1.5377986928948926,-2.5219898563476235,3.6950841624917743
1.5377654144639814,-2.398914046563811,3.696194416457388
1.5377876747252919,-2.275925758593432,3.695451756941331
1.5378839320169546,-2.1530375048237365,3.6922403663540493
1.5379827993897186,-2.0301372951944283,3.688941896754507
1.3447114429704454,0.37651920403172473,10.136970966297746
1.3438665190570211,0.48379194686052757,10.165159799119373
1.3430226562606737,0.5909299687546964,10.193313230348721
1.3411354195662244,0.6973904181744367,10.256276295814665
1.3381083887332665,0.80286503323996,10.357265822493275
1.3398034942810517,0.9110663761111151,10.30071274576963
1.3397351901875292,1.018198744542522,10.302991545839966
1.338930365238808,1.1247015068005988,10.32984257416301
1.3381209746121834,1.2310712966432085,10.35684592523264
1.337315820963656,1.337315820963656,10.383707919825824
1.3365116356619016,1.4434325665148537,10.41053760788246
1.3357084169610447,1.5494217636748118,10.437335047649434
1.6638001866807548,-3.635711519043131,3.6031023734448766
1.6631198017534305,-3.5110306925905754,3.6241203266439896
1.6625047665144408,-3.3865837836405275,3.64311954510071
1.6621747866511911,-3.2627875441671526,3.6533130415229635
1.661885310497034,-3.1391166976055085,3.6622553270087153
1.6615968311906053,-3.0154905454940613,3.6711668186040285
1.6613169089991626,-2.89192202677632,3.679813970066178
1.6610869958220928,-2.768478326370155,3.686916279658064
1.6609464180264673,-2.6452109620421513,3.691258906031223
1.660832726205603,-2.522005250904805,3.6947709905499693
1.6607967850614491,-2.3989286895332045,3.6958812580697398
1.6607813682311992,-2.2758855786871988,3.6963575035061993
1.6608853224355025,-2.152999492046022,3.6931462263112564
1.45088393314142,0.3761550937774052,10.180355443732331
1.4499731787960877,0.4833243929320292,10.208489800384484
1.44905707672991,0.5903565868158892,10.236789354914968
1.4481852901396728,0.6972743989561387,10.263719948197341
1.4444245572805818,0.802458087378101,10.379893755188633
1.4434785748418992,0.9088568804560105,10.409116352317007
1.445571363264249,1.017253922297064,10.344467464091949
1.444701315183159,1.1236565784757901,10.371344352622167
1.4438323137862379,1.2299312302623506,10.398188907751098
1.4429643571834492,1.3360781085031939,10.425001187864382
1.4420959280166183,1.4420959280166183,10.45182806608019
1.4412465636559073,1.5480055683711598,10.478066008258935
1.4403981992219725,1.6537905250326348,10.504273061431554
1.7857895739754108,-3.386842295470607,3.639199263778366
1.7853865636828623,-3.262947857765231,3.6507901766338833
1.7850756142991968,-3.139270907905484,3.659733340804081
1.7847629009752533,-3.015633867165083,3.6687272373710016
1.784462215228841,-2.8920594522674317,3.677375210755308
1.7841730707947958,-2.768544420198821,3.685691246349535
1.784022072629643,-2.645274107692229,3.690034079785775
1.7838711000111604,-2.522024658636468,3.6943761784784286
1.783829657634857,-2.3989433326813594,3.695568095859052
1.5568512749763845,0.37579168706326527,10.22365609292347
1.5558892475683388,0.48286218027982925,10.251324805255251
1.554953491687902,0.5898099451229972,10.278237926494882
1.554018860702639,0.6966291444529072,10.305118694809103
1.5530853525938426,0.8033200099623324,10.331967168257634
1.5485458833573857,0.9077682764508813,10.46252609765201
1.549358247876965,1.0150967830918045,10.439161815082926
1.5502796854964116,1.12261632398016,10.412660498996786
1.5493480404568687,1.2287932734657923,10.439455389016402
1.548425459485069,1.3348495340388526,10.46598958887185
1.5475137589967034,1.4407886721693446,10.492210856929667
1.5466031314804471,1.5466031314804471,10.518401265412805
1.545693575043258,1.652293131942793,10.544560868766759
1.9082780222369014,-3.139425133357483,3.6572111068002116
1.9079457111837672,-3.0157851563872455,3.666152034720106
1.9076192258601399,-2.892196890820212,3.6749362196514426
1.6626520596221743,0.3754375618501684,10.265850832385922
1.6616524179597063,0.4824152181173341,10.292746489227781
1.6606539776105331,0.5892643146359957,10.319609824377423
1.6596509474229948,0.6959826553709334,10.346596650496146
1.6586520985587394,0.8025735960768094,10.373470976865825
1.6546946811604948,0.9074132122493037,10.479946471354914
1.6530220682806904,1.0131425579784878,10.524948619358057
1.655662514893527,1.1215778326698087,10.453906616333931
1.6546874097491022,1.2276713040073985,10.480142110845456
1.6537134525081554,1.3336398810549643,10.506346720671822
1.652740641099595,1.4394837841835184,10.532520501536347
1.6517777540562082,1.5452114473429048,10.558427264398212
1.650857560696297,1.650857560696297,10.583185340982602
1.6499383920315764,1.7563860302271623,10.607915847837504
1.7682821364927646,0.37509015016513186,10.307245641324087
1.7672199697147684,0.48196908264948224,10.334091560262728
1.7661513041178296,0.5887171013726098,10.361101734730859
1.7650887038248386,0.6953379742340273,10.38795861061962
1.76402738138153,0.8018306279006954,10.414783189274374
1.7629673344870838,0.908195293523649,10.441575528847594
1.7580765545152748,1.012225895023946,10.565188397739618
1.7576401308364358,1.1184982650777315,10.576218863903435
1.7598457083815884,1.2265591300841372,10.52047361069399
1.7588107920757234,1.3324324182391845,10.546630782835962
1.7578153659161018,1.438212572113174,10.571789854409467
1.756836394054212,1.5438865281082468,10.596533048973583
1.755858512013782,1.649442844619007,10.621248698655698
1.7548817179759904,1.7548817179759904,10.64593684942593
1.8737101178143472,0.3747420235628694,10.348725634103921
1.8725824926820753,0.4815212124039622,10.375597399743782
1.871456223974853,0.5881719561063822,10.402436841222908
1.8703313092466767,0.6946944862916228,10.42924401683053
1.8692091733130862,0.8010896457056083,10.455984972632713
1.8681083508475904,0.9073669132688295,10.482218019819506
1.8649452567886649,1.012398853685275,10.557595838046254
1.8615386662128128,1.1169231997276876,10.638776277330031
1.8648280669687118,1.2254584440080105,10.560388519130619
1.8637892306521862,1.3312780218944187,10.58514441117039
1.8627515510965102,1.4369797679887364,10.609872737128526
1.861715026403894,1.5425638790203693,10.634573542230129
1.8607127953798268,1.6480599044792748,10.65845711525894
1.8598053639643803,1.7535307717378443,10.680081575048163
1.9789445805221868,0.3743949206393326,10.390083653481334
1.9777547262629076,0.4810754739558424,10.416905677449783
1.976566301960235,0.5876278195016915,10.443695466940703
1.975393022683317,0.6940570079698141,10.470143853070148
1.974230035307394,0.8003635278273219,10.49636023631939
1.9730684165136647,0.9065449481279,10.522545768610108
1.9719081638877218,1.0126014895639652,10.54870050436854
1.966931895640333,1.1163667515796483,10.660876920231225
1.9656080767984652,1.2218644801720187,10.690718810890985
1.9686030892782933,1.3301372224853334,10.623204410792596
1.9675079926204777,1.4357490756960243,10.647890382687585
1.966521506068504,1.5413276669185572,10.670128035522154
1.965562726217013,1.6468228246683079,10.691741116247464
1.9646048808183958,1.7522151639731638,10.713333132277512
1.9636479685072028,1.857504835074381,10.734904114392641
2.082735905997387,0.4806313629224739,10.458063136439613
2.0815093894104972,0.5870923918850119,10.48429374216262
2.080284316556874,0.6934281055189578,10.510493471826962
2.079060684888887,0.7996387249572642,10.536662379916926
2.0778595764289722,0.9057336615203211,10.562349600766083
2.0767021180955636,1.0117266729183514,10.587103308550354
2.075545948692589,1.1176016646806246,10.611829450930003
2.0698169693221318,1.2206612896002316,10.734350907767968
2.0694400687053376,1.3265641466059857,10.742411403305951
2.07227453262881,1.434651599512253,10.681792813710501
2.0712644584930517,1.5401710075973973,10.703394524351253
2.070255368530627,1.6455876006269083,10.724975187202723
2.069245816371926,1.7509003061608603,10.7465657347051
2.068287136137584,1.8561551221747552,10.76706832187778
2.1875583380963906,0.4801957327528662,10.498434641521065
2.18627125885238,0.5865605816433214,10.5246177334649
2.1849856932584126,0.6928003417648625,10.550770033180171
2.183759730429519,0.798936486742507,10.575709832044943
2.182543646795042,0.9049571218418465,10.600448658159252
2.1813289168226015,1.0108597419421812,10.62515994668584
2.180115538253249,1.1166445439833712,10.6498437435786
2.1770410738961203,1.2212669438929453,10.712387664875862
2.1728151819970516,1.324887306095763,10.79835511144367
2.174560444935563,1.4320276100795173,10.762851174760776
2.175850323789753,1.5390160826805568,10.736611130262496
2.174817050086871,1.6443738671388537,10.757631048415625
2.1738097105945973,1.7496517182834566,10.778123386138887
2.17280330383647,1.854832088640889,10.798596749223222
2.2908722850068535,0.5860370961645438,10.56431050776348
2.2895962257771494,0.6922035101186731,10.58906202799266
2.2883215873343348,0.7982517165119773,10.613785989441958
2.287048367306836,0.9041819126561911,10.638482438112412
2.285841966711059,1.0100231945932585,10.661882800772538
2.2847272946106005,1.1157970508563397,10.683503920232496
2.283613708838791,1.2214677977509814,10.705103968346457
2.2784676063258207,1.324690468794082,10.804922109610011
2.276377235529696,1.4293531478907393,10.845468703249544
2.2803355020543234,1.5379006874319854,10.76869082987485
2.2792795520622255,1.643201537533232,10.789172925832482
2.278224579570402,1.748404909902867,10.809636061370988
2.2771765761287703,1.853515817779232,10.82996401933876
2.394035996971788,0.6916103991251832,10.62711531023892
2.3927043573371134,0.7975681191123712,10.651796932416893
2.3915306174681192,0.9034671221546229,10.67355192019842
2.3903647136545345,1.0092651013208034,10.695161668566861
2.389199946075061,1.1149599748350283,10.71675035710777
2.388036313069528,1.2205518933466475,10.738318016592018
2.3869067472564485,1.3260593040313604,10.759254248811025
2.3811671047407548,1.428700262844453,10.865637150250883
2.3798225209630335,1.5336634023983993,10.89055868902475
2.3835932109154148,1.6420308786306188,10.820669852486994
2.3825588671536955,1.74720983591271,10.839841166755619
2.381571895396245,1.8523336964193016,10.85813445225375
2.497163651251153,0.7969671227397297,10.685214904547529
2.4959465700533006,0.902789184912896,10.706813285454416
2.4947306746528106,1.0085081450724127,10.728390623144826
2.4935234752993285,1.1141275102401256,10.749813640370839
2.492368312328552,1.2196695996501423,10.770313217470857
2.4912142194043865,1.325113946491695,10.790793805472752
2.4900611947926414,1.430460686370241,10.811255435151544
2.483702955974083,1.5324975685797533,10.924089044069731
2.4831741164577976,1.6378382470253556,10.933473855314453
2.486863661889507,1.746095762603271,10.867999006349635
2.485834138614861,1.8511530819472373,10.88626897541787
2.600205938333447,0.9021122643197672,10.740024771284595
2.5989808827094754,1.0077680973771435,10.760877324065667
2.597777166133192,1.1133330711999394,10.78136664956996
2.5965745640420845,1.2188003055707741,10.80183700462058
2.595373074889067,1.3241699361678914,10.822288415551597
2.594256753186944,1.4294884150213774,10.8412901300523
2.5916842219793237,1.5338539272938856,10.885079033787108
2.586289709045664,1.636224101641134,10.976902917924455
2.5870042800594057,1.7422681886114366,10.964739690811903
2.589925160051583,1.8499465428939883,10.9150212918982
2.7006600633881623,1.2179447344691712,10.83286314633547
2.69954114208893,1.3233044814161423,10.851162209894646
2.698423147575258,1.428576960481019,10.869446116616714
2.6973060786961573,1.5337622800429132,10.887714885325167
2.692903826358304,1.636863110139361,10.959710203842384
2.6888316286492655,1.7398322303024663,11.026307742699096
2.691232520112636,1.846924278508672,10.987043081710837
2.798331779697228,1.7423575232077082,10.962481788023368
0.0,0.0,55.0
