-2.0751783339061833,2.1873501357389498,3.2207557549513055
-2.075970256591306,2.3003994735200957,3.2029040146428898
-2.0769677387202496,2.4137733179721823,3.1804184964695636
-2.0779661799015248,2.5272561647450975,3.1579113590731964
-2.0792844923099087,2.64125327401529,3.1281935959607665
-2.0806127804153225,2.7554061146040763,3.0982509579254156
-2.082103195738426,2.8699260265583706,3.064653603285173
-2.083696825800313,2.984754912632881,3.0287295534417353
-1.961539022370856,1.961539022370856,3.255727108172188
-1.962050390849307,2.0741675560406962,3.2435409892969744
-1.962676379080847,2.1869822509758015,3.228623435076301
-1.9633027668544556,2.2998689554580767,3.213696359605592
-1.9642016956965698,2.4131620832843574,3.1922745195978806
-1.9651456886667455,2.526615885428673,3.169778783085569
-1.966229018485432,2.640364681966152,3.1439625927885615
-1.96748466166969,2.754478526337566,3.1140401048898667
-1.9687633265954843,2.86876941875342,3.083568999524708
-1.970269599207822,2.983551107371845,3.04767391039438
-1.9717781783760773,3.09850856601955,3.0117238550982037
-1.8483479481956986,1.7363268604262623,3.2836083601916712
-1.848790803184721,1.848790803184721,3.2724153447602404
-1.849223106459283,1.9612972341234816,3.2614890204708544
-1.8496556119432757,2.073856292178824,3.250557585404046
-1.8502122607176303,2.186614489939018,3.2364884691567752
-1.8508026562860722,2.2994820881129985,3.221566413693857
-1.851492749225325,2.412551158081484,3.2041245396952576
-1.852382349031788,2.5259759304978924,3.18164019468761
-1.8532728042568969,2.6395097515173984,3.159134229252629
-1.8544326848770087,2.753551562393134,3.1298186248192437
-1.8556172921390082,2.8677721787602852,3.099878062575563
-1.8569338302040108,2.982348272751896,3.066602992308944
-1.8583550578252406,3.097258429708734,3.030681927648203
-1.859789239086837,3.212363231149991,2.9944334639514096
-1.8588068802325695,3.3233213919309574,3.0192622636433697
-1.7356870897763101,1.6237072775326773,3.3008215801930447
-1.736105966490996,1.736105966490996,3.2895515773508066
-1.7365250454334569,1.84855891933239,3.278276133510012
-1.7369348762792791,1.9610555054766055,3.2672495124653977
-1.7373410691619369,2.073600630935215,3.2563207719039085
-1.737785959732101,2.186246852566192,3.244350858527376
-1.73834038724141,2.2990953508676713,3.2294338211589633
-1.7388951685416014,2.412015878944802,3.2145072649414175
-1.7396761175487299,2.525336299667511,3.1934955991662477
-1.7405121820093135,2.638841050143153,3.1710010356903595
-1.741456773191044,2.752625222140683,3.1455865284388835
-1.7425688371846937,2.8668067966586896,3.1156661152724894
-1.7436894082186036,2.9811464075995486,3.0855168176526178
-1.7419053373693991,3.090477211461837,3.1335177755391683
-1.74254576618843,3.204035763636791,3.1162868473025753
-1.74393957292574,3.3191108000844736,3.078786061653041
-1.7461141117411314,3.4359019618131943,3.0202794467689955
-1.6233350796050972,1.511380936184056,3.3115263036786473
-1.6235511326963814,1.6235511326963814,3.3053124361930273
-1.6238925398006647,1.7358851287524346,3.2954932825208516
-1.624284481646472,1.8483237204942615,3.2842207074447813
-1.6246743215953598,1.9608138364081926,3.273008584680923
-1.6250542148256644,2.0733450327086063,3.262082537857111
-1.6254342857183341,2.1859288670005186,3.2511513813151964
-1.6259159406565808,2.2987087436868903,3.2372985827170737
-1.6264347551265887,2.4116101541532178,3.222377044927036
-1.6270269508455584,2.5246969926913834,3.2053450010837423
-1.6278086795852533,2.638172687603687,3.1828618291499495
-1.6275450960744364,2.7499899899188756,3.190442711227945
-1.6263720143941887,2.86017147358978,3.224181520830463
-1.6271611352002309,2.9737772470900774,3.2014857468901354
-1.6287582457763674,3.0890242592310413,3.1555515118323925
-1.6315108275729624,3.206762661091685,3.0763849587147476
-1.6342949200682095,3.324944837380151,2.9963121315667607
-1.3020659606513005,-0.7233699781396113,9.777531329573122
-1.3053184490348833,-0.6284866606464252,9.677057838933564
-1.3055482849463367,-0.5318900420151742,9.669957916174546
-1.5110777003944114,1.3991460188837144,3.320893641753159
-1.5112749191982262,1.5112749191982262,3.31480130281075
-1.5114760438553816,1.6234372322891135,3.3085883071056443
-1.511707657229247,1.7356643471891353,3.3014334762787314
-1.5120724757738608,1.8480885815013857,3.2901637688103094
-1.5124374704623773,1.9605670913401188,3.2788886200333778
-1.5127950387058815,2.073089497485838,3.26784288356032
-1.5131488106125086,2.185659393106957,3.2569144207475276
-1.5135292974545467,2.2983222665050524,3.2451606997027582
-1.5140121691999278,2.4112045657628483,3.230244179159733
-1.5126099289934798,2.521016548322466,3.2735611573134804
-1.5119850636316425,2.6319739996550817,3.2928640407305068
-1.5127345827445002,2.7453331316474263,3.2697104448714143
-1.514192043833997,2.8601405272419944,3.224687623614855
-1.5176686124276548,2.979127276246878,3.117292011130644
-1.5186383550714981,3.0935225751456445,3.087335431134605
-1.5197959664060954,3.2084581513017567,3.0515753490454713
-1.5209595336910238,3.3235782402877927,3.015631280097878
-1.2085676817642135,-0.8218260235996651,9.679076667622432
-1.2059455168935578,-0.7235673101361346,9.766558825477446
-1.206817246806472,-0.6275449683393653,9.737475675633618
-1.2092062757908826,-0.5320507613479882,9.657771529996836
-1.2094192904600316,-0.4353909445656114,9.6506648132833
-1.3988805293105324,1.2869700869656897,3.3297510561018413
-1.3990543639009199,1.3990543639009199,3.32395148749076
-1.3992304787820744,1.5111689170846403,3.318075842520379
-1.399416679191479,1.6233233478621156,3.3118637184123543
-1.3996029291180938,1.7355076321064362,3.305649942282969
-1.399889016915497,1.847853502328456,3.2961053182462123
-1.4002268889623817,1.960317644547334,3.284833038584793
-1.4005635305700117,2.0728340252436173,3.273601809538583
-1.400891016417711,2.1853899856116294,3.2626760401698007
-1.3992932450554156,2.2948409218908816,3.3159817983609656
-1.398748099194048,2.4058467306137628,3.334169265072866
-1.3992098163092364,2.5185776693566253,3.3187651957073996
-1.400579212696296,2.6330889198690364,3.273078613509817
-1.4032467294973223,2.7503635898147523,3.1840833987238284
-1.4039212465071504,2.8639993428745867,3.1615797780743335
-1.4047758399613959,2.9781247807181592,3.1330683445245953
-1.4056731454043645,3.0924809198896015,3.1031319292806856
-1.40665120690019,3.2071647517324333,3.0705012846071753
-1.4077277152764436,3.3222374080524073,3.0345861990389267
-1.1122181647009646,-0.822074295648539,9.666895794833366
-1.1107027727532197,-0.7243713735347084,9.721849457055285
-1.1100040237319746,-0.627393578631116,9.7471886557679
-1.1121998256029186,-0.5319216557231349,9.66756083769635
-1.1130195001445298,-0.4355293696217725,9.63783643671966
-1.1132362740406951,-0.33881103992542894,9.629975421299768
-1.2868857963780505,1.2868857963780505,3.332807741528022
-1.287045703251526,1.3989627209255717,3.3270089326290986
-1.287205649865744,1.511067502016308,3.3212086825853007
-1.2873730353957442,1.623209479412025,3.315138670209855
-1.2875443613310529,1.735385878315767,3.3089257643059895
-1.2877340941791182,1.8476184829526479,3.3020453563293586
-1.2880448573870842,1.9600682612412146,3.2907759442231566
-1.2868879745565647,2.0702110895040384,3.332728752797415
-1.2860411799735276,2.180678522563808,3.363436625804667
-1.2863369985917565,2.2930355192287832,3.352709159257614
-1.2877650798247409,2.407560801411472,3.300921703332648
-1.2896917245370554,2.523309895833369,3.231054509634177
-1.2901033078493138,2.636298063865989,3.216128991287796
-1.2906601027972757,2.749667175524631,3.195937567186128
-1.2912803441085352,2.8632738065015344,3.1734453455758995
-1.2919590202757303,2.977122959765813,3.148834062068943
-1.2927839857369325,3.091439965892665,3.1189177929696257
-1.293610005493789,3.205903057093303,3.08896329124849
-1.2945872223160417,3.3208976572454985,3.0535258301694768
-1.0158104160139578,-0.822322717725585,9.65470756127175
-1.0159893755132605,-0.7257066967951862,9.647599765151298
-1.0139421483979765,-0.6276784728177949,9.72891019016027
-1.0141465733778612,-0.5312196336741177,9.720790972769692
-1.0165747995940837,-0.43567491411175024,9.624348275139845
-1.0167728559050582,-0.33892428530168606,9.616482004367633
-1.016970989404541,-0.24213594985822404,9.608612667872826
-1.17477531917202,1.17477531917202,3.3410437079587822
-1.1749098579566246,1.2868060349048749,3.3357001846756447
-1.1750517155624611,1.398871089955311,3.3300659772468677
-1.1751977346476312,1.510968515975526,3.324266486908961
-1.175345109160175,1.6230956269354797,3.318413162594844
-1.1755015152435428,1.7352641415499919,3.3122011282691517
-1.1756579628759405,1.847462513090764,3.305987443726316
-1.1736438043615178,1.9560730072691963,3.385984471716256
-1.1737792886988052,2.068087318183609,3.3806033935912936
-1.1748094347119955,2.1817889501794205,3.339688729298082
-1.1767335110146746,2.2974320929334127,3.2632695275629544
-1.1770087207438527,2.4100654758088416,3.252338927885461
-1.1773466134794366,2.5228856003130784,3.238918725635962
-1.177722280584124,2.635854627973992,3.2239982257481046
-1.1781304773803396,2.7489711138874595,3.207785732888965
-1.1786964978498482,2.8625486376353457,3.1853049027964317
-1.1792630625646345,2.9762353483774113,3.1628024567266095
-1.179970799297916,3.0903997124469234,3.1346930329367666
-1.180724483609854,3.204823598369604,3.104758693327476
-0.9193490617191121,-0.822575476274995,9.642306569091282
-0.9195280961367486,-0.72594323379217,9.634447295131679
-0.9191680771043351,-0.6289044738082293,9.650251453034727
-0.9177265303052234,-0.5313153596503926,9.713532644268092
-0.9186833766199575,-0.43516580997787463,9.671528892006329
-0.9202460705521074,-0.3390380259928817,9.602929569653064
-0.920430941873405,-0.24221866891405397,9.594814066608826
-1.0628277985468433,1.1747044089201952,3.3438600748729925
-1.0629495094174712,1.28672835350536,3.338517196733953
-1.0630723979507117,1.3987794709877788,3.3331226214227883
-1.063204493150434,1.5108695428979853,3.3273238907816562
-1.0633366211730169,1.6229874744219732,3.3215237192787157
-1.0616811810807654,1.7322166638686172,3.3941944234956694
-1.0614649705740142,1.843597054154867,3.4036856577953927
-1.0620299261725517,1.9563709166336478,3.378885170366587
-1.0640231111011074,2.072045005828472,3.29138810353178
-1.0642799457715946,2.184574625531168,3.2801135449059515
-1.0645324387008852,2.2971489466703314,3.2690295805467144
-1.0647813766176517,2.409768378661002,3.2581016745461326
-1.065039277803706,2.5224614474298304,3.246780297894283
-1.0653790528385865,2.635411341232293,3.2318648133801275
-1.0657190446610003,2.748433325704686,3.21693981230127
-1.0661696643909877,2.8618238359968617,3.1971584543013662
-1.0666820109467032,2.975481398956594,3.174667404832853
-1.0672335094193266,3.089360158845419,3.150457659902969
-0.823010628481746,-0.7261858486603642,9.620956869443816
-0.8231709867151078,-0.6294836957233177,9.613089277219402
-0.8218142861729695,-0.5317621851707449,9.679652536320091
-0.8215632838032336,-0.4349452678958296,9.691967365755687
-0.8236618817285829,-0.33915489247647534,9.589004690416125
-0.8238274069764558,-0.24230217852248703,9.580883591013816
-0.9508446372137752,1.0627087121801018,3.3490877422312195
-0.9508937915657164,1.174633507228238,3.346676101812008
-0.951002677619727,1.286650681485513,3.341333868651155
-0.9511115886212099,1.3986935126782498,3.3359904115023866
-0.9498272854347274,1.5085492180433906,3.3990016679370214
-0.9494214171223663,1.6196012409734484,3.4189146235210615
-0.949720241850186,1.731842793962104,3.4042535047511038
-0.9515895876869821,1.8472033172747302,3.3125385334521766
-0.9517162339078025,1.9594157756925343,3.3063249402908568
-0.9518995833083318,2.0717814460240165,3.2973293415759386
-0.9521293242774598,2.184296685107114,3.2860576517821016
-0.9523590193444386,2.296865870183646,3.274788214067158
-0.9525816983905346,2.409471354752529,3.263863000594313
-0.9528044815602504,2.5221295100124275,3.2529326785457258
-0.9530736055450238,2.6349682035656543,3.2397287555190246
-0.953377706444854,2.7479710362234027,3.2248087740201967
-0.9536998004629624,2.8610994013888873,3.2090060033156647
-0.9541579836645498,2.974727831424773,3.1865263431286124
-0.7264286257496525,-0.7264286257496525,9.607457423568398
-0.7265729797356755,-0.6296965824375853,9.59943072373882
-0.7267189560644818,-0.5329272344472866,9.591313814702673
-0.7251563086059118,-0.43509378516354713,9.678203705553415
-0.7256545082482007,-0.33863877051582697,9.650501671865044
-0.7271572372047931,-0.24238574573493102,9.566943506329707
-0.8389605850441482,1.0626834077225875,3.3501985602885895
-0.8389984821859221,1.1745978750602908,3.348091316908622
-0.8380124423202183,1.284952411557668,3.4029193562309956
-0.8374704075068877,1.3957840125114795,3.433058813156684
-0.8375650409212119,1.5076170736581813,3.427796790045605
-0.8385606171305354,1.6212171931190351,3.372438489177867
-0.8394706142587288,1.7349059361347061,3.321838751719767
-0.8395789757204775,1.8470737465850504,3.315813390380505
-0.8396907067328737,1.9592783157100384,3.3096006675948857
-0.8398045756468089,2.0715179532621284,3.303269068327971
-0.8400072366915456,2.184018815398019,3.2920002463295788
-0.8402099955898019,2.2965739879454588,3.280725983256424
-0.8404096758336088,2.409174404056345,3.2696229065552345
-0.8406062007633504,2.521818602290051,3.258695278828938
-0.8408059196231472,2.634525214819195,3.2475900549133243
-0.8410741537442312,2.7475089022311554,3.2326750890484277
-0.8413425590387014,2.8605647007315844,3.217750605210206
-0.629913657827115,-0.629913657827115,9.585503429931833
-0.6300402578973503,-0.5331109874516041,9.577380922917229
-0.6292337430942678,-0.4356233606037239,9.629125934853185
-0.6288133577356259,-0.33859180801149086,9.65609734978257
-0.6298267619232691,-0.24224106227818046,9.591078565768775
-0.7270776492085399,0.9507938489650138,3.35157954588027
-0.7268713941754773,1.0623504991795436,3.364812618735094
-0.7256705121185195,1.1722369811145315,3.4418597555433124
-0.7256813409080671,1.2838977569911958,3.441164993534919
-0.7263077109545144,1.396745597989451,3.400977850774659
-0.7273161030780231,1.5105795987005095,3.3362806347190386
-0.7274031500460566,1.6226685654873572,3.330695806786963
-0.727493540365786,1.7347922885645666,3.3248964734636175
-0.727583953150868,1.8469438810752805,3.319095698790484
-0.7276808964333266,1.959140875012802,3.3128759353233264
-0.7277777421434845,2.0713674199468404,3.30666243197669
-0.7279136721256325,2.183741016376898,3.2979413291254787
-0.7280893517986038,2.2962818018263658,3.286669934304129
-0.7282651162915179,2.408876923118098,3.2753930975380854
-0.7284355783497302,2.5215077712106044,3.2644564585537736
-0.7286059376230505,2.6341906975602596,3.253526414123506
-0.7288083674988497,2.7470469236495108,3.240538758721037
-0.5334200638486093,-0.4364345976943167,9.553945507486041
-0.5324075204375454,-0.33880478573298345,9.630720621051232
-0.5324370726605338,-0.24201685120933353,9.628479852654301
-0.6141957982217238,0.9492116881608458,3.4292044721449955
-0.6143905778740529,1.0612200890551824,3.4144354955615057
-0.614282678996218,1.172721478083689,3.4226168224150726
-0.6152640442513474,1.2864611834346356,3.3482057620217986
-0.6153137044954637,1.3984402374896905,3.3444403225946573
-0.6153841669383839,1.5104884097578515,3.339097576794167
-0.6154546455218303,1.6225622472848251,3.3337536071540725
-0.615531135958397,1.7346786558827552,3.3279537946325632
-0.6156076290616976,1.8468228871850931,3.322153779908561
-0.6156867997018415,1.959003453596768,3.3161507435728836
-0.6157687345755678,2.0712221072087282,3.309938111930073
-0.6158506912597896,2.183470632648345,3.3037238265277864
-0.6159972339147044,2.2959896900457166,3.2926123730826404
-0.6161459198757026,2.4085704140595645,3.2813384055505352
-0.6162926040934057,2.5211970167457505,3.2702162182454515
-0.4368429960411145,-0.3397667746986446,9.516097679022167
-0.43578330113767416,-0.24210183396537452,9.614303637111696
-0.4362040744623288,-0.1454013581541096,9.575308972371808
-0.5027786985593846,0.7262358979191111,3.405585288059001
-0.5023929789642289,0.837321631607048,3.441331390331655
-0.5024646245446147,0.9490998463620499,3.434691721836664
-0.5033626487628582,1.0626544807215894,3.3514684011866436
-0.5033631305224361,1.1745139712190173,3.351423754693812
-0.503385867612409,1.286430550565045,3.3493166220675192
-0.5034086067565594,1.3983572409904426,3.3472092990727873
-0.5034657439413696,1.5103972318241088,3.341914178789942
-0.5035234012751238,1.622464292997621,3.3365708543256716
-0.5035833981541005,1.7345650380863458,3.331010715305318
-0.5036459752217904,1.8467019091465648,3.3252114603811194
-0.5037085678435121,1.958866652724769,3.3194107640056316
-0.503775441451812,2.071076814857449,3.3132133323178223
-0.5038424875127936,2.1833174458887723,3.30699991878393
-0.5039336310530806,2.2956976525751447,3.29855330016899
-0.3392923874892831,-0.2423517053494879,9.57262187996308
-0.3391796458414555,-0.1453627053606238,9.586055276628208
-0.39146101936843775,0.5033070249022771,3.3566232759560535
-0.39089529703428444,0.6142640381967327,3.424030242799617
-0.39083867182752635,0.7258432476796918,3.4307772513655124
-0.39113669018935027,0.8381500504057505,3.395267757358525
-0.39153070403178497,1.3983239429706606,3.3483202065734616
-0.3915608316400375,1.5103060648972875,3.344730440767954
-0.3916056708192102,1.6223663505367278,3.33938776136268
-0.3916505202689825,1.7344523040483508,3.334043858194569
-0.3916989887483656,1.8465809469565808,3.3282687402869016
-0.24238613565182182,-0.14543168139109308,9.566878463182775
-0.24261940516729444,-0.048523881033458886,9.527966111019666
-0.27950405644190324,0.3913056790186646,3.375132394607519
-0.2793461668632685,0.5028231003538833,3.401470404845462
-0.27941159069609617,0.6147054995314116,3.390556868982486
-0.14559158434081002,-0.14559158434081002,9.522422019179942
-0.1455450429183984,-0.0485150143061328,9.535361531195932
-0.1680039146315242,0.1680039146315242,3.291314285983951
-0.16780959092179537,0.27968265153632565,3.345340438317443
-0.1677555274668092,0.39142956408922147,3.360371236457482
-0.04755482693703908,-0.04755482693703908,10.336219478130069
-0.04755478072620039,0.04755478072620039,10.336258020938054
-0.055990199350193136,0.1679705980505794,3.3005770088903077
-0.05602769090307166,0.2801384545153583,3.26930664538407
0.055951611391656074,-0.2797580569582804,3.332761845147367
0.055965666269958414,-0.16789699880987521,3.321039173777251
0.047554869484554924,-0.047554869484554924,10.33618399076866
0.047554823273633536,0.047554823273633536,10.336222533645625
0.1665577733485836,-2.6094051157944764,3.6933725286807686
0.166568095693119,-2.498521435396785,3.6905026958688723
0.16657917375760087,-2.3876348238589458,3.687422756729731
0.16659038209599575,-2.276735221978609,3.6843065986532224
0.16660827445670792,-2.1659075679372033,3.6793321392483946
0.16663352744541235,-2.055146838493419,3.6723112676495333
0.16666254628856314,-1.94439637336657,3.6642434078768176
0.16672114443266606,-1.8339325887593267,3.6479518690616004
0.16677978379719058,-1.723391099237636,3.6316488700865293
0.16683983016469853,-1.6127850249254192,3.614954694154086
0.16748199879537415,-0.5024459963861225,3.43641806415107
0.16753928437482526,-0.39092499687459237,3.420491446414829
0.16770395356316345,-0.2795065892719391,3.374709886016433
0.16796473149106955,-0.16796473149106955,3.302208038053948
0.14530784820475168,0.0484359494015839,9.60130674060995
0.1452523928875214,0.1452523928875214,9.616724506257626
0.2775822023522303,-2.8313384639927492,3.6957223482152486
0.2775762539855109,-2.720247289058007,3.6967146122070176
0.27759082100011506,-2.6093537174010812,3.6942846470180726
0.2776080242299166,-2.498472218069249,3.6914149272648302
0.27762601906433404,-2.387583763953273,3.688413157691336
0.27764469882933424,-2.2766865304005406,3.6852971328968493
0.27766708208542534,-2.165803240266318,3.681563318206962
0.27770916634509407,-2.055047830953696,3.6745431230072754
0.27775126336270317,-1.944258843538922,3.6675207996192256
0.2778375236747319,-1.8337276562532308,3.65313147132418
0.2779352341041646,-1.7231984514458205,3.636832116338212
0.27803438317869883,-1.612599422436453,3.6202927768659876
0.27813508397811415,-1.5019294534818162,3.603494589747477
0.2782407567882291,-1.3912037839411455,3.5858670073652306
0.2783836628907531,-1.2805648492974644,3.562028433446109
0.2785267158635538,-1.1698122066269259,3.5381653596778833
0.2788845255058391,-0.8366535765175173,3.4784781143052967
0.27866409674162007,-0.7245266515282122,3.5152484641848787
0.27876656800238386,-0.6132864496052445,3.4981549413670407
0.27901201525191494,-0.5022216274534469,3.4572111867068145
0.27953862618724873,-0.3913540766621482,3.36936571694136
0.24208109393659097,0.048416218787318194,9.61776334037495
0.24167402709657426,0.14500441625794455,9.685667319172012
0.24204968007740982,0.24204968007740982,9.62300357568295
0.38866044451835985,-3.053760635501398,3.690317465959474
0.38862786890947804,-2.9424681503146193,3.6941989160194098
0.38861773037910363,-2.831357749904898,3.695406942536181
0.3886094025522285,-2.7202658178655996,3.696399220047894
0.3886194946218575,-2.6093023210324717,3.6951967294234365
0.38864357819477535,-2.498423002680698,3.692327122722162
0.3886681149679024,-2.3875327062314002,3.6894035162941066
0.38869426552038655,-2.276637840905121,3.6862876247730867
0.38872041959083264,-2.1657280520060675,3.6831713140797504
0.3887741035316433,-2.054948832952972,3.6767747633342722
0.3888330336790049,-1.9441651683950243,3.6697531164070156
0.3889290723271584,-1.8335227695423182,3.658309916128431
0.3890658363559317,-1.7230058467191263,3.642014203909973
0.3892033461596904,-1.6124138626615743,3.62562963108504
0.3893442948298263,-1.5017565657721872,3.6088353103363033
0.38948534562759773,-1.3910190915271348,3.592028820872052
0.38967351282314594,-1.2803558278474796,3.569608316773788
0.3898737215937179,-1.1696211647811536,3.5457530345178085
0.3897877879978682,-1.057995424565642,3.555992197259833
0.3895698510586251,-0.9460982097138038,3.5819598268736286
0.38964874425119794,-0.8349615948239956,3.5725595425028516
0.3900259412734745,-0.7243338909364525,3.527615750046536
0.3908057449300282,-0.6141233134614729,3.4347005581786405
0.33799860140295573,0.1448565434584096,9.726779123824173
0.3378471737386089,0.24131940981329206,9.744822038048348
0.49976354634419357,-3.165169126846559,3.6850109143569867
0.49971960000772353,-3.0538420000471986,3.689083588542317
0.4996777148507839,-2.9425465430101716,3.6929652453792343
0.49965477107290296,-2.831377036079783,3.6950915325602693
0.49964406372105463,-2.720284346925742,3.6960838235899374
0.49964379447227136,-2.609250926688528,3.696108775898985
0.4996747578462035,-2.4983737892310174,3.693239282243006
0.4997057250585598,-2.3874829086131193,3.6903694328656584
0.499739082473901,-2.2765891534922154,3.6872780742846842
0.49977270769837506,-2.165681733359625,3.684161896812533
0.4998283405515892,-2.0548498444898664,3.6790061886616243
0.49990410058399265,-1.9440715022710822,3.671985218245588
0.4999957987121564,-1.83331792861124,3.663487203862296
0.500171598883485,-1.7228132850431146,3.647195133190287
0.5003475227293395,-1.612230906572316,3.6308916011294556
0.500527905953442,-1.5015837178603257,3.6141748015216137
0.5005221672323311,-1.3903393534231419,3.6147066306387217
0.5000920631168617,-1.2780130501875355,3.6545660152604498
0.500191007599085,-1.1671123510645314,3.6453964536792256
0.50039111740411,-1.056381247853121,3.6268515167716373
0.5008315909160473,-0.9460152272858671,3.586031160731025
0.4344882010447757,0.14482940034825856,9.734325489658133
0.43364278249928284,0.240912656944046,9.812673642487056
0.4341820628319318,0.33769715998039135,9.762696482481203
0.6110608946073792,-3.388610415550012,3.6669054718031973
0.6109564765050155,-3.276948373981447,3.6748228722619203
0.6108545143289917,-3.165337028795684,3.6825540545085715
0.6107846737857754,-3.0539233689288765,3.687849645372431
0.6107334780882119,-2.9426249398795665,3.691731509055053
0.6106933244645397,-2.8313963225174117,3.6947761182874004
0.610680237522885,-2.7203028762383066,3.6957684228353145
0.6106671511437767,-2.6092141912506825,3.6967606847287087
0.6107015634426893,-2.4983245777200924,3.6941514058294658
0.6107394107664998,-2.387435878450863,3.6912816695278536
0.6107791499946,-2.276540468161691,3.688268481434335
0.6108202457343135,-2.1656354166943843,3.6851524371748354
0.6108718789511629,-2.0547508655630025,3.6812373990203824
0.6109644656254895,-1.9439778451720118,3.674217105017803
0.6110570803566323,-1.833171241069897,3.6671946836345697
0.6107987368657622,-1.7213418948035117,3.686783326090442
0.610406867823532,-1.6092544697165843,3.7164964128491604
0.6104675632416817,-1.4984203825023097,3.7118942421467267
0.6106164909760221,-1.3877647522182321,3.700601942387479
0.6111101446509217,-1.2777757569973818,3.6631711354332737
0.6117500271206914,-1.167886415412229,3.6146526731647555
0.612773395756912,-1.0584267744892115,3.537056747492457
0.5295585902956935,0.24070845013440614,9.846737961927651
0.5292244686572198,0.33677920732732175,9.872072408291238
0.5301295014732728,0.4337423193872232,9.803449180414347
0.5297892552199588,0.5297892552199588,9.82924801970644
0.7223271081248618,-3.5005082932204843,3.6563685021866874
0.7222024801658852,-3.388796253086077,3.6643644809339406
0.7220777825107223,-3.2771222437025096,3.67236493130401
0.7219572689708957,-3.165504948564697,3.680096933906981
0.7218556663256022,-3.054004742146778,3.6866156364445573
0.7217951590951679,-2.942703340926454,3.6904977069894116
0.721734662000457,-2.8314205970787163,3.694379127238534
0.7217179239886302,-2.720321405803299,3.69545301778394
0.7217024580566853,-2.609231963743401,3.696445293226411
0.7217239952427003,-2.4982753681478087,3.69506349348368
0.7217687221357812,-2.3873888501414307,3.692193870251117
0.7218144683871799,-2.2764917849134134,3.6892588462247744
0.7218630340023741,-2.1655891020071225,3.6861429352355444
0.7211929421069274,-2.0526260659966398,3.7291352188186266
0.7207361451922617,-1.94044346782532,3.7584427550366186
0.7206593219714718,-1.8293659711583516,3.763371639740953
0.720837229590651,-1.7189195474853984,3.7519573025920963
0.7212833480577645,-1.6090166995134747,3.7233348826223605
0.7221559561131757,-1.4998623703889036,3.66734940774937
0.723080134985262,-1.390538721125504,3.6080552118036877
0.723342095291898,-1.2797590916702812,3.591248156134263
0.7236966368913024,-1.169048413439796,3.5685011969676665
0.7240684707883497,-1.058253918844511,3.5446447849497176
0.6260856910395702,0.2408021888613732,9.831101137940287
0.6245714241235594,0.3363076899126859,9.928254667353173
0.6247089431825463,0.43249080681868596,9.919431611258602
0.625453991548236,0.5292303005408151,9.871630211422996
0.6250532448756726,0.6250532448756726,9.897341632063807
0.8335000740670149,-3.5007003110814625,3.653826355662588
0.8333562568003633,-3.388982110988144,3.661823211596584
0.8332108809851843,-3.277296131875058,3.6699067295033103
0.8330718121448445,-3.165672886150409,3.677639552598876
0.832932578100341,-3.05408611970125,3.685381561753445
0.8328627583446699,-2.942781746151167,3.689263839177066
0.8327929502865715,-2.831496030974343,3.6931454661655465
0.8327571231492014,-2.7203399356207245,3.695137608435715
0.8327392775994363,-2.6092497364782337,3.6961298974275536
0.8323310966879681,-2.4969932900639042,3.718826504170366
0.8314591382004836,-2.3835161961747193,3.7673111303017492
0.8312825971108824,-2.2721724321030785,3.777127570933949
0.8311415044305983,-2.1609679115195557,3.784972928197668
0.8313217281755235,-2.050593596166291,3.7749517161582062
0.8316263638523499,-1.940461515655483,3.758012667901653
0.8325949024657538,-1.8317087854246585,3.7041577731575757
0.8333399313749443,-1.722235858174885,3.6627309751647275
0.8336329412308437,-1.6116903530462978,3.646438372340164
0.83392615722674,-1.501067083008132,3.630134307248973
0.8342272028271347,-1.3903786713785578,3.6133948826168023
0.8345293951306703,-1.2796117392003612,3.59659169637915
0.8348983006773906,-1.1688576209483468,3.5760789681159935
0.7227687087766151,0.144553741755323,9.810964481136594
0.7223049100574036,0.24076830335246785,9.836753676177352
0.7203125025002319,0.33614583450010826,9.947540068990008
0.7194958509802324,0.4316975105881395,9.992949390873001
0.7204986851774403,0.5283657024634562,9.937187514796022
0.7204614092961256,0.6243998880566421,9.939260213433862
0.720005797428124,0.720005797428124,9.96459418448655
0.9448816710786457,-3.6127828600065865,3.641646378078505
0.9446852373041777,-3.5008923500096003,3.6512839302279474
0.9445222265203276,-3.3891679892788225,3.659281663481984
0.9443557738056697,-3.2774700385020306,3.6674482668182833
0.9441981457272415,-3.165840841556045,3.675181910537056
0.9440405702712591,-3.0542489038187792,3.6829129724617005
0.9435977565175442,-2.941804770319403,3.704638567540634
0.9426141381875616,-2.8278424145626846,3.7528974424516974
0.9421045068518162,-2.715477696219941,3.777901281982551
0.941870036303371,-2.6039936297799082,3.7894050172453433
0.9418027320143263,-2.493007231802628,3.7927071408099167
0.9420832586735766,-2.3829164778213996,3.7789437729005186
0.942552310523981,-2.2732143959696014,3.7559308685193358
0.9439343624557245,-2.1654964785748976,3.688123804273417
0.9439978744446141,-2.054583609085337,3.685007740823039
0.9440813650339074,-1.9436969280109857,3.6809114752471146
0.9442244555353035,-1.8329062960391187,3.673891082888261
0.9443675893990618,-1.7220820747865244,3.666868563059083
0.9446784218739048,-1.611510249079014,3.6516183129727438
0.9450106590564018,-1.5008992820307558,3.635317892228038
0.9453486877602852,-1.390218658471008,3.6187333243729896
0.9456910935306344,-1.2794644206590937,3.601934006246829
0.8177487151598514,0.24051432798819158,9.879120029943934
0.8172233390147702,0.33650372782961124,9.904896350793074
0.8147490809601922,0.4313377487436312,10.026289889642307
0.8142691138170738,0.5268800148228124,10.049838326688594
0.8156735625852379,0.6237503713887113,9.980932415365224
0.8151582758020324,0.7192573021782639,10.006213725865479
0.8146539009017947,0.8146539009017947,10.030959670991656
1.05613378000864,-3.613089247397979,3.6377148893658315
1.0550141981330075,-3.4982049727568145,3.686862426453743
1.0541132797326946,-3.384258424404967,3.7264110485387008
1.0536521045257112,-3.2718670614219456,3.7466557721114597
1.0533142149155008,-3.159942644746503,3.7614884900313044
1.0529773478825544,-3.048092322817921,3.7762763187339417
1.0528020698461247,-2.9367636685181377,3.7839706946287492
1.0529263144683796,-2.826275896730914,3.778516589562244
1.0530617446308919,-2.7157908151007217,3.7725714603316263
1.054073470417772,-2.6074449005071205,3.7281586025355864
1.0547948506915215,-2.4981983305851823,3.6964913662840573
1.0548304127972408,-2.387247776330598,3.694930256777191
1.0548957832493244,-2.2763540585906474,3.692060616969542
1.0549629032504582,-2.1654501698298882,3.6891141752515537
1.0550338842036202,-2.054539669238629,3.6859982450065303
1.0551048747026988,-1.9436142428733925,3.6828818957137344
1.0552588473602353,-1.8328179980467245,3.676122785851831
1.0554188050882696,-1.7219991030387558,3.6691009426600374
1.0556990869599516,-1.6113301853599262,3.6567970960335643
1.0560703278793473,-1.5007315185653882,3.6405003184135794
1.0564445986172026,-1.3900586823910561,3.624070537465876
1.0568271993330638,-1.2793171360347615,3.607275086162211
0.9129939654292633,0.24026156984980612,9.921283334793344
0.9124163391247045,0.33615338809857537,9.94664004236796
0.911021010251146,0.4315362680137008,10.007892353659898
0.9088222181886341,0.5261602315828935,10.104415186686168
0.9090044481665532,0.6219504119034311,10.096415633644767
0.9101382271272758,0.7185301793110073,10.04664487124284
0.909585314987479,0.8138394923572181,10.070916673500868
1.1649145742587834,-3.6056879679438536,3.7326863126382435
1.1647727083408923,-3.4943181250226774,3.738320850199756
1.164723202481486,-3.383243588160507,3.740287091482273
1.1646844095953115,-3.2722085793392086,3.7418278419142226
1.1651372820175332,-3.1625154797618764,3.723840951817472
1.1657750571836418,-3.0532203878619195,3.69851021570652
1.1661010702793906,-2.943016986895605,3.6855618412072246
1.1660033233797569,-2.8317223567794096,3.68944408851295
1.1659055928516702,-2.720446383320564,3.6933256855843055
1.1658588123166325,-2.6093030561372257,3.695183684219458
1.165833828599796,-2.498215346999563,3.696175971112851
1.1658422293971187,-2.3872007554321955,3.695842313749864
1.1659144781027222,-2.276309219152934,3.6929727870055586
1.1659867357647613,-2.165403937848843,3.690102904535415
1.166065144775602,-2.054495731271299,3.6869887068245717
1.1661436046027218,-1.9435726743378696,3.6838724908260616
1.1662825418116813,-1.8327297085612138,3.678354273806697
1.1664593201614406,-1.7219161392859361,3.671333107154503
1.166694944809644,-1.6111501618799846,3.6619747217829044
1.167105172021796,-1.5005637925994522,3.6456815861941365
1.1675156878225588,-1.3898996283601892,3.629376988632046
1.0080484325135948,0.24001153155085592,9.96299293548121
1.0074113311452992,0.3358037770484331,9.98829691013217
1.0067750345831394,0.43147501482134554,10.013568920020418
1.0040517123345163,0.5259318493180799,10.121732048487587
1.0029397145373078,0.6208674423326191,10.165897648300628
1.0042947064112397,0.7173533617223142,10.112080968983236
1.0043271129865916,0.8130267105129552,10.110793865859577
1.2783563329659833,-3.501584738124215,3.6421173244240705
1.2780933142583313,-3.3897257465112265,3.651655346082336
1.2778727737005704,-3.2780214629710285,3.6596529544472602
1.2776479076943847,-3.166344814720867,3.667807419414231
1.2774346494895616,-3.054735031388082,3.675540942989663
1.2772214624775695,-2.9431625004917907,3.683271884852296
1.2770852853992682,-2.8317978067548992,3.6882101644666676
1.2769782414980329,-2.7205188623218963,3.6920919683789606
1.2769016826888024,-2.609320829842335,3.6948682712020187
1.2768743191967211,-2.4982323636457586,3.6958605716450066
1.2768496729506884,-2.3871537363860695,3.696754334794228
1.2769287993677676,-2.2762643814816728,3.69388492110658
1.2770079355941406,-2.165361282094412,3.691015151698025
1.2770916564652481,-2.0544517951832253,3.687979126279899
1.2771775849813929,-1.9435311075803803,3.6848630435671197
1.2772955404326471,-1.8326414275772762,3.680585546887073
1.2774891361651273,-1.7218331835269105,3.6735650565735583
1.2776827905890698,-1.6109913446557833,3.6665424378926588
1.2781151998062459,-1.5003961041203755,3.6508616959580706
1.1022211978611198,0.33545862543599303,10.029422426823281
1.101551306191486,0.4310418154662336,10.053715152275025
1.1008822283009339,0.5265088917960988,10.07797836711675
1.097604634097846,0.6203852279683477,10.196835937268851
1.096948422145221,0.7154011448773181,10.220632586079219
1.3893080763879802,-3.3899117063866715,3.6491126824441906
1.3890683320974024,-3.27820126374987,3.6571111680115393
1.388828670491218,-3.1665293687199774,3.6651068950150716
1.3885895946825153,-3.0548971083015335,3.673083078309382
1.3883578450813334,-2.943318631572427,3.6808148404957777
1.3881731670327644,-2.831873260746839,3.6869761747345464
1.3880568087680352,-2.720591345185349,3.690858185433683
1.3879460658455234,-2.609338603789584,3.694552853887565
1.387916322513208,-2.4982493805237747,3.695545167880425
1.3878865804584708,-2.38716491838857,3.696537439250001
1.3879387473029023,-2.27621954557676,3.6947970192747235
1.388024761551589,-2.1653186280204793,3.691927362921078
1.3881134195772213,-2.0544078609742877,3.688969503375219
1.3882068161434367,-1.9434895426008112,3.685853553939623
1.388300225278518,-1.8325562973676437,3.6827371851743607
1.388508254645583,-1.7217502357605228,3.6757967909483114
1.1954162729185378,0.5259831600841566,10.117841459847526
1.1935455993567343,0.6206437116655018,10.180251936648695
1.195903336998181,0.7175420021989086,10.101591750617686
1.5002760894044103,-3.278381084254082,3.6545691027245297
1.5000172264754907,-3.1667030336704807,3.6625657068621535
1.4997563357308634,-3.055059202414722,3.6706249527984554
1.4995060196021612,-2.9434747792190574,3.67835753543919
1.49926696875468,-2.83194871875884,3.6857421192575472
1.4991412951347596,-2.7206638319112306,3.689624336743222
1.499015642576733,-2.6093976000409795,3.693505903600297
1.498959838580169,-2.498266397633615,3.6952297598190356
1.4989277167234585,-2.387181178485508,3.6962220447064524
1.498944322166547,-2.27617471143809,3.6957090815121347
1.499037213895576,-2.1652759756269435,3.692839538206705
1.499130434413898,-2.054363928641268,3.6899598381830856
1.4992312983935516,-1.9434479793990482,3.6868440219462784
1.4993321759444485,-1.8325171039321038,3.6837277864765596
1.610934874512385,-3.055221313730385,3.6681665664153584
1.610665987916892,-2.94363094343432,3.67589996964103
1.6103971910679638,-2.832077818774695,3.6836307916804927
1.6102317010713396,-2.72073632249985,3.6883904223023265
1.6100967337247498,-2.6094671201745947,3.6922721959979086
1.610004867428517,-2.498283414975285,3.694914347460738
1.609970365704995,-2.3871974388039585,3.6959066458662733
1.6099455242172065,-2.2761298790657056,3.696621107817947
1.6100452928845506,-2.1652333249137063,3.6937516775570316
0.0,0.0,50.0
