-2.423895285418501,-1.4856132394500492,9.784374976669582
-2.4253431581076197,-1.3300268931557915,9.74541953047391
-2.4267296860686693,-1.1742240416461303,9.70811458246888
-2.2702128088978935,-1.4873808058296545,9.70678213947943
-2.2667831528044213,-1.3288039171612125,9.80542191528373
-2.2699118519910586,-1.1740923372367544,9.715437911664125
-2.269761403486228,-1.0174792498386538,9.719764936410087
-2.2696355704476927,-0.8608962508594696,9.723383999771428
-2.113409330836336,-1.4872139735514958,9.714105762482546
-2.1112130382010657,-1.329282283311782,9.781952027098114
-2.110945490599379,-1.1727474947774326,9.790216911790523
-2.113029360316714,-1.0173845068191583,9.725843533673157
-2.1129143411097613,-0.8608169537854582,9.72939662283143
-2.1128553123815923,-0.7042851041271975,9.73122009509872
-2.329630131129472,2.8473257158249097,3.0347710524844302
-1.956647968433177,-1.4870524560092144,9.721196078583944
-1.956541454027578,-1.3304481887387531,9.724749672848247
-1.953610798200256,-1.1721664789201536,9.822523881698956
-1.9563472536192223,-1.0173005718819954,9.731228697477633
-1.9563480912146787,-0.8607931601344585,9.731200753140968
-1.9563489288108524,-0.704285614371907,9.731172808780371
-1.956358683936875,-0.5477804315023249,9.730847352710029
-2.1514528533719566,2.1514528533719566,3.222004557159835
-2.1523311458651713,2.324517637534385,3.192702462774335
-2.1533683750490673,2.4979073150569184,3.1580978319927766
-2.1547348546314677,2.67187121974302,3.1125085618934776
-2.1562282421028036,2.8462212795757003,3.0626853185238048
-2.157876220547205,3.0210267087660863,3.0077045230642483
-2.159485515859705,3.1960385634723627,2.954014296282949
-2.161070005007802,3.3712692078121718,2.901151666886662
-1.7999503169859177,-1.4869154792492363,9.727209100532335
-1.7998523417906271,-1.3303256439322027,9.73076203995248
-1.7985957994490454,-1.172997260510247,9.776328867405667
-1.7975710327409478,-1.0160184098101008,9.813490661499188
-1.7998415478766419,-0.8607937837670896,9.73115346680683
-1.80000233833437,-0.7043487410873622,9.725322615906734
-1.8002224907867126,-0.5478938015437821,9.717339081665727
-1.978441822396799,1.978441822396799,3.2544533805160967
-1.9790144066103705,2.1511026158808377,3.23368937981445
-1.9796603418666268,2.323949096973866,3.2102654016533307
-1.9806141258658867,2.497296071743944,3.1756777005598877
-1.9817130371589842,2.6710045283447177,3.1358271522561267
-1.9829794889597958,2.845144484159707,3.0899009715173946
-1.9844757852390642,3.019854455798576,3.035639788173242
-1.985981547637201,3.194839880981584,2.9810353286888045
-1.987443756015266,3.3700133254171902,2.9280102974908715
-1.9889438420249015,3.5455085879574333,2.873611684643535
-1.6433319634400434,-1.4868241573981347,9.731217957911724
-1.6433326670202366,-1.330316920921144,9.731190013574661
-1.6433333706010327,-1.1738095504293091,9.731162069213681
-1.6410446793454516,-1.0158848014995652,9.822062808714563
-1.6436195207846371,-0.8609435585062385,9.719796943736597
-1.6438205635808283,-0.7044945272489265,9.711812057701607
-1.6440235390633275,-0.5480078463544424,9.70375041049833
-1.6442283679598948,-0.39148294475235595,9.695615150609626
-1.8053202786641191,1.6333850140294413,3.2974722054145076
-1.8057585815107784,1.8057585815107784,3.280063980172457
-1.8061876433038895,1.978205514094736,3.2630227850395386
-1.8066320936179225,2.150752492402289,3.245370398716787
-1.8072112430215008,2.3235573124562157,3.2223681222243243
-1.8079444026790823,2.496685127509209,3.1932489673868787
-1.8088156619441995,2.6701564533461997,3.158644862834535
-1.8099590072849692,2.8442212971620946,3.1132342218284776
-1.8112098673764758,3.0186831122941262,3.063553380407498
-1.8111472010371206,3.1910688780177843,3.06604232100851
-1.811368860514084,3.363970740954728,3.0572385951568037
-1.8127929818046842,3.539262488285336,3.0006762789689674
-1.815079317466324,3.7165909833834254,2.909869097404595
-1.4868252345808433,-1.4868252345808433,9.731170671618258
-1.4868465047132629,-1.3303363463223932,9.73023695283922
-1.4870283423977821,-1.173969743998249,9.722254620739704
-1.4872102245643484,-1.017564890491396,9.71427033596207
-1.4852476879557752,-0.8598802403954487,9.80042199923524
-1.4875781357293831,-0.7046422748191814,9.698119728291331
-1.487763489076946,-0.548123390712559,9.689983065201304
-1.4879488886227992,-0.3915654970059998,9.681844374093302
-1.6332118629560577,1.6332118629560577,3.3050732116349195
-1.6335801368601066,1.8055359407401177,3.288906680404196
-1.6339746079341086,1.977969262236026,3.271590142720285
-1.634358910128832,2.150472250169516,3.254719999697045
-1.6348297087462653,2.323179059797324,3.2340528265185213
-1.6353591434624892,2.496074482126957,3.2108116389666606
-1.636147039994457,2.6695030652541143,3.1762244641747657
-1.6352886062874523,2.8402381056571535,3.2139080881872673
-1.6358370228783616,3.013383989512771,3.1898336320639658
-1.6379462328582364,3.1896847692502495,3.097243283856045
-1.6405744020897828,3.3674948253421855,2.9818716012734114
-1.6417823367528384,3.5427934635192826,2.9288455431133116
-1.6430212519342704,3.718416517535454,2.8744594985073064
-1.330611678716233,-1.330611678716233,9.716728429107746
-1.3307744429478987,-1.1742127437775576,9.708742792345475
-1.3309399188521946,-1.0177775850046193,9.700624113867462
-1.3297915048417985,-0.8604533266623402,9.756968293702727
-1.329808048416381,-0.7040160256322018,9.756156622882841
-1.331476807527473,-0.5482551560407241,9.67428295832812
-1.3317141443335285,-0.3916806306863319,9.662638597008183
-1.4609999214170362,1.4609999214170362,3.3195419365763996
-1.4611953742703343,1.6331007124197854,3.309952510972181
-1.4614441444134059,1.8053133548636189,3.2977472003855866
-1.4617989583559108,1.9777280024815262,3.280339105044021
-1.4621464687632304,2.1502153952400445,3.263289340144439
-1.462504289429346,2.322800930270138,3.245733727118221
-1.4611793202117838,2.4926000168318665,3.3107401648616843
-1.4615880329532651,2.665248765973601,3.2906876541830314
-1.4642681959032269,2.8424029685180283,3.159191885345777
-1.465190120326042,3.01656789478891,3.113959874064662
-1.4661998191685246,3.1911407828962006,3.064421421341777
-1.467320390600423,3.3662056019656763,3.009443270861553
-1.4684161280681645,3.5414741912232204,2.955683539287591
-1.1744600251000399,-1.1744600251000399,9.694992891814763
-1.1746063707121077,-1.0179921879504934,9.686855449047798
-1.1747680259602085,-0.8614965523708196,9.677866724952736
-1.1732733809469327,-0.7039640285681596,9.760975388619585
-1.175186884319651,-0.548420546015837,9.654576406375597
-1.1753992918400642,-0.3917997639466881,9.642765638589566
-1.2888743468068515,1.2888743468068515,3.3330666170528076
-1.2890356409459833,1.4609070597387812,3.324097972162903
-1.2892022976406552,1.6329895770114966,3.314831146219433
-1.28937505646364,1.8051250790490958,3.3052250158089436
-1.2896635823466422,1.977484159598185,3.289181741080398
-1.2884600592105442,2.1474334320175736,3.356102781625026
-1.2886291086896204,2.319532395641317,3.346702906621374
-1.2906484969791723,2.4952537608264,3.2344162695413843
-1.2910623014146316,2.6681954229235725,3.2114069707814963
-1.2916851986119546,2.8417074369463005,3.1767712190066533
-1.2923954623016822,3.015589412037259,3.137277516100582
-1.293221375481964,3.189946059522178,3.0913532062421467
-1.2941920923844432,3.3648994401995527,3.037377189296791
-1.2951752780731816,3.5401457600666966,2.9827078544369243
-1.0180799950551245,-1.1747076866020667,9.681221851673229
-1.0182578905550954,-1.0182578905550954,9.669808292078073
-1.0184394082766388,-0.8617564223879253,9.65816233513847
-1.0186209907255133,-0.7051991474253554,9.646512225371794
-1.017339509730367,-0.5477981975471208,9.728730492334904
-1.0190191970458964,-0.3919304604022679,9.620963790646911
-1.116829215870824,1.116829215870824,3.3455915690729228
-1.1169580369423187,1.2887977349334447,3.337326565310292
-1.1170932193030645,1.4608142098578538,3.32865342894182
-1.117233024745862,1.6328790361670291,3.319683681234011
-1.1163287198145797,1.803300239700475,3.3777027892331546
-1.116089983587503,1.974620740193275,3.393019816115242
-1.1178419741475143,2.1496961041298355,3.280614225922747
-1.1181078509335831,2.3222239980928268,3.263555893681314
-1.1183799701942165,2.494847625817868,3.246097051840266
-1.1187384839663874,2.66776100022754,3.223095242884881
-1.1191866422384742,2.841012245682281,3.194341951501144
-1.1197259768062926,3.0146468606323262,3.159738899526687
-1.1204281937317806,3.1889110129289144,3.114685512964982
-1.1211980972264062,3.363594291679219,3.065289438191556
-0.8620247674557376,-0.8620247674557376,9.63781533289557
-0.8621946902864981,-0.7054320193253167,9.624931100489917
-0.8613107998300451,-0.5481068726191196,9.691951229633872
-0.8618210779489611,-0.3917368536131642,9.653259890475937
-0.9449747563606937,1.1167883484262744,3.348213574766959
-0.945062973434552,1.2887222365016617,3.3415246014450872
-0.9444838351778222,1.459656836183907,3.3854371931863625
-0.9440477023134441,1.6306278494504944,3.4185065409558177
-0.9447215460213152,1.8035593151316016,3.367413001032787
-0.9455397060227226,1.9770375671384202,3.305376819338065
-0.9457496661843253,2.1494310595098303,3.289456795490125
-0.9459782701475725,2.3219466630894963,3.272123123621867
-0.9462007575416354,2.4945292698824932,3.255253234628128
-0.9464707712473094,2.66732671896969,3.234779709551802
-0.9467742247563167,2.84032267426895,3.2117706441021454
-0.947228601585965,3.013909186864434,3.177317965514277
-0.9477471085363322,3.1878766378040266,3.138002683261888
-0.705811300807337,-0.5489643450723731,9.589781642654003
-0.7049288992968308,-0.3916271662760171,9.671557147544661
-0.7731432904968486,1.11676253071767,3.3498700076492582
-0.7721718786085261,1.2869531310142102,3.439894442873552
-0.7725473502823451,1.4592561060888742,3.4050980544572553
-0.7733706996522172,1.6326714770435695,3.328795136090676
-0.7734674876370016,1.8047574711530037,3.3198254253310466
-0.7735707460263221,1.976903017622823,3.3102560775677574
-0.7736997888951189,2.149166080264219,3.2982971839997504
-0.7738876288078342,2.321662886423503,3.280889344690735
-0.7740717897835389,2.4942313226358475,3.2638224464702574
-0.7742591358595973,2.666892579071946,3.24646037288295
-0.7745073351783426,2.839860228987256,3.2234587977924036
-0.7748156247481843,3.0131718740207165,3.194888430531961
-0.5488097795413277,-0.3920069853866627,9.608198440077999
-0.5487274315333158,-0.2351688992285639,9.618010372735753
-0.6006056475806675,0.9438088747696203,3.436615405819495
-0.6005894703552885,1.1153804449455358,3.438542955129307
-0.6013471397372957,1.2886010137227766,3.348265107096694
-0.6014026143590636,1.4605492063005832,3.3416551930727536
-0.6014723168811119,1.6325677172487323,3.333349995789632
-0.601547586863314,1.804642760589942,3.3243814243044483
-0.6016251915190746,1.9767684864198165,3.315134671715853
-0.6017058116240103,2.148949327228608,3.305528622224344
-0.6018383882595983,2.3213766404298797,3.2897318464214322
-0.6019839353752242,2.4939334465545,3.272389611538941
-0.6021255172000476,2.6665558618859255,3.255519849121285
-0.3920229982808675,-0.23521379896852046,9.605527283595407
-0.4292642530984277,0.6009699543377988,3.393207514675183
-0.42901376908855104,0.7722247843593918,3.4349914656719562
-0.4295124629266794,1.1167324036093662,3.351802926391514
-0.42952374136706967,1.2885712241012088,3.3499215376321274
-0.4295481328673241,1.4604636517489018,3.345852722014442
-0.4295976790699103,1.6324711804656593,3.3375877788671318
-0.42964953919237703,1.8045280646079833,3.328936844155166
-0.42970331008238977,1.9766352263789928,3.3199671688674925
-0.429760615674887,2.148803078374435,3.310407859792548
-0.2353944480449464,-0.07846481601498215,9.55530297213329
-0.25807780397351415,0.25807780397351415,3.2488443081765013
-0.25757024665235473,0.4292837444205913,3.3899561117191723
-0.25761737683336056,0.6011072126111746,3.376852912206985
-0.07850251682720676,-0.07850251682720676,9.52385807288988
-0.08598496666558625,0.08598496666558625,3.283014245441734
-0.08594958259041863,0.2578487477712559,3.3125268371556302
0.0855030589916281,-2.3085825927739587,3.6849562026059886
0.085512686955423,-2.137817173885575,3.6769258623139507
0.08590012789204621,-0.2577003836761386,3.3537752324997143
0.0859767596857947,-0.0859767596857947,3.2898593937929235
0.07844530426800068,0.07844530426800068,9.571577022523499
0.2564790939638413,-2.992256096244815,3.693319923839624
0.256470440550772,-2.821174846058492,3.695725757967324
0.2564710020774546,-2.650200354800365,3.695569641525651
0.2564870083165331,-2.4793744137264873,3.691119564322264
0.2565040563418463,-2.308536507076617,3.686379848238005
0.2565265194957446,-2.137720995797872,3.680134610453621
0.25656569648065075,-1.967003673018323,3.6692425697579125
0.2566416838177374,-1.796491786724162,3.6481164629406493
0.2567332623181909,-1.6259773280152092,3.622655678855793
0.2568270345644945,-1.455353195865469,3.5965849864502104
0.2569483960131678,-1.2847419800658393,3.562843905021765
0.25726806996865215,-0.7718042099059564,3.4739677002593936
0.2571985675089051,-0.6001299908541119,3.4932908723163933
0.2574321074183078,-0.42905351236384637,3.4283617767420793
0.23505232443605087,0.07835077481201697,9.65042066125558
0.23514937278449216,0.23514937278449216,9.62343914230496
0.4275825062122244,-3.33514354845535,3.673744501913177
0.4275118109232008,-3.1635874008316858,3.6855373843958574
0.42747577316426083,-2.9923304121498253,3.6915489455902133
0.4274534501603613,-2.821192771058384,3.695272709440445
0.42744423218792665,-2.6501542395651456,3.6968103856724923
0.42747048704843554,-2.4793288248809264,3.69243073762442
0.42749822652208047,-2.3084904232192343,3.6878034370313486
0.42752719345852197,-2.13763596729261,3.682971379873706
0.42759025437242604,-1.9669151701131595,3.672452009245319
0.4276914522515881,-1.79630409945667,3.6555709028387042
0.4278431645718484,-1.625804025373024,3.630263338661308
0.4279989992786338,-1.4551965975473546,3.604268107448263
0.4281819660830798,-1.2845458982492393,3.5737468937597185
0.42805315312987124,-1.1129381981376651,3.595234549308131
0.42803359630990323,-0.9416739118817871,3.5984968781394144
0.42841200191954854,-0.7711416034551873,3.5353739607998733
0.3909590047468202,0.23457540284809208,9.783015074969413
0.5988611688589442,-3.6787186087049433,3.644473593936638
0.5987490903513982,-3.5069589577724756,3.6578279760883277
0.59864508746897,-3.335308344469976,3.670220131080711
0.5985447055288361,-3.1637363006524195,3.6821808434334002
0.5984809463492717,-2.9924047317463587,3.689777879370297
0.5984386325455276,-2.821210696286059,3.6948196551564223
0.5984257272200013,-2.6501710776885776,3.696357350943458
0.5984476780683753,-2.479283237711841,3.6937418627097287
0.5984855699411816,-2.308444341201701,3.6892269689894306
0.5985261220290886,-2.137593292961031,3.684395105228802
0.5985994228783726,-1.966826675171796,3.6756611599361975
0.5987054838006942,-1.7961164514020824,3.663023785304304
0.5983718416584353,-1.6241521416443245,3.7027779252120325
0.598355309341214,-1.453148608400091,3.70474778443716
0.598726601827195,-1.2829855753439894,3.6605075294908005
0.5993264785933057,-1.113034888816139,3.589030992606382
0.546798857448334,0.2343423674778574,9.847803897851392
0.5467255048567303,0.39051821775480744,9.856544008346617
0.7700227823442861,-3.678997737867145,3.639059369468086
0.7698595755589487,-3.5071380664352105,3.6541843631514155
0.7697261470134795,-3.3354799703917446,3.6665496940610325
0.7695954993865656,-3.163892608589214,3.6786573066687396
0.7694946141517774,-2.9924790550346896,3.688006725173338
0.7694297506578671,-2.8212424190788457,3.6940178719136156
0.7694093949753066,-2.650187916026056,3.6959043104554326
0.7694185817231806,-2.4792376522191373,3.69505293958089
0.7694666011672303,-2.3083998035016906,3.6906027950208653
0.7686701368220467,-2.135194824505685,3.7644141758711243
0.7685560203429412,-1.964087607543072,3.7749897841220985
0.7687879902247094,-1.7938386438576552,3.7534922526977255
0.7696403716566695,-1.6247963401640801,3.674498822691035
0.7702324422303928,-1.4548835019907418,3.619629390215394
0.770513782816546,-1.2841896380275766,3.5935564877951265
0.7708915654388228,-1.1135100389671884,3.558545934993745
0.7016265295533403,0.3897925164185224,9.977600314849198
0.7023498505106307,0.5462721059527127,9.91056741001374
0.7019019103206927,0.7019019103206927,9.952079731510096
0.9416338746322577,-3.852138578041054,3.6015326634162363
0.9412515425335051,-3.67943784808552,3.6305226207658308
0.9409875396910417,-3.5073171933938827,3.6505403780196843
0.9408244436973262,-3.3356503003814293,3.6629069721851266
0.9406631959967134,-3.164048931988945,3.67513342133428
0.9405167772047438,-2.992553382015094,3.6862354829927853
0.9396518136022438,-2.8189554408067314,3.7518205019520394
0.9392271193173363,-2.6469127908034022,3.7840225306235737
0.9391285076516955,-2.4758842474453795,3.7914996636982607
0.939408212971579,-2.3058201591120575,3.770291281455883
0.940503497745236,-2.137507949420991,3.687242385018564
0.9405716000407764,-1.966649709176169,3.6820785950841923
0.940715241129066,-1.7959109148827623,3.6711871500897786
0.9409599389453233,-1.6252944399964677,3.6526331775617535
0.9412939442373807,-1.4547270047304974,3.6273075530513665
0.941637730968764,-1.284051451321042,3.6012402604733325
0.8586283258702219,0.23417136160096957,9.895347193353288
0.8577305915123475,0.3898775415965216,9.963417022778927
0.8562411938885168,0.5448807597472379,10.076349140517138
0.8569861331696194,0.701170472593325,10.01986484830718
0.8564606549985774,0.8564606549985774,10.059708716547235
0.8559358208475224,1.011560515547072,10.099503752601834
1.111783096103594,-3.848479948050903,3.6693444953522913
1.1112382793354387,-3.6756343085710665,3.7042992786536786
1.1107561552969083,-3.503154028244096,3.7352317724318596
1.1103949076166908,-3.3311847228500726,3.7584089856128884
1.1103180560942492,-3.1601360058067094,3.763339686116879
1.1102913183743925,-2.9892458571618263,3.7650551458056896
1.1110118303385188,-2.8202608000900864,3.718827971746123
1.111383248821633,-2.6502215933438946,3.694998212182469
1.111359281909528,-2.4791860904135623,3.6965359002053333
1.1114108846184432,-2.308314914207536,3.6932251329651677
1.1114819457117213,-2.137465280214849,3.6886659393758947
1.1115572579532962,-1.9666013025327547,3.6838339972660776
1.1117043552332928,-1.7958301122999345,3.6743964141242884
1.111927391556366,-1.625124649197766,3.6600866740482587
1.112321793756782,-1.4545746533742536,3.6347823070483116
1.0136801160390922,0.23392618062440587,9.963512754867068
1.013034143236376,0.3896285166293755,10.004957586702872
1.0110175935666454,0.5443940888435783,10.134336968619806
1.0108499062901302,0.6998191658931671,10.145095580974626
1.0111652998994374,0.8556014076072163,10.124860309389092
1.0105526938746467,1.0105526938746467,10.164164369207555
1.0099427904799951,1.1653186043999944,10.203295031553012
1.2843877715808312,-3.8531633147424937,3.5825394137124533
1.2838319945910126,-3.680318384494236,3.613442994502776
1.2833242424265225,-3.507752929299162,3.641676189334916
1.2830734663671808,-3.33599101255467,3.655620412201486
1.2828493074872749,-3.1643616251352777,3.6680846059013703
1.282634190529518,-2.992813111235542,3.6800460300070625
1.2824784696894411,-2.8214526333167704,3.688704775601451
1.2823734349953784,-2.6502384323237824,3.6945451544102355
1.282345780514341,-2.479201842327726,3.6960828619883017
1.2823735955009499,-2.30827247190171,3.6945362296130924
1.2824536291186748,-2.137422715197791,3.690086017717661
1.282540462889633,-1.9665620430974373,3.685257688180286
1.2826780835627178,-1.7957493169878052,3.6776053893859597
1.2828739823052582,-1.6249737109199938,3.6667125803497527
1.1684198558262706,0.23368397116525413,10.030852170911587
1.1677035367217046,0.38923451224056826,10.07068258081543
1.1669880953815435,0.5445944445113869,10.110464183259268
1.1643284596612622,0.6985970757967573,10.258351319395189
1.1655733858452288,0.8547538162865013,10.189128092077425
1.1648701928009446,1.009554167094152,10.228228636816283
1.1641894330702254,1.1641894330702254,10.266081793248574
1.163516372228663,1.318651888525818,10.303506858472673
1.4558252100394493,-3.8536549677514835,3.5734267427656192
1.4551837158819407,-3.680758810760203,3.6049001154750613
1.454592895170823,-3.50813580600022,3.6338873170385
1.45422419771213,-3.3361613947513566,3.651976573812931
1.4539721504398009,-3.164527621545449,3.664342668888864
1.4537239040442556,-2.9929609789146436,3.676522283058887
1.4535116999543478,-2.8215227116760864,3.686933567922466
1.4533891762964666,-2.6502979097170862,3.692944897417945
1.4533344519143085,-2.479217594442056,3.695629818014339
1.453330019622025,-2.3082300311643924,3.6958472778078004
1.4534207210483399,-2.1373834133063823,3.69139722980303
1.453516841256637,-1.9665227852295677,3.6866813222530794
1.4536364281938903,-1.7956685289453937,3.6808140759137444
1.322880061967599,0.23344942270016453,10.096061666562946
1.3220703132229465,0.3888442097714549,10.13579004716182
1.3212720492132095,0.544053196734851,10.174954956779331
1.3193448793646845,0.6984767008401271,10.269506924567466
1.3179214656420954,0.8527727130625323,10.339343305906894
1.3189280594610595,1.008592045470222,10.289957193717925
1.3181658195744559,1.1630874878598139,10.327354666109969
1.3174024951977958,1.3174024951977958,10.364805346406314
1.6259159665707272,-3.5085555068105165,3.625349330775393
1.6253974192711658,-3.3363420711355505,3.648112581227835
1.6251106839624094,-3.164689226663639,3.66069972159535
1.624830524654707,-2.993108861206039,3.6729981878938105
1.6245580808057534,-2.82160087718894,3.6849579600750673
1.624416481570527,-2.650363733088755,3.6911738999865236
1.6243252961508465,-2.4792333467565553,3.695176768283318
1.6242902677631625,-2.3082019594529153,3.6967144485729904
1.6243815257738088,-2.1373441128602746,3.6927083936694345
1.4761473348201144,0.38845982495266174,10.199910373406453
1.4752581158520224,0.5435161479454819,10.238945412437332
1.474404857401661,0.698402300874471,10.27640185242393
1.4712679938611406,0.8517867332880287,10.414104257717298
1.47269997542503,1.00763682529081,10.351242962306713
1.471847260917218,1.1619846796714879,10.38867552423919
1.4709955333059543,1.316153898221117,10.426064763270716
1.7962666976771284,-3.164850848288274,3.657056402208994
1.795954054867136,-2.9932567581118934,3.6694737444602197
1.7956529029616732,-2.8217402760826293,3.68143469849538
1.7954522823978174,-2.6504295597301115,3.6894028145831754
1.795318313265372,-2.4792490992712284,3.6947237127951382
1.6299468069524876,0.3880825730839257,10.262840831939386
1.6290044274038118,0.5430014758012707,10.300269645308717
1.6280631369287786,0.697741344398048,10.337655203564779
1.6271197719227113,0.8523008329118964,10.375123156685007
1.6237731753013651,1.005192918043702,10.508041088253862
1.6252376928514212,1.1608840663224436,10.449874339904781
1.6243161183689083,1.3149225720129258,10.486476831289878
1.7824574342002522,0.542487045191381,10.361565098874365
1.7814255306632314,0.6970795554769167,10.39898570052361
1.7803948212179128,0.8514931753650887,10.43636300003432
1.7768692658352168,1.0043174111242528,10.56421255072891
1.7773163461787012,1.1591193562035007,10.54799978002066
1.7773622404162914,1.3137025255250852,10.546335486875762
1.9345042481094863,0.6964215293194151,10.45996748786223
1.933407478531492,0.8506992905538565,10.496558539182601
1.932311951872558,1.0048022149737301,10.533108123529402
1.9280952290070195,1.1568571374042116,10.673788833381806
1.9302081619148999,1.3125415501021318,10.603295962299299
2.0861492264796,0.8499126478250223,10.556204954518037
2.0850299128537326,1.0039032913740193,10.590781971819311
2.082345622443773,1.1568586791354294,10.673703106523519
2.0798827634010655,1.3095558139932635,10.749783945496873
2.238317883980289,1.3121173802643071,10.624106838348126
0.0,0.0,75.0
