-1.5266017357822617,1.5266017357822617,4.246916870116664
-1.5257587062400553,1.8031693801018838,4.310838760412409
-1.5249105449713918,2.0794234704155343,4.375149758846362
-1.5233250715456281,2.354229656025062,4.495366730274469
-1.5227928174304182,2.630278502834359,4.5357243778521195
-1.2515818240250023,0.9734525297972241,4.011150986221523
-1.2505084139939453,1.2505084139939453,4.11062797736362
-1.2494855311184925,1.5271489824781572,4.20542242477589
-1.2487764847244556,1.8037882557131024,4.27113245153005
-1.2470379796020727,2.078396632670121,4.432246335000542
-1.2473893641953007,2.3561799101466794,4.399682187976879
-0.9739966053625003,0.9739966053625003,3.9463232759210882
-0.9731305542479766,1.251167855461684,4.049515027841068
-0.9716279622581161,1.5268439406913252,4.228551919837798
-0.971141407962431,1.8035483290730863,4.286525853863083
-0.9710651863991443,2.080853970855309,4.295607808170104
-0.9705254984741634,2.356990496294397,4.359912722204484
-0.6969173244742062,0.6969173244742062,3.745236476493716
-0.6961473550881414,0.9746062971233981,3.8736772624432234
-0.6949636315408616,1.250934536773551,4.071137558282544
-0.6948671847853698,1.5287078065278137,4.0872261162198384
-0.6942924080107706,1.8051602608280037,4.183106266796159
-0.6938548378824778,2.0815645136474337,4.256098585975494
-0.4180565234792297,0.6967608724653828,3.771334681617631
-0.41797018004345904,0.9752637534347378,3.79534000562289
-0.4175165040094377,1.2525495120283128,3.921471657588043
-0.41714021353257014,1.5295141162860904,4.026088467617328
-0.4167851382954941,1.8060689326138077,4.124806986705352
-0.13984448930050883,0.13984448930050883,3.3607125065961014
-0.13965280249527673,0.41895840748583024,3.5205916158551815
0.1397579388642466,-0.4192738165927398,3.4329011303192374
0.1398627943968033,-0.1398627943968033,3.345444880392421
0.41791260739766667,-1.8109546320565555,3.8113464339489127
0.4180791446919914,-1.532956863870635,3.7650455000847387
0.4183052874560516,-1.2549158623681547,3.702172969309757
0.4185691214226765,-0.9766612833195785,3.628821477144882
0.41850629116203925,-0.6975104852700653,3.646289634978416
0.696176106669104,-2.088528320007312,3.868881129346306
0.6963843864172277,-1.8105994046847922,3.8341373914386168
0.6966175338208325,-1.5325585744058314,3.795245409103927
0.6963472759774122,-1.2534250967593419,3.840327889584529
0.6973497525013362,-0.9762896535018708,3.6731019258526203
0.6978074524099017,-0.6978074524099017,3.596751700701958
0.9743669470806338,-2.3663197286243967,3.9021963068977215
0.974547653331455,-2.088316399995975,3.8806647895398925
0.9743393248642707,-1.809487317605074,3.9054875501634143
0.9745339148870267,-1.5314104376796132,3.882301753138748
0.9754307341824182,-1.254125229663109,3.7754439098831796
0.9759402698669721,-0.9759402698669721,3.7147316966279647
1.2528416758552416,-2.644887982361066,3.8943957242703533
1.252703198519797,-2.3662171527596167,3.9072289457540847
1.2517708760878465,-2.0862847934797437,3.9936308123487123
1.253078620900621,-1.8100024524120084,3.8724371255071475
1.2534198339137048,-1.5319575747834169,3.840815617511126
1.2538364727371691,-1.2538364727371691,3.802204112725377
1.5303278634881015,-2.643293582388539,3.9643868821197543
1.5308356794425897,-2.365836959138548,3.9258822341707997
1.5310963199434866,-2.0878586181047547,3.9061194231768184
1.531385138161425,-1.8098187996453206,3.8842200643546505
1.5316657672907183,-1.5316657672907183,3.8629416351675445
0.0,0.0,120.0
