-2.469163361439038,-1.3851404222706798,9.769735144316336
-2.3472945492664183,-1.384301913669939,9.800142537257713
-2.351552262022442,-1.2662204487813151,9.709085974485703
-2.351396283912299,-1.1455520357521458,9.712421763297947
-2.351240326492793,-1.0248996294968586,9.715757109614799
-2.2310053961091603,-1.5074360784521352,9.708058998398236
-2.227627897148652,-1.384741665795108,9.784195514585555
-2.226892939434442,-1.2639122088681969,9.800763134756338
-2.230561499284539,-1.145423472605574,9.718065443453725
-2.2304236355043514,-1.0247892379344319,9.721173206936285
-2.2303021569601102,-0.9041765501189636,9.723911609896042
-2.1101736420158796,-1.5072668871541997,9.713703654841979
-2.1100336874008816,-1.3865935660062936,9.717038830253387
-2.1059390896777592,-1.2635634538066556,9.814614759750093
-2.10819769557645,-1.1444501775986442,9.76079126234351
-2.1096657533223917,-1.0246947944708762,9.72580684902588
-2.1095508623647503,-0.90409322672775,9.72854474728615
-2.109438045984447,-0.7835055599370804,9.731233207524483
-2.1094389491213104,-0.6629665268666975,9.731211685405604
-1.9893690086573388,-1.5070977338313172,9.719347044340367
-1.9892551150989985,-1.3864505347659686,9.722225666886445
-1.9867703239465253,-1.2643083879659707,9.785027952968669
-1.9853107734898479,-1.1430577180699124,9.821917614798174
-1.9889301270171826,-1.024600368463397,9.730439634674923
-1.9888993184654105,-0.9040451447570046,9.731218310774224
-1.9889001699949578,-0.7835061275737712,9.731196788642599
-1.9889010215252345,-0.6629670071750782,9.731175266492542
-1.9889018730562404,-0.5424277835607928,9.731153744324054
-2.2484559763097756,2.384726035480065,3.1710084258260522
-2.2497182596503276,2.5224113820321854,3.1391046260273257
-2.2511610933613433,2.6604631103361327,3.1026374744930436
-2.252762814766047,2.79888713349721,3.0621544883144693
-2.254492547184149,2.937672106936921,3.0184360655169655
-1.8686237532758532,-1.5069546397385913,9.724121030960376
-1.868521985924081,-1.3863227637501245,9.726859111888508
-1.868420229656434,-1.2657040265414554,9.729596894594948
-1.8648671835116002,-1.142983112474852,9.825192660000326
-1.8661689737306573,-1.0233829855942316,9.790167606197144
-1.868361319427131,-0.9040457997228052,9.731181891870776
-1.8683621193498257,-0.7835066952112173,9.731160369712278
-1.868437559842704,-0.6629939728474111,9.729130620768608
-1.8686658654590156,-0.5425158964235851,9.722987990122121
-2.1099816663680584,2.1099816663680584,3.2303144497420107
-2.1106592633626375,2.2468308287408725,3.212083500665443
-2.111667804690863,2.384141069812265,3.184948395664101
-2.1126881539160327,2.5215955385449424,3.1574955956764867
-2.1140384679276614,2.659596782231574,3.1211649947731104
-2.115407402134832,2.797796886694455,3.0843334119594843
-2.117031036155694,2.9365269211191887,3.040649054752862
-2.118665143461053,3.0754816598628185,2.9966829107056157
-2.120235133653313,3.214550041345346,2.9544418566944515
-2.1217983058409478,3.353810225361498,2.912384243129644
-2.1234221973719634,3.4933720021280688,2.8686929575356075
-1.7479062916706074,-1.506815768681558,9.728754126258401
-1.747820152475494,-1.3862021898943573,9.731231561506242
-1.7478209007889445,-1.2656634109161322,9.731210039385957
-1.7464625210517912,-1.1442340655166907,9.770278175979868
-1.7445551707839886,-1.022670272528545,9.825135163872737
-1.7478274642681586,-0.9040486884145646,9.73102126823791
-1.7480410244243259,-0.7836045971557323,9.724879099649876
-1.74825463677502,-0.6631310691215593,9.718735429903631
-1.7484683013393778,-0.5426280935191172,9.712590258448778
-1.7486820181365457,-0.4220956595502006,9.70644358473465
-1.9725221562751083,1.8364861454975143,3.2686141230528776
-1.9729865789237844,1.9729865789237844,3.2552569395057986
-1.9735320244100174,2.1096376812658804,3.239569471430535
-1.9741656987795162,2.246464415852553,3.2213444669295654
-1.9749467240165863,2.3835563910545003,3.1988815283192693
-1.9759007760269667,2.520976852172337,3.171442195090293
-1.9770051160596411,2.658731018149172,3.139680452727248
-1.9782730351470899,2.796868773828644,3.1032140400271615
-1.9796766559606551,2.93538262780373,3.062844732262498
-1.9811966870308804,3.0742707212548144,3.0191273682189177
-1.98270388113684,3.213347669428672,2.9757792059969432
-1.9841651093719566,3.3525548399733056,2.933753060639347
-1.985672995387401,3.492045612577843,2.8903849985222863
-1.9871585211642644,3.631703504196759,2.847660035555819
-1.627281313846677,-1.506741957265442,9.731216664761774
-1.627282010552497,-1.3862031941743493,9.731195142635507
-1.627282707258913,-1.2656643278680437,9.731173620490821
-1.6272834039659259,-1.1451253583463923,9.731152098327705
-1.6247013332149964,-1.0229600986909237,9.810915538140023
-1.6251568076597953,-0.9028648931443307,9.796845354954428
-1.6278230369792501,-0.7837666474344539,9.714482150239121
-1.6280219997146137,-0.6632682221059537,9.7083359390397
-1.6282244015355944,-0.5427414671785314,9.702083490124473
-1.6284271085544808,-0.42218480592153207,9.695821613258914
-1.8358194946158772,1.6998328653850716,3.2892078141646124
-1.8362656922913079,1.8362656922913079,3.275424202148642
-1.8366989008094707,1.9727506712398022,3.262041841672172
-1.8371313944759335,2.109299008472368,3.24868156387123
-1.8377166456380258,2.246098122446476,3.2306024133189695
-1.8383068047512976,2.3829903024553856,3.212371649931015
-1.8391805046491285,2.520358469333991,3.18538195215082
-1.8400691823594133,2.657877707852486,3.1579295707506034
-1.8412406585759757,2.795958037096852,3.121741184875546
-1.8424292814089525,2.934239225947591,3.0850231182758705
-1.8438433799798508,3.073072299966418,3.0413398202067015
-1.8452674728967693,3.212132267635117,2.9973477841151634
-1.8441552848115716,3.3468003316950745,3.031704684429272
-1.8446906792178297,3.484415727411456,3.015165672287928
-1.8461555685192224,3.623935004871066,2.969913384146217
-1.848220101258679,3.7648927988602723,2.9061373497966727
-1.5067430488745355,-1.5067430488745355,9.731180245877468
-1.5067436939734515,-1.3862041984555753,9.731158723720021
-1.5068185632598257,-1.2657275931382537,9.728660891946596
-1.507002684133332,-1.1453220399413324,9.72251814649961
-1.507186850008459,-1.0248870580057523,9.716373899682914
-1.5045491325500693,-0.9027294795300415,9.804374931827802
-1.506956351727569,-0.783617302898336,9.724063914609047
-1.5077450942278685,-0.6634078414602621,9.697749438089915
-1.5079328182613236,-0.5428558145740765,9.691486481968553
-1.5081205890463165,-0.42227376493296864,9.685221966095753
-1.5083307478859773,-0.30166614957719545,9.678210527192135
-1.6992966416606916,1.5633529103278363,3.3070976154607763
-1.6996231052846147,1.6996231052846147,3.2962059501038183
-1.700036149256946,1.8360390411975016,3.282425741851881
-1.700443810313348,1.9725148199634837,3.2688251215069926
-1.7008441716871963,2.109046772892123,3.255468037328953
-1.7013120821754644,2.245731948471613,3.239857341123397
-1.7018583476366795,2.3826016866913515,3.2216325216837163
-1.702527290401079,2.519740389793597,3.199314872184992
-1.7033497364868433,2.6572255889194754,3.1718759574518813
-1.7042974959106163,2.7950478932934106,3.1402562677645847
-1.7036860004080532,2.9303399207018517,3.1606573289951427
-1.7035153439465185,3.066327619103733,3.1663508670613467
-1.7048866643645524,3.2051869290053587,3.1206000942465764
-1.7070946601462726,3.3459055338866945,3.0469356814244506
-1.710467245219214,3.489353180247197,2.9344175773829093
-1.7117668453763037,3.6289457121977637,2.8910595767616556
-1.7130474416756256,3.7687043716863764,2.8483355936668033
-1.3863903195441138,-1.3863903195441138,9.724409291372076
-1.3865597394025642,-1.265989327280602,9.718265506796207
-1.3867292006730123,-1.1455589049037929,9.712120220469608
-1.386899679542922,-1.0250997631404206,9.705938032259532
-1.3854165069907691,-0.9035325045591972,9.759723301192182
-1.3846517679238222,-0.7826292601308561,9.787455540653703
-1.3874177581849774,-0.6635476234797717,9.687150603210391
-1.387590537095774,-0.5429702101679115,9.680885007093742
-1.387835310121225,-0.422384659602112,9.672008640697769
-1.3880824692245077,-0.3017570585270669,9.663045746380512
-1.5630369248856053,1.4271206705477266,3.318556404908122
-1.5632464638812926,1.5632464638812926,3.3109577534777443
-1.5634603251910026,1.6994133969467418,3.303202359110209
-1.5638402318670759,1.8358124461048282,3.2894255516091135
-1.564220323384795,1.972277799050394,3.275642041072956
-1.5645895401465602,2.108794597588842,3.262252889017006
-1.5649579579001673,2.245374461335023,3.2488927119232756
-1.5654543870163542,2.3822131976335825,3.2308903739745602
-1.5659571100294452,2.5191483943951947,3.212659796272405
-1.5649152486482965,2.6535519433601547,3.250441505820824
-1.5647620756615843,2.789358482701085,3.255996119322525
-1.5658617580828231,2.9274806781548435,3.2161176070880586
-1.5694577765223976,3.0706782584133867,3.085712807876696
-1.5706623498622612,3.2096143671098383,3.042030566764815
-1.5718761799515621,3.3487796877228933,2.9980126420150413
-1.5730410578956309,3.4880475631598773,2.955769901340993
-1.5742007759350443,3.6275061358503193,2.913714277708152
-1.2660964180038654,-1.3866770292423287,9.71401214762659
-1.266251169691002,-1.266251169691002,9.70786582152629
-1.2664088130851554,-1.1457984499341882,9.701604644501629
-1.2665664771087048,-1.0253157195641898,9.69534264813214
-1.2667241803954767,-0.904802985996769,9.68907909233171
-1.2646541546076981,-0.7828811433285751,9.77129502007476
-1.265270328352681,-0.6627606481847376,9.746822235052583
-1.2673101678826129,-0.5431329290925483,9.66580522531752
-1.2675358905296568,-0.42251196350988557,9.656840121139162
-1.2677616935986704,-0.3018480222853977,9.647871822813705
-1.4270286501219263,1.4270286501219263,3.3222112118787237
-1.427214811761564,1.563140031929332,3.3148173658680307
-1.4274061552188184,1.6992930419271646,3.307217711820911
-1.4276779276167353,1.8355859069358025,3.2964236338139585
-1.4280248819434966,1.9720343607791146,3.282643529224167
-1.4283674882012078,2.1085424825827355,3.269036118391604
-1.4287037892245993,2.2451059544957985,3.25567913472392
-1.4271914049837433,2.378652341639572,3.3157470209309636
-1.4271436318330277,2.5144911608486678,3.3176444436251487
-1.428051904347185,2.652096393787629,3.2815702711023604
-1.4308028575884713,2.7934722457679673,3.172309712975313
-1.431595399035451,2.9313620075487807,3.1408320711396556
-1.4325135098123682,3.069671806740789,3.1043671489436164
-1.4335242012192828,3.208363688443157,3.0642251699537937
-1.4346248601758356,3.3474580070769493,3.0205099187835245
-1.4357128269580302,3.4867311511837875,2.9772987670771798
-1.436775754890482,3.6261483337712166,2.935082091996854
-1.1458971816202246,-1.2665179375802482,9.697270509315238
-1.146039854609525,-1.146039854609525,9.69100743362091
-1.1461825631310127,-1.0255317670119588,9.684742798130436
-1.1463469771753576,-0.9050107714542296,9.677525331040187
-1.1465511073240684,-0.784482336590152,9.668564401721063
-1.1445998970914433,-0.6626630983160986,9.754218858408365
-1.146959585800155,-0.5432966459053366,9.65063296545005
-1.1471705855187941,-0.4226417946648189,9.641370474940814
-1.147396504091833,-0.3019464484452192,9.631453074803375
-1.2908774587150378,1.2908774587150378,3.3329092235380955
-1.2910390645216903,1.4269379134187101,3.325815032796939
-1.291201681517865,1.5630336144689945,3.318676452738991
-1.2913747782158171,1.699177339757654,3.3110778334976914
-1.291547921339458,1.835357572429756,3.303477176256031
-1.2918630576040804,1.9717909826588595,3.289643287381651
-1.2906919950285318,2.1058658866254993,3.341050730300033
-1.290318479107738,2.2410794637134397,3.3574473761994383
-1.2912106324105543,2.3785459018089155,3.3182835253971064
-1.293194890457535,2.5183268919436204,3.2311783318614644
-1.293610179155008,2.6553051045813323,3.212947939689627
-1.294218380508714,2.7927870316240666,3.186249045005141
-1.2948437272285185,2.9304358037276996,3.1587975010195493
-1.2956616202555327,3.0686722584999457,3.1228935365538675
-1.2964928161524052,3.2071138083770023,3.0864056011397807
-1.2974879455218427,3.3461531226615935,3.04272129483207
-1.2984912644631856,3.4854239204011823,2.9986774817319244
-1.0256226626273701,-1.1462841523482372,9.680283222703267
-1.0258052853741788,-1.0258052853741788,9.671323275510836
-1.0259879731687522,-0.9052835057371342,9.66236013690579
-1.026170726045414,-0.7847187905053166,9.653393805204132
-1.0249691158356697,-0.6632153102466096,9.712347929010399
-1.0246753453367157,-0.54247518282532,9.726761074159725
-1.0267578828633706,-0.42278265764962314,9.624586363773638
-1.026960155311314,-0.30204710450332756,9.614662351109672
-1.154793183884662,1.154793183884662,3.342841313032615
-1.1549264302747388,1.29080012795412,3.3363038983921314
-1.1550667714434153,1.4268471882536307,3.3294183954510146
-1.155211383914767,1.5629330488258613,3.32232333128556
-1.1553619242735347,1.699061653343433,3.3149374295375154
-1.1544573978634793,1.8335499848419965,3.359315849038275
-1.1538005062007959,1.9682479223425342,3.391544663420092
-1.1543349980210829,2.104963819920798,3.365321103823888
-1.1562931899161066,2.24456913336656,3.269247113706733
-1.1565654315498382,2.381164123779078,3.255890230709177
-1.1568804812668148,2.5179163415807144,3.240433071749351
-1.1572519342148542,2.6548720843752536,3.222208623497046
-1.1577008929409849,2.7921021535635515,3.200181540080507
-1.1582601392290495,2.9297168227558306,3.172743461877289
-1.158898825266348,3.067673360999156,3.1414078628528443
-1.1596420426085874,3.2060691766237412,3.1049436859891415
-1.1604579048559462,3.3448492551730213,3.0649153610385014
-1.161348892901981,3.484046678705943,3.0212011689070835
-0.9055564044570996,-0.9055564044570996,9.647185799366603
-0.90572952616846,-0.7849655893459988,9.637559490808329
-0.9059079099352971,-0.6643324672858846,9.6276405894304
-0.904379474094423,-0.5426276844566539,9.712628167823446
-0.9052316210288295,-0.4224414231467872,9.665245148887664
-0.9064471431771538,-0.302149047725718,9.597656911876605
-1.0188754586261226,1.1547255197762725,3.3461610902705843
-1.0189930151920517,1.2907244859099323,3.339624441760172
-1.0191117675889196,1.4267564746244876,3.333021299928326
-1.0192393506157857,1.562833670944205,3.325927137250737
-1.0176722962352467,1.6961204937254113,3.413062071835938
-1.017805615738772,1.8320501083297898,3.4056489364892073
-1.019640935682075,1.9713058089853452,3.303597287747074
-1.0198879718487617,2.1077684751541073,3.289861018928491
-1.0201358539252505,2.244298878635551,3.2760777139022395
-1.0203768917217322,2.3808794140173752,3.2626749801555164
-1.0206171605683587,2.517522329401952,3.249315003313832
-1.0209381559145192,2.6544392053777504,3.2314662873808047
-1.0212660120859143,2.7914604330348323,3.213236080182746
-1.0217435562211648,2.928998194500673,3.1866825811444457
-1.0222372434635634,3.0667117303906903,3.1592314562146697
-1.0228803910119364,3.205025225170734,3.123469698197802
-1.023536585000064,3.3435528443335425,3.0869825022582305
-0.7852272316597855,-0.7852272316597855,9.62077283717457
-0.7853819340175151,-0.6645539441686665,9.61084732146594
-0.7848282628566702,-0.5433426435161562,9.6463701918671
-0.7842178192259209,-0.422271133429342,9.685535515105578
-0.8829551104651557,1.0187943582290258,3.3506706196676745
-0.882995304956059,1.1546861680194618,3.3480917898636804
-0.8830755308156795,1.2906488527306084,3.342944595977386
-0.8818699872903872,1.4245592102383178,3.420290806942326
-0.8818140462607954,1.5601325433844841,3.4238799155772526
-0.8825953328444668,1.6972987170085898,3.3737535156116607
-0.8835101883946057,1.834982698973412,3.3150574926983936
-0.8836286381095452,1.971171577321293,3.3074579025979745
-0.8837938361560881,2.107508378526056,3.2968589962201946
-0.8840086142438351,2.2440218669266585,3.283079094510299
-0.8842209154354633,2.380594772326247,3.2694581074523725
-0.8844290986451387,2.517221280759241,3.256101325123822
-0.8846688225065872,2.6540064675197614,3.240720932817851
-0.8849528718704212,2.7910052112836357,3.22249667001968
-0.8852939289101297,2.9282799187027364,3.2006148638543053
-0.8857215813133105,3.06595931993069,3.173177204157973
-0.886207774331859,3.203981953353644,3.141983649555101
-0.6639350109501526,-0.42250409787736987,9.657777327252795
-0.6641845047660001,-0.30190204762090916,9.638859702747808
-0.7470985898280762,1.0187708043110129,3.3519803183805976
-0.7462145231529891,1.1532406266909834,3.4190138091300852
-0.7459309525104257,1.2884261906998264,3.4405152756831825
-0.74643510932419,1.4250124814370901,3.4022880784998577
-0.7473471514591352,1.5626349530509192,3.333133375875228
-0.74744071195969,1.6987288908174774,3.3260392424515928
-0.7475346491502715,1.8348577751870299,3.318916546875208
-0.7476348621827749,1.9710373639364065,3.311317991724792
-0.7477351020912621,2.1072534695299203,3.303717398729191
-0.7479149745306394,2.2437449235919185,3.2900787469839514
-0.748096753324075,2.3803078514856932,3.276295547807237
-0.7482736039238543,2.51692030410751,3.262886024093227
-0.7484497997671057,2.653594744628829,3.249526146652393
-0.7486841833605471,2.790550137980221,3.2317542399789048
-0.7489246087800931,2.927614379776728,3.2135242177517966
-0.5434302146884556,-0.30190567482691977,9.638254638183895
-0.5444890916874927,-0.18149636389583093,9.540124478406966
-0.6107168811425732,0.882146606094828,3.402543279825906
-0.6102515343371538,1.017085890561923,3.445668738598748
-0.610434776069253,1.153043465908589,3.4286870301802637
-0.6113040021891946,1.2905306712882996,3.348132538856234
-0.6113588683976386,1.4265040262611568,3.3430478785926994
-0.6114294100866154,1.5625418257769061,3.3365105119141134
-0.6115035187959998,1.698620885544444,3.329642575884371
-0.6115800777130229,1.8347402331390688,3.322547569791446
-0.6116596041187093,1.9709031688269525,3.3151775552349037
-0.611741607421258,2.1071099811176666,3.307577997223291
-0.6118549223470958,2.2434680486060183,3.2970766719629623
-0.6120036137429411,2.380014053444771,3.2832968746446554
-0.6121506647240118,2.5166193994209376,3.2696691008041157
-0.612294790487904,2.653277425447584,3.256312417967891
-0.4231146769528558,-0.30222476925203984,9.585025588436864
-0.42293654544276293,-0.18125851947546984,9.606250320199663
-0.4747288462746689,0.7460024727173368,3.4350923259629127
-0.47467221050712605,0.8815341052275197,3.4418405928677913
-0.4754394167094472,1.0187987500916726,3.3504264132960273
-0.4754260333975128,1.1546060811082455,3.3520210621358544
-0.47544767555574496,1.2905008336513077,3.3494423549604306
-0.47547348059891253,1.4264204417967377,3.34636763157728
-0.47552833992733834,1.5624502597612544,3.339831031006625
-0.47558361031930607,1.6985128939975216,3.333245451378808
-0.475643148574006,1.834623573071166,3.3261513472252418
-0.47570286013578605,1.9707689919911138,3.319036593180563
-0.47576663179727763,2.1069665122450862,3.3114380699966475
-0.47583042055969693,2.2432005540671427,3.3038375092024026
-0.4759440655842107,2.3797203279210533,3.290296473367576
-0.30224088070344013,-0.18134452842206408,9.582337991347828
-0.30257258156957356,-0.06051451631391472,9.527006025275696
-0.33940550160811933,0.4751677022513671,3.3828017436674926
-0.339179491492796,0.6105230846870329,3.420503134618933
-0.3393578554547354,0.7465872820004179,3.3907497341965396
-0.18156601356681185,-0.18156601356681185,9.52076037847472
-0.18147836535525846,-0.06049278845175282,9.545128458086566
-0.20396176786663195,0.20396176786663195,3.294261125686866
-0.2037057238629455,0.3395095397715758,3.3654468413493746
-0.20368946790503492,0.47527542511174814,3.3699663457352713
-0.058482163545335274,-0.058482163545335274,11.222118789804853
-0.05848218523647774,0.05848218523647774,11.22210069799862
-0.06797256438564665,0.20391769315693994,3.3065148387473897
0.06794223177408587,-0.3397111588704293,3.331814185314144
0.06793913309950218,-0.20381739929850656,3.334398678971503
0.058482210177451754,-0.058482210177451754,11.22207989562412
0.058482231868628824,0.058482231868628824,11.222061803789039
0.20251988666253803,-2.9027850421630452,3.695134975243775
0.20251551890690767,-2.767712091727738,3.6963493048352163
0.20252144505701275,-2.632778785741165,3.694701708210104
0.20253408117421504,-2.4979203344819854,3.691188597052296
0.20254744869066613,-2.3630535680577713,3.6874721412419618
0.202561169695167,-2.228172866646837,3.683657408184601
0.20258765817714044,-2.0934058011637844,3.676293043001479
0.2026185833967692,-1.958646306168769,3.6676951697468994
0.2026827275335298,-1.8241445478017682,3.6498617262172033
0.20275455497513076,-1.6896212914594229,3.6298921594202724
0.20282831820974132,-1.5550171062746834,3.6093844007157756
0.20336641595920837,-0.6100992478776252,3.4597817041452714
0.2034016362361647,-0.47460381788438427,3.449989712984106
0.2035922693096858,-0.3393204488494763,3.3969896365434877
0.20399502506355066,-0.20399502506355066,3.2850149128113344
0.18120424993663123,0.06040141664554374,9.621338414063523
0.18118444158806174,0.18118444158806174,9.626845559119495
0.33763932227740684,-3.3088653583185867,3.6774231474143377
0.337587152400989,-3.173319232569297,3.686125753064985
0.3375586829786728,-3.038028146808055,3.6908748184745974
0.33753528926528925,-2.9028034876814877,3.694777190422947
0.33752800958005746,-2.767729678556471,3.6959915354469857
0.3375295373479636,-2.6327303913141162,3.6957366841319015
0.3375505967690477,-2.497874416090953,3.6922237021294535
0.33757234409882286,-2.3630064086917604,3.688595968119266
0.3375952115268707,-2.228128396077347,3.6847813873264954
0.3376309142664972,-2.093311668452283,3.6788257116578578
0.3376824516636533,-1.9585582196491893,3.670228611673984
0.3377692914905809,-1.823954174049137,3.655742612848364
0.3378889789025769,-1.6894448945128846,3.6357772148166276
0.3380108624098288,-1.5548499670852127,3.6154454798813944
0.33813421804685123,-1.4201637157967753,3.5948681747869173
0.3382940158209071,-1.2855172601194471,3.5682118530367433
0.3384691688109985,-1.150795173957395,3.538994083972291
0.3386524954457881,-1.0159574863373644,3.508412845959434
0.3383696292349637,-0.8797610360109057,3.555598564111854
0.33843747996713397,-0.7445624559276947,3.544280190258405
0.33874591842461255,-0.6097426531643027,3.492828692818904
0.3020273846962387,0.06040547693924774,9.617951868286731
0.30138782967497296,0.18083269780498382,9.724637862660039
0.472799435503298,-3.4446816015240285,3.664985543963695
0.472718427584573,-3.309028993092011,3.6746378022570454
0.4726390947549561,-3.173433921926134,3.6840904702758834
0.47259389849812933,-3.03810363320226,3.6894756962099677
0.47255404604128715,-2.902831997110764,3.6942241975061307
0.4725422160795357,-2.767747265608709,3.695633761511999
0.47253266642725916,-2.632681998666158,3.696771622005592
0.4725621485328824,-2.497828499388093,3.6932587691513703
0.4725918502416054,-2.362959251208027,3.689719750141137
0.47262386336304707,-2.2280839272829365,3.6859053216038404
0.47266202611103225,-2.093217544206,3.6813581525550063
0.4727341719781444,-1.9584701410523124,3.672761825737531
0.4728276622295922,-1.823763840028427,3.661622272110087
0.4729951896309396,-1.6892685343962128,3.641661041474009
0.47316434985868705,-1.5546828638214003,3.621505256251055
0.4733370106252702,-1.4200110318758108,3.6009323747054225
0.47330229956397996,-1.2846776702450886,3.6050682682635156
0.4730740317723358,-1.1488940771613871,3.6322668399547737
0.47319606684718335,-1.0139915718153927,3.617726112556568
0.4736105690100276,-0.879562485304337,3.568337336719658
0.421516955585341,0.180650123822289,9.775397339282662
0.42132169042808576,0.3009440645914898,9.798663579956205
0.6080215507773089,-3.5805713545774855,3.652329798595808
0.6079160615557497,-3.4448576821492485,3.6621058860693907
0.6078108938052563,-3.30919264405084,3.6718521815963285
0.6077088843567828,-3.173590840529866,3.681305785259987
0.6076358246695608,-3.038179123347804,3.6880765044151644
0.6075845832549294,-2.9029041199957737,3.692825241246304
0.6075581384380515,-2.767764852884457,3.6952759830301574
0.6075450352370403,-2.632695152693841,3.696490306516246
0.6075687367394542,-2.497782584373312,3.6942937981201354
0.6076066456595159,-2.36291473312034,3.6907806342814595
0.6076471255264088,-2.228039460263499,3.6870292110193077
0.6076882892037877,-2.093148551701935,3.6832144164380054
0.6077737459790904,-1.9583820703770691,3.6752948119682642
0.6078665249039378,-1.8235995747118132,3.666696636044641
0.6075701366426612,-1.6876948240073923,3.6941640637643047
0.6073642670349326,-1.55215312686705,3.713242783500398
0.6074367290754968,-1.4173523678428261,3.7065274505346295
0.6081259004410677,-1.2838213453755873,3.6426593182788025
0.6085374496374555,-1.1494596270929716,3.6045194885966794
0.6093820904163461,-1.0156368173605768,3.52624341435763
0.5421479029833893,0.1807159676611298,9.75709134217918
0.5408050909200427,0.30044727273335703,9.881534844537263
0.7433789429460435,-3.7168947147302176,3.634018904252578
0.7431754461901717,-3.5807544225526455,3.649448846684166
0.7430465017361502,-3.445033780776696,3.6592259337630324
0.7429167229218823,-3.3093563111974755,3.6690662853913167
0.7427920323750584,-3.1737477746934317,3.67852082411855
0.7426844619932141,-3.038254617244967,3.6866772430849934
0.742621830490985,-2.9029762464647595,3.6914262154686597
0.7425757766883143,-2.767782440383717,3.694918200001375
0.7425597614611694,-2.6327118815441457,3.6961325389318276
0.742570361662478,-2.497736671046517,3.695328789037852
0.7426166930755369,-2.3628712961494354,3.691815754969035
0.742664998339643,-2.2279949950189293,3.68815305557559
0.7418908172876689,-2.0907832123561576,3.746854576454453
0.7416451952208932,-1.9552464237641733,3.765478629373824
0.7416255094194384,-1.82035352312044,3.7669712860103743
0.7420195866793208,-1.6864081515439109,3.737090763308501
0.7429126898794863,-1.5533628970207443,3.6693720868854385
0.7436553994070488,-1.419705762504366,3.6130568635562526
0.7439268047911627,-1.2849644810029175,3.5924778158237203
0.7442915587270571,-1.1502687725781793,3.5648207054760093
0.6605716203508799,0.30025982743221813,9.912803129012666
0.6600237921641019,0.42001514046806493,9.954341665330723
0.6608639328917824,0.5407068541841856,9.890638816570267
0.6604401879135573,0.6604401879135573,9.922768864991326
0.8790019338426578,-3.854085402233191,3.604301638880578
0.8786441176744311,-3.717340497853362,3.627258690412681
0.8783539390980264,-3.5809814440150305,3.6458761960582393
0.8781907581631124,-3.4452098974091334,3.6563456869994724
0.8780384065729391,-3.309529378621078,3.6661203803118028
0.8778885407855601,-3.1739047243785636,3.67573558753066
0.8777412141983214,-3.038334972224958,3.685187882747087
0.8776657882425906,-2.9030483764947226,3.690027120619291
0.8775951308630352,-2.7678000281064956,3.6945604124255738
0.8770066455027508,-2.631019936508252,3.732316919653549
0.87630546861966,-2.4941001799174938,3.7773035783560047
0.8761549170413832,-2.3588786228037235,3.786962785087404
0.8762360441196023,-2.224291496611298,3.78175777010847
0.8765044919152056,-2.09012609610549,3.764534485012419
0.8774581868147148,-1.9574067244328253,3.7033465765329296
0.8779504515038511,-1.823435553123383,3.6717634709065337
0.8781446309472343,-1.6887396748985275,3.6593051532449365
0.8784557789377186,-1.5541909935051945,3.639342275415629
0.8787710143535882,-1.4195531770327192,3.619117153329263
0.8790916972160292,-1.2848263267003504,3.598542529675427
0.7812033500424116,0.300462826939389,9.878940203134988
0.7791330087882993,0.419533158578315,10.011770787888167
0.7791448855734503,0.5394079977046963,10.01100878775246
0.7797071409791606,0.6597521962131359,9.97493516260839
0.7792115319593464,0.7792115319593464,10.00673283643637
0.7787286091903901,0.8985330106042961,10.037716575790299
1.0148140089053372,-3.9916017683609937,3.571995088207494
1.0143547060404223,-3.854547882953605,3.5975342944955315
1.0139417421596444,-3.7177863879186965,3.620496854815393
1.0135509782535566,-3.5812134564958997,3.6422250014694413
1.0133488329556823,-3.44538603204932,3.6534651457335627
1.0128084600644867,-3.3085076362106562,3.6835121926712375
1.0119351644318861,-3.1707301818865767,3.7320711697974858
1.011366618016167,-3.034099854048501,3.763684785353881
1.011065646519833,-2.8983881866901884,3.7804200894829165
1.010881223882329,-2.7630753452783665,3.7906747779318337
1.0110738846441576,-2.6287921000748096,3.7799620144900956
1.0116189837939382,-2.4953268266917146,3.7496521673345384
1.0126218972860768,-2.362784427000846,3.6938858821198295
1.0126850797828746,-2.2279071755223243,3.6903726647141113
1.0127531751001926,-2.0930232285403982,3.686586273447965
1.0128217823345216,-1.958122112513409,3.6827714174036714
1.0129741963295675,-1.8233535533932215,3.674296546554828
1.0131380771870002,-1.6885634619783336,3.6651840690495803
1.0134970191538926,-1.5540287627026355,3.6452253584946206
1.013857588825966,-1.4194006243563526,3.625176140560839
1.01422752797542,-1.2846882021021988,3.6046059395592067
0.9004422296077887,0.3001474098692629,9.931555822823377
0.8993376574890909,0.41969090682824245,9.992974763035434
0.8973498133270393,0.5384098879962237,10.103507411536334
0.8987321558317358,0.6590702476099396,10.02664324829037
0.8981825212254863,0.7784248517287549,10.057205286249022
0.8976335584847267,0.8976335584847267,10.087729965609121
0.8970852663462532,1.0166966351924205,10.118217356610216
0.8965411587047142,1.1356188010259716,10.148472071661324
1.1484509486948613,-3.9858003513527533,3.654007875663183
1.1478756115120115,-3.848759403304979,3.6822354150374466
1.1473138417338546,-3.7118977232565884,3.7097973022313937
1.146755091857157,-3.5751776393193717,3.7372110252011552
1.146570437399263,-3.439711312197788,3.7462706534265138
1.1465323242426422,-3.304710816934674,3.748140584071102
1.1464987842541101,-3.1697319329378337,3.7497861431886506
1.1469602850525988,-3.0360713427862906,3.7271437130643434
1.1477738373085484,-2.9031926473098575,3.687228722303473
1.147677045025917,-2.7679269909448583,3.6919776035691854
1.1476142353672019,-2.632762069371816,3.6950592088735377
1.1475894846865993,-2.4976947607884807,3.6962735416719
1.1476170546395874,-2.362740994846209,3.694920888033785
1.147688658824247,-2.227866220070597,3.691407800400853
1.147764025074082,-2.092981457488032,3.6877101360604883
1.1478417768360296,-1.958083031073227,3.683895432288139
1.1479857976904473,-1.8232715610377692,3.67682939438901
1.1481610371953397,-1.6884721135225584,3.6682316882581887
1.1485100703478597,-1.5538665657647512,3.6511072135164753
1.1489170746870911,-1.4192505040252301,3.631138521497924
1.0194383068934738,0.2998347961451393,9.983703808381946
1.018788907933792,0.41950131503156135,10.015565011256449
1.0164264856195224,0.5381081394456295,10.131471597659164
1.0156044624074045,0.6571558286165557,10.171802195573392
1.016921606122635,0.7776459340937796,10.107179697338417
1.016301645482086,0.8967367460136051,10.137596579669754
1.015689851128897,1.015689851128897,10.167612802692325
1.0150787929098093,1.1344998273697868,10.197592909060248
1.0144684694970054,1.2531669329080655,10.22753696391974
1.2852017938273923,-3.8556053814821762,3.582060229494253
1.2846343871194206,-3.7186784890299016,3.6069683160137913
1.2841114748371878,-3.5819951666511023,3.6299231809898345
1.2837152872500703,-3.445762086829136,3.647315070368734
1.2834837100866685,-3.3100369365393028,3.6574808719726377
1.2832582481944959,-3.1743756665863843,3.6673782246796094
1.2830428607598237,-3.0387857228522135,3.6768333276642338
1.2828379296233081,-2.903264788094855,3.6858294188403917
1.2827297446471728,-2.767995764764952,3.690578535669353
1.28263582518946,-2.632778799073102,3.6947014230898034
1.2826081623122538,-2.497710631871231,3.6959157713327073
1.282607249185057,-2.362697564288263,3.6959558558979637
1.2826872744353779,-2.227825266124604,3.6924428980306487
1.2827694862651127,-2.0929396881167626,3.6888339534425896
1.2828563818161283,-1.9580439511930379,3.6850194023059046
1.2829852572246145,-1.823189576056031,3.6793620144398034
1.283181095527238,-1.6883961783253132,3.670765081557178
1.2834949413451238,-1.5537044026809392,3.656987840865675
1.1382020795102255,0.29952686302900666,10.03507100839245
1.1375061102225825,0.4190811985030567,10.065622750181916
1.13681099153478,0.5384894170427904,10.096137152239358
1.1338432300225147,0.6564355542235611,10.226416296772427
1.1341233632126755,0.775979143250778,10.214118976984892
1.1347470832564486,0.8958529604656171,10.18673884101539
1.1340646598131376,1.0146894324643865,10.216695945734358
1.1333912700926285,1.1333912700926285,10.246256487025406
1.1327380072827242,1.2519735869966953,10.27493349482333
1.4206679620060905,-3.856098754016531,3.5748408542798344
1.4200294309674335,-3.719124700152802,3.600201611641346
1.4194513365924277,-3.5824248018761264,3.6231619852003334
1.4189351373102042,-3.4459853334676387,3.6436640500242845
1.4186597816183741,-3.3102061571095396,3.654600446950738
1.4184136599752832,-3.1745448580399196,3.664375745086552
1.418170134632141,-3.038936002783159,3.6740479250823768
1.4179321313196886,-2.9033848403212676,3.683500784681854
1.4177891556599367,-2.768064542002733,3.6891793982433896
1.4176695969722903,-2.632814965805682,3.6939279518520465
1.4176285558451165,-2.4977265031556812,3.6955579964467304
1.4175979820172613,-2.362663303362102,3.6967723077063326
1.417680926889985,-2.227784313684262,3.6934779576055945
1.4177695589893031,-2.0928979204127804,3.689957725965833
1.4178655975975074,-1.9580048728727484,3.6861433274596465
1.4179725765671158,-1.8231075984434346,3.681894406848471
1.4181890099645404,-1.688320249957786,3.6732982469992095
1.2567534578115138,0.29922701376464617,10.085089718068282
1.2559857674724233,0.41866192249080775,10.115580339885817
1.2552230417730192,0.5379527321884368,10.14587377939764
1.253291294446397,0.6564859161385888,10.222597653834889
1.2511532266030467,0.7745234259923622,10.307516031352904
1.2529573246837593,0.8949695176312565,10.23586204601564
1.2522349957343455,1.0137140441658987,10.2645510338835
1.2515134991492596,1.1323217373255205,10.293206962450427
1.2507928334905871,1.2507928334905871,10.32182988882657
1.2500715955590607,1.3691260332313522,10.350475544360918
1.5548236683786916,-3.582854540176985,3.6163991673001377
1.5541908810635514,-3.4462493449670055,3.6393463529614323
1.5538496751960766,-3.310375394982946,3.65171972739914
1.55358008583491,-3.1747071319235123,3.66149602501919
1.5533107743180068,-3.039086297578709,3.6712622469886256
1.5530500782413206,-2.903528407146817,3.6807160415413307
1.552855278564501,-2.768133322658458,3.6877801912861017
1.5527243268279336,-2.6328803802734524,3.6925289808711312
1.5526506653178982,-2.497742374641836,3.695200217013884
1.5526171792713568,-2.3626783162824996,3.6964145437057425
1.5526696164617648,-2.227743362749489,3.6945129791277864
1.5527664941337798,-2.092859187745529,3.6909998399213464
1.5528694245028312,-1.9579657961122654,3.6872672077520576
1.3750680251751075,0.29892783155980596,10.134997153645926
1.3742402171153894,0.4182470226003359,10.165016505778567
1.3734134051575089,0.5374226368007643,10.194999735610317
1.372587587504632,0.6564549331543892,10.224946908300943
1.3691976026937946,0.7738942971747536,10.347880173526107
1.3686901166387992,0.8926239891122603,10.366283476572598
1.3702017254459586,1.012757797068752,10.311467004884243
1.3694130045608046,1.1312542211589256,10.34006891290852
1.3686222371408765,1.2496116078242785,10.368745035779241
1.3678331095004272,1.3678331095004272,10.397361694240281
1.6890533929450429,-3.3105446501722837,3.6488387131006306
1.6887603310627284,-3.1748694223979292,3.6586160105302525
1.688464781812405,-3.0392366072623287,3.668476292948064
1.6881813884716732,-2.9036719881712783,3.6779310229867406
1.6879281138612077,-2.7682021067323803,3.6863809147923163
1.6877857679434978,-2.6329457979918565,3.6911299403713187
1.6876744907633099,-2.4977582463296986,3.6948424330340757
1.687638092424064,-2.3626933293936894,3.696056775158489
1.687653343424394,-2.2277024133202006,3.695547962599342
1.4931660283485741,0.29863320566971485,10.184144537385144
1.4922680092569132,0.41783504259193566,10.21410476178319
1.4913787390894453,0.5368963460722003,10.24377309958939
1.4905190969703306,0.6558284026669454,10.272452969571937
1.4890805250023391,0.7743218730012164,10.320447426899158
1.4855979912450068,0.891358794747004,10.436633701570045
1.487943770761225,1.0118017641176331,10.358372469323605
1.4870856648661104,1.130185105298244,10.387001086926112
1.4862285481499302,1.2484319804459414,10.41559670297763
1.4853724189869901,1.366542625468031,10.444159371715486
1.8233260639933129,-2.903815583396758,3.6751457289772347
1.823020071661495,-2.768289738448937,3.6845982201350367
1.6100967551812964,0.4174324920840398,10.262069473622276
1.6091690241278787,0.5363896747092929,10.290728262315291
1.6082423615683479,0.6552098510093269,10.319354043877183
1.6073151894492004,0.7738924986236891,10.347995566381812
1.6035649243227004,0.8908694024015001,10.463846011839273
1.602565577187289,1.0090227708216266,10.4947171121212
1.6045369696398666,1.1291186082650915,10.433818299344274
1.6036212392443148,1.2472609638566894,10.462106372497814
1.6027159842520597,1.3652765791776806,10.490070847159693
1.7277317736270221,0.4170387039789364,10.30899012734514
1.7267372003483092,0.5358839587287856,10.337594886119618
1.7257402892544624,0.6545911441999684,10.366266882411331
1.7247452031940507,0.7731616428111261,10.394886389216062
1.723751264033484,0.8915954813966295,10.42347291022265
1.7191728575839131,1.007790985480225,10.555151706410463
1.7205642770502843,1.1272662504812205,10.515133319589168
1.720816102046843,1.2461082118270241,10.507890622209167
1.719845587063991,1.3640154656024754,10.535803444286422
1.8440782637991042,0.5353775604578045,10.384524740377792
1.8430153333216908,0.6539731827915677,10.413123201647082
1.8419536274889856,0.7724321663663489,10.441688713485533
1.8409081509773872,0.8907620085374454,10.469817570602942
1.8373903499025481,1.007601159623978,10.564465056896381
1.8352474510265682,1.1248290828872516,10.62212038978123
1.8377962693573515,1.2449587631130445,10.553543672992802
1.8368145673333458,1.3627979047957082,10.579956658515457
1.9600773281274415,0.6533591093758138,10.459684717644045
1.958970797139374,0.7717157685700564,10.487651927524965
1.9578655147959163,0.88993887036178,10.515587578320549
1.9567614789847454,1.0080286406891112,10.54349172341908
1.9520233407764291,1.123892226507641,10.66324662151569
1.9513273617517184,1.2417537756601844,10.680837264404772
1.9536095601189507,1.361606663113208,10.623155444903503
2.0757770264292597,0.771002895530868,10.533388997422058
2.0746256439142434,0.8891252759632472,10.56082691115764
2.073517597078517,1.007137118580994,10.58723211802603
2.072410733254034,1.1250229694807614,10.613609133255224
2.066875559173471,1.2401253355040829,10.745514583401643
2.0687503075736786,1.3594644878341318,10.700838566343933
2.1900885358237865,1.006256894837956,10.630418185440789
2.188932023315024,1.1240461741347423,10.656488610442779
2.1852509833141656,1.240277585124256,10.739467632757375
2.189317375123947,1.36092701696894,10.647801903331711
0.0,0.0,60.0
