-3.4826053428426555,-2.5218866275757157,9.83735952805749
-3.4813381463742683,-2.2808767165900377,9.873805157629405
-3.4799442466583073,-2.039967317006594,9.913894878501921
-3.242079702664087,-2.761771598565703,9.848046713237096
-3.237768632881415,-2.5182644922411,9.981221125678402
-3.239568619914701,-2.279696436236271,9.925617243662074
-3.2382921609399835,-2.038924693925175,9.965048680064868
-3.2371016646532618,-1.7983898136962566,10.001824620026426
-3.2361699953777308,-1.558155923700389,10.030605065394582
-3.235269672715809,-1.318072829624959,10.058417174117793
-3.000457399443415,-2.7604208074879417,9.897031345054742
-2.9992446568073072,-2.5193655117181377,9.937491555591762
-2.99516836033379,-2.2763279538536803,10.073487280174447
-2.997055810876632,-2.0379979513961097,10.010517080176612
-2.996210172134219,-1.7977261032805314,10.038729761530092
-2.9954435622593105,-1.5576306523748416,10.064305836795413
-2.9948368672409234,-1.3177282215860062,10.084546741538801
-2.9944229259276427,-1.0779922533339512,10.098356887390565
-2.758993360940289,-2.758993360940289,9.948795784965014
-2.7579221410129335,-2.518102824403113,9.987642142926006
-2.757059681989582,-2.2775710416435677,10.018918065910825
-2.753648835701716,-2.035305661170834,10.142607844699242
-2.755645711748656,-1.797160246792602,10.070193805581567
-2.7550876181155015,-1.557223436326153,10.090432324764834
-2.754785501019471,-1.3175061091832252,10.101388197185457
-2.754609145487176,-1.077890535190634,10.107783494697173
-2.5171107508427677,-2.5171107508427677,10.027044670486134
-2.5164075177374285,-2.2767496589052922,10.054975222132626
-2.515876116200863,-2.0366616178768893,10.07608108013244
-2.5130505713133364,-1.7950361223666689,10.18830422038468
-2.515162618273764,-1.5570054303599492,10.104419323242993
-2.5151160202298426,-1.3174417248822985,10.10627007381558
-2.5152470395594695,-1.0779630169540584,10.101066333938931
-2.5155557588453403,-0.8385185862817802,10.088804823647664
-2.276595882611065,-2.5162375544648614,10.061725712014848
-2.2761347706202546,-2.2761347706202546,10.081967660516582
-2.275791681979128,-2.0362346628234302,10.097028606108154
-2.2755542763657153,-1.7964902181834597,10.107450265697352
-2.273475920906831,-1.555536156409937,10.198686158507499
-2.2757602083628874,-1.3175453837890398,10.09841023862218
-2.2760687764297822,-1.0781378414667389,10.084864681265515
-2.276431293902405,-0.8386852135429914,10.068950846539778
-2.4034922961890803,2.150493107116546,4.491211997575405
-2.402885491590629,2.402885491590629,4.517849577333166
-2.4023718846547117,2.6552531356709967,4.540395955120275
-2.401973555813954,2.9076521991432074,4.557881841503772
-2.4016321313307065,3.1600422780667192,4.5728697336966775
-2.4015040817560926,3.4126636951270792,4.578490869010153
-2.3994445132838194,3.662310046591093,4.66890204846851
-2.0364216700000988,-2.515579710000122,10.087853547377335
-2.036172876639884,-2.2757226268328115,10.100059997057386
-2.036001939704413,-2.036001939704413,10.108446607935917
-2.0361079983288985,-1.79656588087844,10.10324309582532
-2.0362867952453634,-1.5571604904817486,10.094470853825399
-2.0348047837117837,-1.3166383894605658,10.16718219625946
-2.0369193252761444,-1.078369054557959,10.063437284500296
-2.0373069343194214,-0.8388910906021149,10.044420176173091
-2.0377222727697535,-0.5993300802263981,10.024042590976322
-2.151806640236759,1.898652917855964,4.426766644527717
-2.1509157560077052,2.1509157560077052,4.470475743127878
-2.1502815842765233,2.4032558883090553,4.501589858546808
-2.149781033165092,2.655611864498055,4.526148198643597
-2.1493701692339235,2.9079714054341315,4.546306252286286
-2.1490283690295175,3.1603358368081147,4.5630758597714305
-2.1470811976683,3.4100701374731823,4.658609153821629
-2.1487369061892334,3.6654923693816333,4.577375785181275
-1.796499517065016,-2.27556605494902,10.106933208059672
-1.7965931010304799,-2.0361388478345437,10.101729538799574
-1.7967944952208816,-1.7967944952208816,10.090531159327597
-1.7970400149975807,-1.55743467966457,10.076879208286385
-1.7973809256950979,-1.3180793455097384,10.057923113528943
-1.737984879029467,-1.04279092741768,13.360597676136322
-1.7403023342904638,-0.8121410893355497,13.231737238949961
-1.798528901168001,-0.599509633722667,9.994090760944971
-1.9003025302746839,1.6469288595713927,4.335041129458716
-1.8992672071583734,1.8992672071583734,4.392609528574013
-1.7552518531654902,1.9892854335875554,12.400479967069302
-1.7541193966105777,2.221884569040065,12.463449401352065
-1.7529974616454689,2.4541964463036563,12.525833790182247
-1.7517695881969924,2.686046701902055,12.59410881237713
-1.750595462320645,2.917659103867742,12.659395239383656
-1.7496031423542013,3.1492856562375624,12.714572479202161
-1.8959292578840996,3.6654632319092593,4.57821380324026
-1.5575206022273729,-1.7971391564161996,10.07136652083065
-1.5578160907862917,-1.5578160907862917,10.052408333144882
-1.5080549002883776,-1.2760464540901655,13.245025984328464
-1.507924577675538,-1.0439477845446032,13.253387325163288
-1.5091730657305384,-0.8126316507779822,13.173285845238823
-1.5097663245678368,-0.5806793556030141,13.135223077513075
-1.6484123394036612,1.3948104410338669,4.239862862012046
-1.5240164514481398,1.5240164514481398,12.220952213925756
-1.5228481086244816,1.757132433028248,12.295911672976487
-1.5217025311048291,1.9899186945216993,12.369410537723212
-1.5206588689530665,2.2225014238544816,12.436370636029736
-1.5196819003400739,2.454870762087811,12.499051757748944
-1.5186675018516245,2.68687327250672,12.564134334896949
-1.5176051738615446,2.9184714881952782,12.632292010759173
-1.5166345241544779,3.1499332424746846,12.694567719135321
-1.514659677500953,3.3788562036559724,12.821271486093792
-1.3184919207046508,-1.558217724469133,10.026640003000082
-1.3187773815342432,-1.3187773815342432,10.004995214864692
-1.2772939149762959,-1.0450586577078784,13.150438483037874
-1.276504235986052,-0.8123208774456695,13.210315119924303
-1.2783160732164105,-0.5810527605529139,13.072934334466154
-1.2788347513782776,-0.3487731140122576,13.0336060702693
-1.2910988815563622,1.2910988815563622,12.10369039760559
-1.2900177560481831,1.5245664389660347,12.185665681590166
-1.288981035946384,1.7577014126541604,12.264273969078104
-1.2880113394839556,1.9905629792024768,12.337800254680502
-1.2870686754997451,2.2231186213177416,12.40927682906809
-1.2862380920841252,2.455545448524239,12.472255003991549
-1.284140922659218,2.6850219291965467,12.631270823958715
-1.2832982357957035,2.91658689953569,12.695166730977903
-1.2836540340156024,3.1507871744019336,12.668188679034103
-1.2829741094160276,3.3823862884604368,12.719743296621573
-1.045728555833632,-1.045728555833632,13.088356475236921
-1.046150405773335,-0.8136725378237051,13.049262036484748
-1.0455744409922532,-0.5808746894401405,13.102638883885206
-1.0470516215416958,-0.3490172071805653,12.965742942743788
-1.1432195722507155,1.1432195722507155,4.053493099676274
-1.0567335736684962,1.2915632567059399,12.068479606190522
-1.0558501086368488,1.5251168235865595,12.150353671631294
-1.0549647911353477,1.758274651892246,12.232399412500754
-1.0535186491383268,1.9899796705946173,12.36641889290955
-1.052312425447652,2.221548453722821,12.47820423115023
-1.0526689794034845,2.4562276186081307,12.445161019628259
-1.0519936561804264,2.6884282324610895,12.507745791835063
-1.051280195299924,2.9202227647220114,12.573864925843978
-1.050554796952452,3.151664390857356,12.641090350330558
-1.0498975506348502,3.383003218712296,12.701999866938905
-0.8142077147757126,-0.8142077147757126,12.985494614055852
-0.814147190854908,-0.5815337077535058,12.992706162330705
-0.8150516333165297,-0.3493078428499413,12.884940003312622
-0.8229102406519828,1.0580274522668351,11.948570954191851
-0.8222041457359044,1.2920350861564212,12.032703599702032
-0.8207942985699825,1.5243322687728247,12.200689757275299
-0.8200641367233295,1.757280292978563,12.287690026517723
-0.8201744614245833,1.991852263459702,12.27454461395314
-0.8195574565667103,2.224513096395356,12.348061997811087
-0.8189698870117895,2.4569096610353682,12.418072105448275
-0.8184421434932958,2.689167042906543,12.48095381915374
-0.8179140437245811,2.921121584730647,12.543877980797689
-0.8173292603587441,3.1525557185265844,12.613556108338173
-0.582098196738109,-0.34925891804286546,12.89854214730039
-0.6361995389086469,0.8906793544721057,3.873743194160056
-0.58742714364294,1.057368858557292,12.009605338737273
-0.5870581835358062,1.2915280037787737,12.071152624904698
-0.5870056824847053,1.526214774460234,12.079910474747322
-0.586514671523896,1.7595440145716883,12.161817411383453
-0.5860286438727659,1.992497389167404,12.242893067940926
-0.5855877616472522,2.2252334942595584,12.316437887489613
-0.5851472638723709,2.457618508263958,12.389918575733503
-0.5847634131339613,2.6899117004162223,12.453949810508433
-0.5843888109199855,2.921944054599928,12.516438272585333
-0.3499058568938732,-0.11663528563129107,12.71867929390092
-0.35327602389695595,0.5887933731615932,11.781700702086596
-0.35305287403766883,0.8237900394212273,11.84374114124796
-0.35294006004642925,1.0588201801392876,11.875105846484217
-0.35263297322865156,1.2929875685050554,11.960482557437373
-0.35233116189096786,1.5267683681941941,12.044392571961211
-0.352035715442458,1.7601785772122898,12.126533011004184
-0.3517406269728108,1.993196886179261,12.208573924257962
-0.3514664064458852,2.2259539074906063,12.284813102592537
-0.3512020078356151,2.4584140548493054,12.358321577781439
-0.11673618612671612,-0.11673618612671612,12.634521799007999
-0.11810833960561135,0.11810833960561135,11.490057652365707
-0.11800269514286478,0.3540080854285944,11.578171920750663
0.11802114132135888,-0.35406342396407664,11.562786622929565
0.11811024672663112,-0.11811024672663112,11.488466990924394
0.11675778852403235,0.11675778852403235,12.616504011938105
0.3522560794641333,-1.9961177836300885,12.065267094351682
0.35242626739965677,-1.7621313369982838,12.017951204063536
0.3526289969905419,-1.5280589869590149,11.961588036774543
0.35287457104269104,-1.2938734271565338,11.893313191831126
0.3534171031567063,-0.5890285052611771,11.74247764696375
0.34993722367880964,0.11664574122626986,12.70995865603561
0.5862411216804175,-2.6967091597299206,12.207449039768463
0.5864775352585004,-2.463205648085702,12.16801221756792
0.5867209307009195,-2.229539536663494,12.127410730695033
0.5869712747002489,-1.9957023339808464,12.085650135256358
0.5872306314189387,-1.7616918942568163,12.042386102435444
0.587540167222157,-1.527604434777608,11.990751553628186
0.5879214522515118,-1.293427194953326,11.927148312087084
0.5878066440688833,-1.0580519593239899,11.946299791973331
0.5886546443031264,-0.824116502024377,11.8048424580289
0.5826061090469734,0.3495636654281841,12.813815848664802
0.8200393363044194,-3.163008868602761,12.290645046877088
0.820269599057836,-2.9295342823494144,12.263208771432716
0.820584760395123,-2.6962070698696894,12.225656657028978
0.8209091269101992,-2.462727380730598,12.187007726967494
0.8212459893799939,-2.229096256888555,12.146869878483429
0.8215926409984178,-1.9952964138533,12.10556563302822
0.8219501120986096,-1.7613216687827349,12.06297222431256
0.821647498265994,-1.525916782493989,12.099029278011969
0.8221495235615689,-1.2919492513110367,12.039211942880442
0.8234088615911345,-1.0586685363314585,11.889159255052903
0.8151739474196423,0.3493602631798467,12.870366029129073
0.8155470398800546,0.5825335999143246,12.82591130356792
1.0539847966151439,-3.3961732335376857,12.323219232872304
1.0542233060723945,-3.162669918217184,12.301115654109523
1.0544620190507317,-2.9290611640298105,12.278993214273385
1.0548433139283977,-2.6957106911503494,12.243657167403441
1.055256138484543,-2.4622643231306,12.20539914528075
1.0556826403204127,-2.2286633517875383,12.165873597613611
1.055241800563596,-1.9932345121756812,12.206727894960522
1.0556839133005922,-1.7594731888343202,12.165755625697614
1.0570448084962154,-1.5268425011612003,12.039636290677947
1.0576020043083394,-1.2926246719324148,11.987998835033437
1.0582962267412377,-1.0582962267412377,11.923662601152657
1.0482807547048667,0.3494269182349556,12.85183449653259
1.046960914279417,0.581644952377454,12.97414912981597
1.0476647454045138,0.8148503575368441,12.908922421874891
1.0473741030781656,1.0473741030781656,12.935857351945543
1.2880662218819106,-3.3958109485977643,12.33363885054743
1.2883561939785393,-3.1623288397655056,12.311652000002411
1.2886487883637794,-2.928747246281317,12.289466316988822
1.2885200590709056,-2.6941783053300754,12.299227089684166
1.2882145646977303,-2.4593187144229396,12.322390901662772
1.289243745771452,-2.226875560877963,12.24435425360329
1.290557629102002,-1.9944981540667304,12.144730335446155
1.2911033054993868,-1.7605954165900732,12.103354956453714
1.2916661575850017,-1.5265145498731838,12.060677247704348
1.2923022168456084,-1.2923022168456084,12.012448676530326
1.2805364826326497,0.3492372225361773,12.904573962722836
1.2793565123543997,0.581525687433818,12.994044054697468
1.2798514918095913,0.8144509493333764,12.956512721749633
1.2795277754503764,1.046886361732126,12.981058197992994
1.323445739334577,1.323445739334577,9.65102155174344
1.5221027945520331,-3.395460080154535,12.343730120235605
1.5210167228394122,-3.159034732051087,12.413411164548833
1.521534525725761,-2.926027934088002,12.380189559152143
1.523130181670546,-2.694768782955581,12.277814208330312
1.5236934025578055,-2.461350881054916,12.24167863906061
1.5242908183892492,-2.2278096576458255,12.203349163630492
1.52490825958595,-1.9941108009970112,12.163734885044505
1.5255433034203834,-1.7602422731773655,12.122991242563259
1.5261968233169596,-1.5261968233169596,12.081062198335587
1.5126135252592725,0.3490646596752167,12.952550133136455
1.512230920092633,0.5816272769587049,12.977097616752204
1.5103676577562035,0.8132748926379557,13.096642269212225
1.5115623921395216,1.0464662714812072,13.019989559691197
1.5639513114871246,1.323343417412182,9.658780011406748
1.5638979200225755,1.5638979200225755,9.662205543039661
1.5638792979076015,1.8044761129703093,9.663400315358672
1.913215903085669,-3.9539795330437153,3.6170022986860744
1.7560927980130756,-3.3951127428252796,12.353719832134544
1.7564745929743864,-3.1616542673538954,12.332490397220269
1.7568704050852517,-2.9281173418087527,12.310481548761288
1.7572695467581867,-2.6944799716958863,12.288287562392128
1.757791707002096,-2.4609083898029342,12.259253216640587
1.7584696207604058,-2.2273948529631804,12.221558308462363
1.7591678808982996,-1.993723598351406,12.182732054444372
1.7598897921206091,-1.7598897921206091,12.142590698845325
1.7441694894760493,0.5813898298253498,13.016706849250994
1.7438031721686467,0.8137748136787019,13.037075660323765
1.7429226593452332,1.0457535956071398,13.086035944167378
1.8044659888259793,1.323275058472385,9.663963261140822
1.8044890623348233,1.5638905206901803,9.662680275235076
1.8045160673970084,1.8045160673970084,9.66117867812639
1.804573546066631,2.0451833522088485,9.657982617938686
2.167414090970349,-3.952343342357695,3.6610244967109224
2.167777156025601,-3.6979727955730843,3.6432115803063425
2.1666508953246355,-3.441151421986186,3.698468861132028
1.9909078729512308,-2.927805695516516,12.3208788698594
1.9913587295527886,-2.6941912223361255,12.298758671735612
1.9918096534087162,-2.460470748328414,12.276635173937436
1.9925624700470421,-2.2269815841702236,12.239700030627759
1.9933451626260767,-1.9933451626260767,12.201299095921584
2.045158550841896,0.6015172208358517,9.659199437541275
1.9755497357593141,0.8134616559008941,13.074389046540134
2.0450761297845443,1.0826873628271119,9.66324322909692
2.0431326457791017,1.3220270060923598,9.758595611877311
2.0451547684184743,1.5639418817317747,9.659385013077227
2.0452199132323745,1.8046058057932715,9.6561888389828
2.0453313176473626,2.0453313176473626,9.650723048478909
2.0454580115256755,2.286100130528696,9.644507117117001
2.4222048885144996,-3.4420806310469203,3.6697644149187454
2.420996988055018,-3.1855223527039715,3.7227889716063203
2.419975526533315,-2.929444058435066,3.7676292098366986
2.419093419809887,-2.673734832421454,3.806352034713342
2.418241238170315,-2.418241238170315,3.8437612047330276
2.2856897241058944,0.842096214144277,9.66252318662005
2.285729266065551,1.0827138628731556,9.660787369016148
2.285802072934479,1.3233590948568035,9.657591284505685
2.284442897340247,1.5630398771275376,9.717256534882097
2.286037997377564,1.804766840034919,9.647234645506046
2.286292225616955,2.0456298860783284,9.636074504299572
2.2867210200705,2.2867210200705,9.617251234856425
2.2871786737539725,2.527934323622812,9.597161099537672
2.526377507784234,0.842125835928078,9.658993690826833
2.526457981400633,1.0827677063145569,9.655797492465382
2.526604906297123,1.3234597128223025,9.64996202570704
2.5248297453704445,1.56298984237218,9.720466704122998
2.527220522056229,1.8051575157544495,9.625511402402253
2.5276987155557107,2.046232293545099,9.606518826351916
2.5282357400622737,2.2874513838658665,9.585189638914485
2.5288205207030208,2.5288205207030208,9.561963704634309
2.7671587393519426,0.842178746759287,9.652689257662985
2.7673301419810854,1.0828683164273813,9.646473570559792
2.7676804474662826,1.3236732574838743,9.633770210655683
2.768199538273785,1.5646345216330093,9.614946076780313
2.766003435173959,1.803915283809104,9.694584818514386
2.7693502977605595,2.046911089649109,9.573215323077306
2.7701590973066694,2.288392297775075,9.543885289267692
2.7710478356710784,2.530087154308376,9.511656381126741
3.008664942360782,1.0831193792498814,9.623206623682705
3.0092433993883194,1.3240670957308605,9.603907810872826
3.009882747537646,1.5651390287195759,9.582577513777636
3.010618821309108,1.8063712927854645,9.55802020138718
3.009357022886186,2.046362775562606,9.60011703902336
3.0125640874936948,2.289548706495208,9.493121123020885
3.0136158353471663,2.531437301691619,9.458032112115916
3.250370354681186,1.0834567848937287,9.591937959078152
3.2510610153611514,1.32450633959158,9.570602574849303
3.252053600456591,1.5658035854050254,9.539940362557005
3.253096984159707,1.807276102310948,9.507708916856046
3.25146867558101,2.0472210179584134,9.55800943370518
3.2553494647739707,2.290801475211312,9.43812693431758
3.2565592011009215,2.5328793786340498,9.400756645115095
3.4935753132853753,1.325149256763418,9.521854009265326
3.494715204355128,1.5665964709178162,9.489069789361821
3.4959453355043775,1.8082475873298505,9.453690189348052
3.4971922736425243,2.050078229376652,9.417827206286063
3.495200531772189,2.289958969092124,9.475111367203496
3.499884773120151,2.5343993184663156,9.340388670879634
3.7406320857951134,2.0513143696295786,9.357178948704728
3.7411347239616566,2.2929535404926287,9.343655319037694
0.0,0.0,110.0
