-2.159696669240662,-1.4776871947436105,10.19338115385024
-2.162115312636569,-1.251750970473803,10.087207261087244
-2.1624078556808755,-1.024298457954099,10.074365172060268
-2.289443266656634,2.289443266656634,4.497749733477761
-2.2888905556256245,2.529826403586216,4.522012707438549
-2.288419908152637,2.770192520395297,4.5426732456603816
-2.2880383310697052,3.010576751407507,4.5594237614051
-1.9346327565871009,-1.4794250491548417,10.08188252182461
-1.9330173895239045,-1.2507759579272322,10.161136633568972
-1.9352788136898822,-1.0245593719534671,10.050185279146064
-1.9356396789729164,-0.797028103106495,10.032480289290902
-2.0505999950050566,1.8093529367691676,4.392228026780643
-2.0496173743097783,2.0496173743097783,4.440437955137
-2.048844300465968,2.289884806403141,4.478366969662488
-2.048264505740412,2.5302090953263905,4.506813207681674
-2.04778525636995,2.770532993912285,4.530326428933591
-2.0474120242305798,3.010900035633205,4.548638168942517
-2.045177611164385,3.2482232647904943,4.658264288519831
-1.7074320761733786,-1.4797744660169283,10.059464359591033
-1.707738028598129,-1.252341220971961,10.04245209451085
-1.7067956182171626,-1.0240773709302977,10.094854147635289
-1.708405724047468,-0.797256004555485,10.005325368072064
-1.7088194773004677,-0.5696064924334894,9.98231891527611
-1.8109871891052969,1.569522230557924,4.301356598084382
-1.8099936317681486,1.8099936317681486,4.356602641013197
-1.809008647879301,2.0502098009298746,4.411371963500059
-1.8081979635249128,2.290384087131556,4.456449485420251
-1.8076116679773737,2.5306563351683233,4.489050028717799
-1.8058521711034323,2.768973329025263,4.586885590085501
-1.8057032224942888,3.0095053708238146,4.595167770637403
-1.806432759616431,3.251578967309576,4.554602382349174
-1.4801644477202243,-1.4801644477202243,10.034443606326832
-1.4804447679954595,-1.2526840344576966,10.016458597331948
-1.4798420584860947,-1.0245060404903734,10.055127708719368
-1.4811366536154735,-0.7975351211775625,9.972068054803643
-1.481592079124899,-0.5698431073557305,9.942848506283156
-1.482076518895842,-0.34201765820673274,9.911767437921
-1.5709350609474275,1.3292527438785926,4.210711113229138
-1.5700752751929958,1.5700752751929958,4.265873924817214
-1.5692162908462686,1.8106341817456946,4.320985319058607
-1.5683550816773655,2.050925876039632,4.376239455193399
-1.5675577896724977,2.2910460002905735,4.427392743577755
-1.5654236123685612,2.5287612199799834,4.564318971891936
-1.5664303044984982,2.771376692574266,4.499730825362789
-1.5660587969152286,3.011651532529286,4.523566301484365
-1.5657437429852357,3.2519293123539508,4.543779779656944
-1.253101148091515,-1.253101148091515,9.98483136411302
-1.2534276188362343,-1.0255316881387373,9.960077039283433
-1.2525675843626667,-0.7970884627762425,10.02528831186359
-1.254247613640893,-0.5701125516549514,9.897901735427183
-1.2546584553625821,-0.3421795787352497,9.866750063809619
-1.3310400661863377,1.0890327814251854,4.0751891477950295
-1.3299411909610335,1.3299411909610335,4.158510286715938
-1.3289891454214051,1.5706235354980242,4.230698208365041
-1.3282681987691303,1.8112748165033594,4.28536328296633
-1.326803974585442,2.050515233450229,4.396386649233094
-1.3256938096849669,2.289834762183125,4.48056381672906
-1.3261838309689828,2.53180549548624,4.443408432260014
-1.3256966451676973,2.7719111671688217,4.4803488190249965
-1.3253271257134505,3.0121071038942056,4.508367270139644
-1.3250194735718608,3.2523205260400223,4.531694692797302
-1.0256809887042184,-1.2536100973051556,9.946240787897509
-1.0260163461500704,-1.0260163461500704,9.915161937593098
-1.026352286840872,-0.7982740008762337,9.884029035760406
-1.0257053805028529,-0.5698363225015849,9.943980307124562
-1.0270641222742325,-0.3423547074247441,9.818060538121813
-1.0896249768335111,1.0896249768335111,4.020308146421883
-1.0887071903403356,1.3306421215270767,4.105362912271275
-1.0878232003541874,1.5713001782893818,4.187285627242716
-1.0861009843089593,1.8101683071815986,4.346889939964896
-1.0865530182061793,2.0523779232783386,4.304998239041055
-1.085956867412787,2.2925756089825504,4.36024580099577
-1.085373117275565,2.5325372736429848,4.414344146967494
-1.084886735092766,2.7724883230148465,4.459419034186794
-1.0845456200282122,3.012626722300589,4.491031464919956
-0.7986638026618276,-0.7986638026618276,9.837583360115616
-0.7985286355518962,-0.5703775968227831,9.853688796205788
-0.7992836942483001,-0.34255015467784294,9.76372201667317
-0.8488122345227176,0.8488122345227176,3.862295697550124
-0.8479736053016674,1.0902517782450012,3.9622200750841614
-0.8464069286974414,1.330068030810265,4.14889277923632
-0.845984109326198,1.571113345891511,4.1992725673719065
-0.8458529508536252,1.8125420375434826,4.214900366166873
-0.8453949796149416,2.0531020933505726,4.269468570810005
-0.8449320669371978,2.2933870388295374,4.324625557968446
-0.8444683264603994,2.5334049793811984,4.3798811790680645
-0.8440446424084562,2.7732895393420707,4.430363995667889
-0.5706913231077969,-0.34241479386467816,9.801355221196857
-0.6063647067219419,0.8489105894107185,3.8505765125822933
-0.6054569758504194,1.0898225565307549,4.001997684227646
-0.6055034718422166,1.3321076380528765,3.9942415554282036
-0.6049846503297365,1.5729600908573147,4.080787649385343
-0.6044867174585472,1.8134601523756415,4.163849249603629
-0.6040644112343198,2.0538189981966872,4.234295353478444
-0.6037364345170543,2.294198451164806,4.289006083672575
-0.6034052791003999,2.534302172221679,4.344247061763809
-0.343007372851765,-0.11433579095058835,9.63660557396824
-0.3643200944683484,0.6072001574472473,3.7112125979612784
-0.36388952121414825,1.0916685636424448,3.8309211824392264
-0.36351112480745784,1.332874124294012,3.9361234860532903
-0.36318786288623117,1.5738140725070018,4.025997222120694
-0.3628822718448312,1.8144113592241558,4.1109580752119825
-0.11440987639747326,-0.11440987639747326,9.57481355211948
-0.12186973806439962,0.12186973806439962,3.352809710696164
-0.12168858789034392,0.3650657636710318,3.5039005926955014
0.1217812482098835,-0.3653437446296505,3.4266159338286
0.12189141974429489,-0.12189141974429489,3.334725796862344
0.11447944100621235,0.11447944100621235,9.51679219969671
0.3639594131348628,-1.819797065674314,3.811489731893772
0.3641026063011191,-1.577777960638183,3.7716789654974576
0.3642951235517407,-1.3357487863563826,3.7181550474772678
0.3646977331740774,-0.607829555290129,3.6062209514390275
0.3432877633592667,0.1144292544530889,9.558651008916513
0.6060580057513647,-2.545443624155731,3.9017381748838744
0.6061737370433635,-2.3034602007647815,3.882432708494818
0.6062860091432997,-2.061372431087219,3.8637042797845425
0.6064860379688927,-1.8194581139066779,3.8303369017605604
0.6066943762033168,-1.5774053781286237,3.795583407586548
0.606980194961081,-1.335356428914378,3.7479051666710603
0.6067223299074295,-1.092100193833373,3.790920370599096
0.6077254582274403,-0.8508156415184163,3.623585678905812
0.5716906992400288,0.34301441954401723,9.634646442632203
0.8484870968944489,-2.7878861755103324,3.901036507317002
0.8484264853255811,-2.5452794559767433,3.90825849903689
0.8485564805849333,-2.303224733016248,3.8927692994632253
0.8487114483882744,-2.061156374657238,3.874304570476937
0.8489284826179107,-1.8191324627526657,3.848444500548979
0.848549050554254,-1.5758768081721863,3.893654602731999
0.8490203046575113,-1.3341747644618036,3.8375037177564195
0.8499770947511416,-1.092827693251468,3.7235002319047936
0.800890868872991,0.34323894380271047,9.57222389100609
0.8004807574382867,0.5717719695987763,9.621089502654002
0.8006066829140689,0.8006066829140689,9.606085226071016
1.0917644319517041,-3.275293295855112,3.8220367015092336
1.091379382385656,-3.031609395515711,3.857720709635487
1.0910607458809438,-2.7882663505846343,3.8872499667131137
1.0908763348981938,-2.545378114762452,3.9043400340375882
1.0908863889795881,-2.3029823767346858,3.9034082840661455
1.0910963945161938,-2.060959856308366,3.883946272066723
1.090256111864841,-1.8170935197747349,3.961818462047262
1.0916441886237875,-1.576819383567693,3.8331801081478716
1.0920179088457758,-1.334688555255948,3.7985460334357555
1.0925165676612658,-1.0925165676612658,3.752333423961076
1.029418838067593,0.3431396126891977,9.59984006752714
1.0283172948077983,0.5712873860043325,9.701924272003353
1.0291576956198292,0.8004559854820893,9.624041131623272
1.0290707616362351,1.0290707616362351,9.632097634605103
1.334630500114294,-3.2759112275532676,3.8029480077559015
1.334163620123077,-3.0321900457342665,3.838348726337756
1.333704505634231,-2.7886548754170284,3.8731606332994204
1.333362085345639,-2.545509435659856,3.899124316689594
1.332134161135582,-2.3009590055978237,3.992230468629799
1.3328182436562341,-2.059810012923271,3.940360580744354
1.333669454154418,-1.8186401647560246,3.8758183774650945
1.3339929886177804,-1.576537168366468,3.8512866932968137
1.3344397302418385,-1.3344397302418385,3.817412946703257
1.2579080314573492,0.34306582676109526,9.620354135508308
1.2578017705961255,0.5717280775436935,9.628411261354799
1.2565697706140513,0.7996353085725781,9.721826454720855
1.257625655777048,1.0289664456357666,9.641764995216931
1.2575530853491286,1.2575530853491286,9.647267576917727
1.5782181305625786,-3.5206404451011366,3.743438196816399
1.5775931832582484,-3.276539688305593,3.783534058167376
1.5770397701530359,-3.0327687887558383,3.8190403720320347
1.5752469386222159,-2.7869753529469974,3.9340662693954584
1.5747127860719157,-2.5437668082700173,3.9683368494087006
1.5757198502595182,-2.3029751657639115,3.903724832110811
1.5756987540697343,-2.0605291399373447,3.905078338070041
1.576004535218038,-1.8184667714054283,3.8854597903281984
1.5762815138618254,-1.5762815138618254,3.867689176355583
1.4864248935737874,0.3430211292862586,9.632780990614236
1.4863242287372918,0.5716631648989584,9.639239524476338
1.4857448986283273,0.8000164838767916,9.676408641879576
1.4858200816811205,1.0286446719330833,9.671584988365368
1.4860726950481018,1.257446126579163,9.655377621011809
1.4860094938543502,1.4860094938543502,9.659432532976908
1.8214577039516766,-3.5214848943065746,3.719151131865175
1.8189648063805055,-3.2741366514849104,3.8577669128419956
1.8187648810009345,-3.031274801668224,3.868883620141503
1.8193687347051202,-2.789698726547851,3.8353067681402706
1.8187277486523665,-2.546218848113313,3.8709483377439255
1.818260791401148,-2.3031303357747874,3.8969131606909286
1.8180788805911055,-2.060489398003253,3.9070281807758818
1.8182752347412234,-1.8182752347412234,3.8961100491280405
1.8186129409222058,-1.576131215465912,3.8773321392135216
1.7148370942927982,0.5716123647642661,9.647713639609108
1.7147425309107165,0.8002131810916676,9.652971768627594
1.7131018862901388,1.0278611317740833,9.74419863571461
1.7145943162923738,1.2573691652810741,9.661213136147595
1.714547319748109,1.4859410104483612,9.663826345274927
2.0648583333191772,-3.522405392132714,3.6926768450200456
2.0638954282166484,-3.2779515624617357,3.7399194750907867
2.0630678038751533,-3.033923240992872,3.7805248789879187
2.062343851395019,-2.790229916593261,3.816043871584313
2.0616183480011117,-2.54670501811902,3.8516389560463438
2.060982679323847,-2.303451229832535,3.882826515535541
2.060569266554061,-2.060569266554061,3.903109621833565
1.9433167417954478,0.5715637475868964,9.65582360941444
1.9432375084129714,0.8001566211112234,9.6597110053455
1.9431706006518281,1.0287373768156738,9.66299367421938
1.9412270362482393,1.2560880822782725,9.758350001542027
1.9431922835827995,1.4859705697986114,9.66192985320103
2.305407432420477,-2.79075636556163,3.796952903846332
2.304603030632273,-2.547192823330407,3.8322646283211412
2.171762314287895,0.8001229578955402,9.663722045968129
2.1717903235737386,1.0287427848507182,9.662492491038066
2.1718278494661356,1.257374018111973,9.660845174992232
2.170447273583317,1.4850428713991117,9.72144985775843
2.400560261450968,1.2574363274266975,9.65612063216092
2.3986399848877857,1.484872371597201,9.732388918332688
0.0,0.0,105.0
