-2.4389937251938414,-1.4633962351163048,9.793834568915834
-2.4406412086495837,-1.3559117825831022,9.76329885704584
-2.4437709593613484,-1.2490384903402445,9.70528967605754
-2.3321177620776985,-1.4643530133976246,9.764278474518221
-2.3301862222089778,-1.3547594315168476,9.801744249633707
-2.334898491598004,-1.2488991931803277,9.710341101258749
-2.334743573077896,-1.1402236054566468,9.71334603143368
-2.3345886751138463,-1.0315624378410018,9.716350562885978
-2.226344037601585,-1.4661290003717755,9.709415984762991
-2.2216665139497667,-1.3546747036279063,9.80457098972088
-2.2223393277842023,-1.2466781594886986,9.79088391756111
-2.2259009393908284,-1.1400956031026193,9.718429945050502
-2.225764728890305,-1.0314519475345314,9.721200879377598
-2.2256434751362466,-0.9228277823735657,9.723667548159504
-2.225522234592633,-0.8142154516802317,9.726133948200932
-2.11764462990217,-1.5746588273631519,9.711496002470852
-2.1175041296094848,-1.465964397421951,9.714500778615573
-2.1163957206197788,-1.3566639234742173,9.738205504258566
-2.1128177132022627,-1.2460207026577446,9.814725710219115
-2.1171110053044218,-1.1399828490100732,9.722908238210053
-2.1169956750655627,-1.031356867339633,9.725374720975793
-2.116880357391316,-0.9227427198885223,9.727840935031423
-2.11676505229847,-0.8141404047301807,9.730306880017928
-2.1167222858923584,-0.7055740952974529,9.731221493606434
-2.0088219231062165,-1.5744820478400074,9.716580329311363
-2.0086886578829097,-1.4657998314280691,9.719584430852223
-2.0085748951085574,-1.3571451993976738,9.722148902792043
-2.0048847666675864,-1.2462797198203914,9.805332799238585
-2.00455710808746,-1.1377216018874772,9.812718969621294
-2.008246672338414,-1.0312618047143207,9.729547791302224
-2.0081721604030407,-0.922673695320316,9.731227459968302
-2.00817302018247,-0.8141241973712717,9.73120807858249
-2.008173879962636,-0.7055746064733586,9.73118869718008
-2.0081747397435374,-0.597024922626457,9.731169315761079
-2.3027113883209074,2.6761240458864597,3.0916426795207883
-2.3044368187014332,2.8026934281503912,3.052747550422886
-2.3062103345995086,2.9295104250318085,3.012768464282175
-1.900035144396039,-1.5743148339281465,9.721389541176286
-1.8999316359921699,-1.4656615477653883,9.723856188549533
-1.8998281388653624,-1.3570200991895445,9.726322567185818
-1.8997246530137726,-1.2483904862661932,9.728788677129074
-1.895678882498349,-1.1374073294990092,9.82520103440254
-1.8974944998696543,-1.0300684427863838,9.781934133819114
-1.8996236901372288,-0.9226743637809396,9.731194663550596
-1.8996245034432728,-0.8141247871899739,9.731175282136697
-1.8996253167498824,-0.7055751176499563,9.731155900709325
-1.8997381380815486,-0.5970605576827723,9.72846732247801
-1.8999701723824793,-0.4885637586126375,9.722937850691174
-2.1729508672349844,2.1729508672349844,3.217696838986356
-2.1738704080721964,2.2980915742477506,3.1957838067501356
-2.174921837449193,2.423484333157672,3.1707278169562585
-2.1761319384079734,2.54918312784934,3.141890618818067
-2.1775298266732674,2.6752509299128713,3.1085783727704666
-2.1790215749032438,2.801599167732742,3.0730294055805984
-2.18069791481344,2.9283657713209053,3.033081543555923
-2.182379596729748,3.0553314354216465,2.9930063793524013
-2.1840008849901285,3.182401289557044,2.9543704205388153
-2.1856146574712207,3.3096450527421335,2.915913565803237
-1.7912965697882604,-1.5741697128442287,9.725563344844055
-1.791198994141463,-1.465526449752106,9.7280295374972
-1.7911014291243832,-1.3568950220639266,9.730495461487699
-1.7910727620948117,-1.2483234402478989,9.731220011311727
-1.7882874283950414,-1.1380010907968443,9.801618412269221
-1.7873564230816186,-1.0290840011682045,9.825149267962843
-1.7910750625880363,-0.9226750322423216,9.731161867095679
-1.7911143359698556,-0.8141428799862979,9.730169245177343
-1.7913330947180592,-0.7056766736768111,9.724640189154265
-1.7915519069092334,-0.5971839689697443,9.71910978237753
-1.7917707725629648,-0.48866475615353583,9.713578024352095
-2.0472494238593453,1.923173701201203,3.256438425056217
-2.0477899712575054,2.0477899712575054,3.242776265841563
-2.0484479146980945,2.1725962731646455,3.226146959937658
-2.049146103078864,2.2975274489066053,3.2085004762946667
-2.050136964015984,2.422889139291618,3.1834567892311583
-2.0511287836890872,2.5483721251894718,3.1583888704283325
-2.052429922206764,2.6743783834815402,3.125503018698545
-2.0537487643973984,2.8005664969055433,3.0921697124079515
-2.055283540176468,2.927222011766485,3.053378755086136
-2.0568652862464614,3.0541333038205027,3.013400638978375
-2.058428895448023,3.181208292965126,2.973880926305725
-2.0599493113699734,3.308403439472987,2.935452909689829
-2.0614719745666594,3.4357866242777653,2.896968093937822
-2.063065625932728,3.5634769902474384,2.8566890753540974
-1.6825780404788846,-1.5740246185125053,9.729736379096359
-1.6825226759712502,-1.4654229758459278,9.731225977673994
-1.6825233963268384,-1.3568737067151924,9.73120659629221
-1.6825241166830136,-1.2483243446357843,9.73118721489464
-1.682524837039806,-1.1397748896076105,9.731167833480455
-1.679033012788871,-1.0290847497738242,9.825116405585142
-1.6803110237355368,-0.9214608839840042,9.790731140192342
-1.6829097212647657,-0.8143111554506932,9.720812408704738
-1.6831153068709797,-0.705822548042669,9.715281066700946
-1.6833209427123368,-0.5973074312850227,9.709748373105647
-1.6835291411539197,-0.48876652485113803,9.70414673198757
-1.6837386451068685,-0.38019904889509937,9.698509965697127
-1.9224908366796076,1.7984591697970524,3.2748110985169845
-1.9229436404077673,1.9229436404077673,3.262628279266302
-1.9233966574768493,2.04748676441084,3.2504397200145334
-1.9239855896841138,2.172241794804645,3.2345943234645347
-1.9246038532237517,2.297107824815446,3.217959758675711
-1.925413368433123,2.422294237706187,3.1961795107159006
-1.9263446202225025,2.5477461106168584,3.1711239037910275
-1.927411595048756,2.6735064060353717,3.142416628110894
-1.928649699529926,2.7996527896402155,3.1091050580651896
-1.929967095850178,2.926079145321238,3.0736601174584237
-1.9314518179745572,3.0529399703468814,3.0337132262251885
-1.9329421897205394,3.180001666959597,2.9936143302390334
-1.9343782166140178,3.3071627574368696,2.954977598705341
-1.9358075244491249,3.4344972207968345,2.9165216454395377
-1.9359949601956514,3.5597326687468436,2.9114786308196443
-1.9355146009723667,3.6837213373345046,2.9244028388787555
-1.5739739662231986,-1.4654240375181504,9.731193181272737
-1.5739746401051813,-1.356874689745846,9.731173799863669
-1.5739753139877413,-1.24832524902476,9.73115441843801
-1.5740834449328391,-1.1398535290892973,9.728044482079582
-1.5723463986621642,-1.0301579853303833,9.77800338467253
-1.5711986143524874,-0.9210474635859408,9.811014620753518
-1.5746603676165005,-0.8144795004912934,9.711451703497183
-1.5748540347781959,-0.7059690500729844,9.70588167405701
-1.5750500073328297,-0.5974327614021078,9.700245339589053
-1.575246028666615,-0.48886945717239777,9.69460760219193
-1.5754420987977666,-0.38027912729601265,9.688968461341773
-1.7977996369477525,1.6738134550892867,3.293779814509925
-1.7982367540068955,1.7982367540068955,3.281207962540229
-1.7986675937049,1.9227136346500653,3.2688166527235865
-1.7990912824866105,2.047241804208902,3.2566310092363935
-1.7995638723100642,2.1718874320983534,3.2430389309164696
-1.8001420591610617,2.296732972033079,3.226409793824878
-1.8007510055743086,2.421699628186139,3.208895986013701
-1.801621748853052,2.5471204035508666,3.183852681537246
-1.8024933346538443,2.672662530693631,3.1587851454224705
-1.8036322370537905,2.7987396781869163,3.126029360488957
-1.804791195849742,2.9250064208599267,3.0926967368429104
-1.8061363164395023,3.0517475691564004,3.054009944410211
-1.805524040640589,3.175231933540346,3.0716195081359032
-1.8055798653793649,3.2998528574174597,3.070013941989586
-1.8067079306879463,3.426515040959898,3.037569840861522
-1.8081387738397794,3.5539279347885318,2.9964175958954584
-1.810589267578759,3.683612647832647,2.9259393478043876
-1.4654250991918853,-1.4654250991918853,9.731160384824754
-1.4654708709695157,-1.356917473119922,9.7297464365707
-1.4656498587434215,-1.2485165463369885,9.724217277260898
-1.465828890244619,-1.140089136856926,9.718686767159596
-1.4660079654891351,-1.0316352349738358,9.713154905771724
-1.4634941349029897,-0.9214592701241047,9.790810320358716
-1.463577056087333,-0.8130983644929627,9.788248779822254
-1.4665521849964267,-0.7061177187019833,9.696343275068372
-1.4667347190619457,-0.5975585892474593,9.690704566313592
-1.466917298571825,-0.488972432857275,9.685064453724898
-1.46711754889786,-0.38036380897351924,9.678878467216848
-1.6733333018302552,1.549382686879866,3.3086123575623105
-1.6736068300955476,1.6736068300955476,3.3001627225870607
-1.6740137006669868,1.798014715531208,3.2875939746839578
-1.6744212730814672,1.922483683908351,3.275003545959315
-1.6748156475871605,2.0469969026065296,3.2628208173733313
-1.675210207865342,2.1715687879735914,3.2506323500396093
-1.6757208789843934,2.296358241571206,3.2348570715916125
-1.6762593610952876,2.421263521582082,3.2182226763385486
-1.6769601244188914,2.5464950037472054,3.196575208636574
-1.6777712023045874,2.672005988855454,3.171519984222016
-1.6786962972990482,2.7978271621650803,3.142942626732953
-1.677377422018463,2.9198792161062133,3.183684356611991
-1.677594851739123,3.0445239901932233,3.176967676818826
-1.678955560794743,3.1713605037234034,3.1349336485796826
-1.6814870035080254,3.3006967105898273,3.056734173051545
-1.6847613724989319,3.431921314349676,2.9555847627050227
-1.68600622391801,3.5593464727157986,2.9171297237773786
-1.687300218439863,3.6870634402945157,2.8771565920867914
-1.3571979374666456,-1.3571979374666456,9.720389425298315
-1.3573637354081731,-1.248774636575519,9.71485797994373
-1.357529573863048,-1.14032484204496,9.70932518295978
-1.3576977112246744,-1.0318502605307525,9.703715688539447
-1.3578666692412633,-0.9233493350840589,9.698078814960859
-1.3552114517103073,-0.8131268710261843,9.786663694493775
-1.3563987498738532,-0.7053273499344037,9.747052376942136
-1.3583737957144857,-0.5976844701143736,9.681159772729998
-1.3586095152888946,-0.489099425504002,9.673295562035726
-1.3588513536322548,-0.38047837901703135,9.665227213486787
-1.5490689466932532,1.4251434309577928,3.319079536357151
-1.5492771703157984,1.5492771703157984,3.312132661269132
-1.5494849345474944,1.6734437293112938,3.305201112640269
-1.5498213205874543,1.7977927318814468,3.2939784099882345
-1.550198142779667,1.9222456970467867,3.2814066533945336
-1.550569742113583,2.0467520595899296,3.269009144773989
-1.5509349883389145,2.1713089836744803,3.2568235921804103
-1.5513402928175435,2.2959836333699646,3.2433015933253557
-1.5518387246982037,2.4208684105291978,3.22667262504352
-1.5523597018168307,2.5458699109796026,3.209291489692106
-1.5506924151574326,2.667190954070784,3.2649164568172893
-1.5509361676491273,2.791685101768429,3.2567842473614164
-1.5522499359307478,2.9182298795498056,3.212953561700189
-1.5558386826237598,3.049443817942569,3.0932237505761435
-1.5569951472698285,3.17627010043045,3.0546411183956437
-1.5581933816983906,3.303369969200588,3.0146649389418414
-1.5593794588284509,3.4306348094225916,2.9750943582047924
-1.5605312349191354,3.558011215615628,2.9366681482793666
-1.5616847131758471,3.6855759230949987,2.8981851497214777
-1.2488802363548033,-1.3574785177769604,9.711028545182558
-1.2490340509769924,-1.2490340509769924,9.705450663628454
-1.2491894804472026,-1.1405643082344024,9.699814221770637
-1.2493449486098656,-1.0320675662429324,9.69417637678277
-1.2495004554749967,-0.923543814916302,9.688537128301661
-1.2480248749281069,-0.8139292662574611,9.742047083317388
-1.2472464766705136,-0.7049653998572469,9.77027465505919
-1.2500747451528404,-0.597861834638315,9.667711281219177
-1.2502972912591424,-0.48924676614488183,9.659640944318731
-1.2505199166176466,-0.38059301810102286,9.651567733443173
-1.2507453684938687,-0.2719011670638845,9.643392022682896
-1.4250527912537112,1.4250527912537112,3.3223664639994723
-1.4252379346727908,1.5491716681225989,3.3156524855268756
-1.4254290517306436,1.6733297563794514,3.3087218810336125
-1.425659602408899,1.7975708030373077,3.3003612690370048
-1.4260061931962318,1.9220083473514429,3.2877926176827046
-1.4263535553992688,2.0465072751380817,3.2751959919696247
-1.4266895015521421,2.1710492414923905,3.2630133540473167
-1.4268144289260558,2.295310168272351,3.2584830299166327
-1.4249709590433612,2.41625510446483,3.3253339996612183
-1.425278546734133,2.540713931134759,3.314179743438963
-1.4264340286130637,2.666811444798337,3.272277738500364
-1.4292015835965342,2.7962639679062624,3.171916058495029
-1.4299860450053155,2.92214539631521,3.143468614684558
-1.430904601099304,3.0484489327767785,3.1101584064601795
-1.4318762875957245,3.1750300290166065,3.0749214952509334
-1.4329778022486062,3.30207928344244,3.0349765395864665
-1.4340848706277136,3.429333386283663,2.9948301854682597
-1.4351503522643076,3.5566769599593715,2.956191918947056
-1.1406625559753736,-1.2492970851158853,9.695912082376871
-1.1408045296248357,-1.1408045296248357,9.690273266003416
-1.1409465386204676,-1.0322849635137565,9.68463304577395
-1.1411069569103556,-0.9237532508321926,9.678261657258915
-1.141310056603387,-0.8152214690024193,9.670195076743113
-1.139289065317362,-0.7052741832917003,9.750463484278008
-1.1396877594610575,-0.5969793025748397,9.734628411544527
-1.1419197897049342,-0.48939419558782893,9.645978096976329
-1.1421404840137899,-0.3807134946712633,9.63721270503904
-1.300889519792145,1.300889519792145,3.3321225308545337
-1.3010524097649339,1.42496216307588,3.3256529736577463
-1.3012153405051747,1.5490658815537797,3.3191817972860065
-1.3013900658680042,1.6732157989731484,3.3122421698233566
-1.3015645870881758,1.7973987155027191,3.3053106503650156
-1.3018449091114428,1.9217710563073678,3.2941770039410088
-1.3021614374216077,2.0462536873768125,3.281605339940107
-1.3003618711133618,2.1672697851889366,3.353079335308223
-1.300385779215092,2.291155896712305,3.3521297689907783
-1.3015421044892288,2.4171496226228535,3.30620359949706
-1.3035379112553471,2.5450025886413923,3.2269354542203033
-1.3039721917195188,2.6700382973304433,3.2096869873300022
-1.3046027106995288,2.795577237213276,3.1846444476635085
-1.3052338397596142,2.921237641366756,3.1595776772363635
-1.3060520128133677,3.047454696564525,3.127082016039367
-1.306891224565473,3.173878688230434,3.0937507536079707
-1.3078600325178629,3.3007896058784163,3.0552722742185594
-1.308866524987617,3.4279837559199495,3.015297065863294
-1.3098634701066272,3.5553437045751313,2.975701052928457
-1.0323739139184434,-1.1410448522256478,9.680728290428696
-1.0325572860267471,-1.0325572860267471,9.6726786000131
-1.0327410881747745,-0.9240314999458509,9.66461003166306
-1.0329249557704911,-0.8154670703451247,9.65653859028263
-1.0331088888488602,-0.7068639765807991,9.648464274337016
-1.031143019861802,-0.5969775378147275,9.73476222275356
-1.0323661819633898,-0.4890155598773952,9.681067708702628
-1.03370949707215,-0.3808403410265816,9.622098703786172
-1.1767874021908018,1.1767874021908018,3.341247967159859
-1.1769232100232383,1.300809863709895,3.3352862589304095
-1.1770677992202896,1.4248715464245612,3.3289390653224586
-1.1772151940126516,1.5489673605429628,3.3224687113609974
-1.1773679735058666,1.6731018570872844,3.315761979167057
-1.1775258521479641,1.7972763006468926,3.3088314039346827
-1.1760814883809947,1.918869796832149,3.3722362547549594
-1.175835540712433,2.042240675974226,3.3830328944875347
-1.1766269576784731,2.1674707115129768,3.3482911792659635
-1.1785652022772681,2.2951006570662593,3.2632058895001634
-1.178842851623465,2.4197300638586916,3.2510176057876023
-1.1791990182820682,2.5445873552402527,3.2353825598439627
-1.179577942413932,2.6695711328315306,3.2187485036577996
-1.1800650229170475,2.7948908437509017,3.197366586343236
-1.1806357640073681,2.9205200478077,3.1723121267144734
-1.1812808380140312,3.0464611085625015,3.143994591966049
-1.1820396296875642,3.172843216529777,3.110685065678936
-1.1828399579534514,3.299500935343838,3.0755521611667263
-1.183749882809179,3.426644397605518,3.0356081726408135
-0.9241453630796116,-1.0328683469713305,9.659023610017947
-0.9243099167417025,-0.9243099167417025,9.650950179142434
-0.924477882633769,-0.8157157787945021,9.642709335384772
-0.9246598624067337,-0.7070928359580906,9.63378093416231
-0.9233912267379296,-0.5974884408304251,9.696023501408497
-0.9230919031293144,-0.4886957134214018,9.710709096568507
-0.92520623185118,-0.3809672719387212,9.60697462741605
-1.0528533386843615,1.1767184373531099,3.3442753937304417
-1.0529748367134388,1.3007336218224832,3.3383143842530245
-1.0530989566112368,1.4247809412975556,3.332224739073361
-1.053230819400812,1.5488688520600178,3.3257552074739962
-1.052131294663455,1.6710320562301932,3.379700752350807
-1.051580939949927,1.7938733681498755,3.406702586768972
-1.051931292944383,1.918227651839757,3.389513357147294
-1.0538704024977703,2.0457484283780247,3.294375596368255
-1.0541266378140208,2.1702607249112194,3.2818040249591007
-1.0543795779314882,2.2948261402038277,3.2693941245772464
-1.0546279416191446,2.4194405719498024,3.25720875575103
-1.05490069204383,2.5441722572821783,3.2438269101452732
-1.0552396188155206,2.6691355064157287,3.2271982807465918
-1.0555884751954627,2.794204787282107,3.2100824789275606
-1.0560988875339894,2.9198028067116177,3.1850403213678646
-1.0566097937263002,3.0455223466228647,3.159973934056403
-1.0572694734166634,3.1718084202499903,3.1276083317814027
-1.0579488215209107,3.2983110318004862,3.0942777459387116
-1.0587309718793827,3.42530608549212,3.0559034139843533
-0.8159875265531136,-0.8159875265531136,9.627598996225935
-0.8161482039591791,-0.7073284434312885,9.618664644335716
-0.8163089446561963,-0.5986265594145439,9.609726773197544
-0.8147636016514992,-0.4888581609908995,9.695654462305335
-0.815442045367069,-0.38053962117129886,9.657930086233861
-0.9288927737385102,1.0527451435703115,3.3495837275788034
-0.9289350623398587,1.176651078963821,3.347232300239746
-0.9290409920507083,1.3006573888709916,3.3413421546646163
-0.928340956443849,1.4234561332139017,3.3802671323606788
-0.9275671627209809,1.545945271201635,3.4232933771814515
-0.9276727710821958,1.6698109879479526,3.4174211000222243
-0.9293780373374748,1.7967975388524513,3.3226009932988276
-0.9296237030738361,1.9212223196859277,3.3089409262753122
-0.9297708602447318,2.04549589253841,3.300758357361957
-0.9299968943420858,2.169992753464867,3.288189893541201
-0.9302230384694955,2.294550161558089,3.275615311578129
-0.9304427497312121,2.4191511493011517,3.2633984244968275
-0.9306619449518312,2.543809316201672,3.251210231510534
-0.9309418681917419,2.6687000221496597,3.235645300579357
-0.9312410157842731,2.7937230473528194,3.2190114133127494
-0.931623165261349,2.9190859178188933,3.1977622658037035
-0.9320737434499915,3.0447742286033055,3.1727081888804918
-0.9325806760971886,3.1707742987304415,3.144520562719471
-0.7069969693855507,-0.48945944034384276,9.639931617226502
-0.7065155884807733,-0.38043147072041644,9.670816432444077
-0.8050217905750499,1.0527208030596806,3.3507779363709815
-0.805058439000968,1.17662387238603,3.348426617797145
-0.8037274099871997,1.2983288930562455,3.4338238255623423
-0.8037447337199469,1.4220099135045212,3.432712355872816
-0.8044503038069057,1.5470198150132803,3.387443834536569
-0.8054102096121137,1.6727750507328516,3.3258574418776305
-0.8055110706818356,1.796909311521018,3.3193863179296486
-0.8056190080790823,1.921091480803965,3.3124611853871144
-0.8057270441132097,2.045307111979686,3.305529724421895
-0.8058978007546229,2.169724848185523,3.2945741853365575
-0.806093743934942,2.294266809660989,3.282002708451536
-0.8062872652959621,2.4188617958878864,3.2695866125564876
-0.8064771890402987,2.543504980819404,3.2574013353860494
-0.806684670685924,2.6682646799611334,3.2440895645563756
-0.8069438473408704,2.793267163872244,3.2274611046044086
-0.8072085521577554,2.918369380878039,3.2104779644848875
-0.8075988615199463,3.0440264780367206,3.1854361890232497
-0.5981482409024064,-0.3806397896651677,9.645994806437827
-0.5983101565047364,-0.27195916204760745,9.633717714294384
-0.6811733759686067,0.9288727854117366,3.3506951641489238
-0.6801876429679772,1.051199084586874,3.4254374045717455
-0.6799472580957693,1.1744543548926925,3.4436643523366044
-0.6803500481315583,1.2988500918875203,3.4131231919253935
-0.6812954853218464,1.4245269238547695,3.341436341900021
-0.681374110332525,1.5485775234830117,3.335474677384738
-0.6814576085479265,1.6726686755267288,3.3291435068888475
-0.6815429416752657,1.7967950280529734,3.3226732059903767
-0.6816312018438155,1.920960659741662,3.3159809650556653
-0.6817226044989257,2.0451678134967777,3.3090504481518295
-0.6818293457233313,2.1694570091196907,3.300956899237015
-0.6819951028407238,2.29398352773698,3.2883885279721454
-0.682160940593303,2.4185706075580744,3.275814042623132
-0.6823221439202937,2.5432007182483676,3.263590958060476
-0.682482885885557,2.6678876448253592,3.2514028557994408
-0.6826872382368502,2.792811429150751,3.2359080386820622
-0.48960675791306485,-0.27200375439614716,9.626279137647792
-0.49014847704164,-0.16338282568054668,9.57607596514557
-0.5567116781835354,0.8041390907095513,3.4074108895437263
-0.5563222566506912,0.9272037610844855,3.443500064465198
-0.5564258634579134,1.0510266309760588,3.4338984274894813
-0.5573223772127545,1.1765694630047039,3.350815087229222
-0.5573477491659511,1.300478081387219,3.348463771804205
-0.5573909115838332,1.4244434407142406,3.3444637463366647
-0.5574552335978575,1.5484867599940488,3.3385027805973806
-0.5575207712796865,1.6725623138390597,3.332429154297884
-0.5575905804168204,1.796680759120866,3.325959675985409
-0.5576604070349297,1.9208302908980912,3.3194885776444565
-0.5577350547236755,2.04502853398681,3.312570692346867
-0.5578098485842045,2.1692605222719066,3.3056392607540275
-0.557927103833549,2.2937003157601463,3.2947727707241867
-0.558062755762408,2.4182719416371015,3.282201390417427
-0.5581967989307788,2.5428965284624367,3.2697791000653
-0.38121707759563994,-0.2722979125683142,9.577209775267406
-0.3810580956421092,-0.1633106124180468,9.596152798413932
-0.43378069205999903,0.5577180326485701,3.314148192803799
-0.4328120716544766,0.6801332554570346,3.429561284381265
-0.4327493743715193,0.8036774095471072,3.4370317931774466
-0.43344263002681255,0.9288056357717412,3.3544289717059996
-0.43346293796878727,1.176542260200994,3.352009239111567
-0.43348267079764663,1.3004480123929398,3.349658032414659
-0.43350240542320984,1.4243650463905466,3.3473066116368315
-0.433550882000297,1.5483960071439178,3.341530528871253
-0.43360091591554095,1.6724606756742293,3.3355688860965387
-0.43365398389839516,1.7965665047219228,3.329245727994497
-0.43370828658274146,1.9207081262949977,3.322775452698174
-0.4337643913370108,2.044889273445908,3.3160904571049556
-0.4338225564165559,2.16911278208278,3.3091599695642415
-0.27231350817763095,-0.1633881049065786,9.574608227265301
-0.272595993368434,-0.0545191986736868,9.527486068147681
-0.30945477902501123,0.4332366906350158,3.378967069137502
-0.3092628291780323,0.556673092520458,3.4109867697321974
-0.3093705285507096,0.6806151628115612,3.3930211306778304
-0.16357719535404389,-0.16357719535404389,9.522037033900247
-0.16351170413682845,-0.054503901378942815,9.540244994641242
-0.18598284124907805,0.18598284124907805,3.2927877058354156
-0.18575765739237046,0.3095960956539507,3.3553936398334017
-0.18571349826225966,0.4333314959452725,3.367670823578038
-0.05248742495350146,-0.05248742495350146,11.22211586911888
-0.05248744442118431,0.05248744442118431,11.222099631820804
-0.061980909922611495,0.1859427297678345,3.3039395565231686
0.06194692158287096,-0.3097346079143548,3.332288015230752
0.061952099496108616,-0.18585629848832586,3.3279693029685617
0.05248746680557337,-0.05248746680557337,11.22208096180239
0.05248748627328727,0.05248748627328727,11.222064724478422
0.18453510957740663,-2.891050050046037,3.6952881106541895
0.18453112952860792,-2.7679669429291187,3.696394649444507
0.1845365678762265,-2.645024139559246,3.6948826723559023
0.18454808040889537,-2.52215709892157,3.691681941757551
0.18456007611967076,-2.3992809895557197,3.6883468772993666
0.18457257692678644,-2.276395115430366,3.6848713852430137
0.18459084343225232,-2.1535598400429437,3.6797929055851455
0.1846190128189613,-2.0308091410085742,3.671961212892562
0.18465649405108178,-1.9081171051945114,3.661540627782202
0.18472188694199637,-1.785644907105965,3.643360003858291
0.18478760970693658,-1.6630884873624292,3.6250876678917123
0.184855005220009,-1.5404583768334081,3.606350272126029
0.18540829305416232,-0.5562248791624869,3.452524406749397
0.18546932581191786,-0.4327617602278083,3.435555993206677
0.18564811143642462,-0.3094135190607077,3.385849761279964
0.18597987827731008,-0.18597987827731008,3.293611475432641
0.163254891770158,0.05441829725671933,9.611644331666163
0.16319613118925155,0.16319613118925155,9.627981031391009
0.3076040590492322,-3.1375614023021683,3.687690938636301
0.30757811378711475,-3.014265515113725,3.6920189416950464
0.3075604704029647,-2.8910684217878684,3.694962084848598
0.3075538369039943,-2.7679845321359484,3.6960686377022327
0.3075552937337314,-2.6449755261100902,3.6958256197851327
0.3075744805828599,-2.5221107407794516,3.6926250068431585
0.3075939889341489,-2.399233113686362,3.689370763210249
0.30761482278117414,-2.2763496885806886,3.6858954098589294
0.3076375759966859,-2.1534630319768016,3.6820998811845413
0.3076845207533518,-2.0307178369721224,3.674268892639411
0.3077314798344536,-1.907935174973612,3.6664355145943333
0.3078376926363517,-1.78545861729084,3.6487178546449996
0.30794673525507976,-1.6629123703774307,3.630528144891727
0.30805857257069696,-1.5402928628534849,3.6118722437918507
0.3081709562320701,-1.4175863986675226,3.593125205200579
0.3083195334778206,-1.2949420406068464,3.568340611730001
0.30847908445961875,-1.1722205209465513,3.541725458099144
0.3086456902661174,-1.049395346904799,3.513933469069812
0.3085156007864906,-0.8021405620448756,3.5356340656252385
0.30857976727012143,-0.6788754879942671,3.524930271762372
0.3088764482368987,-0.5559776068264176,3.475440074828846
0.27205423931641487,0.05441084786328298,9.61785760433083
0.2715309283857736,0.16291855703146416,9.705152590916029
0.4308673415598026,-3.508491209844107,3.6612798309144807
0.43079232903050335,-3.384796870953955,3.670217726362594
0.43071999592432797,-3.2611656834270546,3.6788363630953214
0.43065638570222553,-3.137639381544786,3.6864156504476355
0.43062006052979246,-3.014340423708547,3.6907438686316496
0.4305873948157951,-2.8910867937631957,3.6946360548993766
0.43057810779920574,-2.7680021215663224,3.6957426218166134
0.43056949770081354,-2.6449269144478547,3.6967685325537474
0.43059635830220044,-2.52206438434146,3.693568037261663
0.4306232222666409,-2.3991865240569994,3.69036714125491
0.43065215796778683,-2.276304263544016,3.6869193936055993
0.43068132814647386,-2.1534066407323693,3.683443707480315
0.43073896327323646,-2.0306265411452578,3.6765763648916163
0.43080470007805494,-1.9078493860599575,3.6687436908830193
0.43092781256519763,-1.785272366341533,3.6540745876182967
0.4310804403728077,-1.6627388414379725,3.635888673883116
0.43123566764233673,-1.540127384436917,3.6173930289727494
0.4313929709574838,-1.4174340474317322,3.5986500190041397
0.43158157958476,-1.2947447387542799,3.5761769174175626
0.4315675824585906,-1.1713977238161746,3.5778447034720386
0.43132869798206674,-1.047512552242162,3.606308274761986
0.43142240554919065,-0.9244765833196942,3.595142827529706
0.4318049205283109,-0.8019234238382916,3.549565389698273
0.3797563216310099,0.16275270927043284,9.751261819759748
0.3795844320833473,0.2711317372023909,9.771742809002276
0.5540968118172259,-3.6324124330240366,3.6497405034220307
0.5540006282522512,-3.5086706455975905,3.658654200298507
0.5539032578324661,-3.3849643534206257,3.667677887525393
0.5538102489216709,-3.2613270214276175,3.6762973771217418
0.5537172712630174,-3.137731203823765,3.684913970463228
0.5536681229436653,-3.014415336026622,3.68946873219209
0.5536214246982886,-2.891134106757729,3.6937964362448668
0.5536039422440492,-2.768019711220246,3.6954166017875707
0.5535920021576776,-2.6449395658644597,3.696523135015184
0.5536137138162807,-2.522018029607501,3.694511033014969
0.5536482519234475,-2.399142425001606,3.6913102552308175
0.5536845827805988,-2.2762588403202395,3.6879433364854535
0.5537220857955224,-2.1533636669825875,3.684467789420097
0.5537823418709653,-2.030535253526873,3.6788836296771663
0.5538668530241114,-1.907763604860828,3.6710516596101073
0.5539922547659635,-1.7850861542458822,3.659430203127968
0.5541884495703557,-1.6625653487110672,3.6412480842228234
0.5540077946743834,-1.5389105407621761,3.6579900606963562
0.553716165788548,-1.415052423681845,3.68501641898785
0.5537838731897342,-1.2921623707760463,3.6787417165412677
0.5540837904608661,-1.169732446528495,3.650947242052922
0.5545695197886593,-1.0475202040452454,3.6059328573906555
0.4883180520140824,0.16277268400469416,9.745708415918656
0.48721452217737454,0.27067473454298585,9.847976724034929
0.6772712795448182,-3.6326368630131163,3.646567808032799
0.6771465104695557,-3.5088500997058794,3.6560283011020687
0.6770289815677887,-3.3851449078389435,3.664939815099153
0.6769126816852475,-3.2614883753925565,3.6737581399157975
0.6767990310697353,-3.1378864167778637,3.682375586651773
0.6767223014847044,-3.014490252068229,3.6881935323716206
0.6766652230198558,-2.8912059529030203,3.692521451128485
0.6766313402683319,-2.768037301097722,3.6950905776150265
0.6766167466438189,-2.6449563732440193,3.6961971249166794
0.6766265473744462,-2.5219716765774813,3.6954539941049944
0.6766687590574542,-2.3990983275673377,3.6922533345369146
0.676712097513561,-2.2762134189092507,3.6889672385009504
0.6767579326979284,-2.153320694947954,3.6854918304871944
0.6768146580386203,-2.0304439741158613,3.681190687024049
0.6763038367217837,-1.905947176215936,3.719923213632896
0.6759237169608258,-1.781980708351268,3.7487454226335544
0.6759813368043405,-1.659226917610654,3.7443764543689753
0.6763244243020706,-1.5371009643228881,3.718362180498623
0.6767376166147263,-1.4149968347398822,3.6870322776206166
0.6777678721513,-1.2939204831979363,3.6089141594665577
0.6783437136996379,-1.1716845963902836,3.565251537413893
0.6786947682010229,-1.04889191449249,3.5386331732855894
0.5950522251277213,0.27047828414896424,9.880747173698111
0.5946241304106609,0.3783971738976933,9.91320703681098
0.8007572100429946,-3.7573992163555903,3.624388252870631
0.8004634018766356,-3.6328723623631918,3.643238628607101
0.8003049901444435,-3.50902957217179,3.6534021332839544
0.8001660781410572,-3.3853180229044724,3.662314559002361
0.8000272960229273,-3.2616497453242417,3.671218651440199
0.7998929683558773,-3.138041645088441,3.679836951697382
0.799782596608926,-3.014565171833644,3.686918269165531
0.7997151368946795,-2.891277802619226,3.691246402642477
0.7996603019018629,-2.768054891198756,3.6947645492988883
0.7996430546717307,-2.644973180837263,3.6958711106733872
0.7996348592260241,-2.5219253252513067,3.696396920533651
0.7996847439227168,-2.3990542317681505,3.6931963788747453
0.798628959002062,-2.2730208833135612,3.7609342593355706
0.7984244606262619,-2.1496043170707053,3.7740546271902105
0.7982823497658447,-2.0264090417132983,3.78317228769739
0.7986019368497498,-1.904358464795557,3.7626679678658874
0.7991012163397895,-1.782610405681069,3.73063480111837
0.8003274123918109,-1.6622184718906843,3.651963549077898
0.8006108874346414,-1.539636321989695,3.6337761340190013
0.8009001509506406,-1.416977190143441,3.615217337539619
0.8011923104072427,-1.2942337321963149,3.5964727410222395
0.8015567804792432,-1.1715060637773553,3.5730887830912934
0.7018499981255107,0.3779192297598904,9.970155053010792
0.7019193339031118,0.4859441542406158,9.96570655358358
0.7025758030985048,0.5944872180064271,9.923588285919585
0.7021292213985684,0.7021292213985684,9.952240426345611
0.9244574691034525,-3.8827213702345,3.5962056598108063
0.9240615891503802,-3.7578504625448796,3.618218280587037
0.9236850789943333,-3.633161310711044,3.6391538576960656
0.9234760692100366,-3.509209062998139,3.6507756968029454
0.9233157697311476,-3.3854911556808744,3.659689034323641
0.9231540937429367,-3.2618111312250426,3.6686789116576435
0.922999084936889,-3.1381968887854224,3.677298065110662
0.9228490087723914,-3.0146400953231454,3.685642942569089
0.9227711667729551,-2.8913496558885927,3.6899712911019193
0.9217757319814498,-2.7653271959443497,3.7453217285333196
0.9211814054484326,-2.6407200289521735,3.7783688290167703
0.920952121806361,-2.517269132937387,3.7911179814402374
0.921014794564842,-2.3946384658685895,3.7876331076679364
0.9212891484345795,-2.2725132328052964,3.772377857569623
0.9220646766292253,-2.1514842454681924,3.7292551686900097
0.9228774014891715,-2.0303302832761774,3.684064185922189
0.9229869229880948,-1.907506307508729,3.6779743215480707
0.9231277798648323,-1.7847137077386759,3.670142075971391
0.9233583820850577,-1.6620450877531041,3.657319604955653
0.9236854004174169,-1.5394756673623615,3.6391359851960985
0.9240162846642626,-1.4168249698185358,3.620737404035019
0.9243533192925892,-1.2940946470096248,3.6019968353241296
0.811372726104452,0.2704575753681507,9.88420166439851
0.8097939339066,0.37790383582308007,9.971989271894373
0.808421757356868,0.48505305441412083,10.048288164507852
0.8098207842379627,0.5938685751078393,9.970496278482067
0.8093065692646374,0.7013990266960192,9.999088833162915
0.8087997190672547,0.8087997190672547,10.027271874761155
0.8083056884046755,0.9160797801919656,10.054742095323704
0.8078122609008273,1.0232288638077145,10.08217877767774
1.0483084514789218,-4.008238196831172,3.567259387060517
1.0478526740790177,-3.883218733351654,3.5896210123564245
1.0473955883811408,-3.758301817132329,3.612046826155435
1.0469687743703295,-3.633597511049967,3.6329874322118414
1.0462453327412833,-3.5079990568384205,3.668481361124506
1.0453518344474801,-3.382020640859494,3.712318712543791
1.0446746608615902,-3.2569268838626044,3.7455426108571857
1.0443400730659116,-3.1330202191977348,3.7619583588015146
1.0440061180740634,-3.009194105037006,3.7783430597432
1.0438760608875708,-2.8860102859832844,3.784724003756658
1.0439991880435335,-2.7635272624681773,3.7786830650748158
1.0443896111498792,-2.641691369379106,3.7595278914905137
1.045677807802985,-2.52192883058367,3.696325611451492
1.0457031478451537,-2.3989660450565293,3.695082363041024
1.045768385077084,-2.2760841322265946,3.691881654677516
1.0458360118860832,-2.1531917891772303,3.688563707444686
1.045906849228298,-2.030289766149049,3.685088243097624
1.0460048216600135,-1.9074205571447305,3.680281460646775
1.0461644451070022,-1.7846334651825333,3.6724499189539372
1.0463636880113671,-1.6618717397827596,3.6626745435816304
1.046734231455991,-1.5393150462588105,3.644494717933668
1.0471059694484692,-1.4166727821949876,3.6262562846594477
1.0474878599584494,-1.2939555917133787,3.607519742456958
0.9185919293745423,0.2701740968748654,9.931489519131844
0.918008142628723,0.3780033528471212,9.960131616053445
0.9155673239277875,0.4847121126676522,10.0798845331947
0.9149228093227177,0.5920088766205821,10.111506096921516
0.9162824871681371,0.7006866078344578,10.044796763574105
0.9157230218950414,0.8079909016720954,10.07224558575281
0.9151642394035111,0.9151642394035111,10.099660908891131
0.9146041786343779,1.0222046702384224,10.127138947655084
0.9140542663048448,1.1291258583765729,10.154119077563251
1.1695626652667057,-4.001135433807151,3.6584003198869297
1.168976378522402,-3.87607957089007,3.6841372044658556
1.1684584934028905,-3.751366741977702,3.706871386460442
1.1680391003642647,-3.627068785341664,3.7252819514837725
1.1677760969744873,-3.503328290923462,3.736827305275817
1.1677217813149405,-3.3802472617011436,3.739211660498178
1.1676829274954963,-3.2572207977505947,3.740917270041983
1.1683310294780889,-3.136046447546449,3.712466812849442
1.1690515459088082,-3.0149224078700847,3.6808374976810185
1.1689015763729196,-2.8914933731330117,3.68742087803718
1.1688029832980462,-2.768217592021689,3.691748928454402
1.1687313603047071,-2.645023604900127,3.694893043054769
1.168706152941778,-2.521944856348047,3.6959995988426186
1.1687055673975981,-2.398921954131912,3.696025303130014
1.1687784769051144,-2.276042297131012,3.6928247129787195
1.1688522187518502,-2.1531488240165664,3.689587584702302
1.1689313867315467,-2.0302492506390024,3.6861122594018454
1.1690116604939067,-1.9073348144900582,3.6825883923237512
1.1691900471376269,-1.7845532298416409,3.6747575544198554
1.169368488197173,-1.661734167438088,3.6669243277636028
1.1697573885880976,-1.5391544586685497,3.649852332581766
1.170171732371124,-1.4165236760282027,3.6316634203756593
1.0255933777796045,0.2698929941525275,9.9783810647479
1.0249422668234098,0.3776103088296773,10.006963610218143
1.0243070819754436,0.48519809146205223,10.034847029512925
1.0213419248553317,0.5913032196530867,10.165011846132394
1.021407923891124,0.6988580531886638,10.162114612683048
1.0224326867522442,0.8071837000675613,10.117129451865964
1.0218125764772894,0.9142533579007327,10.14435112577857
1.021198439845889,1.021198439845889,10.171310567982601
1.0205850409960768,1.1280150453114535,10.198237622963546
1.0199723785991706,1.23470340567268,10.225132349048067
1.2947379473156149,-3.8842138419468446,3.576446655328013
1.2941524899150425,-3.7592048516579815,3.599699468711428
1.293624995704424,-3.6344702260267145,3.6206501380997835
1.2931070563281126,-3.5098620100334488,3.641221314840415
1.2928404339320936,-3.3860106602983406,3.6518108484468144
1.2926160237307263,-3.2623166313204046,3.660723825767839
1.2923905285207704,-3.138662712121871,3.669679896748981
1.2921735247441613,-3.015071557736376,3.6782987105449294
1.2919759570079605,-2.8915652371130545,3.686145576424444
1.2918669803082292,-2.768286386374777,3.6904738415715173
1.2917639227980187,-2.6450404133483243,3.6945670122280703
1.2917360616740992,-2.521960882316099,3.6956735820904
1.2917082017531138,-2.3988866603986403,3.6967801041753816
1.2917840468929451,-2.2760004635732844,3.693767736613175
1.2918646382274985,-2.1531077303791646,3.6905668627992014
1.291951014292871,-2.0302087367459403,3.687136234837311
1.2920385241399783,-1.9072949642066346,3.6836605760754395
1.2922045874488122,-1.7844730017150263,3.6770649823971127
1.2924017940436088,-1.6616594494846402,3.6692324600952233
1.2927548798481168,-1.5389939045810914,3.6552088294902845
1.132379504527939,0.2696141677447474,10.024892891850271
1.1316877882645726,0.3772292627548576,10.052366025114296
1.1309969165578062,0.48471296423905985,10.079805614832729
1.1288762716815757,0.5913161423093968,10.164031998360024
1.1269886359456995,0.6976596317759093,10.239003877542515
1.128938760596444,0.8063848289974601,10.161550104588507
1.1282604982782776,0.9133537367014628,10.188488882873514
1.1275830504620492,1.0201941885132826,10.215395311304285
1.126911058106479,1.126911058106479,10.242085063323614
1.1262625163857858,1.233525613184432,10.2678434183942
1.4182280398893041,-3.8847115875228764,3.5698569444566033
1.417611461555336,-3.7597521371685003,3.592216333094413
1.4169975430003527,-3.6349067407400355,3.614479268404665
1.4164201436450323,-3.510258616859428,3.6354178837817983
1.4160405249187986,-3.3861838639362576,3.649184249167078
1.4157947171696506,-3.2624834786952817,3.6580981384340205
1.4155489947630797,-3.1388260318659595,3.667008932866544
1.4153076860059253,-3.0152207223604495,3.67575967220602
1.4150700715777975,-2.891664928876369,3.684376441644325
1.4149370941196984,-2.7683551841472362,3.689198691311411
1.414817752846844,-2.645094059670187,3.6935264429583228
1.4147675340297579,-2.5219769084878294,3.6953475611947226
1.4147370203951652,-2.398901904148324,3.6964540973427233
1.4147850952899057,-2.2759586315533267,3.6947107255827945
1.4148733587449664,-2.1530681546119057,3.691509969433099
1.4149657322062004,-2.030168224469766,3.6881601694064585
1.4150615724992819,-1.9072569020642496,3.684684649359589
1.4152080675323957,-1.7843927808017164,3.6793722029137044
1.2389848531681897,0.2693445332974326,10.06987138185125
1.2382287732478328,0.37685223533629697,10.097289608942866
1.2374736155473216,0.48422880608373453,10.124674392965197
1.2367260077453286,0.5914776558782006,10.151785390015391
1.2333743981120606,0.6971246598024691,10.273327030750941
1.2328411237630137,0.8040268198454438,10.292665511790617
1.2344991374377894,0.9124558841931487,10.232539863387544
1.2337827789623712,1.0192118608819587,10.258517645403963
1.2330729926875785,1.1258492541930063,10.28425709535469
1.2323640226130124,1.2323640226130124,10.309966946895827
1.23165586733163,1.3387563775343805,10.335647251051903
1.5403997289493012,-3.6353433603203507,3.608306916238199
1.5397719702013846,-3.5106800920591565,3.6292505611228876
1.53927403870902,-3.386402885159844,3.64586283516541
1.5389860109138964,-3.26265034313746,3.6554721825110406
1.5387188940218435,-3.1389865438045605,3.6643838883987314
1.5384540315022932,-3.015369901744495,3.673220382627015
1.5381957293947999,-2.8918079712622236,3.6818380046518158
1.5380133251885109,-2.7684239853393198,3.6879234776693863
1.5378835999661293,-2.6451597919417424,3.6922514444227943
1.5378005700385629,-2.521992934863243,3.6950215361555294
1.5377674026229118,-2.3989171480917424,3.696128086366805
1.5377816223453062,-2.2759168010710535,3.69565367988951
1.537877557356776,-2.153028580299486,3.6924530413975845
1.5379755407654416,-2.030127713810383,3.689184063111739
1.5380797108394975,-1.9072188414409765,3.6857086817715725
1.3453771881038172,0.2690754376207634,10.11475999798656
1.3445602119561892,0.37647685934773295,10.14201642152819
1.3437520533352163,0.48375073920067785,10.168978669723572
1.342944865631014,0.5908957408776461,10.195908525640682
1.3411354195662244,0.6973904181744367,10.256276295814665
1.3381083887332665,0.80286503323996,10.357265822493275
1.3398034942810517,0.9110663761111151,10.30071274576963
1.3398051132947029,1.0182518861039742,10.300658731314094
1.3390350586814004,1.1247894492923762,10.326349731903647
1.338264088550269,1.2312029614662472,10.352071276520434
1.3374936367774883,1.3374936367774883,10.377775527370694
1.6625237360144938,-3.3866224252147092,3.642533553188912
1.6621899068969448,-3.262817224649558,3.6528459579576946
1.6619013911437315,-3.1391470721603816,3.661758575440402
1.6616125630418161,-3.015519095890703,3.6706808417706185
1.6613335691620312,-2.8919510278005727,3.6792993165084695
1.6610956739707707,-2.7684927899512846,3.6866482006406756
1.6609555637667355,-2.6452255274803567,3.690976382516652
1.6608351697303232,-2.5220089614423427,3.6946955069727423
1.6607993484661605,-2.3989323922288985,3.695802071247556
1.6607736283118002,-2.2758749721309854,3.696596599431402
1.6608772343122653,-2.1529890074418256,3.693396078694576
1.451568212357287,0.2688089282143124,10.159217191021803
1.4506960700753446,0.3761063885380523,10.186158772071991
1.4498249751784567,0.4832749917261522,10.213067998069661
1.4489578553514397,0.5903161632913272,10.239854429118253
1.4481239329047393,0.6972448565837635,10.26561535099136
1.4444245572805818,0.802458087378101,10.379893755188633
1.4434785748418992,0.9088568804560105,10.409116352317007
1.4456268188735504,1.0172929466147207,10.342754369997536
1.4447943837508284,1.123728965139533,10.368469346546881
1.4439629067584259,1.2300424761275477,10.394154725235659
1.4431323862430865,1.3362336909658208,10.419810557135044
1.4423028205553554,1.4423028205553554,10.445436893198796
1.7854064070526734,-3.262984123234196,3.6502194647327357
1.7850964880616145,-3.1393076169359424,3.659132993950358
1.784783282433402,-3.0156683048012654,3.6681410495995337
1.7844835926874891,-2.892094098493517,3.676760377176997
1.7841841409159713,-2.7685615979730587,3.6853728604119596
1.7840336447046958,-2.6452912662862733,3.68970125723515
1.783883173873385,-2.5220417285796133,3.6940289241093396
1.55662324826421,0.3757366461327403,10.23021433175363
1.5557166571787162,0.4828086177451188,10.256288649114339
1.5548216200785716,0.5897599248573893,10.28203066419941
1.5539276122542747,0.6965882399760541,10.307743076450834
1.553034631931374,0.8032937751369175,10.333425936903296
1.5485458833573857,0.9077682764508813,10.46252609765201
1.549358247876965,1.0150967830918045,10.439161815082926
1.5503540434154615,1.122670169369817,10.410521903095493
1.5494626573927943,1.2288841765529057,10.436158910140698
1.5485807021041935,1.3349833638829256,10.461524681391808
1.5477083093881108,1.440969805292379,10.486615425064763
1.6623970921842486,0.3753799885577336,10.272710807288696
1.661441030373412,0.48235384752776483,10.29843393523474
1.660486067612629,0.5892047336689974,10.324127492911565
1.6595302022653988,0.6959320203048448,10.349845334945726
1.658574746832418,0.8025361678221378,10.375552148114863
1.6546946811604948,0.9074132122493037,10.479946471354914
1.6530220682806904,1.0131425579784878,10.524948619358057
1.6557173857426242,1.1216150032450034,10.452430299786364
1.6547844472392024,1.2277432995645696,10.477531288255207
1.653852559499769,1.3337520641127172,10.502604005605797
1.6529217207501183,1.4396414987178452,10.527648499573665
1.7669664218228534,0.4818999332244145,10.34049990054828
1.765947807869722,0.5886492692899072,10.36624503604115
1.7649314572507222,0.6952760286139209,10.391932966501919
1.7639162758332319,0.8017801253787418,10.417591345775811
1.7629022616008514,0.9081617711277112,10.443220224826682
1.7580765545152748,1.012225895023946,10.565188397739618
1.7576401308364358,1.1184982650777315,10.576218863903435
1.7599205859517801,1.2266113174815436,10.518581104525154
1.7589304042963045,1.3325230335578064,10.543607622966611
1.7579740016205887,1.4383423649622997,10.567780388710048
1.871210113236497,0.5880946070171847,10.408301760240121
1.8701341954895174,0.6946212726103921,10.433941317852991
1.8690678868326271,0.8010290943568402,10.459351886939885
1.8680148963687244,0.9073215210933803,10.484445078069818
1.8649452567886649,1.012398853685275,10.557595838046254
1.8615386662128128,1.1169231997276876,10.638776277330031
1.8648779740601586,1.2254912400966755,10.559199212838358
1.8638840757044028,1.3313457683602878,10.582884214991424
1.8628912361929937,1.4370875250631665,10.606543984452962
1.97627524213389,0.5875412882019673,10.450256618088083
1.9751616261764,0.6939757064944108,10.475360057160977
1.9740492645402288,0.8002902423811739,10.50043522097561
1.9729381551073635,0.9064850982925723,10.525482157276812
1.9718282957645543,1.0125604762034197,10.550500913702045
1.966931895640333,1.1163667515796483,10.660876920231225
1.9656080767984652,1.2218644801720187,10.690718810890985
1.9686733101303096,1.3301846690069659,10.621621472914974
1.9676255663646347,1.4358348727525714,10.645240002811853
2.07883715550696,0.7995527521180614,10.541442837961696
2.0777015021612053,0.9056647573523202,10.565730218555572
2.0765943408461736,1.0116741660532638,10.589408261100438
2.075488358893601,1.117570654788862,10.61306108149013
2.0698169693221318,1.2206612896002316,10.734350907767968
2.069421596554103,1.3265523054833994,10.742806453581721
2.1811827147618423,1.0107919897676831,10.628134139624656
2.180022042101699,1.1165966557106264,10.65174573861411
2.1769851972421987,1.2212355984529406,10.713524365334628
2.1763531616278207,1.327044610748671,10.726381884931854
0.0,0.0,55.0
