-1.1969256884850223,1.1969256884850223,4.076342994552192
-1.1959193189564685,1.4616791676134615,4.169607087285726
-0.9322747996333521,0.9322747996333521,3.917561294387596
-0.9314196510912394,1.197539551403022,4.019453982628022
-0.9298783188533877,1.4612373581981806,4.203106853973978
-0.9293203650409582,1.7258806779332079,4.269588185652296
-0.6670960984936776,0.6670960984936776,3.7198001049169136
-0.6662022873763854,0.9326832023269396,3.8688992827194966
-0.6651280796440474,1.1972305433592854,4.048090933597592
-0.6650642220602015,1.4631412885324435,4.058743199007665
-0.6645002296554787,1.7277005971042447,4.1528243781339995
-0.40014351814392185,0.666905863573203,3.7515337337377446
-0.4000710194419782,0.9334990453646157,3.7716899252835816
-0.39962701198140926,1.1988810359442277,3.8951335067970234
-0.3992469531321973,1.4639054948180568,4.000798005029722
-0.1338529055551391,0.1338529055551391,3.3580782412961128
-0.13366473096029913,0.40099419288089744,3.5150279414686167
0.1337636631820133,-0.4012909895460399,3.432512113289775
0.1338722400568091,-0.1338722400568091,3.3419520248816497
0.4001538681704946,-1.46723084995848,3.7486562047267427
0.40038081931293906,-1.2011424579388172,3.6855589274512255
0.4006382114361142,-0.9348224933509331,3.6139984057037395
0.40057010516605196,-0.6676168419434199,3.632933407131958
0.6664906160482875,-1.7328756017255476,3.820802355879124
0.6667242459147171,-1.466793341012378,3.781829892546682
0.6664534670906045,-1.1996162407630881,3.826999279300196
0.6674658907387307,-0.9344522470342231,3.658114007453449
0.9323812808473881,-1.7315652358594351,3.904873841143015
0.932690061349802,-1.4656558106925461,3.8680820161935827
0.9336045278082133,-1.20034867861056,3.759121477568314
0.9341158306419648,-0.9341158306419648,3.698198704891695
1.1992204541153768,-1.7322073226110997,3.8636783336311566
1.1996076439946635,-1.466187120437922,3.827795974534723
1.2000110389756065,-1.2000110389756065,3.7904118270188576
0.0,0.0,115.0
