-3.6465107636834726,-2.340297952811781,9.605608601114142
-3.6445099061961805,-2.2302224799110957,9.630516715692082
-3.650961336549646,-2.1251864496333766,9.550204665755324
-3.650013641040732,-2.015679174903091,9.56200226177151
-3.6490664373988215,-1.9062287359546086,9.573793734673096
-3.5423780073188036,-2.3434192971493624,9.545064375802731
-3.533811705146366,-2.2290196909384767,9.65498508809857
-3.535762756788085,-2.121457654072851,9.629949666528475
-3.5395877085606,-2.014842234103726,9.580868812868566
-3.5387769382185286,-1.9054952744253617,9.591272421300161
-3.538083732487408,-1.7962578949551458,9.600167469151444
-3.53739079828517,-1.6870633037975422,9.609059032809938
-3.431923737423149,-2.342424138241197,9.564367316664203
-3.4262108994634137,-2.229756299650793,9.640000234810813
-3.4228836274234125,-2.1189279598335413,9.684050371647636
-3.4294881576454768,-2.014143838617185,9.59661223718576
-3.4288164393146023,-1.904898021841446,9.605505193347774
-3.428144984060594,-1.7956949916507876,9.61439466660493
-3.427473792001206,-1.6865347230482124,9.623280655398268
-3.426947424491317,-1.5774837350833049,9.630249295340633
-3.4264831367911066,-1.4684927729104744,9.636396053549767
-3.4260712510560656,-1.359552083752407,9.641849056121117
-3.322456121320673,-2.450992220646398,9.571445325044671
-3.321594100579996,-2.3414515790973742,9.583231893450339
-3.3208755733709685,-2.232063909970651,9.59305644836057
-3.3133653246036676,-2.1183811091728364,9.695745463441447
-3.313860534664191,-2.0100465538127064,9.688974365046583
-3.318924850712738,-1.904301143851571,9.61972903866701
-3.3183490138931595,-1.7951724173520371,9.627602561593072
-3.31786533892284,-1.686128286993574,9.634215938574357
-3.3174664905942373,-1.5771562004464406,9.639669465255018
-3.3170677381470837,-1.4682103103273978,9.645121680930956
-3.316669081546809,-1.3592906071913151,9.650572586074865
-3.316270520759975,-1.2503970815980232,9.656022181143946
-3.315959913475827,-1.1415599702129895,9.66026917176628
-3.2122459757277433,-2.4500181170804822,9.589500101690021
-3.2116167093515147,-2.3406698051205956,9.598395840350655
-3.2109876894686242,-2.2313643265798917,9.607288094413342
-3.209943413132524,-2.1218270019011602,9.622050696907863
-3.2029849356211244,-2.0086515697962986,9.7204204807636
-3.2060537376109974,-1.9018962850234733,9.677037802879632
-3.2088512920826058,-1.7947812311648477,9.637489664907513
-3.2084655764197816,-1.6858039469324275,9.642942404579316
-3.2080799534746793,-1.5768528584875543,9.648393833530179
-3.207694423382645,-1.4679279564632446,9.653843949846731
-3.207346281252297,-1.3590450344289395,9.658765524437918
-3.2070802053745555,-1.2502177071799114,9.66252695451221
-3.206814173639538,-1.141408434685259,9.666287760554852
-3.2065481860362595,-1.0326172124523547,9.670047942721126
-3.1023835379712876,-2.44925016155628,9.60373397368084
-3.1017759836749548,-2.3399362683863694,9.612624137042069
-3.1011686672924355,-2.2306651817366645,9.621510819080427
-3.1006616151802797,-2.1215053156496655,9.628930363534202
-3.0954537462733573,-2.0093296247739336,9.705135577826773
-3.093347323576994,-1.8994237951788562,9.735958241729413
-3.0994803908625905,-1.7944360157625525,9.64621487162492
-3.0991078939600243,-1.68547973180282,9.651665509263985
-3.098735486629618,-1.5765496335484022,9.657114836219968
-3.098468371255828,-1.4676955442790764,9.661023456936874
-3.098211340499788,-1.358864623026223,9.664784512407714
-3.0979543523837383,-1.250051756225017,9.668544943940113
-3.0976974068915464,-1.141256939381096,9.672304751770142
-3.097436679543283,-1.0324788931810942,9.676119898387974
-3.097180109338657,-0.9237203834869679,9.679874214745404
-2.992589951157736,-2.448482687310875,9.617958925284235
-2.9920410123310583,-2.3392320641861,9.626283475184614
-2.9916044066352696,-2.23010510312811,9.632904515134328
-2.991229940319941,-2.121053957681413,9.638583223537651
-2.9908703923153093,-2.0120400821030264,9.644035698678195
-2.9843706505945677,-1.8991449594692704,9.742603010124135
-2.984915192615508,-1.790949115569305,9.734345136922478
-2.9898493332488467,-1.6851878060129861,9.659519859639168
-2.989601304666355,-1.5763352333695329,9.66328116456301
-2.9893533172318065,-1.4675007193683416,9.667041845486352
-2.989105370921813,-1.3586842595099151,9.670801902763863
-2.988853663518904,-1.2498842592897235,9.674618996279534
-2.988606079381575,-1.1411041394002377,9.67837356127945
-2.988358536258517,-1.0323420397983967,9.682127504305974
-2.98811103413954,-0.923597956006767,9.685880825513621
-2.9878635730172873,-0.8148718835501694,9.689633525013974
-2.8829869569617657,-2.447819114401499,9.630258090471486
-2.882596462937859,-2.3387103378552445,9.63640331878723
-2.8822499562575286,-2.229665060501107,9.641856315589237
-2.881903532964435,-2.1206459959549617,9.647308000121186
-2.8815571929359285,-2.01165313469112,9.652758374313251
-2.8812230906368703,-1.9026944938168013,9.658016162609186
-2.8749777880221226,-1.7900805095232086,9.756298871482983
-2.8769167319273428,-1.6827248809386344,9.725785592765412
-2.880506133931006,-1.5761259978113051,9.669298954099744
-2.8802672276312755,-1.467305946151782,9.673058637137203
-2.8800248589153408,-1.3585022919411986,9.676872808430055
-2.8797863015629463,-1.2497185836971276,9.680627000061975
-2.8795477837275003,-1.1409528954391983,9.684380569813257
-2.879309305428054,-1.0322052227006233,9.688133517384102
-2.8790639977459924,-0.9234733577675824,9.691993939366483
-2.8788169010167373,-0.8147595002877559,9.69588251569386
-2.878569846698178,-0.7060643020203078,9.699770424601539
-2.7736190811353163,-2.4473109539429263,9.639676723048723
-2.7732856983835075,-2.338260490793938,9.6451289315008
-2.772952395765775,-2.2292362397332703,9.650579829424103
-2.7726191732532293,-2.120238191311293,9.656029417291101
-2.772359622052089,-2.011319725802496,9.66027416974132
-2.7721296395592567,-1.9024419095014509,9.66403534959975
-2.7683340216100345,-1.7912749551594342,9.726109647539054
-2.76588188856192,-1.6812223244199904,9.766212323691342
-2.771436447225626,-1.575914842540062,9.67537195618732
-2.7712068768346447,-1.467109523030106,9.679126396449341
-2.7709773444731836,-1.3583222276829332,9.682880214768957
-2.7707478501847334,-1.2495529520440953,9.686633410434908
-2.7705151304645956,-1.1408003478383628,9.690439355458203
-2.7702773418240065,-1.0320641077383552,9.694328198624184
-2.77003959399791,-0.9233465313326367,9.698216374301758
-2.769801886975799,-0.8146476138164116,9.702103882662762
-2.7695642207475935,-0.7059673503866416,9.705990723872048
-2.664337163041682,-2.4468402517729735,9.648401075204227
-2.6640169773168965,-2.3378108168291134,9.653851186689124
-2.663727973837846,-2.2288336107622793,9.658770522744469
-2.6635069956036213,-2.1199341393579845,9.662531952186917
-2.663286054020866,-2.011052734668817,9.666292757758349
-2.663065149089888,-1.9021893922070632,9.670052939453512
-2.6628408435980044,-1.7933417926272277,9.673871004541382
-2.658119380556168,-1.6816673632090042,9.754238422442484
-2.6568343439797584,-1.5724121627635304,9.77611195415065
-2.6621792065734318,-1.4669150730098504,9.685133204156521
-2.6619587340193425,-1.3581422112343584,9.68888602605373
-2.6617303347131984,-1.2493836264980318,9.692773774898214
-2.661501894657325,-1.1406436691388535,9.696662217373152
-2.661273493809316,-1.031922375150551,9.700549992462832
-2.661045132166574,-0.9232197397312603,9.704437100211479
-2.6608364800896243,-0.8145417796192727,9.707988717266524
-2.66065257964115,-0.7058874190884684,9.711119019053015
-2.6604687046110267,-0.5972480765453325,9.714248888175476
-2.5550972742163487,-2.446369730632674,9.657122072018389
-2.554877147283033,-2.337440794322775,9.66102845506169
-2.5546652096686455,-2.228537736093925,9.66478951006124
-2.5544533072135427,-2.119652744283578,9.668549941122443
-2.554241439908976,-2.0107858143964283,9.672309748400558
-2.5540264544227633,-1.9019345937190792,9.676124891078693
-2.5538148965936136,-1.7931040763316863,9.67987920639132
-2.5536033738801622,-1.6842915870273407,9.683632898539095
-2.548042547704538,-1.5721964656049277,9.782315584714866
-2.548776204934475,-1.4641905858134219,9.769296068568174
-2.5529567479099864,-1.3579557169733971,9.695107953804744
-2.552737654513708,-1.2492120436981975,9.698995995650556
-2.552518598733151,-1.1404870334765143,9.702883369965988
-2.5523014270942475,-1.03178142797427,9.706737308213896
-2.5521250230392516,-0.9231090508865378,9.709867782976005
-2.5519486433671443,-0.8144516946916418,9.712997825038222
-2.5517722880728697,-0.7058093562754746,9.716127434490254
-2.5515959571513744,-0.5971820325247897,9.719256611421777
-2.4458342626449165,-2.337130517638476,9.667046843118698
-2.4456313975183748,-2.228241939961186,9.670806899725612
-2.4454254553104056,-2.119368727935685,9.674623989300926
-2.445222886549353,-2.0105165956072457,9.678378552844379
-2.445020351390842,-1.9016824955262106,9.682132493572752
-2.4448178497810873,-1.7928664231727975,9.685885812482951
-2.4446153817117535,-1.6840683740680968,9.68963850972947
-2.4444041529893523,-1.575282676370916,9.693553583585555
-2.439094375763526,-1.4634566254581156,9.791969034676498
-2.4409201269910294,-1.3560667372172386,9.758129172288179
-2.44377490704057,-1.249040508042958,9.705216506767222
-2.4435914694975738,-1.1403426857655343,9.708616477759065
-2.4434225860120917,-1.0316673140939943,9.711746692775378
-2.4432537258690226,-0.9230069631060752,9.714876475145644
-2.4430848890682486,-0.8143616296894162,9.718005824872051
-2.4429251635684035,-0.7057339361419832,9.720966298814638
-2.4427865405612943,-0.5971255988038718,9.723535643100846
-2.33682032331677,-2.33682032331677,9.673063633601423
-2.3366236848039974,-2.227943513417765,9.676877799913953
-2.3364301383912953,-2.119087799936291,9.680631989247622
-2.336236624039478,-2.0102501183595507,9.684385556701343
-2.33604314174058,-1.9014304642074487,9.688138502429638
-2.3358441091287765,-1.7926245488662704,9.691999106704614
-2.3356436344713107,-1.6838361085723401,9.695887682112556
-2.335443194244404,-1.5750663403043654,9.699775589676356
-2.332030615593049,-1.4642982935119144,9.765968841177937
-2.3301862222089778,-1.3547594315168476,9.801744249633707
-2.334890532048897,-1.2488949357470844,9.71049549138121
-2.3347291678855755,-1.1402165703627227,9.713625446684027
-2.3345678260427345,-1.0315532254607431,9.71675496903999
-2.3344065065281128,-0.922904897929719,9.719884058298994
-2.334271197649675,-0.8142806503429099,9.722508623337887
-2.3341387446887105,-0.7056698530454241,9.725077792594625
-2.334006306758383,-0.5970713807986562,9.727646670304452
-2.333873883856134,-0.48848523150477224,9.730215256517013
-2.2276482082641205,-2.2276482082641205,9.682885201575772
-2.2274637129261117,-2.1188069464419113,9.686638395810526
-2.2272766155615065,-2.0099813359945307,9.690444523150937
-2.2270854521956975,-1.901170507971937,9.694333365276677
-2.2268943216564696,-1.7923783564552074,9.69822153961028
-2.2267032239204267,-1.6836048766227616,9.702109046627697
-2.226512158979125,-1.5748500636681617,9.705995886500709
-2.2263524809805326,-1.4661345606457168,9.709244220849982
-2.2216665139497667,-1.3546747036279063,9.80457098972088
-2.2223393277842023,-1.2466781594886986,9.79088391756111
-2.225890942788499,-1.14009048289167,9.718633306233691
-2.2257509316535615,-1.031445553693114,9.72148155698148
-2.225624633565945,-0.9228199700151478,9.72405084279336
-2.2254983498108407,-0.8142067133454295,9.726619837038506
-2.22537208038581,-0.7056057815857446,9.729188539766525
-2.2252717568457596,-0.5970241298854477,9.731229424572568
-2.225272749224066,-0.4884745059272339,9.731209236590708
-2.0860992703877534,1.780816450331009,12.56241952101702
-2.0851970529293142,1.8817631941069421,12.580773358030221
-2.0843102193349528,1.9826365500991017,12.59881424063174
-2.0834241397599573,2.0834241397599573,12.616839784194518
-2.0826025567526996,2.1841929253747825,12.633553272131351
-2.0817981090617987,2.284900363604413,12.64991817580988
-2.080994282599574,2.3855300312726824,12.666270441814682
-2.08023055153308,2.486129195734656,12.681807045972846
-2.0751766069898054,2.5813172428409774,12.784619592497364
-2.074128678407777,2.6811907306246874,12.805937635299706
-2.118701616437655,-2.2273529813831754,9.688891010933695
-2.1185198207243734,-2.1185198207243734,9.692778941784525
-2.1183380011509136,-2.0097052831431745,9.696667382915386
-2.118156212783695,-1.900909421728957,9.70055515666138
-2.117974455614684,-1.7921322316739636,9.704442263194316
-2.1178084323099156,-1.6833861897848046,9.707992881175969
-2.1176620625921236,-1.5746717901326048,9.71112318238692
-2.117515713146831,-1.46597241679396,9.714253050044874
-2.1163957206197788,-1.3566639234742173,9.738205504258566
-2.1128177132022627,-1.2460207026577446,9.814725710219115
-2.1171055995822585,-1.1399799382366005,9.7230238464034
-2.116985470560886,-1.0313518959142776,9.725592957191779
-2.1168653551798404,-0.9227361804630072,9.728161776264557
-2.116745253481465,-0.8141327898005634,9.730730302716154
-2.116722481680993,-0.705574160560331,9.731217306419296
-2.116723425651106,-0.597024555952876,9.731197118426643
-2.116724369622061,-0.4884748545281679,9.73117693041597
-1.9870668746362252,1.579463413172384,12.50406615699358
-1.98608698644228,1.6805351423742372,12.525022303158039
-1.9851080642023464,1.7815072371046698,12.54595779117642
-1.98414452098925,1.8823935199128783,12.566564379289424
-1.9833003824597948,1.9833003824597948,12.58461734749092
-1.982456961888957,2.084121421473006,12.602654961240944
-1.981614821990467,2.184857367835643,12.620665186195922
-1.9808491501102738,2.2855951732041624,12.63704004603656
-1.9800840696941617,2.3862551609134766,12.653402256671086
-1.9748700917881685,2.4812470384005194,12.764909756987372
-1.9742132502789485,2.5816634811340093,12.77895714194328
-2.437197353456386,3.312088711107396,2.8774575647868943
-2.0096017542407303,-2.1182288760915804,9.699001160082737
-2.009429306121639,-2.009429306121639,9.702888533303032
-2.009258385539908,-1.9006498241593726,9.706741472353457
-2.0091195142972853,-1.7919174046435247,9.709871946333031
-2.0089806622826334,-1.6832000143449086,9.713001986870367
-2.008841829459024,-1.5744976501165322,9.7161315947979
-2.00870301582248,-1.4658103088434313,9.71926077020531
-2.0085816424026466,-1.3571497583801666,9.721996803421568
-2.0048847666675864,-1.2462797198203914,9.805332799238585
-2.00455710808746,-1.1377216018874772,9.812718969621294
-2.0082397601002078,-1.0312582551865932,9.729703608888613
-2.0081722528392802,-0.9226737377910206,9.731225376245014
-2.0081731484003504,-0.8141242493514934,9.731205188259551
-2.0081740439622195,-0.7055746640948339,9.731185000256076
-2.0081749395248876,-0.5970249820209124,9.731164812234603
-2.0081914494368354,-0.4884790012143654,9.730792641230856
-1.8877819707653294,1.3775706273152404,12.4450964290845
-1.8868420580547878,1.4788762076645634,12.466284201497622
-1.8859030808296777,1.5800809596140541,12.487450885939282
-1.8849679199264906,1.681187604258762,12.508531541796103
-1.8840384777195065,1.7821985600049386,12.52948328522065
-1.883109951641717,1.883109951641717,12.550414377007371
-1.8822228820917277,1.9839646595020914,12.570410944272595
-1.88142217787318,2.084819170075686,12.588460640337502
-1.8806221546583333,2.1855879094677926,12.606494985028533
-1.8792030587020676,2.2855172335565688,12.638484638766073
-1.874900748246963,2.3816306802056015,12.735468511577878
-1.8744937504699637,2.4824376695413033,12.744643168091187
-1.877664885755233,2.588132680365321,12.673158558975942
-2.311302365918828,3.310784470099943,2.897982485218151
-2.313091009249367,3.4383785272625724,2.8576623923088036
-2.3149446381675194,3.5662660642040156,2.815877376300712
-1.9007135999393128,-2.1179380113609487,9.705221669572367
-1.900570968236357,-2.009175023564149,9.708620641078902
-1.9004396144783073,-1.9004396144783073,9.711750854570255
-1.9003082788754515,-1.7917192343682828,9.714880635415952
-1.9001769614240263,-1.683013880118423,9.718009983705677
-1.9000527616920755,-1.574329431116291,9.72096971384471
-1.8999449438139207,-1.46567181379931,9.72353905774336
-1.8998371382156531,-1.357026527296895,9.726108109007292
-1.8997293448614672,-1.2483935694803925,9.728676868489785
-1.895678882498349,-1.1374073294990092,9.82520103440254
-1.8974944998696543,-1.0300684427863838,9.781934133819114
-1.8996237570037868,-0.9226743962589821,9.731193070093312
-1.8996246041573597,-0.8141248303531541,9.731172882079036
-1.8996254513117408,-0.7055751676300751,9.731152694045498
-1.8997856177711552,-0.5970754798709343,9.727335862159109
-1.9000273223574138,-0.4885784543204778,9.721575943538866
-1.787590934677712,1.276850667626937,12.40098080305517
-1.7865051863108408,1.3781611437255057,12.426854628339328
-1.7855502483908758,1.479455920095297,12.449611187457712
-1.7846613303710157,1.5807000354714709,12.470794465498535
-1.783773296996092,1.681843394310601,12.49195666209063
-1.782890419656197,1.782890419656197,12.512995988270433
-1.782011402263324,1.8838406252497994,12.533943330342403
-1.7811332512189244,1.9846913370725157,12.554870026977802
-1.780319719787758,2.085517386037088,12.574256811941453
-1.777249415910558,2.1834778538329713,12.647423402388995
-1.7748156776129835,2.2819058712166926,12.70542037610793
-1.774691749449242,2.3831574921175536,12.708373634666053
-1.7773925746094967,2.488349604453295,12.6440118723538
-1.7767061899743524,2.5889147339626275,12.660368697442685
-2.185562106093575,3.309565474941699,2.9171658865113628
-2.1872418507571907,3.4370943369041567,2.8771368878275894
-2.188890362753652,3.564764305055947,2.837852176308118
-2.190736582960036,3.692955954132632,2.793855997714985
-2.1928154101390853,3.82176400052812,2.7443167003346147
-1.7917687316834219,-2.0089528203723215,9.71362960691701
-1.7916449112456563,-1.9002294513211506,9.716759128103384
-1.7915211079199667,-1.7915211079199667,9.719888216787623
-1.7914172956542456,-1.6828465504630787,9.722512037950288
-1.7913156457747341,-1.5741864765899178,9.725081205506655
-1.791214007430348,-1.4655387333521028,9.7276500815165
-1.7911123806191245,-1.356903318650852,9.730218666029423
-1.7910727100029422,-1.2483234039414444,9.731221327916742
-1.7882874283950414,-1.1380010907968443,9.801618412269221
-1.7873564230816186,-1.0290840011682045,9.825149267962843
-1.7910751062365562,-0.9226750547279229,9.731160763893563
-1.7911353592763612,-0.8141524360347097,9.729637887961161
-1.7913632289952819,-0.7056885447557171,9.723878555124315
-1.7915911567011271,-0.597197052233709,9.718117756686866
-1.791819142416034,-0.48867794793164554,9.712355492089308
-1.687297789787779,1.1759954292460275,12.354098595096815
-1.6862494133854384,1.2774616768071503,12.380595966787837
-1.6852247281015893,1.3788202320831184,12.406494553184714
-1.684201287405008,1.4800556768104616,12.432361683044263
-1.6833402157642012,1.5813195966269766,12.454124987968065
-1.682502270824367,1.682502270824367,12.47530377306645
-1.6816651597323302,1.7835842603221683,12.49646148293369
-1.6808343670636003,1.8845718661016124,12.517459496712291
-1.6800057533219928,1.9854613448350824,12.53840243881843
-1.6765842866613176,2.083028962215576,12.624878892918254
-1.6746748224931947,2.182152041430526,12.673139977086578
-1.6748838481019246,2.283932520138988,12.667856922989692
-1.6770078713873853,2.3884657562183973,12.61417292709892
-1.6763369538243091,2.48910638598155,12.631130149717798
-1.6756893975219849,2.58970179617034,12.647496924089324
-2.0599144046053115,3.3083473770933787,2.936335166783472
-2.0614443471833774,3.4357405786389617,2.8976663670409195
-2.063039813675891,3.563432405440175,2.857341471728205
-2.0646944673193297,3.6914234415709224,2.815520640476933
-2.066452647844344,3.819806409651666,2.7710832010542177
-2.066150188846867,3.944468542344018,2.778727753582828
-2.0668684758025844,4.071104573550545,2.760573285012221
-1.6828847238607691,-1.9000311398428043,9.721484971308989
-1.6827892302479655,-1.7913562773607377,9.724054255420484
-1.6826937474719261,-1.6826937474719261,9.726623247965591
-1.6825982755308067,-1.5740435480772064,9.72919194899395
-1.6825225488562474,-1.465422865132861,9.731229397741025
-1.682523299191065,-1.3568736283798914,9.731209209759143
-1.6825240495265918,-1.2483242948100521,9.731189021758176
-1.6825247998628048,-1.1397748644231904,9.731168833738757
-1.679033012788871,-1.0290847497738242,9.825116405585142
-1.6803110237355368,-0.9214608839840042,9.790731140192342
-1.6829242793157086,-0.8143181996688913,9.720420720005535
-1.6831384259292117,-0.705832243131605,9.714659041549268
-1.6833526270255146,-0.5973186741058277,9.70889589721704
-1.683569241023574,-0.4887781667487796,9.70306783304396
-1.5870980798228533,1.0751309572993524,12.298653175479743
-1.5859442237209573,1.1766682950187748,12.329698017773389
-1.5848108560867429,1.278073271037696,12.360191611738088
-1.5838473513133786,1.3794799511439106,12.386114994809098
-1.582885017376763,1.480763403352456,12.412006876168448
-1.581939643651439,1.581939643651439,12.437442437988523
-1.581151865983408,1.6831616637887896,12.458637830920352
-1.5803648725269588,1.7842829205949537,12.479812124405875
-1.5795787546107265,1.8853036748579641,12.50096286122092
-1.5759960417665684,1.9827046977063283,12.59735681801289
-1.574467372076361,2.082360072746155,12.638486131601987
-1.574952857680234,2.1846120283951636,12.625423996745376
-1.5765688048672375,2.2885676199685707,12.581946456094556
-1.5758983097251882,2.3892651792607693,12.599986327712323
-1.575228384880594,2.489877124488681,12.61801085530709
-1.5746111656742183,2.59048933707694,12.634617321998263
-1.9343591592933362,3.3071301755660265,2.955490341597738
-1.9357953203238958,3.4344755683165897,2.916850001065896
-1.9359949601956514,3.5597326687468436,2.9114786308196443
-1.9355146009723667,3.6837213373345046,2.9244028388787555
-1.936518465727583,3.810568593851051,2.8973935584679396
-1.9382970914834583,3.9391198955954154,2.8495391024401613
-1.9418034418576609,4.07152334583058,2.7551997006598796
-1.5740792481387402,-1.7911936271923596,9.728165185385613
-1.5739899417610905,-1.6825409722273723,9.730733711450377
-1.5739731283367435,-1.5739731283367435,9.731217279587497
-1.5739738302632915,-1.4654239109347886,9.731197091593295
-1.5739745321904661,-1.3568745967159193,9.731176903581073
-1.5739752341182665,-1.2483251856800044,9.731156715550853
-1.5740681952474351,-1.1398424862136598,9.728483075777717
-1.5723463986621642,-1.0301579853303833,9.77800338467253
-1.5711986143524874,-0.9210474635859408,9.811014620753518
-1.5746691261876464,-0.8144840307867136,9.711199799670489
-1.5748702776466903,-0.7059763313588612,9.705414515583094
-1.5750744116890618,-0.5974420182268855,9.699543449906308
-1.5752785986578364,-0.48887956510070785,9.69367086202194
-1.4867732875476574,0.9740928435657065,12.239157583566545
-1.4855552594198862,1.0757469119937106,12.274189090566722
-1.4844746089262282,1.1773419312173532,12.305269501987603
-1.4833955295038481,1.278789249572283,12.336304728085402
-1.4823729167627842,1.3801403018136267,12.365715925232884
-1.4814718070534076,1.4814718070534076,12.391632593635045
-1.4805717922175254,1.5826801916808029,12.417517772560402
-1.4797219891004734,1.683821573803987,12.441958820484523
-1.4789851921495276,1.7849821284563265,12.463149716619249
-1.4752435132963224,1.8822072411022046,12.570763527786589
-1.4741923293677839,1.9825345119083992,12.600996456166051
-1.4749910586770054,2.0853321864054215,12.578024333643363
-1.4760587080146026,2.1886387739526865,12.54731784633735
-1.4753487002400114,2.2893341900276036,12.567738263369336
-1.474721042360336,2.3900651376184756,12.585790228594306
-1.4740939188345568,2.4907104145825265,12.60382682535461
-1.4734714383628345,2.5912773571208465,12.621729883999507
-1.8055798653793649,3.2998528574174597,3.070013941989586
-1.8067079306879463,3.426515040959898,3.037569840861522
-1.8081387738397794,3.5539279347885318,2.9964175958954584
-1.810589267578759,3.683612647832647,2.9259393478043876
-1.8144408749779104,3.8165825301259497,2.8151638997757615
-1.8159888619534428,3.9450792518298927,2.770642500529604
-1.8178665220821444,4.074528411563427,2.716639425852719
-1.4654236497013484,-1.6825234496571035,9.731205161425535
-1.4654243032195193,-1.5739742516061503,9.731184973420511
-1.4654249567382729,-1.4654249567382729,9.731164785397496
-1.465437251490278,-1.3568863439724796,9.730784984917115
-1.4656236809024554,-1.2484942466946842,9.725025943964376
-1.465810157718095,-1.1400745671140737,9.719265438658589
-1.4659966819778947,-1.0316272947251852,9.71350346774252
-1.4634941349029897,-0.9214592701241047,9.790810320358716
-1.463577056087333,-0.8130983644929627,9.788248779822254
-1.466562697895387,-0.7061227804681494,9.696018518288113
-1.4667528325923371,-0.5975659688339151,9.69014501639009
-1.4669430165962698,-0.4889810055320899,9.684269991336848
-1.3851657894043348,0.9747462962474948,12.210472240750292
-1.383986092277548,1.0764336273269817,12.246914580967086
-1.3828887459749806,1.1780163391638723,12.280812999794932
-1.3818829349283883,1.279521236044804,12.311883778490106
-1.3808785859509358,1.3808785859509358,12.342909392015521
-1.379961517238364,1.48218088888565,12.371238807478932
-1.3791227703063675,1.5834372547961995,12.397148763820745
-1.3781096980196355,1.6843562975795545,12.428443851431801
-1.37441761609459,1.7816524653078019,12.542496944014388
-1.3737298311372572,1.8825186574843895,12.56374349352442
-1.3761550321406757,1.987779490869865,12.488825959138765
-1.3754730259045447,2.088681261558753,12.509893996622893
-1.374794827785432,2.189488059065688,12.530844396543273
-1.3741172981469307,2.290195496911551,12.551774146249862
-1.3734760014144916,2.390865632091893,12.571584615541354
-1.3728917365454076,2.4915442626194433,12.589633298251869
-1.678955560794743,3.1713605037234034,3.1349336485796826
-1.6814870035080254,3.3006967105898273,3.056734173051545
-1.6847746397390293,3.4319483402091335,2.95517492083426
-1.6860255048351327,3.559387176874169,2.9165341117973824
-1.6873216183388058,3.6871102030366494,2.876495522071309
-1.688593359175421,3.8149701818407658,2.8372098349375534
-1.690019907593127,3.943379784383963,2.7931419453128754
-1.356875323169966,-1.5739753748771603,9.731152667207418
-1.356989956484379,-1.4655491530031295,9.727328205283165
-1.3571626026286554,-1.3571626026286554,9.721568286288118
-1.3573352927091207,-1.248748469292391,9.715806901468902
-1.3575080267425497,-1.1403067424637416,9.710044050265893
-1.3576820765293842,-1.031838378162332,9.704237302148371
-1.3578580633002026,-0.9233434830441377,9.698365931267993
-1.3552114517103073,-0.8131268710261843,9.786663694493775
-1.3563987498738532,-0.7053273499344037,9.747052376942136
-1.358386297472428,-0.5976899708878682,9.68074268196122
-1.3586372565914806,-0.489109412372933,9.67237004089894
-1.2845277125168488,0.8734788445114572,12.144854859017435
-1.2834218766207721,0.9754006262317867,12.181748386005367
-1.2823280980997038,1.0771556024037512,12.218239647981036
-1.2812361822039706,1.1787372876276527,12.254668767989443
-1.280254060983975,1.280254060983975,12.287434855492897
-1.2793230430536766,1.3816688864979707,12.318496005939885
-1.278393378291626,1.482936318818286,12.349512011217087
-1.275876800189302,1.5820872322347341,12.433471523170624
-1.273878269765832,1.681519316090898,12.500147633410911
-1.2735033992226155,1.7829047589116616,12.512654277979244
-1.2753517450838134,1.887520582724044,12.4509887106423
-1.274716844756308,1.9885582778198403,12.472170616972683
-1.2740825762678725,2.0894954250793107,12.493331443528142
-1.2734523276515979,2.1903380035607483,12.514358156819078
-1.2728244983542618,2.291084097037671,12.535304155413677
-1.2721972878135859,2.391730901089541,12.55622951069617
-1.2716217699795862,2.4923786691599887,12.57543026445721
-1.5570113085762491,3.1763030694955483,3.0541019356862478
-1.5582153326793324,3.3034165052801843,3.0139325978136
-1.5594027819864291,3.4306861203701438,2.974316237724743
-1.5605601383064738,3.55807711533876,2.9357038570092087
-1.5617192138320841,3.6856573446437184,2.8970341191784357
-1.5629281886714683,3.8135447803583826,2.856699612021643
-1.5641838608127219,3.941743329248059,2.8148071628836817
-1.2488438558394812,-1.3574389737385668,9.71234783591354
-1.249002795430428,-1.249002795430428,9.706584104221832
-1.2491646931211617,-1.1405416763280172,9.700713100997667
-1.2493266261522922,-1.0320524302997196,9.694840816201271
-1.2494886011726123,-0.9235350530406264,9.688967008723083
-1.2480248749281069,-0.8139292662574611,9.742047083317388
-1.2472464766705136,-0.7049653998572469,9.77027465505919
-1.2500853849476055,-0.5978669232358114,9.667325443292228
-1.250317199215286,-0.4892545562146771,9.658919008915106
-1.1825760948936814,0.8740779831822864,12.11545955670497
-1.1815462998474642,0.9760599868305139,12.152803696755242
-1.1805336462791496,1.0778785466027019,12.189526224035255
-1.179527735426423,1.179527735426423,12.226004235752526
-1.178523537144176,1.2810038447219307,12.26242014339185
-1.1776511896480797,1.3824600921955719,12.294054658615423
-1.1748771303455332,1.4813668165226288,12.394652209052843
-1.1732461615835297,1.5813317830038875,12.45379710986549
-1.1732117504780757,1.6833038159033262,12.455044982581597
-1.1745041781811083,1.7872889667973388,12.408176820490326
-1.17379092735609,1.8882723613989276,12.434041907721316
-1.1731991418141887,1.9893376752501462,12.455502218913985
-1.1726151574108477,2.09031397625412,12.476679632250402
-1.1720317541011114,2.191189801145556,12.497835973004428
-1.1714530644607675,2.291973386988458,12.518821378842247
-1.1708755828327535,2.3926587997017137,12.539762977728579
-1.1702986702769909,2.493244993198807,12.560683939970815
-1.431901711691553,3.1750864041856173,3.0739995244192073
-1.4330085653300655,3.302150172282325,3.0338609575814672
-1.4341173770171816,3.42941111895413,2.9936513847299153
-1.435187094904275,3.5567680178062475,2.9548594962501227
-1.4362526595725233,3.68430030064256,2.91621821869704
-1.4373568885834145,3.8121204436342735,2.8761748304696866
-1.4384402367448768,3.9400754310837933,2.8368886583197366
-1.1407782970992966,-1.1407782970992966,9.691315152262504
-1.1409262103553726,-1.0322665712739085,9.685440430485805
-1.141086176914429,-0.9237364289307283,9.679086983519909
-1.1412977235954187,-0.8152126597110134,9.670684911071724
-1.139289065317362,-0.7052741832917003,9.750463484278008
-1.1396877594610575,-0.5969793025748397,9.734628411544527
-1.1419328345256565,-0.48939978622528135,9.645459991335201
-1.0814377661550896,0.7724555472536355,12.048163474223927
-1.0804845194819142,0.874677944342502,12.08602390092286
-1.0795429811741688,0.9767293639194862,12.123419302436176
-1.0786030824096018,1.0786030824096018,12.160749585647935
-1.0776827879750954,1.1803192439727235,12.197301236925142
-1.0767646809900862,1.2818627154643885,12.23376600851666
-1.0737989793689222,1.380598687760043,12.351555802070251
-1.0725824856005421,1.4811853372578918,12.399871704389675
-1.0727361840509582,1.583562938360938,12.393767210055245
-1.0735390995477145,1.6869900135749802,12.361877538508722
-1.0728864543627417,1.7881440906045698,12.387798872284542
-1.0722346022312244,1.8891752515502527,12.413688708082915
-1.0716018297918077,1.9901176838990717,12.438820749173424
-1.0710682085164605,2.0911331690083275,12.460014769303577
-1.0705351184433258,2.192048099669667,12.481187691492337
-1.0700029048696367,2.292863367577793,12.502325801450496
-1.0694752295740522,2.393587418570498,12.523283663052851
-1.3060758547220002,3.0475103276846673,3.1261350787359916
-1.306919136179251,3.1739464735781806,3.0926421784225298
-1.307897754820719,3.3008848097856243,3.053774044513297
-1.3089091477984278,3.428095387091121,3.0136042009944077
-1.3099062727619526,3.555459883211014,2.974001045112999
-1.31087846385397,3.6829442555897254,2.935388196400851
-1.3118520991058655,3.810618002164657,2.896717989493027
-1.0327176268800466,-0.9240105082610944,9.665639938343276
-1.0329091398647459,-0.8154545841037467,9.657232878776504
-1.0331007238931167,-0.7068583900321325,9.648822700526267
-1.031143019861802,-0.5969775378147275,9.73476222275356
-1.0323661819633898,-0.4890155598773952,9.681067708702628
-0.979149715793064,0.77301293352084,12.01717041071911
-0.9782526978853822,0.8752787296869209,12.056547808518985
-0.9773996597653468,0.9773996597653468,12.093994576418972
-0.9765481080691238,1.0793426457606106,12.131376093111307
-0.9757010649764196,1.1811118154977711,12.168559690595167
-0.9726350401723873,1.2797829475952465,12.303152408687808
-0.9717264824817643,1.3808744751056652,12.343036381238882
-0.9725028279241368,1.4843464215684194,12.308956277539025
-0.9725408288020942,1.5867771417297327,12.307288110521107
-0.9718339126083598,1.6879220587408357,12.338320400883958
-0.9711714465221153,1.7890000330670548,12.367401415191011
-0.9705811109635798,1.8900790055606556,12.39331603509413
-0.9699914926509333,1.9910351691256,12.419199169252707
-0.9694416360483078,2.0919530041042433,12.443336839179977
-0.9689589382850999,2.1929070708557528,12.464526362461697
-0.9684767209693909,2.293760654927505,12.485694795002516
-0.9679961364289775,2.3945167585348393,12.50679155178102
-1.1813096751508572,3.046535478020632,3.1427286959360146
-1.1820721558661507,3.17293052364072,3.109257227659043
-1.18288279083028,3.29962041652657,3.0736718784930517
-1.1837971595548216,3.426781251342905,3.03353281249035
-1.1847128540339824,3.5541385621019477,2.9933355483551694
-1.1855965247333793,3.681589208382599,2.9545440678771797
-0.9246472444920772,-0.7070831869645297,9.634400001890604
-0.9233912267379296,-0.5974884408304251,9.696023501408497
-0.9230919031293144,-0.4886957134214018,9.710709096568507
-0.8767139413983808,0.7735711247632772,11.986132587143992
-0.8759102654083842,0.8759102654083842,12.02556302259648
-0.8751160471666528,0.9780708762450825,12.064529436307453
-0.8731987151235083,1.0786572363290396,12.158598735762972
-0.8715112651719744,1.179103476409142,12.24138942158843
-0.8709057846609595,1.2807438009719994,12.271095871083602
-0.8720931060122356,1.3850890507253153,12.212842795857284
-0.871350415833778,1.4864212975987978,12.24928110869402
-0.870666538262531,1.587686040361086,12.282833921974628
-0.8700333097495455,1.6888881895138237,12.313901760654318
-0.8694010016663489,1.7899432387248362,12.344924440653351
-0.8688303140377984,1.8909836246705025,12.372923860794288
-0.8683022558541931,1.9919875281360901,12.398831769432817
-0.8677748391677064,2.09286872975741,12.424708204553355
-0.8673031200793734,2.1937667154948857,12.447851970568188
-0.8668713242264221,2.2946593876581765,12.469036998764096
-1.0561212240735427,2.919864560673912,3.1839444326116393
-1.056634610795896,3.0455938781764056,3.1587563440412723
-1.0573050746289587,3.1719152238868764,3.1258616436621693
-1.057987738245848,3.2984323604135257,3.092368390141395
-1.0587810561188984,3.425468122737612,3.053446150860921
-1.0595998131553122,3.552775844108988,3.0132758000262143
-0.8147636016514992,-0.4888581609908995,9.695654462305335
-0.815442045367069,-0.38053962117129886,9.657930086233861
-0.7741301227260207,0.7741301227260207,11.955049906464993
-0.7734199720815066,0.8765426350257075,11.994537323573063
-0.7713600387505715,0.9770560490840572,12.109078438591126
-0.7701775332947978,1.0782485466127167,12.174830806099926
-0.7699284299264835,1.1805569258872746,12.18868202018195
-0.7706729985294776,1.2844549975491293,12.147280817184921
-0.7700104361618978,1.386018785091416,12.1841221222951
-0.7693542416632191,1.4874182005488903,12.220609346623498
-0.7686991645771976,1.588644940126208,12.257034438022757
-0.7681161031389675,1.6898554269057287,12.289455150992431
-0.7675575452438645,1.7909676055690174,12.320513362025984
-0.7669997991016086,1.8919328377839681,12.35152643612485
-0.7665156917900237,1.9929407986540615,12.378444875874635
-0.7660498787486284,2.0938696685795843,12.404346075855287
-0.7655846315143308,2.1946759436744148,12.430215814538208
-0.9312558592985765,2.7937675778957294,3.2181860503490256
-0.9316471876798883,2.91916118806365,3.1964265164551193
-0.9320999576948922,3.0448598618033147,3.1712505645995535
-0.9326178157919693,3.1709005736926956,3.142455436636155
-0.9332197806130589,3.2973765581661416,3.108983614624343
-0.933860727304878,3.424156000117886,3.0733442336572097
-0.7069969693855507,-0.48945944034384276,9.639931617226502
-0.7065155884807733,-0.38043147072041644,9.670816432444077
-0.671434400309863,0.7747320003575343,11.921582932567013
-0.6692841574279909,0.8752177443289111,12.059539908883416
-0.6685494685163401,0.9771107616777278,12.106676658707826
-0.668580472374778,1.0800146092207952,12.104687488739962
-0.6689577191312508,1.1835405800014436,12.080483794223909
-0.6683747116837657,1.2853359840072418,12.117888845208178
-0.6677927195573472,1.386954109849875,12.155228754423803
-0.6672211634707589,1.488416441588616,12.191899099976723
-0.6666526680270077,1.589710208372095,12.228373078395983
-0.6660851405139971,1.6908315105355314,12.26478495555245
-0.6655974540631518,1.7919931455546396,12.29607432696082
-0.6651135205320594,1.893015404591246,12.327122915587942
-0.6646316606629178,1.9938949819887535,12.35803846057842
-0.66422756947939,2.094871565281153,12.383964460987777
-0.806698762925169,2.668311292752482,3.2431854235720508
-0.8069591961292554,2.793320294293576,3.2264763449507186
-0.8072331065420165,2.9184581544211365,3.208902584960782
-0.8076253181430256,3.044126199154481,3.183738764162861
-0.8080179111068324,3.1699164204960346,3.1585504755902107
-0.8085316719044521,3.296321431610458,3.1255882057057036
-0.5981482409024064,-0.3806397896651677,9.645994806437827
-0.5983101565047364,-0.27195916204760745,9.633717714294384
-0.5683799288041469,0.6717217340412646,11.903147948727721
-0.5672007631238273,0.7734555860779464,11.992557032851415
-0.5667107628642195,0.8758257244265211,12.029710823165289
-0.5674734556603879,0.9801814234133972,11.971880388043843
-0.5669530855595742,1.0823649815228236,12.011336941856108
-0.5664336689375822,1.1843613077785808,12.050721199069521
-0.5659359991132878,1.286218179802927,12.08845652662255
-0.56544286830284,1.38790522219788,12.125847687891238
-0.5649509053977266,1.4894160233212794,12.163150293880491
-0.5644692247845613,1.5907769062110362,12.199673255142038
-0.5639883648043951,1.6919650944131854,12.236133992709249
-0.5635205276478106,1.7930198606975793,12.271607287418703
-0.5631105762433999,1.894099211000527,12.30269145159965
-0.6821700361333878,2.4186028553820114,3.2751243821944342
-0.6823314801132425,2.5432355167857223,3.26288305036379
-0.6824930005457195,2.667927183951449,3.2506359215878717
-0.6827023265062389,2.7928731538891594,3.2347639854166204
-0.6829227647933812,2.9179427222989927,3.218049467950472
-0.6832106487697351,3.043392889974275,3.196220947082459
-0.48960675791306485,-0.27200375439614716,9.626279137647792
-0.49014847704164,-0.16338282568054668,9.57607596514557
-0.46572299163227787,0.5692169897727841,11.83967861968376
-0.46491798681304286,0.6715482031743952,11.914281478754802
-0.464729246595764,0.7745487443262733,11.931772752712732
-0.4651115003613567,0.8785439451270071,11.896347842050723
-0.4646373165680248,0.9809010016436079,11.940292258111896
-0.4642057120406331,1.083146661428144,11.98029069161447
-0.46378012103048033,1.1852158648556719,12.019731829597347
-0.46335657147642867,1.2871015874345242,12.05898377807705
-0.46295254663445917,1.3888576399033776,12.0964262972104
-0.46254922576181007,1.490436394121388,12.133803576828726
-0.4621485589904731,1.5918450365227406,12.170934890781496
-0.46175459980566746,1.6931001992874475,12.20744458717278
-0.5578136793965845,2.1692754198756066,3.3052842447972495
-0.5579348325458643,2.29373208935522,3.294056521551667
-0.5580711412531943,2.4183082787638424,3.2814242750854064
-0.5582056974510322,2.5429370661658135,3.268954440340856
-0.3544673143451572,-0.2531909388179694,12.764498477943924
-0.35499854234069383,-0.15214223243172595,12.70120158171106
-0.36280790711330435,0.46646730914567697,11.770699884116702
-0.36228573899801053,0.5693061612825879,11.832917277190035
-0.36227714877360156,0.6728004191509743,11.833940819901642
-0.43344263002681255,0.9288056357717412,3.3544289717059996
-0.2535832561684067,-0.2535832561684067,12.699054903506074
-0.25356775152774835,-0.15214065091664905,12.70164127676722
-0.272595993368434,-0.0545191986736868,9.527486068147681
-0.2605511626812277,0.2605511626812277,11.536718575430065
-0.25956604235962605,0.3633924593034765,11.701049301626895
-0.2592677657468816,0.4666819783443869,11.750805672808163
-0.25957455663887874,0.5710640246055332,11.699629010458438
-0.15230412613129277,-0.15230412613129277,12.656191666622284
-0.1523979022115418,-0.0507993007371806,12.630119908297772
-0.15630791998713667,0.15630791998713667,11.543051241969167
-0.15603435549664812,0.2600572591610802,11.619108028126618
-0.15588218945220236,0.36372510872180547,11.661413446794697
-0.05083903395085012,-0.05083903395085012,12.596979855690648
-0.05091183066282577,0.05091183066282577,12.536262721542755
-0.05211286569150404,0.15633859707451214,11.53452235479422
-0.05210795269106251,0.26053976345531255,11.538620112766814
0.052161626330450184,-0.2608081316522509,11.493852849597062
0.05216052218408271,-0.15648156655224812,11.494773778596375
0.050907687319529,-0.050907687319529,12.53971853601491
0.050835659997139425,0.050835659997139425,12.599793949823493
0.18456022011225093,-3.1375237419082658,3.6883068442787845
0.18454456390772805,-3.0142278771595583,3.6926596043804594
0.18453567231189827,-2.8910588662197396,3.6951316584157468
0.18453166936892784,-2.7679750405339174,3.6962445622760356
0.1845350706559812,-2.6450026794023973,3.695298931643876
0.18454664920181155,-2.5221375390914247,3.6920798479731047
0.18455859402150776,-2.399261722279601,3.68875893232466
0.1845711665137429,-2.2763777203361624,3.6852635102701115
0.18458785747851578,-2.1535250039160174,3.680623064661745
0.1846161880175786,-2.0307780681933645,3.672746568164051
0.18465040373708003,-1.9080541719498267,3.6632338654858074
0.18540829305416232,-0.5562248791624869,3.452524406749397
0.15604643544795715,-0.3641083493785667,11.615749542996248
0.15616139043347402,-0.26026898405579,11.583789595506076
0.15642093985761463,-0.15642093985761463,11.511629297896185
0.15237569833018974,0.05079189944339657,12.63629306276254
0.152290837857597,0.152290837857597,12.659886091249817
0.30780801831303356,-3.6321346160937957,3.6536679130219696
0.30775428447094927,-3.5083988429688215,3.6626314082391858
0.30770090682863255,-3.384709975114958,3.671535484758813
0.30764894640868723,-3.2610788319320845,3.6802031503788157
0.3076074860000802,-3.137596357200818,3.6871192792063354
0.30758139111808125,-3.0142976329571964,3.6914722407835967
0.3075612739146792,-2.891075974797985,3.6948280487713205
0.30755460226410103,-2.7679914203769096,3.6959409658032882
0.3075531871175829,-2.644957409211213,3.696177030423925
0.30757248403338144,-2.522094369073728,3.6929580569472833
0.30759194088606295,-2.3992171389112915,3.6897124039437372
0.3076128942610237,-2.2763354175315755,3.68621711179712
0.3076338504910053,-2.153436953437037,3.682721343396338
0.30768076426506297,-2.0306930441494155,3.674895523148315
0.3077279923710373,-1.9079135527004312,3.667017268298139
0.3078303726094141,-1.7854161611346018,3.6499389291838753
0.3079400382478757,-1.662876206538529,3.6316452917346567
0.30805233865895293,-1.5402616932947648,3.612912140362326
0.3085156007864906,-0.8021405620448756,3.5356340656252385
0.2594220105663245,-0.5707284232459139,11.725075655230278
0.2595170969739342,-0.4671307745530816,11.709214020797084
0.25987510686085963,-0.36382514960520346,11.649493372045825
0.26059586644498295,-0.26059586644498295,11.52926141329408
0.25407937459856506,0.05081587491971301,12.616295975363158
0.25345546213373615,0.1520732772802417,12.720372590351559
0.2536236630886624,0.2536236630886624,12.692314510070474
0.4310441025695353,-3.7562414652488076,3.6402183970573248
0.4309517522957639,-3.6323076264928664,3.651222120025807
0.4308765177506508,-3.508565930255299,3.660186469109739
0.4308011186214127,-3.384865932025385,3.66917042872695
0.43072836733021197,-3.2612290669287476,3.6778388930560624
0.4306604476663293,-3.1376689758546847,3.6859316591622786
0.43062391314050164,-3.0143673919835114,3.6902848222290956
0.4305883315968307,-2.8910930835787205,3.694524435533495
0.43057899117547405,-2.768007800413762,3.695637365737383
0.4305696511576041,-2.6449278571109964,3.696750247865012
0.4305941074082168,-2.5220512005338414,3.6938362358583348
0.43062112555589593,-2.3991748423828487,3.690616968605063
0.4306500490295818,-2.276293116299218,3.6871706778824915
0.43067938666105837,-2.153396933305292,3.6836750394167197
0.4307350360779654,-2.0306080272246945,3.6770442981964138
0.43080114988976276,-1.9078336637975206,3.66916670303943
0.430920656999659,-1.78524272185573,3.6549271878072744
0.4310741590607856,-1.6627146135201731,3.6366371049872868
0.4312301269970241,-1.5401075964179434,3.6180532081319114
0.43138833261010984,-1.4174188071475036,3.599202687528553
0.43157700135868804,-1.294731004076064,3.576722422366558
0.4315675824585906,-1.1713977238161746,3.5778447034720386
0.43132869798206674,-1.047512552242162,3.606308274761986
0.36265672536112903,-0.7771215543452765,11.788713497405425
0.362394594192156,-0.6730185320711469,11.819946959386513
0.3626903371121654,-0.5699419583191171,11.784708588900173
0.3633982426986629,-0.46722631204113796,11.7003601983265
0.35465863856532587,0.15199655938513967,12.741701807940458
0.35432890625419317,0.2530920758958522,12.78099008351657
0.5547291118234355,-4.006376918724812,3.591142856393411
0.5544887646586799,-3.881421352610759,3.6134167425018546
0.5542615205359569,-3.75666141696593,3.634476319857349
0.5541072183114132,-3.6324806533748193,3.6487760940163696
0.554010478966986,-3.508733033457578,3.6577412970890464
0.5539137733861559,-3.385028615137619,3.666703371160736
0.5538191290927529,-3.2613793157684334,3.6754744178848213
0.5537256146963196,-3.1377784832791447,3.6841407527582604
0.5536721303703785,-3.0144371542387276,3.6890973487131546
0.5536251632118874,-2.891153630106523,3.693449973967269
0.5536048361288957,-2.7680241806444785,3.695333762078242
0.5535928273932461,-2.644943508656621,3.69644665729561
0.5536115195425654,-2.5220080334716872,3.6947143847078223
0.5536462559717371,-2.3991337758775275,3.6914952276690016
0.5536826310743519,-2.2762508166390023,3.688124208528208
0.5537203494842602,-2.153356914661012,3.6846286999902063
0.4628549683848574,-1.6971348840778109,12.105469244817044
0.46315682220065907,-1.5953179431356033,12.077495303366973
0.4635146903425576,-1.4935473355482412,12.044330301222708
0.4638731119412255,-1.3916193358236766,12.011114008134115
0.46423490047050525,-1.2895413901958481,11.97758568877694
0.46459668512677993,-1.1873026397684376,11.944057728345882
0.4649590341103805,-1.0849044129242211,11.910477469554671
0.4653476831189575,-0.9824006643622436,11.874459887395936
0.46506897031411915,-0.8784636105933362,11.9002892633249
0.46505087389036476,-0.7750847898172746,11.90196632775828
0.46563923251546907,-0.6725900025223442,11.847440895682482
0.4883180520140824,0.16277268400469416,9.745708415918656
0.48721452217737454,0.27067473454298585,9.847976724034929
0.678379794097106,-4.1319496549551005,3.5625157765735906
0.678083132359974,-4.00685487303621,3.5850098625652507
0.6777842981943344,-3.8818555260220973,3.6076686708231875
0.6775064932506508,-3.7570814625717914,3.6287329588993558
0.6772836797766943,-3.6327033733477245,3.645627572582029
0.6771561697957416,-3.5089001525779335,3.655295892143819
0.6770379628317015,-3.3851898141585073,3.66425881954941
0.6769212332638417,-3.2615295784530556,3.6731097248349727
0.6768069273556524,-3.137923026830752,3.681776858497109
0.676726043203138,-3.0145069197230696,3.687909820231944
0.6766686362362728,-2.891220536645893,3.6922626473328393
0.6766321371502153,-2.768040561069063,3.6950301548258224
0.6766174596340077,-2.6449591603874847,3.6961430631331353
0.6766247206526607,-2.5219648678871898,3.695592503497288
0.6766671748348335,-2.399092710778046,3.6923734566672763
0.5647541250539311,-1.899627511545041,12.17807097093712
0.5650950470524286,-1.7980296951668184,12.152220893927563
0.5654355422621636,-1.6963066267864912,12.126403177758391
0.5657764480466785,-1.5944608990406395,12.10055433015821
0.566163634367347,-1.492613217877551,12.07119630618078
0.5666011571997251,-1.39074829494478,12.038021565447536
0.5670393567636656,-1.288725810826513,12.00479551220564
0.5674821942861628,-1.1865536789619766,11.971217790293522
0.5679245064910236,-1.084219512391954,11.93767990007727
0.5672085948662033,-0.9797239365870786,11.991963198647603
0.5674459550937233,-0.8769619305993905,11.973965591607175
0.5683957352035122,-0.7750850934593349,11.901949443959367
0.5950522251277213,0.27047828414896424,9.880747173698111
0.5946241304106609,0.3783971738976933,9.91320703681098
0.8018271121615648,-4.132493578063449,3.555744630107448
0.8014665882799146,-4.007332941399573,3.5788754052499314
0.8011074183412951,-3.882289796577045,3.601919313049109
0.8007790299603683,-3.7575016021217285,3.6229883134267027
0.8004744901184232,-3.6329226859220745,3.642527220457545
0.8003135919130232,-3.50906728761864,3.652850254240782
0.8001738794714596,-3.3853510285330977,3.6618140351021893
0.8000346814112991,-3.261679854984527,3.6707448138764036
0.7998995801588069,-3.1380675836999345,3.679412746437663
0.7997856520342425,-3.01457668843676,3.6867222367816694
0.7997178042907692,-2.891287446282012,3.6910752657433505
0.799660894265283,-2.768056941687518,3.694726543980046
0.7996435479051428,-2.644974812301626,3.6958394654156734
0.6663234935480479,-2.101481787343843,12.249492513870308
0.6667145828055251,-2.0001437484165754,12.22440070127265
0.6671133561300558,-1.898707244370159,12.198815888249108
0.6675126067596793,-1.7971493258914442,12.173200451909509
0.6679160396346371,-1.695479177534079,12.147316687779863
0.6683185352127172,-1.593682660891864,12.121493059481509
0.6687215162111503,-1.4917633823171814,12.095638287201837
0.6692006840449901,-1.3898783437857487,12.064895459932444
0.6697179083389785,-1.2879190544980355,12.031710976320113
0.6697646806403025,-1.1849682811328428,12.028710122174559
0.6692523097527827,-1.0810998849852642,12.061583217112208
0.6698065763667368,-0.9789480731513845,12.026022143161498
0.6713149277420641,-0.8778733670473146,11.929248147666776
0.6723979535352907,-0.7758437925407201,11.859762525848964
0.7018499981255107,0.3779192297598904,9.970155053010792
0.7019193339031118,0.4859441542406158,9.96570655358358
0.9257142415137722,-4.258285510963352,3.5263237315754736
0.9252920500381442,-4.132971156837044,3.5497993856868675
0.9248794901205527,-4.007811123855729,3.572739483923556
0.9244751121341314,-3.8827954709633516,3.595224631747463
0.9240791399132607,-3.7579218356472603,3.6172423830084313
0.9237004559760552,-3.6332217935058173,3.638298831659249
0.923482746995256,-3.5092344385819727,3.6504043833466326
0.923321524978474,-3.3855122582544044,3.659369017925016
0.9231594751032347,-3.2618301453647627,3.6683796849789942
0.9230035746765043,-3.138212153900114,3.6770484163604067
0.9228509572591913,-3.0146464603800247,3.6855345983584797
0.9227726677780407,-2.891354359037861,3.6898878287909938
0.9217757319814498,-2.7653271959443497,3.7453217285333196
0.7680653377490207,-2.201787301547193,12.29227792408004
0.7684902758867475,-2.1005400874237763,12.268649543793174
0.7689156844997475,-1.9991807796993435,12.244995003066272
0.7693734601634825,-1.8977878684032572,12.219540715704184
0.7698336878219993,-1.7962786049179984,12.193950086931395
0.7702944663238128,-1.6946478259123885,12.168328828912273
0.7707605719697269,-1.5929051820707687,12.142411358867271
0.77122509630603,-1.491035186191658,12.116581816408718
0.7716901809868816,-1.3890423257763869,12.090721116393546
0.7714204186583787,-1.2857006977639647,12.10572105713559
0.7710411669788138,-1.1822631227008475,12.126809074693
0.7718992577061164,-1.080658960788563,12.079095555417446
0.774068501033977,-0.9804867679763707,11.958476336442118
0.774672011424039,-0.8779616129472441,11.92491857417643
0.7752807642804601,-0.7752807642804601,11.891069308329918
0.8097939339066,0.37790383582308007,9.971989271894373
0.808421757356868,0.48505305441412083,10.048288164507852
0.8097763997145107,0.5938360264573078,9.972964248066027
0.8092238283557744,0.7013273179083379,10.003689582039812
1.0492893037018425,-4.258880115025126,3.5191362245600786
1.0487855280915397,-4.133448846007833,3.5438527669625373
1.0483218484242145,-4.008289420445526,3.5666020980619777
1.0478634440077832,-3.883258645440608,3.5890926116249133
1.0474068323616175,-3.7583421631799214,3.611495167213363
1.0469775612607328,-3.6336280067284252,3.6325563245027865
1.0462453327412833,-3.5079990568384205,3.668481361124506
1.0453518344474801,-3.382020640859494,3.712318712543791
1.0446746608615902,-3.2569268838626044,3.7455426108571857
1.0443400730659116,-3.1330202191977348,3.7619583588015146
1.0440061180740634,-3.009194105037006,3.7783430597432
1.0438760608875708,-2.8860102859832844,3.784724003756658
0.8696380154440181,-2.301982982057695,12.333295927946665
0.8700843695000132,-2.2008016405000337,12.31139663642503
0.8705655348465039,-2.0995992311003917,12.28778941240325
0.8710472326659423,-1.9982848278806913,12.26415606387301
0.8715345810798959,-1.896869382350362,12.240245482471472
0.872055667520895,-1.7954087272489017,12.214679625667578
0.8725773774449532,-1.6938266738637329,12.189083179162324
0.873102704675221,-1.5921284614665794,12.163309258201224
0.8736286521423806,-1.4903077007134728,12.137504906804175
0.8729304415298896,-1.3864189365474717,12.171760936386683
0.8726026954698566,-1.283239258043907,12.187841010976186
0.8736601779615174,-1.1820108290067588,12.13595816807858
0.8760423167358942,-1.0821699206737516,12.019084240835411
0.8767244253661508,-0.9798684754092274,11.985618216403061
0.8774075411232422,-0.8774075411232422,11.952102779707374
0.9155673239277875,0.4847121126676522,10.0798845331947
0.9149228093227177,0.5920088766205821,10.111506096921516
0.9162210537936897,0.7006396293716451,10.047810844790824
0.9156198719489077,0.8078998870137422,10.07730639053431
0.9150194785221992,0.9150194785221992,10.106763254435435
0.9144226784558095,1.0220018170976695,10.136043818728417
1.1714677067946617,-4.377589851706367,3.5747725824368715
1.170730378884799,-4.251599797002691,3.6071398898974962
1.1701105482004657,-4.12617930154901,3.6343492903080516
1.1695626652667057,-4.001135433807151,3.6584003198869297
1.168976378522402,-3.87607957089007,3.6841372044658556
1.1684584934028905,-3.751366741977702,3.706871386460442
1.1680391003642647,-3.627068785341664,3.7252819514837725
1.1677760969744873,-3.503328290923462,3.736827305275817
1.1677217813149405,-3.3802472617011436,3.739211660498178
1.1676829274954963,-3.2572207977505947,3.740917270041983
1.1683310294780889,-3.136046447546449,3.712466812849442
1.1690481515841087,-3.014913654085333,3.6809865021466095
0.971063593740342,-2.402104679252425,12.372135949312728
0.971552234176202,-2.301044765154163,12.350685553886748
0.9720413666286234,-2.1998830928963584,12.329213559859774
0.9725493933554125,-2.098659217240627,12.306912142750456
0.9730872794144311,-1.997389678798043,12.283299957156828
0.9736257607833352,-1.8960080604728107,12.259661638579722
0.9741786897677024,-1.7945396916773466,12.235389096876759
0.9747612128315424,-1.6930063170232053,12.209817430786266
0.9753444328835276,-1.5913514431257554,12.184215168228057
0.9742817075513793,-1.4870615536310527,12.230866810071149
0.9741661370666679,-1.384341352673686,12.235940136825754
0.9755288808195183,-1.283590632657261,12.17611825100191
0.9777379500041963,-1.1835775184261323,12.07914427165592
0.9784933913134871,-1.0814926956622752,12.04598182005305
0.9792500007096523,-0.9792500007096523,12.012768091634939
0.9800134820974435,-0.8768541681924494,11.979252695718763
1.0243620292751987,0.48522411913035735,10.032434946474268
1.0213419248553317,0.5913032196530867,10.165011846132394
1.021407923891124,0.6988580531886638,10.162114612683048
1.0223475678713527,0.807116500951068,10.120866010528218
1.0216852973299253,0.9141394765583543,10.149938440785846
1.0210254448702902,1.0210254448702902,10.17890472180406
1.020366444188097,1.12777343831316,10.20783361139577
1.0197005090460642,1.234374300424183,10.237066910722547
1.2967344307007744,-4.384197360940713,3.49715163653957
1.296542988958261,-4.260069820862857,3.5047551942162016
1.2958581443220452,-4.134404555694144,3.5319554046960633
1.295309221549135,-4.009290447652085,3.5537571596792787
1.2947284419945768,-3.8841853259837302,3.5768241814401307
1.2941450017745824,-3.759183100392835,3.599996877767218
1.293614488482014,-3.634440705735182,3.6210674570740338
1.2931002758366699,-3.5098436058423896,3.641490617956265
1.2928348514599362,-3.385996039537928,3.6520325694177487
1.2926091549114191,-3.2622992957288197,3.6609966370319214
1.292383624184956,-3.138645944449179,3.669954118634415
1.2921653770010861,-3.0150525463358675,3.6786223172651376
1.0728613208657505,-2.401165813366204,12.38879710804796
1.0733834126004778,-2.3001073127153093,12.36806101065681
1.0739235921579684,-2.198986402990126,12.346606512974162
1.0744643157163718,-2.097763664017678,12.325130409019742
1.075035947642434,-1.996495331335949,12.302426706773026
1.0756305782480424,-1.895158637865599,12.278809558043214
1.076225867080379,-1.7937097784672986,12.255166266295554
1.07684611645614,-1.6921867544310774,12.230531608040913
1.0754845776084987,-1.5876200907554026,12.28460831576983
1.075598305834324,-1.4853500413902572,12.280091332623051
1.0773305872595937,-1.3851393264766205,12.21128971414494
1.0794354883808075,-1.2850422480723902,12.12768863076245
1.0800862696337132,-1.1829516286464477,12.10184132741903
1.0808163176558951,-1.0808163176558951,12.072845758477314
1.0816515241492743,-0.9786370932779149,12.039673574287342
1.0824880223776079,-0.8762998276390159,12.006450085814933
1.1318333567159886,0.3772777855719962,10.046584432752525
1.1310906798897409,0.4847531485241747,10.076081584258418
1.1288762716815757,0.5913161423093968,10.164031998360024
1.1269886359456995,0.6976596317759093,10.239003877542515
1.1288814970897803,0.8063439264927003,10.163824459021178
1.1281526378642603,0.9132664211282108,10.192772812116104
1.1274247191199376,1.0200509363466104,10.221683811795124
1.1267032036921378,1.1267032036921378,10.250340488744612
1.1260064626774529,1.233245173408639,10.278013191788773
1.1253105828443635,1.3396554557670994,10.305651690986664
1.1246155625972067,1.4459342947678375,10.33325604971376
1.4194947607572552,-4.135049955249396,3.5239210063579165
1.41883596222015,-4.009753806274338,3.5478114541950276
1.4182051291893947,-3.8846488321274726,3.570687770346872
1.417585033450485,-3.7596820452382427,3.593174712970537
1.4169743289211336,-3.634847191580299,3.615321095939848
1.4163936366978729,-3.5101929257295112,3.63637912276878
1.4160294291985502,-3.3861573306921855,3.6495866206219034
1.4157822142014216,-3.2624546675076234,3.6585515418547345
1.4155330012323444,-3.1387905679499815,3.667588916868084
1.1740783563155102,-2.501297367802609,12.423618680930204
1.1746086918529,-2.4002873268298393,12.40438677196476
1.175139506638093,-2.299185991248443,12.385137483718694
1.1757227955112914,-2.19809044378198,12.363985292852654
1.1763145338964436,-2.0969085169458346,12.342526691736431
1.1769068683700408,-1.9956246898448522,12.321046474269984
1.177544039147904,-1.8943099760205415,12.297940328195708
1.1781954381454351,-1.7929061015256627,12.274318214764726
1.1766005926521024,-1.6881660677182342,12.332153153552142
1.176825635780042,-1.5861562917035346,12.323992265501658
1.1789764544507684,-1.4865355295248819,12.245995703023155
1.1809486732486574,-1.3863310512049458,12.174475826064452
1.1816621957196851,-1.2844154301300927,12.148600887954231
1.1823742606925998,-1.1823742606925998,12.122778804063763
1.183087184424646,-1.0802100379529376,12.096925578421938
1.1839249426178517,-0.9780249525973559,12.06654539800617
1.1848399611319254,-0.8757512756192491,12.033363475386068
1.2384241751589018,0.37691170548314407,10.090203619978503
1.2376123444552274,0.4842830913085672,10.119643574663165
1.2368101510619434,0.5915178983339728,10.148734045175956
1.2333743981120606,0.6971246598024691,10.273327030750941
1.2328411237630137,0.8040268198454438,10.292665511790617
1.2344060472005318,0.9123870783656105,10.23591565633803
1.2336424580103373,1.019095943573757,10.263606197057015
1.2328798129308693,1.1256728726760112,10.291262500863212
1.2321181102122454,1.2321181102122454,10.318884631213763
1.2313497971075438,1.3384236925082,10.34674647837435
1.2305878362080473,1.4446031120703164,10.374377971308931
1.2298268177302245,1.5506512049641963,10.401975288581973
1.5423912584657,-4.01021727201082,3.5418643742469555
1.5417112892426634,-3.8851124488915114,3.5645498947387892
1.54103711128479,-3.760130551534888,3.58704220374387
1.5403617662544817,-3.635253768360576,3.609573449284227
1.5397304378731107,-3.5105853983506923,3.630636186313275
1.5392503004396951,-3.386350660967329,3.646654804826632
1.5389670066446928,-3.2626100540867484,3.656106213763991
1.5386983628701567,-3.1389446602551194,3.66506886037471
1.2757056096217632,-2.5003829948586556,12.439182880385538
1.2762816398200192,-2.399409482861636,12.419965032836359
1.2768581904528955,-2.2983447428152117,12.400729822250959
1.2774352619542173,-2.197188650561254,12.381477234155824
1.2780817480844335,-2.096054066858471,12.35990879567678
1.2787250650251174,-1.9948111014391832,12.338446089503911
1.2793690301635092,-1.8934661646419937,12.316961757789926
1.2775723251269093,-1.788601255177673,12.376904454524869
1.27791298536387,-1.6868451406803084,12.365539153678135
1.2804550670844188,-1.587764283184679,12.28072877548793
1.2822509556254933,-1.4874111085255723,12.22081331914174
1.2830179558681145,-1.3856593923375637,12.195224220206462
1.2837858741467307,-1.2837858741467307,12.169604493231454
1.2845624522395687,-1.181797456060403,12.143695852602235
1.2853366132315318,-1.0796827551144865,12.117867852669043
1.2861117079058562,-0.9774448980084507,12.092008702693136
1.3448114800917217,0.37654721442568206,10.133633470882103
1.3439426218789794,0.4838193438764325,10.162620813429243
1.3430748856482888,0.590952949685247,10.191570723772138
1.3411354195662244,0.6973904181744367,10.256276295814665
1.3381083887332665,0.80286503323996,10.357265822493275
1.3398034942810517,0.9110663761111151,10.30071274576963
1.339689857468403,1.018164291675986,10.304503961834463
1.3388624099264625,1.1246444243382285,10.332109737997072
1.3380266619934715,1.2309845290339938,10.359992436533354
1.3371989347656614,1.3371989347656614,10.387607543735243
1.3363722309984591,1.4432820094783358,10.415188505661419
1.3355465488389127,1.5492339966531388,10.442735384131133
1.3347277933158919,1.6550624637117055,10.47005117220806
1.6652694707051199,-3.8856287649786125,3.55771432673761
1.6645186467378728,-3.7605791648522313,3.5809082312034732
1.6637768097436676,-3.6356604361065323,3.6038245166757292
1.6630948225638738,-3.5109779587459555,3.624891965485432
1.6624906838545337,-3.3865550967407168,3.6435545763234174
1.662163533917819,-3.262765455468311,3.653660652726387
1.661873371004207,-3.139094145230169,3.662624153082568
1.3773103471583314,-2.4995632226206754,12.453136813191897
1.3778802463922286,-2.3985322807568425,12.435531903169313
1.3785024657678895,-2.2975041096131488,12.416310757620643
1.379125247293868,-2.1963846530976414,12.3970722465358
1.3797660596695838,-2.09520031283159,12.3772767396377
1.3804602759337,-1.9939981763486776,12.355831518905603
1.3784320702467823,-1.8889624666344795,12.41848536453599
1.378829166627466,-1.7873711419244929,12.406218553779958
1.3817721672293684,-1.688832648835895,12.315305533177018
1.3833898684437953,-1.5883365156206537,12.26533269126135
1.38415572296756,-1.4866857765207124,12.241674473844455
1.3849883839745112,-1.3849883839745112,12.215952519444826
1.3858169324392404,-1.2831638263326302,12.190357606689538
1.3866464728306833,-1.181217365744656,12.164732052060202
1.387486268729929,-1.0791559867899445,12.138789691789867
1.3883225541008297,-0.9769677232561393,12.11295577619179
1.4510087728595817,0.37618745963026196,10.176498986529452
1.4500721975944852,0.48335739919816173,10.205430984136541
1.4491368306024526,0.5903890791343325,10.234325656656488
1.448226196223047,0.6972940944777634,10.262456307409032
1.4444245572805818,0.802458087378101,10.379893755188633
1.4434785748418992,0.9088568804560105,10.409116352317007
1.4455347781678671,1.0172281772292397,10.345597624112635
1.4446402563162135,1.1236090882459437,10.37323053845067
1.4437468408709953,1.2298584200012181,10.400829274490889
1.4428545298566982,1.3359764165339798,10.428393893259425
1.4419608579346659,1.4419608579346659,10.456000552193665
1.4410877189902818,1.5478349574340062,10.48297292141055
1.4402156368155852,1.6535809163438198,10.50991264567169
1.4393446094932068,1.759198967158364,10.536819784207076
1.787219468620091,-3.6360671947788057,3.598074298670788
1.7864868000245222,-3.5113706069447503,3.619146459854335
1.785754731861816,-3.386776215599996,3.6402013520868977
1.785371797697704,-3.2629208716544245,3.6512148587086557
1.478268829752034,-2.5997141488742668,12.483752897917185
1.4788567807555808,-2.4987580088628776,12.466842935637253
1.4794451996556193,-2.3977215304763484,12.449919516263144
1.4800724142769455,-2.296664091119398,12.431880299518767
1.4807408386760568,-2.195581243554153,12.412655855121578
1.4814098668046298,-2.0944070530686147,12.393414046960451
1.4791545232347723,-1.9892078071088317,12.458279613078247
1.4796359255247593,-1.8878113532557275,12.444434080855245
1.4828971652098477,-1.7897034752532646,12.350638101720925
1.4843766660756008,-1.6891182751894769,12.308086420233693
1.4851976049176903,-1.5876250259464963,12.284475532982675
1.4860194524198551,-1.4860194524198551,12.260838511908418
1.4868601009481088,-1.384318025020653,12.23666075760967
1.4877491620096654,-1.2825423810428151,12.211090618389235
1.4886392867650695,-1.1806449515722963,12.185489886444707
1.4895362968843486,-1.0786297322265972,12.15969112568024
1.557003336633532,0.3758283916011974,10.219282672568582
1.5560034834384018,0.4828976327912281,10.248039286152256
1.5550412183428308,0.5898432207507289,10.275714834575922
1.5540801426809447,0.6966566156845614,10.303356173892674
1.5531202542492202,0.8033380625427001,10.330963367477665
1.5485458833573857,0.9077682764508813,10.46252609765201
1.549358247876965,1.0150967830918045,10.439161815082926
1.5502316108042709,1.122581511272058,10.414043167324273
1.5492737704716368,1.2287343696844015,10.441591455867595
1.5483232069951058,1.3347613853406086,10.468930455947294
1.547385935292691,1.4406696638931953,10.495887173493955
1.546449797651664,1.546449797651664,10.522811274487239
1.5455147922610342,1.652102019313519,10.54970281101275
1.5446182877763959,1.7576690860903816,10.575487029302323
1.543733878117635,1.8631270942799045,10.600923390290639
1.9085917996551478,-3.263076302636221,3.6487688318503615
1.579743876295167,-2.5989334739049523,12.496520213091493
1.5803378107233503,-2.4979533137240053,12.480540230296917
1.58096640507741,-2.396949065762525,12.463627711867282
1.5815954997717345,-2.295864435152518,12.446701731633716
1.5822821177882807,-2.1947784214482606,12.42822806927267
1.5797949099683708,-2.089406171248491,12.49514713690489
1.5803338400704434,-1.9881619278305582,12.480647061896704
1.5844787119346557,-1.8911520110187832,12.369128049135576
1.5852760800489123,-1.7898278323132883,12.347674622389903
1.5860742513011776,-1.6884016223528668,12.326199586976749
1.586914173458868,-1.586914173458868,12.303601231010532
1.5877919132910132,-1.4853537253367544,12.279985379242689
1.5886706246893159,-1.3836808666648883,12.25634338719783
1.5895827063732406,-1.281921537397775,12.231803557673295
1.5905332977936142,-1.180073091911391,12.206227612212942
1.5914850268210934,-1.0781027601046116,12.180621059094385
1.6628209658944777,0.3754757019761724,10.261306358792162
1.661792947299427,0.48245601695789825,10.288965505462045
1.660766199038694,0.5893041351427624,10.316590473408532
1.6597307807614472,0.6960161338677038,10.344448710733154
1.658703684320044,0.8025985569290536,10.372083046584336
1.6546946811604948,0.9074132122493037,10.479946471354914
1.6530220682806904,1.0131425579784878,10.524948619358057
1.655626369141331,1.121553346837676,10.454879128568912
1.6546238258171124,1.227624128832051,10.48185285548493
1.653622495912639,1.333566528961806,10.508793934981064
1.652622377520122,1.4393807804207517,10.535702418386968
1.6516364590425099,1.5450792681365415,10.562228848850502
1.6506904913937412,1.6506904913937412,10.587680390357846
1.6497456067224723,1.7561808071561804,10.61310279403282
1.6488018031700207,1.8615504229338946,10.638496109883818
1.6479107778651858,1.9668612510003833,10.66246941125371
1.6812351708278952,-2.5982725367340196,12.507329312272837
1.6817632151793251,-2.497163561932937,12.493983163487016
1.6824222181968946,-2.3961770986440616,12.477327077120464
1.6830914682117526,-2.2951247293796624,12.460412001239014
1.68029310951783,-2.189472839674748,12.531139604676213
1.6809708798202927,-2.0884789718979393,12.51400918130404
1.6852702431574345,-1.9916830146406044,12.405344174990802
1.6860318123195823,-1.8903993047219558,12.386095762767106
1.6868643938789256,-1.7890985995685575,12.365052535361606
1.687713367592004,-1.687713367592004,12.34359500161598
1.688563196350654,-1.5862260329354625,12.322115856872365
1.689473228189306,-1.48468859446939,12.299115098914065
1.6904077928683525,-1.383060921437743,12.275494281415021
1.6913433920645924,-1.281320751564085,12.251847316831267
1.692328649415959,-1.1795017859565773,12.226945258570332
1.768481439334254,0.3751324265254478,10.302208326998588
1.7673890964130963,0.4820152081126625,10.32981693811513
1.7662860517627768,0.5887620172542588,10.357696031946361
1.7651933396381698,0.6953791944029153,10.38531397455968
1.7641019787416188,0.8018645357916449,10.412897765324516
1.7630119665162152,0.9082182857810804,10.440447468865905
1.7580765545152748,1.012225895023946,10.565188397739618
1.7576401308364358,1.1184982650777315,10.576218863903435
1.7597974548231,1.2265254988160998,10.521693203649178
1.7587334299367496,1.3323738105581435,10.548586085670536
1.7577109280255103,1.438127122929963,10.574429488036706
1.756704482925474,1.5437706062072347,10.599867059735885
1.755699189723696,1.64929317822529,10.625275517582224
1.7546950463157367,1.7546950463157367,10.65065491476475
1.753805998390687,1.8600972710204255,10.673125311149654
1.752926888015413,1.9654028744415235,10.69534453920464
1.7520486585218968,2.0706029600713323,10.717541503260449
1.7826748577953837,-2.597611935644702,12.518132915107984
1.783234620086912,-2.4965284681216766,12.504793551979674
1.7828388864293019,-2.3940979332050625,12.51422404603197
1.7807117377108193,-2.2894865199139103,12.564914865355092
1.7816122352985313,-2.1888378890810527,12.54345564150158
1.785942456774704,-2.0921040207932244,12.440264702113787
1.786754149736458,-1.9909546239920533,12.420921728624151
1.7875612837839803,-1.8897076428573505,12.401687395915303
1.7883691473776373,-1.7883691473776373,12.38243567782527
1.789269653943908,-1.6870256737185418,12.360976240009066
1.7901702529065326,-1.5855793668600715,12.339514600350142
1.791071758928569,-1.4840308859693856,12.318031345096443
1.7920538371077162,-1.3824415314830953,12.294628022560609
1.7930452504536776,-1.2807466074669125,12.271002239201884
1.8739378057390255,0.3747875611478051,10.343299738231366
1.872778121314434,0.48157151690942585,10.370935489849494
1.8716198713597365,0.5882233881416313,10.398537057466484
1.8704630531964035,0.6947434197586642,10.426104504912772
1.8693026389501655,0.8011297024072137,10.45375764847764
1.8681706782193206,0.90739718656367,10.480732733195296
1.8649452567886649,1.012398853685275,10.557595838046254
1.8615386662128128,1.1169231997276876,10.638776277330031
1.8647952451571845,1.2254368753890068,10.561170676251812
1.863727166315855,1.3312336902256108,10.586623429554031
1.8626603102783579,1.4369093822147332,10.61204704294348
1.8615946748042527,1.5424641591235235,10.63744156981074
1.860583207195126,1.6479451263728258,10.661545254419117
1.8596503303023022,1.7533845971421707,10.683776090285917
1.8587183884100456,1.8587183884100456,10.70598464470882
1.8577873801133664,1.9639466589769874,10.728170951169304
1.8568682617470307,2.0690817773752626,10.75007391575268
1.88406297655072,-2.596951670380722,12.528931025788133
1.8832921057610188,-2.494089545467295,12.546308208444486
1.8811308377500748,-2.3895445776825275,12.59502811001201
1.8821939985271774,-2.2891548630735943,12.571062045577328
1.886637326681077,-2.192578514791522,12.470899312776957
1.8873879249335648,-2.0914298627642203,12.453979119264275
1.8881638545427586,-1.990226765599124,12.436487899299031
1.889016486939993,-1.889016486939993,12.417267623860639
1.8898698894240433,-1.787714760265987,12.398029988912135
1.8907432116845955,-1.6863385401511257,12.378343316849545
1.8916944977327297,-1.5849332278301245,12.35689916351319
1.8926467416170536,-1.4834258245106637,12.335433418368382
1.893599944667984,-1.381816175838799,12.313946051424523
1.9792070454710944,0.37444457617020704,10.384167095973915
1.9779833355130232,0.4811310816112759,10.411752304473062
1.9767611378179357,0.5876857436756024,10.439303423121551
1.9755462902050935,0.6941108587207085,10.466688854182166
1.9743503408954775,0.8004123003630313,10.493648274461925
1.9731558388339645,0.9065851151399296,10.520575070474457
1.9719627812703384,1.0126295363280116,10.547469304215909
1.966931895640333,1.1163667515796483,10.660876920231225
1.9656080767984652,1.2218644801720187,10.690718810890985
1.9685580211504718,1.3301067710476162,10.62422034900117
1.9674321097970768,1.435693701743813,10.649600954290932
1.9664295205523081,1.5412555701626198,10.672201598482424
1.9654438102734848,1.646723192391298,10.694421752352824
1.9644590877116805,1.7520851322833908,10.716619640832874
1.9634753514623597,1.8573415486806106,10.738795295583984
1.962526833512942,1.962526833512942,10.76017704967309
1.9615922598308164,2.0676242738757256,10.781244468230248
1.9606585758305195,2.1726216651094945,10.802291831333434
1.9836394734563658,-2.593990080673709,12.577365458417141
1.98161420810687,-2.4897204153137595,12.62067831487169
1.9828457067055538,-2.3895832875682315,12.594341162536544
1.9872700439208004,-2.293003896831693,12.499721125335888
1.9879773731733141,-2.191872488370577,12.484593996247419
1.988768034730457,-2.0907561390756086,12.467684700615024
1.9895593254929766,-1.9895593254929766,12.450761948631268
1.9903975032214987,-1.888325836389627,12.432836459683408
1.9912963778050978,-1.7870608518763698,12.4136128918582
1.9921960646023043,-1.685704362355796,12.394371953819558
1.993136032027764,-1.5842876152015557,12.374269563690277
1.9941389308000983,-1.4828212562359706,12.352821307255446
2.0829896681737736,0.4806899234247169,10.452636111915567
2.081728277533563,0.5871541295607485,10.479612543298323
2.0804684137759697,0.6934894712586567,10.506556320368574
2.0792100740373147,0.7996961823220441,10.533467504369717
2.0779641831832634,0.9057792593362942,10.560112453256536
2.0767739815222903,1.0117616833057312,10.585566418440166
2.07558514234022,1.117622768952426,10.610991245292304
2.0698169693221318,1.2206612896002316,10.734350907767968
2.0694400687053376,1.3265641466059857,10.742411403305951
2.072224967738546,1.4346172853574548,10.682852821465893
2.0711864749424573,1.5401130198290067,10.705062301037188
2.0701490225906767,1.6455030692387427,10.727249529393362
2.069122748484683,1.7507961717947316,10.74919769685053
2.068137168406025,1.8560205357489967,10.770275571155736
2.067152526798149,1.9611447049110644,10.79133337507843
2.066168822321274,2.066168822321274,10.812371137271512
2.0652119768097923,2.1711202833128587,10.832834486579443
2.08390720339756,-2.693831262928553,12.607012806021316
2.082273286099724,-2.5901448192947787,12.640251634972167
2.0835124728317815,-2.4900514919209096,12.61504282184584
2.0879945221450638,-2.393554696117512,12.523864357262113
2.088650066641355,-2.2924208048502677,12.510528595769927
2.089306022895,-2.1912233898654874,12.49718445788546
2.090082849307776,-2.090082849307776,12.481381454702273
2.0909141832866203,-1.9889183694677606,12.464469602455871
2.0917461788575986,-1.887673380920272,12.447544291420705
2.092648693972286,-1.7864074216836587,12.429184399177451
2.093593826851875,-1.6850877142954117,12.409957532455316
2.1878486542719684,0.4802594606938467,10.492528730790774
2.186524950280373,0.5866286451971732,10.519456881081169
2.1852028470693194,0.6928691954122232,10.546352466644635
2.1839266464475573,0.7989975535783747,10.57231425444742
2.182676095427297,0.9050120395674158,10.597754251631983
2.1814269757135403,1.0109051838672503,10.623165131705093
2.1801792848949204,1.1166771947022762,10.648546943721271
2.1770410738961203,1.2212669438929453,10.712387664875862
2.1728151819970516,1.324887306095763,10.79835511144367
2.174560444935563,1.4320276100795173,10.762851174760776
2.175788229550354,1.5389721623648847,10.737874315250465
2.1747349491209595,1.644311790798774,10.759301230845459
2.1736992994514965,1.749562850778034,10.780369483358527
2.1726646357042063,1.8547137134060299,10.801417679227058
2.1716309560189413,1.959764521285386,10.822445856292084
2.170676962096692,2.0647902810188046,10.841852983472748
2.1697524644719732,2.1697524644719732,10.860660066581666
2.16882875400445,2.2746252785900327,10.879451136527976
2.1848404445472043,-2.591322387718777,12.620993444560732
2.1888961414348547,-2.4943235100071597,12.542325729754573
2.189282734185325,-2.392936942016518,12.5348270509621
2.189978542262442,-2.291838009344416,12.521330571100115
2.1906661465785127,-2.1906661465785127,12.50799321830118
2.191354182814971,-2.089430732451484,12.494647487610393
2.2925200039192877,0.47982976826217644,10.532349963108672
2.291143273846007,0.586106418890839,10.559054179861086
2.289830937533577,0.6922744694868953,10.584509360959657
2.2885201036984673,0.798320966406442,10.609935398741882
2.287210769801393,0.9042461182935738,10.6353323424619
2.285954664206809,1.010072991161148,10.659696825168197
2.284808462771684,1.1158366911210549,10.68192951417496
2.283663410298921,1.221494382252911,10.704139916939454
2.2784676063258207,1.324690468794082,10.804922109610011
2.276377235529696,1.4293531478907393,10.845468703249544
2.2802989331001555,1.5378760246489422,10.76940015212869
2.279213259644435,1.6431537453250575,10.79045878943645
2.2781286189892223,1.748331265735915,10.811497393675161
2.2770689117860865,1.853428184011931,10.832052367664502
2.2760988863694513,1.9585036929225514,10.850867798142787
2.275129687057493,2.063489716168424,10.86966720479856
2.274161312795353,2.168386368014174,10.888450608092725
2.2732080280873306,2.2732080280873306,10.906941321678381
2.3970497258491097,0.47940994516982194,10.571256566206351
2.3956771044674525,0.5856099588698217,10.596697775264197
2.3943060541931187,0.6916884156557899,10.622109864223525
2.3929365723302087,0.7976455241100695,10.647492883052188
2.3917031507192013,0.9035323013828093,10.670354057649533
2.390504214096458,1.0093240015073932,10.692576061236203
2.3893064789218394,1.1150096901635251,10.714775796269187
2.3881099433695647,1.2205895266111106,10.736953296588922
2.3869514670927345,1.3260841483848527,10.758425377339847
2.3811671047407548,1.428700262844453,10.865637150250883
2.3798225209630335,1.5336634023983993,10.89055868902475
2.3835445098142514,1.6419973289831507,10.821572515750589
2.3824925044321232,1.7471611699168905,10.841071183929863
2.381477775995199,1.8522604924407104,10.859878932844254
2.3804639115571633,1.9572703272803345,10.878670667745858
2.3794509102105295,2.0621907888491253,10.897446405454744
2.3785334165589913,2.1671082239759696,10.914451930874904
2.377688291869291,2.2720132566751,10.930116114893849
2.3768437675344556,2.3768437675344556,10.945769171478943
2.5000339946671133,0.5851143391774094,10.634277653572937
2.4986536929974354,0.6911169789141842,10.658772552747052
2.49740081607726,0.7970428136416787,10.681006166247236
2.4961491949819954,0.9028624747807218,10.703217493818734
2.494898827806919,1.0085761218793927,10.725406569262859
2.493656940816905,1.1141871437692554,10.747445154938937
2.4924690964051384,1.219718919517408,10.768524698447393
2.4912823824784835,1.325150203446002,10.789584180313206
2.490096797928987,1.430481139235801,10.810623620198172
2.483702955974083,1.5324975685797533,10.924089044069731
2.4831741164577976,1.6378382470253556,10.933473855314453
2.4868136573195385,1.746060653011591,10.868886389830024
2.485755164524016,1.8510942714540546,10.887670453395558
2.484705942452607,1.9560451036329034,10.90628999824942
2.4838229298551577,2.061044558815982,10.921959981861804
2.4829405446432182,2.1659694112845096,10.937618831861045
2.4820587861483854,2.2708197405187356,10.953266560108666
2.481163696397822,2.3755822625085528,10.969150865455447
2.6043532599640953,0.5846507318286744,10.669430227240262
2.6030476968191687,0.6906044909928407,10.691653156432942
2.601743441976857,0.796452074074548,10.713853816065942
2.6004404934715724,0.9021936405921782,10.736032239596945
2.5991763879273133,1.0078439055228359,10.7575494891542
2.5979385615866146,1.1134022406799777,10.778619421488827
2.5967019135951572,1.2188600818916042,10.799669296293601
2.5954664423602716,1.3242175726327916,10.820699140678492
2.5943155470925103,1.42952081166322,10.840289356703693
2.5916842219793237,1.5338539272938856,10.885079033787108
2.586289709045664,1.636224101641134,10.976902917924455
2.5870042800594057,1.7422681886114366,10.964739690811903
2.589996860364077,1.8499977574029123,10.913800829315576
2.589076586302025,1.9550170141464271,10.92946547594589
2.5881569659886696,2.059961666807309,10.945118994649498
2.5872379988515335,2.1648317949574056,10.960761395170941
2.586310566671329,2.26961947687484,10.97654788527813
2.7072869916181737,0.6900927625693384,10.724485031658155
2.7059366474102813,0.7958637198265534,10.74656883192538
2.7046476580614995,0.9015492193538331,10.767649222509277
2.7033598961095553,1.0071340789427754,10.78870953999889
2.7020733598563713,1.1126184422938,10.80974981216491
2.7008052921057466,1.2180102297731796,10.830488046732384
2.699654715364603,1.3233601545904918,10.849304809743636
2.6985051188675704,1.4286203570475373,10.86810554164591
2.697356501084386,1.5337909515970038,10.886890267465425
2.692938034089568,1.6368839030740507,10.959150763737846
2.689149959892966,1.7400382093425077,11.021101689632324
2.6918362675849354,1.8473386150092697,10.977169274342181
2.693337574415111,1.953990004967826,10.952616601043296
2.6923814241973676,2.0588799126215167,10.968253673658339
2.691422114308191,2.163692287973252,10.983942420174316
2.690509449863264,2.2684687518454973,10.99886831773064
2.8100707848079605,0.7953030523041398,10.777744347272048
2.8087331330340186,0.9009144011618551,10.79879505497712
2.807396754153937,1.0064252514891472,10.819825731073749
2.8061460904762376,1.111869205660396,10.83950750179276
2.804950881646235,1.217242835431385,10.858316576184954
2.803756690546485,1.3225267408238137,10.87710963449397
2.8025635158534747,1.4277210363781854,10.895886697548015
2.8014665504887626,1.532877923852342,10.913149708523662
2.8004711226158796,1.6380114113413635,10.928814817785842
2.7945437218176195,1.7399989211317255,11.022094686347856
2.792478262880299,1.8440894188832164,11.054598939856419
2.7974787086657487,1.9529568343515606,10.975906618973518
2.7964971762442676,2.0577998089344613,10.99135305466789
2.7955803188728914,2.1626187372412935,11.005781695146737
2.7946640625047485,2.267368956371777,11.02020087760097
2.912684738264305,0.9002843736453306,10.829705844440568
2.911443876708294,1.0057715210446834,10.848523267148657
2.9102040719654028,1.1111688274776992,10.867324663492568
2.90896532268611,1.2164764076687369,10.886110053937522
2.90772051666656,1.3216911439393455,10.90498729366341
2.9066871430060948,1.4269191429302648,10.920658203032936
2.9056545040036332,1.5320723748382794,10.936317971457584
2.9046225985095537,1.63715091915993,10.951966616371145
2.903591425690967,1.7421548554145805,10.967604150404206
2.897042543065328,1.843572527405209,11.066916674057921
2.8957446683576245,1.9480464132587658,11.086598690056157
2.9006181759833582,2.0568019793336543,11.012692900469638
2.899667642569865,2.161570424461172,11.027107553702486
2.898717731932436,2.266270226783541,11.041512762658172
2.8977898058899556,2.370918932091782,11.055584579533004
3.015414312564177,1.0051381041880592,10.876329074951208
3.0141310415581875,1.1104693311003848,10.89510680222405
3.0129424872527344,1.2157487229265418,10.912498567870266
3.011871901617608,1.3209964480778982,10.928164132653379
3.0108020765323356,1.4261694046732118,10.94381856853412
3.009733011186758,1.5312676723581753,10.959461887367326
3.008653002698689,1.6362849663799885,10.97526533398667
3.0075945524114016,1.7412389513960749,10.990753325793364
3.00660847138655,1.8461630964654259,11.005182359463696
2.999484502917783,1.9470338001396135,11.109425295197802
2.9989883638474595,2.051939406842999,11.11668515231952
3.0036541044737453,2.160523127779361,11.048412741739625
3.0027397483663094,2.2652247224517774,11.061792245784794
3.118128616864303,1.109842389053396,10.92000727560879
3.1170208441881244,1.2151098206157094,10.93566750567183
3.1159138583457398,1.32030248234989,10.951316612515718
3.1148076584991338,1.4254204538894342,10.966954607987233
3.1136966702724824,1.530461075218678,10.982660295264793
3.1126349672509606,1.6354522709284707,10.997669253269613
3.1116146076822955,1.7403946110765383,11.012093752028186
3.1105949170538567,1.845268171133644,11.026508794191493
3.1080786967674587,1.9491340979728133,11.062079800248618
3.10180742035535,2.050347277862011,11.150734840686425
3.102637471311443,2.156070107182528,11.139000674267656
3.106744392870668,2.264237438871843,11.080942430142898
3.2176423739697784,1.529698833526616,11.004583003421097
3.2165877575659683,1.6346593522056558,11.019002967812547
3.2155338322590596,1.7395510895827702,11.033413482708731
3.2144805973699557,1.8443741132450566,11.047814557395071
3.2134976869433696,1.9491707281459782,11.06125407274886
3.2089831074588933,2.0516449375556856,11.122982749804628
3.204301586772475,2.1537109025847783,11.186994044671728
3.2075399478091113,2.2610527500949473,11.142715337583311
3.318389499121548,1.8435497217341934,11.067460142475973
3.3174117455248284,1.9483211838796612,11.080404734685565
3.3164345679427667,2.053030923012189,11.093341700970917
3.309935243887786,2.154084841260305,11.179386998898721
3.322074635411993,2.2674477670272335,11.018672199709385
0.0,0.0,55.0
