-2.0478584363564822,2.0478584363564822,3.2410458327915705
-2.0485112750993464,2.1726634735902155,3.2245455464580104
-2.049235802723011,2.2976280212348907,3.2062333470401327
-2.05021899632598,2.422986086567067,3.181383449346953
-2.0512138721018762,2.5484778410962705,3.1562382885426246
-2.0525208431206754,2.674496856187546,3.1232050222489676
-2.0538294807454265,2.800676564652854,3.0901296330333423
-2.055369843137433,2.9273449281048283,3.051197475891371
-2.0569393425443465,3.054243266202211,3.0115288901992727
-1.9229880597520037,1.9229880597520037,3.2614331635717733
-1.9234375520733815,2.047530297368439,3.2493394387074304
-1.9240357387148426,2.1722984146780484,3.2332450488473654
-1.924649196373919,2.297161944059194,3.216739787707297
-1.9254763064976081,2.42237341785183,3.1944861433341245
-1.9264003317187446,2.547819793563501,3.169624969381502
-1.9274782266665844,2.6735988305375207,3.1406238845756747
-1.9287067272263674,2.7997355717802113,3.1075707108970363
-1.9300256548026273,2.926167928249145,3.072084571391038
-1.9314988472105994,3.0530143068812703,3.032447890613824
-1.9329815499672334,3.180066420913836,2.9925553310715927
-1.797843287752561,1.6738540954937635,3.2925243808796623
-1.7982770048955474,1.7982770048955474,3.2800503133403254
-1.7987027285988773,1.9227511926401788,3.2678061438065455
-1.7991231178269231,2.047278030630637,3.255715398240568
-1.7996020249785234,2.1719334784223556,3.241941628283037
-1.8001757118912034,2.2967759082749835,3.225441913178564
-1.8007966848180759,2.4217610588932743,3.207582212783578
-1.8016606584253612,2.5471754136358555,3.1827336097164505
-1.80252546162105,2.672710167231212,3.1578611469934543
-1.803668024896432,2.798795211046188,3.1250000722225906
-1.8048179602842014,2.9250497977019814,3.091926969337763
-1.8061592601846923,3.0517863361741355,3.053350063121833
-1.805524040640589,3.175231933540346,3.0716195081359032
-1.8055798653793649,3.2998528574174597,3.070013941989586
-1.8067103038951615,3.426519541870134,3.0375015854384557
-1.6733543233732224,1.5494021512715024,3.307962975442692
-1.6736413061347122,1.6736413061347122,3.299097714018302
-1.6740450090768462,1.7980483430825385,3.286626818201306
-1.6744480117613423,1.9225143838741334,3.2741775542307394
-1.674839312213519,2.0470258260387455,3.2620897870560697
-1.675230795556597,2.1715954757215146,3.249996370149553
-1.6757440556702838,2.2963900022148334,3.234141114374168
-1.6762783389399485,2.4212909340243702,3.217636426651225
-1.6769840660592963,2.546531359571524,3.19583562100415
-1.6777888203425069,2.672034047212141,3.1709757406892933
-1.6787132890722527,2.7978554817870878,3.142417729311447
-1.677377422018463,2.9198792161062133,3.183684356611991
-1.677594851739123,3.0445239901932233,3.176967676818826
-1.678955560794743,3.1713605037234034,3.1349336485796826
-1.6814870035080254,3.3006967105898273,3.056734173051545
-1.356357268586951,-0.7053057796652146,9.748436299261222
-1.3583681344502128,-0.5976819791580936,9.681348647053014
-1.5490874018036849,1.42516040965939,3.318463826451925
-1.549293489339388,1.549293489339388,3.3115882167097297
-1.5494996316900307,1.673459602225233,3.3047107782002954
-1.5498446029427635,1.7978197394136055,3.29320165079006
-1.5502184872426004,1.9222709241808242,3.280727909835065
-1.5505861239223253,2.0467736835774692,3.268462605540549
-1.5509485192261032,2.1713279269165446,3.25637216701557
-1.551354206630653,2.2960042258133666,3.2428373927678606
-1.5518487471930316,2.420884045621129,3.2263382488628096
-1.5523705067825524,2.5458876311233856,3.20893100827179
-1.5506924151574326,2.667190954070784,3.2649164568172893
-1.5509361676491273,2.791685101768429,3.2567842473614164
-1.5522499359307478,2.9182298795498056,3.212953561700189
-1.5558236828616128,3.0494144184087606,3.093724181183923
-1.5569693293072568,3.176217431786804,3.0555024719674435
-1.5581581465269212,3.3032952706370726,3.015840474800413
-1.2480186487524128,-0.8139252057080953,9.742272867251728
-1.2472464766705136,-0.7049653998572469,9.77027465505919
-1.250072226101973,-0.5978606298748567,9.667802631229776
-1.2502925063200812,-0.4892448937774231,9.659814463734165
-1.4248886830704572,1.3009853193252001,3.3283176277784676
-1.4250657160179157,1.4250657160179157,3.3218977647118493
-1.425250055235661,1.549184842647458,3.3152129495250477
-1.4254396796233866,1.673342232601367,3.308336474717578
-1.425675774445903,1.7975911938665734,3.2997748117443706
-1.4260196605361282,1.922026498983477,3.287304242613274
-1.4263635416408664,2.046521603223852,3.274833854274206
-1.4266968631961305,2.171060443994112,3.2627463938739183
-1.4268144289260558,2.295310168272351,3.2584830299166327
-1.4249709590433612,2.41625510446483,3.3253339996612183
-1.425278546734133,2.540713931134759,3.314179743438963
-1.4264340286130637,2.666811444798337,3.272277738500364
-1.4291902669853993,2.796241826710564,3.1723264402624096
-1.429965560718441,2.9221035371202926,3.144211449951328
-1.4308769028586776,3.0483899234815306,3.1111628461114478
-1.431835899749427,3.174940473357425,3.076386106480129
-1.4329287320940693,3.3019662087385075,3.0367560031117975
-1.434033265801199,3.4292099834376497,2.9967015654828657
-1.1413131043336868,-0.8152236459526335,9.670074028988253
-1.139289065317362,-0.7052741832917003,9.750463484278008
-1.1396877594610575,-0.5969793025748397,9.734628411544527
-1.141916632784351,-0.4893928426218647,9.646103481479308
-1.142134779821318,-0.3807115932737727,9.637439260417658
-1.3009001269689595,1.3009001269689595,3.3317012419567433
-1.3010617445772843,1.424972386917978,3.3252822196979537
-1.3012240174017053,1.5490762111925067,3.318837173995604
-1.3013971284303936,1.673224879410506,3.3119616635985025
-1.301570285453351,1.7974065846736753,3.3050843264311425
-1.3018524146731691,1.9217821359461065,3.293878902958788
-1.30216646927154,2.0462615945695632,3.2814054882218855
-1.3003618711133618,2.1672697851889366,3.353079335308223
-1.300385779215092,2.291155896712305,3.3521297689907783
-1.3015421044892288,2.4171496226228535,3.30620359949706
-1.3035303805105163,2.544987885758627,3.2272345554085646
-1.3039572676055127,2.6700077384303356,3.2102797335102693
-1.3045828385346718,2.7955346540028683,3.185433717284994
-1.3052090101614886,2.921182070361427,3.1605638429437803
-1.3060140500189632,3.047366116710914,3.128589797430358
-1.3068466466867066,3.173770427667716,3.095521268584754
-1.3078000478057388,3.300638215890674,3.0576547077064973
-1.0329288132592032,-0.8154701157309499,9.656369253788654
-1.033110875678659,-0.7068653359906615,9.648377056248421
-1.031143019861802,-0.5969775378147275,9.73476222275356
-1.0323661819633898,-0.4890155598773952,9.681067708702628
-1.0337055482110697,-0.3808388861830257,9.62227205135514
-1.0339070486639204,-0.27208080227997905,9.613426560734709
-1.1767954050474103,1.1767954050474103,3.3408966568175487
-1.1769301516135937,1.300817535993972,3.3349815361791144
-1.177074014382264,1.4248790700416878,3.3286662314098265
-1.1772202570136963,1.5489740223864426,3.322246455144608
-1.177371974477595,1.6731075426786877,3.315586344038728
-1.1775286184211604,1.7972805228533504,3.30870996974798
-1.1760814883809947,1.918869796832149,3.3722362547549594
-1.175835540712433,2.042240675974226,3.3830328944875347
-1.1766269576784731,2.1674707115129768,3.3482911792659635
-1.1785607124574722,2.2950919137329726,3.2634029841385654
-1.1788361867087307,2.419716383244237,3.2513101829998874
-1.1791864757733976,2.5445602898268054,3.235933152367373
-1.1795624267581042,2.6695360184525514,3.2194296117454257
-1.1800384208859067,2.7948278389403054,3.198534365440551
-1.1806046705849091,2.9204431324995124,3.173677069437062
-1.181235039819441,3.0463429974290848,3.1460050465082148
-1.1819878356550448,3.172704190442489,3.1129587262209455
-0.9244828454375981,-0.8157201577390572,9.642465847314355
-0.9246629748704153,-0.7070952160773765,9.633628228594617
-0.9233912267379296,-0.5974884408304251,9.696023501408497
-0.9230919031293144,-0.4886957134214018,9.710709096568507
-0.9252037845729616,-0.3809662642359254,9.607094697253928
-0.9253881687987151,-0.2721729908231515,9.598048327320612
-1.0528586605142027,1.1767243852805795,3.344014290909577
-1.0529792086763397,1.3007390224825373,3.338099884376078
-1.053102522242302,1.4247857653866438,3.332049799934559
-1.0532333537789542,1.5488725790866973,3.3256308642872057
-1.052131294663455,1.6710320562301932,3.379700752350807
-1.051580939949927,1.7938733681498755,3.406702586768972
-1.051931292944383,1.918227651839757,3.389513357147294
-1.0538667226885077,2.045741285218868,3.294556137386543
-1.0541209507146234,2.1702490161771664,3.2820830488549078
-1.0543718051181143,2.2948092229041315,3.2697754790283327
-1.0546182213763653,2.4194182725693087,3.2576856561565037
-1.054884347240627,2.544132837462689,3.244628828724018
-1.0552206114587532,2.669087428983905,3.2281308311319066
-1.0555570900777147,2.794121709029245,3.2116223144768767
-1.0560633545219789,2.9197045683842946,3.186783663403652
-1.0565702289437506,3.0454083069555167,3.1619150852465836
-1.057212889795845,3.1716386693875354,3.1303844714647013
-0.8161519118049212,-0.7073316568975985,9.618458472233328
-0.8163110178476252,-0.598628079754925,9.609611494875502
-0.8147636016514992,-0.4888581609908995,9.695654462305335
-0.815442045367069,-0.38053962117129886,9.657930086233861
-0.81680058039399,-0.27226686013133,9.582389720709507
-0.928894403362331,1.0527469904773084,3.3494931135153863
-0.9289363610577864,1.1766527240065294,3.3471600859611
-0.929043227465331,1.3006605184514632,3.34121785603827
-0.928340956443849,1.4234561332139017,3.3802671323606788
-0.9275671627209809,1.545945271201635,3.4232933771814515
-0.9276727710821958,1.6698109879479526,3.4174211000222243
-0.9293780373374748,1.7967975388524513,3.3226009932988276
-0.9296211397117469,1.9212170220709435,3.3090834601852634
-0.9297641953510697,2.0454812297723532,3.3011289539924746
-0.9299884571529343,2.16997306669018,3.2886590373909144
-0.9302128271829659,2.2945249737179827,3.2761831028397737
-0.9304308597462311,2.419120235340201,3.264059558581522
-0.9306483338977216,2.5437721126537727,3.251967064409378
-0.9309205779949158,2.668638990252092,3.236829126699739
-0.9312173711233369,2.7936521133700105,3.2203261577208266
-0.9315850141698802,2.9189663777322914,3.1998836298742575
-0.9320320301280876,3.044637965085086,3.175027628218757
-0.7075688928937958,-0.7075688928937958,9.603237698345545
-0.7077111001137614,-0.5988324693270288,9.594113855526572
-0.7069969693855507,-0.48945944034384276,9.639931617226502
-0.7065155884807733,-0.38043147072041644,9.670816432444077
-0.7081380649571776,-0.27236079421429904,9.56672030883113
-0.8050226484913332,1.052721924950205,3.350722893502393
-0.805059010096017,1.1766247070634093,3.3483899770312036
-0.8037274099871997,1.2983288930562455,3.4338238255623423
-0.8037447337199469,1.4220099135045212,3.432712355872816
-0.8044503038069057,1.5470198150132803,3.387443834536569
-0.8054083071049235,1.6727710993717642,3.3259795044323326
-0.8055083782515551,1.796903305330392,3.3195590609921055
-0.8056151526883556,1.9210822871799245,3.3127085425818095
-0.8057223419938733,2.0452951758306015,3.3058314066975996
-0.8058875267369898,2.169697187368819,3.295233353851536
-0.8060819313164087,2.294233189131317,3.2827605917348492
-0.8062740905099246,2.418822271529774,3.270431890855356
-0.8064625216756262,2.543458722207744,3.258342375720524
-0.8066623053062748,2.6681907021669087,3.2455245001985773
-0.8069194395975491,2.7931826755299776,3.2290270758236232
-0.5990390176410302,-0.5990390176410302,9.578452531685166
-0.5991594782698779,-0.49022139131171827,9.569318722350317
-0.5981482409024064,-0.3806397896651677,9.645994806437827
-0.5983101565047364,-0.27195916204760745,9.633717714294384
-0.6811728469605675,0.9288720640371375,3.3507352756659685
-0.6801876429679772,1.051199084586874,3.4254374045717455
-0.6799472580957693,1.1744543548926925,3.4436643523366044
-0.6803500481315583,1.2988500918875203,3.4131231919253935
-0.6812941307486114,1.4245240915652786,3.341539051090365
-0.6813721399855459,1.5485730454216955,3.335624077016824
-0.6814547081776392,1.6726615564360237,3.3293634246284256
-0.6815393726728094,1.7967856188646796,3.322943822110048
-0.6816265575132018,1.9209475711735686,3.3163331168808696
-0.6817172434396673,2.0451517303190023,3.3094569452253353
-0.6818181474347158,2.1694213782013687,3.30180599851591
-0.6819826017890911,2.2939414787451247,3.2893364079823257
-0.6821471355000316,2.418521662227385,3.2768608003148074
-0.6823073048458907,2.5431454089710477,3.2647161163598994
-0.6824667818420641,2.6678246926553415,3.2526239291425867
-0.49144293607528966,-0.3811696057317956,9.5414557401738
-0.48960675791306485,-0.27200375439614716,9.626279137647792
-0.49014847704164,-0.16338282568054668,9.57607596514557
-0.5567116781835354,0.8041390907095513,3.4074108895437263
-0.5563222566506912,0.9272037610844855,3.443500064465198
-0.5564258634579134,1.0510266309760588,3.4338984274894813
-0.5573220049798101,1.1765686771795991,3.350849583472261
-0.5573471782740689,1.3004767493061606,3.3485166785267637
-0.5573888305052338,1.424438122402264,3.344656607807508
-0.5574526485406461,1.5484795792795727,3.3387423476834712
-0.5575173426140938,1.6725520278422814,3.332746901782002
-0.5575866044938393,1.7966679478134824,3.32632813989364
-0.5576558835835354,1.9208147101210662,3.31990778309369
-0.5577295377073409,2.0450083049269168,3.313081975238916
-0.5578037446157342,2.169236784616744,3.306204938733444
-0.5579148265616203,2.293649842531106,3.2959105522201426
-0.5580494108214678,2.418214113559694,3.283438116862399
-0.38121707759563994,-0.2722979125683142,9.577209775267406
-0.3810580956421092,-0.1633106124180468,9.596152798413932
-0.43378069205999903,0.5577180326485701,3.314148192803799
-0.4328120716544766,0.6801332554570346,3.429561284381265
-0.4327493743715193,0.8036774095471072,3.4370317931774466
-0.43344263002681255,0.9288056357717412,3.3544289717059996
-0.43346234998268585,1.1765406642387186,3.352079298851571
-0.4334819282792195,1.3004457848376585,3.3497465049956006
-0.43350150834442813,1.424362098845978,3.3474135003984102
-0.4335481148374069,1.5483861244193105,3.3418602419582655
-0.4335977564617494,1.6724484892096048,3.335945341442411
-0.4336500705247039,1.7965502921737733,3.3297120144299583
-0.4337039472037235,1.9206889090450612,3.3232924985348404
-0.43375922113790255,2.044864899650112,3.316706496845349
-0.27231350817763095,-0.1633881049065786,9.574608227265301
-0.272595993368434,-0.0545191986736868,9.527486068147681
-0.30945477902501123,0.4332366906350158,3.378967069137502
-0.3092628291780323,0.556673092520458,3.4109867697321974
-0.3093705285507096,0.6806151628115612,3.3930211306778304
-0.16357719535404389,-0.16357719535404389,9.522037033900247
-0.16351170413682845,-0.054503901378942815,9.540244994641242
-0.18598284124907805,0.18598284124907805,3.2927877058354156
-0.18575765739237046,0.3095960956539507,3.3553936398334017
-0.18571349826225966,0.4333314959452725,3.367670823578038
-0.05354956926152843,-0.05354956926152843,10.336219285541532
-0.05354951722537003,0.05354951722537003,10.336262687040367
-0.061980909922611495,0.1859427297678345,3.3039395565231686
0.06194692158287096,-0.3097346079143548,3.332288015230752
0.061952099496108616,-0.18585629848832586,3.3279693029685617
0.053549617172566975,-0.053549617172566975,10.336179324657643
0.05354956513631546,0.05354956513631546,10.336222726234148
0.18453814953716502,-2.6450468100326985,3.6944429367470804
0.18454958762532458,-2.5221776975461028,3.6912629033163995
0.18456164319045176,-2.399301361475873,3.6879111980667574
0.18457406315700162,-2.27641344560302,3.6844581814187407
0.18459400424742023,-2.153596716219903,3.6789141312863265
0.18462199183603123,-2.0308419101963437,3.671132982357797
0.18466294998645066,-1.9081838165266567,3.6597457395095248
0.18472792271702376,-1.7857032529312296,3.641681929157393
0.18479344011005366,-1.6631409609904828,3.623466690979484
0.18486040209295573,-1.540503350774631,3.60484982588428
0.18540829305416232,-0.5562248791624869,3.452524406749397
0.18546932581191786,-0.4327617602278083,3.435555993206677
0.18564811143642462,-0.3094135190607077,3.385849761279964
0.18597987827731008,-0.18597987827731008,3.293611475432641
0.163254891770158,0.05441829725671933,9.611644331666163
0.16319613118925155,0.16319613118925155,9.627981031391009
0.3075596207668064,-2.8910604352079803,3.695103815075697
0.3075530302901984,-2.7679772726117857,3.696203191246532
0.30755752362022376,-2.6449947031339245,3.6954536460692395
0.3075765863493803,-2.5221280080649184,3.692273737933256
0.30759615963776893,-2.3992500451745977,3.6890086619578284
0.30761685869653677,-2.2763647543543724,3.68555579301956
0.30764185001283734,-2.153492950089862,3.681386920379097
0.30768849149856353,-2.0307440438905195,3.6736065213230518
0.30773717932901146,-1.9079705118398709,3.6654847656765526
0.30784544300065897,-1.7855035694038222,3.6474249943040036
0.30795378287660763,-1.6629504275336815,3.629352511074977
0.3080651876273172,-1.5403259381365864,3.6107687673591684
0.3081768461157862,-1.4176134921326167,3.59214269692513
0.3083264596719005,-1.294971130621982,3.5671852335716494
0.30848498080460707,-1.172242927057507,3.540741872000474
0.30864982054166423,-1.0494093898416583,3.513244486043952
0.3085156007864906,-0.8021405620448756,3.5356340656252385
0.30857976727012143,-0.6788754879942671,3.524930271762372
0.3088764482368987,-0.5559776068264176,3.475440074828846
0.27205423931641487,0.05441084786328298,9.61785760433083
0.2715309283857736,0.16291855703146416,9.705152590916029
0.4306520856761536,-3.1376080527834045,3.686928007300743
0.4306159965843304,-3.0143119760903128,3.6912280959998753
0.4305864019051785,-2.8910801270776267,3.6947543622190224
0.43057717511223714,-2.7679961257215244,3.6958537533660945
0.4305720508841096,-2.6449425982881016,3.6964643155706227
0.4305987376534376,-2.522078320541563,3.693284532721947
0.430625427731452,-2.399198811646661,3.6901043556365565
0.43065439071136413,-2.2763160651886394,3.6866533576667564
0.43068337205272406,-2.1534168602636203,3.6832001718931124
0.43074313057927854,-2.030646187016599,3.676079821900032
0.4308084421636037,-1.907865958153102,3.6682978137781532
0.4309354315072485,-1.7853039305300296,3.653166775175336
0.43108707341023017,-1.6627644260108878,3.635098333982043
0.43124159858007766,-1.5401485663574204,3.616686345676861
0.4313978844573131,-1.4174501917883142,3.598064565504984
0.43158654969739974,-1.294759649092199,3.5755847183868994
0.4315675824585906,-1.1713977238161746,3.5778447034720386
0.43132869798206674,-1.047512552242162,3.606308274761986
0.43142240554919065,-0.9244765833196942,3.595142827529706
0.4318049205283109,-0.8019234238382916,3.549565389698273
0.3797563216310099,0.16275270927043284,9.751261819759748
0.3795844320833473,0.2711317372023909,9.771742809002276
0.5538008704932864,-3.2612717929049087,3.6771665117584007
0.5537102889442934,-3.1376916373509958,3.6855610485021515
0.5536638862112815,-3.0143922693725322,3.6898613662998656
0.5536174912525447,-2.8911135654299556,3.694160963625926
0.5536029958176174,-2.768014979088087,3.6955043107254824
0.5535911331457045,-2.644935413918366,3.6966036696607034
0.5536160418239825,-2.5220286349759204,3.694295287684824
0.5536503562862913,-2.3991515439072626,3.6911152359204706
0.553686659539221,-2.2762673781056866,3.687750875363335
0.5537239196706867,-2.153370798719337,3.6842978372320374
0.5537859107926958,-2.0305483395732185,3.678552884123185
0.5538698747390206,-1.9077740129899596,3.6707716257939893
0.5539978974708234,-1.7851043362948753,3.658907272202107
0.5541928220306991,-1.6625784660920973,3.6408428716886974
0.5540077946743834,-1.5389105407621761,3.6579900606963562
0.553716165788548,-1.415052423681845,3.68501641898785
0.5537838731897342,-1.2921623707760463,3.6787417165412677
0.5540837904608661,-1.169732446528495,3.650947242052922
0.5545695197886593,-1.0475202040452454,3.6059328573906555
0.4883180520140824,0.16277268400469416,9.745708415918656
0.48721452217737454,0.27067473454298585,9.847976724034929
0.4880733834649038,0.3796126315838141,9.768382781161378
0.4877409316338282,0.4877409316338282,9.799192357090647
0.6770195267361871,-3.3850976336809357,3.6656567184556152
0.6769036242597117,-3.2614447350695204,3.6744449103461037
0.6767907127349996,-3.1378478499531797,3.6830063162452262
0.6767183313521863,-3.0144725669324663,3.6884945637857953
0.6766616233829622,-2.891190572636293,3.69279439007439
0.6766304924405839,-2.7680338327114797,3.695154863324589
0.6766159934213892,-2.644953428829067,3.69625423727053
0.6766284991474786,-2.521978951367875,3.695306002824246
0.6766704373931656,-2.3991042780303147,3.692126076373519
0.6767136655178158,-2.2762186931053807,3.688848346112323
0.6767592037314499,-2.153324739145523,3.685395455613879
0.6768168338530046,-2.0304505015590144,3.681025708026972
0.6763038367217837,-1.905947176215936,3.719923213632896
0.6759237169608258,-1.781980708351268,3.7487454226335544
0.6759813368043405,-1.659226917610654,3.7443764543689753
0.6763244243020706,-1.5371009643228881,3.718362180498623
0.6767376166147263,-1.4149968347398822,3.6870322776206166
0.6777678721513,-1.2939204831979363,3.6089141594665577
0.6783343965472405,-1.1716685031270517,3.5659580013793857
0.6786831595666902,-1.048873973875794,3.539513386627057
0.5966847832738276,0.16273221362013482,9.756960049413351
0.5950522251277213,0.27047828414896424,9.880747173698111
0.5946241304106609,0.3783971738976933,9.91320703681098
0.5954977914640249,0.4872254657432932,9.846962542148738
0.5951155907152658,0.5951155907152658,9.875942540013575
0.8002958521390022,-3.508989505532548,3.6539884166340073
0.8001578431428986,-3.385283182527648,3.662842906499982
0.8000194347641756,-3.2616176955770233,3.671723020270605
0.7998859797175764,-3.1380142281227994,3.680285334257647
0.7997793325309374,-3.014552868770456,3.6871276884518664
0.7997123104528838,-2.8912675839450412,3.6914277437212775
0.7996596650153822,-2.7680526865917074,3.6948054111633226
0.7996425295769124,-2.6449714439851717,3.695904800120296
0.799636109910367,-2.5219292697173112,3.6963166781425514
0.7996856713386605,-2.3990570140159817,3.693136876992213
0.798628959002062,-2.2730208833135612,3.7609342593355706
0.7984244606262619,-2.1496043170707053,3.7740546271902105
0.7982823497658447,-2.0264090417132983,3.78317228769739
0.7986019368497498,-1.904358464795557,3.7626679678658874
0.7991012163397895,-1.782610405681069,3.73063480111837
0.8003217304907264,-1.662206671019201,3.6523280929626694
0.8006033603839691,-1.5396218468922482,3.634259060464238
0.8008907266708621,-1.416960516417679,3.615821987904077
0.8011809816551282,-1.2942154319044377,3.5971995800227674
0.8015369997981155,-1.171477153551092,3.574357887610063
0.7043828209030552,0.1625498817468589,9.807652214433269
0.703930342555678,0.2707424394444915,9.836682676609918
0.7018499981255107,0.3779192297598904,9.970155053010792
0.7019193339031118,0.4859441542406158,9.96570655358358
0.7025785457833665,0.5944895387397716,9.923412318584127
0.7021334982595534,0.7021334982595534,9.951966028130137
0.9234689181636883,-3.509181889022015,3.651173325604802
0.9233096595536844,-3.385468751696843,3.660028786357884
0.9231483040840579,-3.2617906744303378,3.6690008414859463
0.9229943011587309,-3.138180623939685,3.677564063663141
0.9228468902714829,-3.0146331748868445,3.6857607402922383
0.9227695529850292,-2.8913445993530913,3.6900610246217695
0.9217757319814498,-2.7653271959443497,3.7453217285333196
0.9211814054484326,-2.6407200289521735,3.7783688290167703
0.920952121806361,-2.517269132937387,3.7911179814402374
0.921014794564842,-2.3946384658685895,3.7876331076679364
0.9212891484345795,-2.2725132328052964,3.772377857569623
0.9220646766292253,-2.1514842454681924,3.7292551686900097
0.922876083131457,-2.0303273828892054,3.6841374922570864
0.9229830148300131,-1.9074982306486934,3.678191631874391
0.9231229566937962,-1.7847043829413394,3.670410264936585
0.9233449087963663,-1.6620208358334596,3.6580687775072533
0.9236697936934263,-1.5394496561557105,3.6400037858869325
0.9239982824801389,-1.4167973664695463,3.621738402567985
0.9243331149430808,-1.2940663609203131,3.603120283683431
0.9246993682618102,-1.1712858664649597,3.58275503065493
0.8118906205198486,0.16237812410396973,9.855404516981011
0.8113696325117009,0.27045654417056697,9.884373681404007
0.8097939339066,0.37790383582308007,9.971989271894373
0.808421757356868,0.48505305441412083,10.048288164507852
0.8098228631674748,0.5938700996561481,9.970380681098021
0.809310416023846,0.701402360554,9.99887493687688
0.8088049492927079,0.8088049492927079,10.026981051827129
1.0469128206374751,-3.6334033186830017,3.635732667952496
1.0462453327412833,-3.5079990568384205,3.668481361124506
1.0453518344474801,-3.382020640859494,3.712318712543791
1.0446746608615902,-3.2569268838626044,3.7455426108571857
1.0443400730659116,-3.1330202191977348,3.7619583588015146
1.0440061180740634,-3.009194105037006,3.7783430597432
1.0438760608875708,-2.8860102859832844,3.784724003756658
1.0439991880435335,-2.7635272624681773,3.7786830650748158
1.0443896111498792,-2.641691369379106,3.7595278914905137
1.0456782221380896,-2.5219298298624513,3.6963052830930465
1.045701598891675,-2.398962491575019,3.6951583587294863
1.045766412918521,-2.2760798398814868,3.6919784139087213
1.0458334779434348,-2.153186572236484,3.6886880292650233
1.045903855616181,-2.030283955019646,3.685235117498273
1.045997014696554,-1.9074063209172454,3.6806644905899404
1.0461556001950298,-1.7846183768032862,3.6728838733521627
1.0463405821233622,-1.6618350421959283,3.6638081785749463
1.046708702672646,-1.539277503930362,3.645747226477411
1.0470774921516413,-1.4166342540875145,3.6276534549474917
1.0474568815543126,-1.2939173242729745,3.609039623578134
0.9185870264797404,0.27017265484698244,9.931730067909491
0.9180052559071842,0.37800216419707583,9.960273246124174
0.9155673239277875,0.4847121126676522,10.0798845331947
0.9149228093227177,0.5920088766205821,10.111506096921516
0.9162853070971504,0.7006887642507621,10.044658410518494
0.9157277645011399,0.8079950863245352,10.072012901156072
1.167928538876516,-3.6267254628270758,3.7301353926995517
1.1677760969744873,-3.503328290923462,3.736827305275817
1.1677217813149405,-3.3802472617011436,3.739211660498178
1.1676829274954963,-3.2572207977505947,3.740917270041983
1.1683310294780889,-3.136046447546449,3.712466812849442
1.1690550690753623,-3.0149314939311975,3.680682837300523
1.1689037065323185,-2.8914986424746827,3.687327368048905
1.16880575193967,-2.768224149330797,3.6916273902982013
1.1687321936672874,-2.6450254909312294,3.6948564600060294
1.1687071496178683,-2.521947007070137,3.695955846638171
1.168702293071912,-2.3989152331476093,3.6961690398647633
1.1687747294238837,-2.2760349994044056,3.692989220351315
1.1688477111502842,-2.1531405205399974,3.689785459926938
1.1689263651863404,-2.030240529007855,3.686332695784955
1.1690050298019268,-1.9073239959926171,3.6828794672215253
1.1691763862113878,-1.7845323789542236,3.6753572433694472
1.1693536654763328,-1.6617131035716308,3.6675750173094954
1.1697200965544958,-1.5391053902032843,3.6514893826666395
1.1701317229303791,-1.4164752435473011,3.6334197595194624
1.0255865425500648,0.2698911954079118,9.978681118459576
1.0249376820022298,0.37760861968503207,10.007164875238495
1.0243046091558876,0.48519692012647314,10.034955581637142
1.0213419248553317,0.5913032196530867,10.165011846132394
1.021407923891124,0.6988580531886638,10.162114612683048
1.0224366685330997,0.807186843578763,10.116954659180827
1.2931141031429292,-3.5098811371022363,3.6409414340673436
1.2928461310410693,-3.3860255812980387,3.6515845744058524
1.292623172460491,-3.2623346733526684,3.6604398972036307
1.2923976130035484,-3.1386799172943323,3.6693985199044903
1.2921820122611996,-3.015091361942799,3.6779616089051075
1.2919806185959328,-2.8915756701908975,3.6859604305281124
1.2918723472278775,-2.7682978869168804,3.6902606817738857
1.291765433685738,-2.645043507070797,3.6945070037797194
1.2917377530426377,-2.521964184511817,3.695606405423142
1.2917100735892724,-2.3988901366657918,3.6967057598134545
1.2917781993128512,-2.2759901606940716,3.6939999869674054
1.2918582673155754,-2.1530971121926257,3.690819898504081
1.291943612179636,-2.030197104853714,3.687430227120146
1.292030553561707,-1.9072831981149008,3.6839771462800712
1.2921853164569668,-1.784446389392954,3.6778303750228787
1.292381237813021,-1.6616330200453129,3.6700488989911406
1.292703984567714,-1.5389333149615645,3.657230254885441
1.131681225730832,0.37722707524361065,10.052626671528955
1.130992740707798,0.4847111745890563,10.079971468506898
1.1288762716815757,0.5913161423093968,10.164031998360024
1.1271526919871175,0.6977611902777395,10.232488007196032
1.4160519696918932,-3.3862112318719184,3.648769219777634
1.4158077501922792,-3.2625135113126436,3.657625513299422
1.4155636148791721,-3.1388584503842516,3.666478753910141
1.4153220138554499,-3.015251246909437,3.675240091905806
1.415085933455223,-2.8916973422780647,3.6838012318739786
1.4149454989760415,-2.7683716284313857,3.6888939004372077
1.4148269295965412,-2.6451112162022294,3.693193660404006
1.4147700324466437,-2.521981362187496,3.6952569594478675
1.4147397164418927,-2.398906475705818,3.696356328813984
1.4147768228718578,-2.2759453237503804,3.695010713759345
1.4148645129434576,-2.1530546936096098,3.6918307505939865
1.4149555969337384,-2.030153682557103,3.6885277115068646
1.415050814374105,-1.9072424019824892,3.6850747783806668
1.4151823926455316,-1.7843604081182791,3.6803032683469183
1.5390058343778934,-3.2626923688811336,3.6548108208148236
1.5387404408132055,-3.139030499258939,3.663665032073453
1.538475075935617,-3.0154111488338087,3.6725182862567323
1.5382184395899834,-2.8918506664291685,3.681080334185637
1.5380252077081265,-2.7684453738746275,3.687527046282348
1.5378963210816528,-2.645181672260443,3.6918270353214595
1.537803987864133,-2.521998540097178,3.694907508712255
1.5377710352361664,-2.3989228149684196,3.6960068930544665
1.5377706003873157,-2.2759004885732272,3.6960214007294923
1.53786591192711,-2.1530122766979543,3.6928415628546816
1.5379623197862906,-2.030110262117904,3.6896251489481173
1.5380658125768314,-1.9072016075952707,3.6861723635263175
1.6613640039295348,-2.892004006840301,3.678359147946047
1.6611114739481516,-2.7685191232469193,3.686160119303473
1.6609722689755286,-2.645252132072138,3.6904603374332083
1.6608396193293529,-2.522015718240869,3.6945580532161912
1.6608040300063385,-2.3989391544536,3.6956574525348174
1.6607684422085438,-2.2758678652487454,3.6967568047374755
0.0,0.0,55.0
