-3.2979202161790164,-2.5064193642960526,9.972907434740534
-3.299550228876155,-2.2436941556357857,9.918526022773449
-3.298251057984512,-1.9789506347907069,9.961869701996378
-3.297042710345764,-1.7144622093797972,10.002183284128336
-3.0352099222665507,-2.5073473270897595,9.932171614687945
-3.031321679633563,-2.2405421110335033,10.073173533437782
-3.0330024919597047,-1.978045103451981,10.012221122435022
-3.032159735752146,-1.7138294158599088,10.04278254915667
-3.0314323284958613,-1.4498154614545424,10.069161000434008
-3.030818521941201,-1.1859724651074264,10.091419874202344
-2.7698867996385594,-2.5060880568158397,9.987451209542229
-2.7690313779022553,-2.241596829730397,10.021426289503566
-2.76582628219136,-1.975590201565257,10.148724180637231
-2.7676615895011465,-1.7133143173102336,10.075830647591147
-2.7671825902154192,-1.4494765948747432,10.094855227331578
-2.7668954076412198,-1.1858123175605226,10.106261356621772
-2.7669307666765577,-0.9223102555588526,10.104856989627137
-2.5051044448400197,-2.5051044448400197,10.030629923947942
-2.5044273902731047,-2.240803454454883,10.060351345098312
-2.503922855214528,-1.9767812014851531,10.082499484545053
-2.5015251806330756,-1.711569860433157,10.187752885820487
-2.503322864318085,-1.449292184605207,10.108837955609246
-2.503452630527143,-1.1858459828812782,10.103141463274682
-2.5036855099205644,-0.9224104510233657,10.092918496223973
-2.240667491111414,-2.504275431242169,10.067022060542456
-2.240216119789339,-2.240216119789339,10.089167512194251
-2.239960165669166,-1.9764354402963225,10.101725287392114
-2.239850157925919,-1.7128265913551146,10.107122553545835
-2.2387170456858065,-1.4485816177966981,10.16271598871164
-2.240230697320369,-1.1860044868166657,10.08845230058725
-2.240562583900286,-0.9225845933707061,10.072169081317455
-2.2409856589070074,-0.6591134290902962,10.051411920531592
-2.3539364292260827,2.3539364292260827,4.509753200088184
-2.353404347055314,2.6302754467088802,4.535858536008462
-2.3530041254874634,2.906652155013925,4.55549444761246
-2.352662021411601,3.183013323086284,4.572278963822001
-2.3514560642763427,3.458023623935798,4.631446359105865
-1.9763736697636098,-2.2398901590654248,10.105159993547844
-1.9763692257543337,-1.9763692257543337,10.105407099495395
-1.976487755826272,-1.7129560550494358,10.098816319881763
-1.9767544722933046,-1.4496199463484234,10.083985742081595
-1.9770793883696207,-1.1862476330217724,10.0659190167611
-1.9774527324134938,-0.9228112751262972,10.045159489048046
-1.9778541254033755,-0.6592847084677919,10.022840319815217
-2.0790287695078193,1.8018249335734435,4.397096819651381
-2.0780623225003074,2.0780623225003074,4.450835412150411
-2.077365868231374,2.3543479839955577,4.489561252120438
-2.076837717369296,2.630661108667775,4.518928701897423
-2.076407436600915,2.9069704112412813,4.542854155328868
-2.0743968350296735,3.1807418137121664,4.654652213241036
-2.0758193935563205,3.4596989892605348,4.575551866946498
-1.7130256591739021,-1.9765680682775792,10.094350603645012
-1.7132568322304256,-1.7132568322304256,10.079518820615931
-1.7135662299655174,-1.4499406561246684,10.059668237050559
-1.7127520465176602,-1.1857514168199186,10.1119052599377
-1.7142449895956005,-0.9230549943976311,10.016119842122094
-1.714666534147739,-0.659487128518361,9.989074054743398
-1.8034573184071887,1.526002346344544,4.292364987844479
-1.8024736267018777,1.8024736267018777,4.355477455015645
-1.6774461390874484,1.9355147758701328,12.377089475284635
-1.6763256486011018,2.192118155862979,12.448978786390327
-1.6752571398703058,2.44845274288737,12.517533011083287
-1.7983145066453599,2.904969587657889,4.622321555266566
-1.799451282607814,3.183644576921517,4.549387387758571
-1.799175019469836,3.4599519605189153,4.567112095745955
-1.4500231035556,-1.7136636678384365,10.053416741259127
-1.450309320753362,-1.450309320753362,10.03171460224722
-1.4506086168585077,-1.1868615956115063,10.009020767878141
-1.4497305194336594,-0.9225557850941469,10.075601646068051
-1.451431270507781,-0.659741486594446,9.946643859730173
-1.4220627138894613,1.4220627138894613,12.173485933837384
-1.420916812309125,1.679265323638057,12.260372800122369
-1.419854412312921,1.936165107699438,12.340928240480721
-1.4188381311192484,2.192749839002475,12.417986767755536
-1.4179295282836002,2.449151003398946,12.486880688875644
-1.417001417336377,2.7051845240058108,12.55725379347102
-1.4151118704118288,2.9588702744974604,12.70052684046712
-1.522526470310962,3.4602874325249138,4.5559198876155165
-1.1869543331950707,-1.4507219627939754,10.00042642320848
-1.1872623883415616,-1.1872623883415616,9.971877780851784
-1.1876599505221668,-0.9237355170727964,9.935034181132906
-1.1872411557675069,-0.6595784198708371,9.973845484264316
-1.1649114430688465,1.1649114430688465,12.043224908772672
-1.1639412994916158,1.4225949216008638,12.133131804783048
-1.1629718796898707,1.6798482706631466,12.222971625765737
-1.1620895729893197,1.9368159549821993,12.304738344257174
-1.1612207467993279,2.1934169661765086,12.385255772551304
-1.1594075865075755,2.4476382381826594,12.553288234577252
-1.1592900927295158,2.70501021636887,12.564176829970563
-1.158910958883497,2.9616613393689364,12.599312605816579
-0.9241578097865187,-0.9241578097865187,9.884717145312209
-0.9242935121837831,-0.660209651559845,9.868547928647487
-0.9063879662427742,1.1653559565978524,12.002030148980893
-0.9056254517293668,1.4231257098604335,12.092885304275256
-0.9042568623813344,1.6793341729939069,12.255955508924956
-0.9033553188161013,1.935761397463074,12.363376258541734
-0.9034751340335323,2.1941538969385785,12.349100031670105
-0.9028382157482009,2.4505608713165454,12.424990140915398
-0.9022606584091922,2.706781975227577,12.493807272660916
-0.969334927272817,3.184957618182113,4.501771702571901
-0.6604093674081986,-0.3962456204449192,9.835232759248086
-0.6482330908919377,0.9075263272487128,11.866392119596455
-0.6471271303136706,1.1648288345646072,12.050880553127314
-0.6466784948539852,1.4226926886787674,12.125718711747254
-0.6465795723192892,1.681106888030152,12.142220261463947
-0.6460408485630273,1.9381225456890818,12.232086305382381
-0.6455563289974728,2.1948915185914077,12.312910393890377
-0.6450736897221651,2.4512800209442274,12.393420825827747
-0.6446567211654712,2.7075582288949795,12.462976538181067
-0.3858333864283514,-0.12861112880945047,12.730056771696383
-0.38913921074395097,0.6485653512399182,11.81096682476418
-0.38888606055724456,0.907400807966904,11.881347997341294
-0.3887515506866576,1.1662546520599728,11.918744621607217
-0.38841850029364167,1.4242011677433526,12.011339762431348
-0.3880924794190647,1.6817340774826137,12.101980546607265
-0.38776966278580133,1.9388483139290065,12.191730483085976
-0.38746393573879473,2.195628969186503,12.276729148648187
-0.12872125631091455,-0.12872125631091455,12.638203361036801
-0.13009218683115595,0.13009218683115595,11.494759240472959
-0.12997775921141727,0.38993327763425184,11.590199226007229
0.1300051233292465,-0.3900153699877395,11.567375793904532
0.13009099438310545,-0.13009099438310545,11.495753818748298
0.12874106121185697,0.12874106121185697,12.621684801411348
0.3882549261488016,-1.9412746307440074,12.05681687728925
0.38844892241278633,-1.6832786637887407,12.002881761884169
0.38868860255190135,-1.4251915426903048,11.936245550969858
0.3889784870740459,-1.1669354612221376,11.855651446553267
0.3892806648970684,-0.6488011081617806,11.771639541257741
0.38585580972942385,0.12861860324314126,12.723822613850956
0.6464110923788395,-2.4563621510395905,12.170324880114663
0.6466779424156306,-2.198705004213144,12.125810865562386
0.6469534858460736,-1.9408604575382207,12.07984668125863
0.6472493521915862,-1.6828483156981242,12.030492373618088
0.6476047528790202,-1.4247304563338443,11.971206972864266
0.6474852392343585,-1.1654734306218453,11.991143384272107
0.6484318539629839,-0.9078045955481775,11.833235885692943
0.6614955364684445,0.39689732188106674,9.654045805199118
0.97488537728756,-3.2031948110876973,3.8404242932096224
0.9044396091762947,-2.713318827528884,12.234180856582313
0.9047951913322237,-2.4558726621874647,12.191812519417851
0.9051647690909432,-2.1982572963637192,12.14777657771262
0.9055446511016398,-1.940452823789228,12.10251286342455
0.9052316650970137,-1.681144520894454,12.139805782516945
0.9058807429156107,-1.423526881724531,12.062466840149483
0.906954811901545,-1.1660847581591292,11.934489335724209
0.9263180932531911,0.6616557808951365,9.62731497605077
1.2540993821979523,-3.4836093949943123,3.777839292810526
1.1622772204667124,-2.9702640078593765,12.287348338661587
1.1626366076183445,-2.7128187511094706,12.254042564106555
1.163086042108275,-2.455403866673025,12.212391760145152
1.162583606311671,-2.19599125636649,12.258954396828372
1.1632569944024782,-1.9387616573374638,12.196548960689071
1.1645287507716842,-1.6820970844479886,12.078690459823534
1.16506379123818,-1.4239668559577756,12.029106224343778
1.1657074934629899,-1.1657074934629899,11.96945189034011
1.1900602168648378,0.6611445649249098,9.7125923678461
1.190878308450041,0.9262386843500319,9.636776708386932
1.1908096447401857,1.1908096447401857,9.643140035595948
1.5338066513086435,-3.764798144121216,3.700611198951094
1.5331168934042188,-3.4843565759186794,3.7529114172588294
1.4193456756950227,-2.9677227764532295,12.379502696832077
1.4195552661355824,-2.7100600535315666,12.363610706720507
1.4212753993590455,-2.454930235256533,12.233183287870531
1.4218346466191054,-2.1973808175022542,12.190778911492217
1.4224160021874659,-1.9396581848010896,12.146698194265753
1.4230134324806119,-1.681743147477087,12.101398626758453
1.4236319067779049,-1.4236319067779049,12.0545034182242
1.4554716990323915,0.6615780450147234,9.640282319632803
1.454216296073683,0.9254103702287075,9.73547202080681
1.4553076310542261,1.1907062435898212,9.652722613568272
1.4552343663451441,1.4552343663451441,9.658277838458986
1.455184449874079,1.7197634407602753,9.662062706043855
1.8131687249386623,-3.7658119671802983,3.6692929190300845
1.8120292608742699,-3.4846716555274417,3.7423995518993536
1.8099239799729294,-3.202173195336721,3.877471822057373
1.6788541349234707,-2.7119951410302217,12.286754169519284
1.6793795314261983,-2.4544777766998283,12.253045366902327
1.6800292759625564,-2.1969613608741123,12.211358545208952
1.680702442550021,-1.939272049096178,12.168168993113795
1.6813973695329545,-1.6813973695329545,12.123583320427983
1.7199514546728767,0.6615197902587987,9.649999961362042
1.7198569672764026,0.9260768285334475,9.656062158161973
1.7192764469521167,1.1902683094283883,9.693307638337217
1.7197339258875552,1.4551594757510082,9.663956344493329
1.719756018999148,1.719756018999148,9.662538877239527
1.719787919722554,1.9843706766029467,9.660492165502689
2.091228138494302,-3.764210649289744,3.718759659295685
2.0916124805668868,-3.4860208009448113,3.697388594086405
2.0906630103849264,-3.2056832825902206,3.750183202380242
2.0898579591308484,-2.925801142783188,3.794947499799008
2.0891249707541015,-2.6462249629551957,3.8357047926234884
2.0884139454049833,-2.3668691381256477,3.875240847053547
2.087930541801745,-2.087930541801745,3.902120157605566
1.9844035708379915,0.6614678569459972,9.658663105162177
1.9843355034158339,0.9260232349273892,9.66244794533796
1.9829486750246252,1.1897692050147752,9.73956154308513
1.9843479117798086,1.4551884686385264,9.661757987161224
1.984405658893213,1.7198182377074516,9.6585470003496
1.9844755887411656,1.9844755887411656,9.65465860132366
1.984599072195768,2.2492122818218707,9.647792392420655
2.3711378575384705,-3.486967437556574,3.6658063642928767
2.3699534923196683,-3.206407666079551,3.7239144039673704
2.3689603584097263,-2.926362795682603,3.7726401379933634
2.368115550593428,-2.6467173800750077,3.814088607880393
2.367279045926918,-2.367279045926918,3.855129703631775
2.248885766881936,0.661436990259393,9.66381206505443
2.2489146579587915,0.9260236826889142,9.662394593641466
2.2489607587953726,1.1906262840681383,9.660132766631904
2.247014248218781,1.45395039590627,9.755633640868808
2.249149428243055,1.7199377980682182,9.650876152559462
2.2492893857341145,1.9846671050595124,9.644009473840669
2.2496901363356163,2.2496901363356163,9.624347606469044
2.5135106417559068,0.6614501688831333,9.661613701299217
2.5135886886935266,0.9260589905712993,9.658187587635936
2.5136849991389894,1.190692894328995,9.653959740353514
2.5138414134658604,1.455381870953919,9.647093445803492
2.5126363409115373,1.7191722332552624,9.699993862777234
2.5146204736662012,1.9852266897364743,9.612894169338489
2.515141882432632,2.25039010533446,9.590005305876275
2.515691295891823,2.515691295891823,9.565887089111712
2.778378655444102,0.9261262184813674,9.65017724540381
2.7785589375429893,1.1908109732327097,9.643016919139782
2.779082269753777,1.4557097603472164,9.622231553333336
2.7783751647379957,1.7199465305520925,9.650315886981488
2.7802204129060275,1.9858717235043053,9.577027529441878
2.7809940855159594,2.2512809263700624,9.54629930771128
2.7818897676370886,2.516947885004985,9.510725192168238
3.0440726215131053,1.1911588518964324,9.610777679940938
3.044711553868132,1.4561663953282369,9.587607652626843
3.045410304274282,1.7213188676332898,9.562268403692514
3.043558399831258,1.9849293911942985,9.62942524148663
3.0473864243899484,2.2524160528099624,9.490607050662419
3.0484604562019015,2.5182934203407012,9.45165872346729
3.3108157490506245,1.4567589295822747,9.542679322495104
3.3118849977467604,1.7221801988283154,9.507006438509649
3.313017203522367,1.98781032211342,9.46923314458202
3.313024245897358,2.2528564872102037,9.468998192856617
3.580066604934492,1.9889258916302732,9.407202701935347
3.5786728052044423,2.253238432906501,9.450258943069812
0.0,0.0,120.0
