-3.4228836274234125,-2.1189279598335413,9.684050371647636
-3.4294873995919852,-2.014143393411166,9.596622273143034
-3.4288150657862686,-1.9048972587701496,9.605523377647202
-3.4281429955442237,-1.7956939500469746,9.614420992801634
-3.4274711887109,-1.6865334420640936,9.623315120657743
-3.4269450435174784,-1.5774826390794743,9.630280817326849
-3.426480844549217,-1.468491790521093,9.636426400803522
-3.3208764052090447,-2.2320644690749316,9.593045074485296
-3.3133653246036676,-2.1183811091728364,9.695745463441447
-3.313860534664191,-2.0100465538127064,9.688974365046583
-3.318923894062952,-1.9043005949541527,9.619742119115784
-3.31834787345036,-1.7951718003911787,9.627618155077585
-3.3178640796091003,-1.6861276470144606,9.634233157403138
-3.317464865988881,-1.5771554280930744,9.639691678783372
-3.317065748425846,-1.4682094296311121,9.645148886756026
-3.3166667268853303,-1.359289642166119,9.650604781795089
-3.2109888543401532,-2.2313651360668865,9.607271626994958
-3.209943413132524,-2.1218270019011602,9.622050696907863
-3.2029849356211244,-2.0086515697962986,9.7204204807636
-3.2060537376109974,-1.9018962850234733,9.677037802879632
-3.208850649342547,-1.7947808716661704,9.637498751119338
-3.208464580277464,-1.6858034235356167,9.642956486726497
-3.2080786041000917,-1.5768521952356382,9.648412909209632
-3.207692720773831,-1.4679271773032787,9.653868019086126
-3.207344917720314,-1.3590444566611501,9.658784800255972
-3.2070785982632906,-1.25021708067891,9.66254967373311
-3.206812323029864,-1.1414077759936803,9.666313922035336
-3.1017780140929636,-2.3399378001052185,9.61259442653241
-3.1011701401224334,-2.230666241140698,9.62148926759216
-3.10066231253592,-2.121505792787735,9.628920159334179
-3.0954537462733573,-2.0093296247739336,9.705135577826773
-3.093347323576994,-1.8994237951788562,9.735958241729413
-3.099479984026735,-1.7944357802260045,9.646220824734364
-3.0991071454434427,-1.6854793247148545,9.651676462087018
-3.0987343965454115,-1.5765490789441567,9.657130787101615
-3.0984674371660135,-1.46769510181548,9.661037125198447
-3.0982101710474272,-1.3588641101085208,9.664801624660221
-3.0979529476469665,-1.2500511894014075,9.66856549904022
-3.097695766953327,-1.1412563351933311,9.672328748503865
-3.0974348602189883,-1.0324782867396627,9.676146520025384
-2.9920427359378845,-2.3392334117332556,9.626257337024335
-2.9916057297559693,-2.23010608945445,9.632884450267802
-2.9912307430206972,-2.121054526869222,9.638571050737738
-2.990870865135293,-2.0120404001819243,9.644028528455664
-2.9843706505945677,-1.8991449594692704,9.742603010124135
-2.984915192615508,-1.790949115569305,9.734345136922478
-2.989849028853365,-1.6851876344446237,9.659524475737093
-2.9896007730524707,-1.5763349530640303,9.663289226383554
-2.989352558474947,-1.4675003468877013,9.667053351885677
-2.989104385126863,-1.3586838114213016,9.670816852151397
-2.9888525039025726,-1.2498837743592577,9.67463658163431
-2.988604693010322,-1.1411036100584866,9.678394585328242
-2.988356923207518,-1.0323414825625972,9.682151965908758
-2.9881091944839415,-0.9235973873859455,9.685908723530822
-2.8825980708635868,-2.3387116423987595,9.636378014761796
-2.8822512459096776,-2.229666058156543,9.641836020254559
-2.8819045044034595,-2.1206467107874514,9.647292712525903
-2.88155784631482,-2.011653590823554,9.652748092049713
-2.881223372599952,-1.9026946800188365,9.658011725338945
-2.8749777880221226,-1.7900805095232086,9.756298871482983
-2.8769167319273428,-1.6827248809386344,9.725785592765412
-2.8805057589665997,-1.576125792642102,9.669304854937508
-2.8802666338768805,-1.4673056436731278,9.673067981086405
-2.880024097128128,-1.3585019326076075,9.676884796721978
-2.8797853212292117,-1.2497181582692807,9.680642427633856
-2.879546584919689,-1.1409524204398767,9.684399435525044
-2.8793078881928063,-1.032204714635157,9.688155820501798
-2.8790623402432054,-0.9234728261157451,9.692020023589123
-2.878815017353186,-0.81475896717543,9.695912159022278
-2.773287435649593,-2.3382619555476962,9.645100519902464
-2.7729538267515434,-2.2292373901335942,9.65055642679556
-2.772620298105912,-2.120239051492756,9.656011021224515
-2.7723602361240527,-2.011320171305685,9.660264127085156
-2.772130042813554,-1.9024421862445957,9.664028754698023
-2.7683340216100345,-1.7912749551594342,9.726109647539054
-2.76588188856192,-1.6812223244199904,9.766212323691342
-2.7714362667622345,-1.5759147399236235,9.675374907521856
-2.771206485966214,-1.4671093160997606,9.67913278879012
-2.7709767432694554,-1.3583219329752232,9.682890046975423
-2.770747038671919,-1.2495525860677281,9.68664668207839
-2.7705141077550137,-1.1407999267226527,9.69045608105602
-2.77027610137477,-1.0320636456102084,9.69434848518003
-2.7700381358838118,-0.923346045294604,9.698240220592453
-2.7698002112716034,-0.8146471209622363,9.70213128746559
-2.769562327527611,-0.7059668678011558,9.70602168597172
-2.664018828793987,-2.3378124415947235,9.653819671366058
-2.663729095739874,-2.228834549496629,9.658751426043231
-2.663507914875685,-2.1199348710235046,9.662516304596018
-2.6632867707447856,-2.0110532758685116,9.666280557885074
-2.663065663332881,-1.9021897595234865,9.67004418615371
-2.6628412011895914,-1.7933420334542147,9.673864917717822
-2.658119380556168,-1.6816673632090042,9.754238422442484
-2.6568343439797584,-1.5724121627635304,9.77611195415065
-2.662178957540445,-1.4669149357875924,9.685137443126088
-2.661958282862693,-1.3581419810523947,9.688893705515504
-2.6617296926807983,-1.2493833251358848,9.692784703393421
-2.6615010433871347,-1.140643304308772,9.69667670745526
-2.6612724333731985,-1.0319219639610362,9.700568042908614
-2.661043862628578,-0.9232192992793026,9.704458709930698
-2.660835275083762,-0.8145414107399273,9.708009228537883
-2.6606512063612326,-0.7058870547488986,9.711142394638088
-2.554878539225906,-2.337442067802425,9.66100375357717
-2.554666407233047,-2.2285387807777646,9.664768258026335
-2.5544543104639725,-2.1196535767679774,9.668532137392532
-2.5542422489099113,-2.010786451269505,9.672295391831433
-2.5540271126945666,-1.901935083921486,9.676113209355918
-2.5538153608244767,-1.7931044022810156,9.679870968128313
-2.553603644075776,-1.6842917652414693,9.68362810363486
-2.548042547704538,-1.5721964656049277,9.782315584714866
-2.548776204934475,-1.4641905858134219,9.769296068568174
-2.552956458685832,-1.3579555631307618,9.695113086390364
-2.5527371645566572,-1.249211803931981,9.699004690451716
-2.5525179080973923,-1.1404867248945796,9.702895626021053
-2.552300695816076,-1.0317811323511796,9.706750285511148
-2.5521241302876945,-0.9231087279764002,9.709883625787661
-2.551947589186865,-0.814451358251127,9.713016532571672
-2.5517710725085183,-0.7058090200555477,9.716149005953127
-2.5515945802475875,-0.597181710270712,9.719281046021962
-2.445632660360235,-2.2282430905504365,9.67078349325373
-2.4454265732398857,-2.119369696807901,9.674603268745358
-2.4452238185852884,-2.0105173619479038,9.678361277781207
-2.445021097555209,-1.9016830758762737,9.68211866359465
-2.444818410135476,-1.7928668340993492,9.685875426448362
-2.4446157563177304,-1.6840686321299918,9.689631566497276
-2.4444043810041087,-1.575282823313759,9.693549357386573
-2.439094375763526,-1.4634566254581156,9.791969034676498
-2.4409201269910294,-1.3560667372172386,9.758129172288179
-2.443774558333228,-1.249040329814761,9.705222969974415
-2.4435910211938014,-1.1403424765571073,9.708624786962282
-2.443421983084129,-1.03166705952441,9.711757867900978
-2.443252968359635,-0.9230066769358621,9.714890515400988
-2.443083977014508,-0.8143613256715028,9.718022729570016
-2.4429242693335107,-0.7057336778074587,9.720982873244523
-2.4427855193193126,-0.597125349166943,9.723554571576756
-2.336625041368271,-2.227944806886026,9.67685148685004
-2.336431317255943,-2.119088869139111,9.680609122995413
-2.3362376252633776,-2.01025097987779,9.684366136118797
-2.3360439653825873,-1.9014311346137338,9.688122526375132
-2.335844809566063,-1.7926250864111646,9.69198552043271
-2.335644151066459,-1.6838364810014004,9.695877661797695
-2.3354435270375116,-1.5750665647462287,9.699769134540773
-2.332030615593049,-1.4642982935119144,9.765968841177937
-2.3301862222089778,-1.3547594315168476,9.801744249633707
-2.334890344292423,-1.2488948353192029,9.710499133264008
-2.3347288323560695,-1.1402164064994758,9.713631954897089
-2.3345673427510625,-1.03155301191326,9.716764343372553
-2.3344058754629726,-0.9229046484388496,9.71989629897029
-2.3342705406000053,-0.8142804211395368,9.722521368027017
-2.334137966262555,-0.7056696177072841,9.725092891604362
-2.334005406983306,-0.5970711506236364,9.727664123100148
-2.2276496070886966,-2.2276496070886966,9.682856745245154
-2.2274649423435755,-2.1188081158877914,9.686613385733914
-2.227277743595683,-2.009982353976592,9.690421575517604
-2.2270864048410988,-1.9011713212058161,9.694313985582497
-2.226895098957703,-1.7923789820879075,9.698205726947805
-2.2267038259376912,-1.6836053318065467,9.702096799772306
-2.2265125857725963,-1.5748503655464703,9.705987204228236
-2.226352672308718,-1.4661346866423264,9.709240328654936
-2.2216665139497667,-1.3546747036279063,9.80457098972088
-2.2223393277842023,-1.2466781594886986,9.79088391756111
-2.225890711226565,-1.140090364286777,9.71863801690511
-2.2257506091677044,-1.0314454042484482,9.721488117321016
-2.2256241953092366,-0.9228197882989517,9.724059758262818
-2.2254977958095705,-0.814206510662038,9.726631107103081
-2.2253714106662605,-0.7056055692356435,9.729202163891557
-2.225271763109446,-0.5970241315659488,9.731229297150207
-2.2252727563977293,-0.4884745075019405,9.731209090656655
-2.118521164594616,-2.118521164594616,9.692750201422704
-2.118339178143729,-2.0097063997773836,9.696642211438046
-2.11815722295637,-1.9009103282941782,9.700533552843353
-2.1179752990244842,-1.7921329453284098,9.70442422581091
-2.1178089666299282,-1.683386614500712,9.707981454067905
-2.117662462773062,-1.5746720877030458,9.711114624012325
-2.1175159791541445,-1.465972600952869,9.71424736114264
-2.1163957206197788,-1.3566639234742173,9.738205504258566
-2.1128177132022627,-1.2460207026577446,9.814725710219115
-2.1171054718663274,-1.1399798694664838,9.72302657776983
-2.1169852327086294,-1.0313517800375374,9.725598043962584
-2.1168650072106754,-0.9227360287841404,9.728169218024469
-2.1167447953876843,-0.8141326136106478,9.730740099630005
-2.1167224862327565,-0.7055741620775855,9.731217209074082
-2.1167234310684577,-0.597024557480847,9.73119700256973
-2.1167243759050027,-0.4884748559780775,9.731176796047336
-2.4279704239852635,2.6769930315734953,3.074787100789905
-2.4298456066912326,2.803668007720653,3.034683951150811
-2.431726315464789,2.9305419699191044,2.994462619579558
-2.433538935204437,3.057523277564549,2.955697457962785
-2.435344161780425,3.184680826943632,2.9170904084849667
-2.009603127751883,-2.1182303238465794,9.698970198014251
-2.0094305213397,-2.0094305213397,9.702861139521232
-2.009259226752914,-1.9006506199014048,9.706722509497105
-2.009120228178386,-1.7919180413482905,9.709855853827712
-2.0089812488148637,-1.6832005057638044,9.712988765098522
-2.0088422886775947,-1.5744980100446013,9.716121242965805
-2.0087033477625904,-1.4658105510699984,9.719253287519486
-2.008581795594778,-1.3571498618883637,9.721993350122148
-2.0048847666675864,-1.2462797198203914,9.805332799238585
-2.00455710808746,-1.1377216018874772,9.812718969621294
-2.008239599737811,-1.0312581728383352,9.729707223822146
-2.0081722550021683,-0.92267373878478,9.731225327488595
-2.008173151384435,-0.8141242505612574,9.731205120991497
-2.008174047767502,-0.705574665431825,9.731184914476358
-2.008174944151369,-0.5970249833963529,9.731164707943172
-2.00819299752597,-0.4884793777765873,9.730757743777197
-2.298586407795463,2.298586407795463,3.184629131987549
-2.299702795858719,2.4240110550943252,3.159463203339385
-2.301150703174792,2.5499237521666616,3.1268240759563923
-2.302635177677441,2.676035476760269,3.093360640934762
-2.304351738361579,2.8025899520613797,3.0546654549872514
-2.3061321374348394,2.9294110934983095,3.0145312064068293
-2.3078900110863563,3.056394879546796,2.9749047321165705
-2.3096013975763,3.183504629091657,2.9363261842863793
-2.311315323890723,3.3108030315191437,2.8976903830299747
-2.3131036997079826,3.4383973914578116,2.8573763204789984
-2.314957990482477,3.5662866339865187,2.8155763847220854
-1.9005719597179984,-2.009176071701884,9.708597013668033
-1.9004404854444035,-1.9004404854444035,9.711730099093856
-1.9003090293593214,-1.7917199419673602,9.714862751080027
-1.9001775914589785,-1.6830144381493806,9.717994969716457
-1.900053166155508,-1.574329766243135,9.720960075316569
-1.8999452493691296,-1.4656720495133284,9.723531776238424
-1.8998373448584327,-1.3570266748988806,9.726103184625785
-1.8997294526065578,-1.2483936402843092,9.728674300880442
-1.895678882498349,-1.1374073294990092,9.82520103440254
-1.8974944998696543,-1.0300684427863838,9.781934133819114
-1.8996237585644342,-0.9226743970170108,9.731193032902453
-1.8996246064948152,-0.8141248313549208,9.731172826376515
-1.8996254544257745,-0.7055751687867162,9.731152619836806
-1.8997867223311147,-0.5970758270183503,9.727309540045916
-1.9000286488317213,-0.48857879541387117,9.721544333116483
-1.7829436595842096,1.7829436595842096,12.511727259126943
-1.7820550496115655,1.8838867667322263,12.532903196277289
-1.7811673249549869,1.9847293049498425,12.554058035985634
-2.176065462135023,2.549105255643884,3.143474775446208
-2.1774687931413483,2.6751759458593707,3.1100328266656234
-2.178954341777959,2.80151272514309,3.074631598307761
-2.1806372081358867,2.928284250925333,3.034528208378582
-2.1823247777089327,3.0552546887925054,2.994312738919767
-2.183951480206172,3.182329299728993,2.955547756639241
-2.1855715646619753,3.3095797979167054,2.9169404849784613
-2.187251013652556,3.4371087357397303,2.8769185323034137
-2.1888981320917753,3.564776957978034,2.837667029819926
-2.190744503264377,3.692969305502806,2.793667253640429
-2.192823791182014,3.821778607488653,2.7441169766720677
-1.7916458032898979,-1.9002303974286796,9.716736581976079
-1.7915218863819895,-1.7915218863819895,9.719868541413852
-1.7914178284568862,-1.6828470509746503,9.722498571537294
-1.7913160852777825,-1.5741868628198694,9.725070097210434
-1.7912143536549856,-1.4655390166268063,9.727641330801696
-1.7911126335865257,-1.3569035102928226,9.730212272360845
-1.7910727088195622,-1.2483234031166643,9.731221357826293
-1.7882874283950414,-1.1380010907968443,9.801618412269221
-1.7873564230816186,-1.0290840011682045,9.825149267962843
-1.7910751072500837,-0.922675055250043,9.73116073827699
-1.7911358522566052,-0.8141526601166387,9.729625428046255
-1.7913639310480984,-0.7056888213219782,9.723860810968326
-1.791592067932963,-0.5971973559776542,9.718094725599371
-1.7918202629333968,-0.48867825352729,9.712327171378362
-1.6842845833976876,1.48012887631918,12.430256403992317
-1.6833981104159086,1.5813739825119137,12.45266171952575
-1.6825510147107396,1.6825510147107396,12.474071787233889
-1.6817047710193782,1.7836262722932799,12.495460320570892
-1.6808639450708958,1.8846050293219134,12.516711922223365
-1.6800263093370182,1.9854856383073851,12.537882892242031
-1.6765842866613176,2.083028962215576,12.624878892918254
-2.0523827885790342,2.674316966936317,3.126694305769014
-2.0537067859899407,2.8005092536226464,3.093230702967176
-2.055238788782965,2.9271582749333134,3.0545098319633937
-2.0568267214871327,3.0540760409960455,3.014375350694337
-2.058394306872636,3.1811548378940735,2.9747551412692133
-2.0599206873879123,3.3083574676230105,2.9361763715020643
-2.0614493329175905,3.4357488881959832,2.8975403542345433
-2.063044460607651,3.5634404319586688,2.8572240220433542
-2.06469895956358,3.691431473159127,2.815407100468448
-2.0664568736080815,3.8198142209119084,2.7709763962537863
-2.066150188846867,3.944468542344018,2.778727753582828
-1.6828854542633833,-1.900031964490917,9.721465319608988
-1.6827898729754203,-1.79135696155448,9.724036962646757
-1.6826943025441246,-1.6826943025441246,9.726608313582666
-1.6825987429676468,-1.574043985356831,9.729179372466461
-1.6825225459386701,-1.4654228625917451,9.731229476239314
-1.6825232969615125,-1.356873626581865,9.731209269745918
-1.6825240479848778,-1.2483242936661998,9.731189063238453
-1.6825247990088645,-1.1397748638447147,9.73116885671427
-1.679033012788871,-1.0290847497738242,9.825116405585142
-1.6803110237355368,-0.9214608839840042,9.790731140192342
-1.6829246199022048,-0.8143183644688088,9.720411556424352
-1.6831389629659752,-0.7058324683405703,9.714644592415098
-1.6833533606010067,-0.5973189344068088,9.7088761601498
-1.6835701747856882,-0.48877843784100633,9.703042709895996
-1.5848968024644137,1.2781425826325918,12.357879198833125
-1.5839227389846822,1.3795456113737556,12.38408666704565
-1.5829498720710553,1.4808240738729228,12.410261941290528
-1.5819830359024452,1.5819830359024452,12.43627495654345
-1.5811866664088197,1.6831987094029373,12.457701515103437
-1.5803910982958138,1.7843125303339837,12.479106512279024
-1.5795956495782308,1.8853238398191792,12.500508297085176
-1.5759960417665684,1.9827046977063283,12.59735681801289
-1.574467372076361,2.082360072746155,12.638486131601987
-1.5757938991018798,2.185778634238092,12.602795526648876
-1.9286200431259701,2.7996097400215696,3.1099029724518203
-1.9299367680896307,2.926033164522989,3.07447609489423
-1.9314273157948332,3.0529012410950593,3.0343724646728063
-1.9329218023917454,3.1799681265154525,2.99416285739607
-1.9343625893665948,3.3071360398848237,2.9553980544544842
-1.9357975293891807,3.434479487625966,2.916790565506062
-1.9359949601956514,3.5597326687468436,2.9114786308196443
-1.9355146009723667,3.6837213373345046,2.9244028388787555
-1.936518465727583,3.810568593851051,2.8973935584679396
-1.9382970914834583,3.9391198955954154,2.8495391024401613
-1.574079900412865,-1.7911943694353292,9.728146425436606
-1.5739905120442261,-1.6825415818403795,9.73071730963074
-1.5739731245615762,-1.5739731245615762,9.731217388164467
-1.5739738271315231,-1.4654239080190044,9.731197181665571
-1.5739745297020975,-1.3568745945707736,9.731176975148635
-1.573975232273299,-1.2483251842167542,9.731156768613666
-1.5740678482515682,-1.1398422349407906,9.72849305566887
-1.5723463986621642,-1.0301579853303833,9.77800338467253
-1.5711986143524874,-0.9210474635859408,9.811014620753518
-1.57466933006325,-0.814484136239612,9.711193936037724
-1.5748706597595907,-0.705976502650851,9.705403525696703
-1.575074981058873,-0.5974422341947448,9.699527074354656
-1.5752793553816975,-0.488879799946044,9.693649098011214
-1.485661244493709,1.075823659805789,12.271140871259732
-1.4845687172932585,1.1774165688877567,12.302562866694679
-1.4834777957597403,1.278860168758397,12.333938681806622
-1.4824308818822005,1.3801942693386005,12.364048799950389
-1.481519924784293,1.481519924784293,12.390248687477296
-1.4806100865691845,1.5827211270222314,12.416416394999722
-1.4797442480423586,1.683846902944753,12.441318634711564
-1.47899943372936,1.7849993165699172,12.46274011687995
-1.4752435132963224,1.8822072411022046,12.570763527786589
-1.4741923293677839,1.9825345119083992,12.600996456166051
-1.4749910586770054,2.0853321864054215,12.578024333643363
-1.4760405957889464,2.188611917893955,12.54783876908568
-1.8036136293037637,2.798710804092047,3.1265645349323563
-1.8047771480145829,2.9249836536788067,3.0931007643234736
-1.8061243465649448,3.051727344195941,3.0543542080070836
-1.805524040640589,3.175231933540346,3.0716195081359032
-1.8055798653793649,3.2998528574174597,3.070013941989586
-1.8067079306879463,3.426515040959898,3.037569840861522
-1.8081387738397794,3.5539279347885318,2.9964175958954584
-1.810589267578759,3.683612647832647,2.9259393478043876
-1.814438304978164,3.8165771242644144,2.815237815116511
-1.8159845254042906,3.9450698310507,2.7707672233077716
-1.8178605624666428,4.074515053804545,2.7168108293756816
-1.465423645212564,-1.682523444503314,9.731205300089776
-1.4654242993297606,-1.5739742474282614,9.731185093580095
-1.4654249534475412,-1.4654249534475412,9.731164887052365
-1.465436479826482,-1.356885629468965,9.730808822590312
-1.4656230799901122,-1.2484937348063918,9.725044506908674
-1.4658097276216298,-1.1400742325946007,9.719278724883807
-1.465996422779386,-1.0316271123262344,9.713511474713151
-1.4634941349029897,-0.9214592701241047,9.790810320358716
-1.463577056087333,-0.8130983644929627,9.788248779822254
-1.4665629447365205,-0.706122899317584,9.696010893052481
-1.4667532538201717,-0.5975661404452551,9.690132004128117
-1.4669436123012904,-0.48898120410043017,9.68425158925335
-1.385278453655886,0.9748255784985863,12.206991899150673
-1.3840857713110577,1.076511155464156,12.243835369219298
-1.382962367674672,1.178079053945091,12.278538732131999
-1.3819455392368312,1.2795792029970658,12.309949852013979
-1.380930205024541,1.380930205024541,12.34131481337387
-1.3799946072178952,1.4822164299747764,12.370216616049902
-1.3791467200399485,1.5834647526384593,12.396408926179845
-1.3781096980196355,1.6843562975795545,12.428443851431801
-1.37441761609459,1.7816524653078019,12.542496944014388
-1.3737298311372572,1.8825186574843895,12.56374349352442
-1.3761438172164686,1.987763291534899,12.489172402369135
-1.3754540004170492,2.088652371003667,12.510481718057797
-1.3747684613787918,2.1894460681217796,12.531658888279544
-1.6786874671570982,2.79781244526183,3.1432154010152686
-1.677377422018463,2.9198792161062133,3.183684356611991
-1.677594851739123,3.0445239901932233,3.176967676818826
-1.678955560794743,3.1713605037234034,3.1349336485796826
-1.6814870035080254,3.3006967105898273,3.056734173051545
-1.6847722626733153,3.4319434980382346,2.955248351408521
-1.686022056129466,3.559379896273317,2.9166406466887196
-1.687317777747177,3.68710181063272,2.8766141628169635
-1.68858842771437,3.8149590403917246,2.837362174022992
-1.690013873168187,3.943365704059103,2.793328356351509
-1.3568753192211624,-1.5739753702965484,9.731152798949644
-1.3569889846638739,-1.4655481034369837,9.72736062771235
-1.3571617888445322,-1.3571617888445322,9.72159543621752
-1.3573346370418895,-1.2487478660785383,9.715828776212504
-1.3575075292727665,-1.1403063245891238,9.710060647136125
-1.357681720123739,-1.0318381072940415,9.7042491927565
-1.35785786815335,-0.923343350344278,9.698372441868436
-1.3552114517103073,-0.8131268710261843,9.786663694493775
-1.3563987498738532,-0.7053273499344037,9.747052376942136
-1.358385850813305,-0.5976897743578542,9.680757583657268
-1.3586379044277859,-0.48910964559400283,9.672348427415159
-1.2846307021766314,0.8735488774801093,12.14141885933055
-1.283511001680361,0.9754683612770744,12.178774945006644
-1.2824052099648335,1.07722037637046,12.215666998017923
-1.281301322011916,1.1787972162509628,12.252495536616728
-1.2802990462390949,1.2802990462390949,12.285934031790475
-1.279357864237745,1.3817064933767647,12.317334281764765
-1.2784180652899837,1.482964955736381,12.34868838951752
-1.275876800189302,1.5820872322347341,12.433471523170624
-1.273878269765832,1.681519316090898,12.500147633410911
-1.2735033992226155,1.7829047589116616,12.512654277979244
-1.275339345101041,1.8875022307495408,12.451402405929898
-1.2746975676875285,1.9885282055925444,12.472813749520455
-1.2740564356175077,2.0894525544127123,12.494203562793885
-1.2734191014156226,2.190280854434871,12.515466669427504
-1.5509361676491273,2.791685101768429,3.2567842473614164
-1.5522499359307478,2.9182298795498056,3.212953561700189
-1.5558462637408732,3.0494586769321113,3.0929708250292123
-1.5570084116941036,3.1762971598559715,3.0541985831182927
-1.5582114049431834,3.3034081784795486,3.014063637184023
-1.5593985940815143,3.4306769069793313,2.974455956993708
-1.5605549560846708,3.558065299873049,2.935876749244507
-1.5617130340061298,3.685642760254466,2.897240294051606
-1.5629216007934545,3.8135287059360294,2.856919400560031
-1.5641760271419094,3.941723588397611,2.815068514270955
-1.2488430157179746,-1.357438060563016,9.712378301796356
-1.2490021008124623,-1.2490021008124623,9.70660929361334
-1.2491641238608722,-1.1405411565686225,9.700733744460706
-1.2493262052304377,-1.032052082581666,9.694856080369362
-1.24948832866618,-0.9235348516228287,9.688976890804383
-1.2480248749281069,-0.8139292662574611,9.742047083317388
-1.2472464766705136,-0.7049653998572469,9.77027465505919
-1.2500856356831338,-0.597867043152803,9.667316350703643
-1.2503176625937216,-0.48925473753667365,9.658902205115886
-1.182656538139438,0.8741374412334977,12.112542389986537
-1.1816154363144193,0.9761170995640855,12.15029655524777
-1.180590583085624,1.0779305323825263,12.18746148689867
-1.1795736672300563,1.1795736672300563,12.22433858032533
-1.178558501868628,1.2810418498572045,12.261152194423218
-1.1776712617257263,1.382483655069331,12.293326771564999
-1.1748771303455332,1.4813668165226288,12.394652209052843
-1.1732461615835297,1.5813317830038875,12.45379710986549
-1.1732117504780757,1.6833038159033262,12.455044982581597
-1.174489087830716,1.7872660032206549,12.408724051864695
-1.1737681178773396,1.8882356678896335,12.434869062961639
-1.1731732127476937,1.9892937085721765,12.45644250183156
-1.172582917139884,2.0902565044667503,12.477848782557103
-1.1719932152613943,2.1911177502713026,12.49923353248294
-1.4292073367917701,2.7962752241578115,3.17170742656441
-1.4299966038355836,2.9221669730553232,3.14308571282681
-1.4309188066410057,3.0484791967569254,3.1096432614895875
-1.4318971462163044,3.1750762807405013,3.0741650852729876
-1.4330030492774137,3.302137461378388,3.0340609898534368
-1.4341115390937897,3.4293971587025407,2.9938630892137823
-1.435180500100415,3.556751674161898,2.955098647991889
-1.4362451449341191,3.684281023961436,2.916490727008302
-1.4373489705463207,3.812099443622851,2.8764619674948975
-1.4384313825242618,3.94005117821863,2.837209744788254
-1.1407776923354254,-1.1407776923354254,9.691339171877637
-1.1409257410651155,-1.0322661466779617,9.685459069448711
-1.1410857027317114,-0.9237360450685282,9.679105816798362
-1.1412974432032263,-0.8152124594308761,9.670696047505075
-1.139289065317362,-0.7052741832917003,9.750463484278008
-1.1396877594610575,-0.5969793025748397,9.734628411544527
-1.1419331363888412,-0.4893999155952177,9.64544800213104
-1.081510916019205,0.772507797156575,12.045258155856388
-1.0805448688897155,0.8747267986250077,12.083626982691015
-1.079593016012244,0.9767746335348875,12.121432051525531
-1.0786428386269065,1.0786428386269065,12.15917057426143
-1.077711912068425,1.1803511417892274,12.196144505271405
-1.0767838001392074,1.2818854763561995,12.233006646680714
-1.0737989793689222,1.380598687760043,12.351555802070251
-1.0725824856005421,1.4811853372578918,12.399871704389675
-1.0727361840509582,1.583562938360938,12.393767210055245
-1.073523236394298,1.6869650857624683,12.36250758084094
-1.0728635301860736,1.7881058836434562,12.38870935971115
-1.0722046346356744,1.8891224515009506,12.414878941405085
-1.0715706620390688,1.9900598009296995,12.440058649552356
-1.0710312815098657,2.091061073424024,12.461481411953088
-1.303979906561916,2.6700540943886852,3.2093805742752437
-1.3046129267866902,2.7955991288286217,3.1842386918082752
-1.3052465616778388,2.921266114231354,3.1590723964250387
-1.3060715766831184,3.0475003455939427,3.126304991080886
-1.3069141331594523,3.1739343233872415,3.092840885084385
-1.307890983994934,3.3008677215110236,3.0540429637348794
-1.3089015043359815,3.428075368498999,3.0139077790270576
-1.3098985854793588,3.555439017729688,2.974306363565553
-1.3108699349886568,3.6829202935395595,2.9357269402843613
-1.3118427260429402,3.810590775648541,2.8970902626640935
-1.0327170878243175,-0.9240100259480736,9.665663601875188
-1.0329087762232958,-0.8154542970183914,9.65724884195172
-1.0331005357961984,-0.7068582613342411,9.648830957626934
-1.031143019861802,-0.5969775378147275,9.73476222275356
-1.0323661819633898,-0.4890155598773952,9.681067708702628
-0.9801118579780295,0.6706028501954939,11.974934179721956
-0.9792034202603893,0.7730553317845179,12.01481288568489
-0.97829666518025,0.8753180688454869,12.054617727028557
-0.9774330539599466,0.9774330539599466,12.092528634129863
-0.9765722107987519,1.079369285619673,12.130318028646265
-0.9757157911467363,1.1811296419144701,12.167913239435535
-0.9726350401723873,1.2797829475952465,12.303152408687808
-0.9717264824817643,1.3808744751056652,12.343036381238882
-0.9725028279241368,1.4843464215684194,12.308956277539025
-0.9725222297519927,1.5867467959111459,12.308104573813843
-0.9718076738498471,1.6878764861602609,12.339472232996656
-0.9711424150350912,1.7889465540120104,12.368675842828942
-0.970545710817869,1.8900100684347978,12.394870034861462
-0.9699497395383277,1.9909494653681465,12.4210320523093
-0.9694014384875643,2.091866261999481,12.445101436437653
-1.179585905490704,2.669589154531594,3.2183989395754367
-1.1800787521288894,2.7949233603052646,3.1967638997841945
-1.180651763671406,2.9205596259240045,3.1716097715774225
-1.1813044966132584,3.0465221228447192,3.142956023989669
-1.182066320141112,3.1729148593261423,3.1095134050043782
-1.1828750980045057,3.299598957591516,3.074009579065269
-1.1837886753849036,3.4267566919036687,3.033905251581025
-1.1847042511915133,3.5541127535745396,2.993713196947489
-1.1855873015189837,3.681560567874739,2.9549489496294186
-0.9246469570456738,-0.7070829671525741,9.634414104759166
-0.9233912267379296,-0.5974884408304251,9.696023501408497
-0.9230919031293144,-0.4886957134214018,9.710709096568507
-0.877564762197424,0.6710789357980301,11.94438910467607
-0.8767507955374415,0.7736036431212719,11.984324427177185
-0.8759383374718297,0.8759383374718297,12.024185734112706
-0.8751352718310331,0.9780923626346841,12.06358622424515
-0.8731987151235083,1.0786572363290396,12.158598735762972
-0.8715112651719744,1.179103476409142,12.24138942158843
-0.8709057846609595,1.2807438009719994,12.271095871083602
-0.8720797112368687,1.385067776670321,12.213499978393628
-0.8713289915324322,1.4863847502612078,12.250332240669906
-0.8706410043991252,1.5876394786101693,12.284086679759369
-0.8700009455144753,1.688825364822217,12.315489634247399
-0.8693618271150892,1.7898625852369485,12.346846446080981
-0.8687912118304866,1.8908985198663533,12.374842316839576
-0.8682574730800885,1.9918847911837325,12.401028928867333
-1.0549091370410641,2.5441926246284488,3.24341257660479
-1.0552494099100778,2.669160272125491,3.226717904168524
-1.0556047691077683,2.7942479182264455,3.2092830571886637
-1.056117215899949,2.9198534792528004,3.184141084038501
-1.0566301603638577,3.045581050460531,3.158974693818294
-1.05729868331871,3.1718960499561297,3.126175217974904
-1.0579807562609604,3.2984105930488767,3.0927109444889993
-1.0587720636413813,3.4254390294279986,3.0538873452087714
-1.0595901088207016,3.5527433060458815,3.0137519199355296
-0.8147636016514992,-0.4888581609908995,9.695654462305335
-0.815442045367069,-0.38053962117129886,9.657930086233861
-0.774933385182334,0.6716089338246894,11.910385073862614
-0.7741527328207178,0.7741527328207178,11.95379268837042
-0.7734348404848508,0.876559485882831,11.993710576672079
-0.7713600387505715,0.9770560490840572,12.109078438591126
-0.7701775332947978,1.0782485466127167,12.174830806099926
-0.7699284299264835,1.1805569258872746,12.18868202018195
-0.7706586449296703,1.2844310748827839,12.148078938804566
-0.769989403817965,1.385980926872337,12.185291610690342
-0.769326130718653,1.487363852722729,12.222172435528584
-0.7686639993622074,1.5885722653485619,12.258989774573863
-0.7680796867964935,1.689775310952286,12.29148005558968
-0.7675151244450109,1.7908686237050255,12.32287214011248
-0.7669513914255608,1.89181343218305,12.354218110222597
-0.9304488793740207,2.419167086372454,3.2630575901060226
-0.9306689447522981,2.543828448989615,3.250821012627405
-0.930952858430692,2.668731527501317,3.235034196227211
-0.931253196410222,2.7937595892306657,3.2183341183455525
-0.9316428746712748,2.9191476739699946,3.196666338204807
-0.9320952538913223,3.044844496044986,3.1715121162224307
-0.9326111454843382,3.17087789464675,3.142826334306534
-0.9332125881230857,3.2973511447015693,3.1093835478692284
-0.9338515581552506,3.4241223799025855,3.0738540776440573
-0.7069969693855507,-0.48945944034384276,9.639931617226502
-0.7065155884807733,-0.38043147072041644,9.670816432444077
-0.672833428006266,0.5693205929283789,11.831823011766524
-0.6721389967297791,0.6721389967297791,11.876376880527737
-0.6714459974922254,0.7747453817217985,11.920838871407227
-0.6692841574279909,0.8752177443289111,12.059539908883416
-0.6685494685163401,0.9771107616777278,12.106676658707826
-0.668580472374778,1.0800146092207952,12.104687488739962
-0.6689434005126114,1.183515247060774,12.081402459435722
-0.6683540971893156,1.285296340748684,12.119211446178795
-0.6677658312399598,1.3868982648829935,12.156953876267607
-0.6671887999003294,1.4883442459315042,12.193975507417434
-0.6666141963007282,1.5896184681017362,12.23084137771042
-0.6660437043817552,1.6907263265075325,12.267443447559351
-0.6655538662495964,1.7918757937489136,12.298870868232065
-0.8060998226850657,2.2942841107190333,3.281612703213561
-0.806294070804098,2.418882212412294,3.269149979405583
-0.8064847492112427,2.5435288244354575,3.2569162839843457
-0.8066962318070918,2.668302920592688,3.2433478170391226
-0.806956441108149,2.7933107576820544,3.2266531037646757
-0.8072286963156903,2.918442209756726,3.209185539734854
-0.8076205688054897,3.044108297805307,3.1840434759009995
-0.8080128219325297,3.16989645527377,3.1588769908432894
-0.80852454523434,3.2962923767246166,3.1260454442196206
-0.5981482409024064,-0.3806397896651677,9.645994806437827
-0.5983101565047364,-0.27195916204760745,9.633717714294384
-0.5697830824804495,0.5697830824804495,11.796755193937727
-0.5683799288041469,0.6717217340412646,11.903147948727721
-0.5672007631238273,0.7734555860779464,11.992557032851415
-0.5667107628642195,0.8758257244265211,12.029710823165289
-0.5674641294559536,0.980165314514829,11.972587538371172
-0.5669381346530058,1.082336438883011,12.01247057972008
-0.5664131140875182,1.1843183294557196,12.052279750466667
-0.5659116202014469,1.2861627731851066,12.090305033762824
-0.5654131856796568,1.387832364850067,12.128098343755362
-0.5649167330173783,1.4893259325003614,12.165741381189306
-0.5644298886318104,1.5906660497805565,12.202655880441519
-0.5639438826694323,1.691831648008297,12.2395068070756
-0.6818351343608212,2.169475427511704,3.300517981462413
-0.6820015500672452,2.2940052138625524,3.287899673328532
-0.6821684989827923,2.4185974054844457,3.2752409351345264
-0.6823298042685428,2.543229270455478,3.263010119648655
-0.6824911858421274,2.6679200901101345,3.2507735197123964
-0.6826996171904027,2.792862070324375,3.234969416639352
-0.6829198655933915,2.917930334808127,3.2182692969533804
-0.48960675791306485,-0.27200375439614716,9.626279137647792
-0.49014847704164,-0.16338282568054668,9.57607596514557
-0.46572299163227787,0.5692169897727841,11.83967861968376
-0.46491798681304286,0.6715482031743952,11.914281478754802
-0.464729246595764,0.7745487443262733,11.931772752712732
-0.4651010922059641,0.8785242852779321,11.897312405406609
-0.46462178901999407,0.9808682212644318,11.941731255059217
-0.4641874964079417,1.0831041582851972,11.981978803593549
-0.46375732480205883,1.1851576078274837,12.021844442808657
-0.4633309348382177,1.2870303745506049,12.061359622869283
-0.46292257464338,1.3887677239301401,12.09920391564588
-0.4625149336365201,1.4903258972732314,12.136981558536576
-0.46211081025861783,1.5917150131130169,12.174433209369674
-0.5577379015746363,2.0450389724403335,3.3123068638380673
-0.557812992172064,2.1692727473358047,3.3053479325079635
-0.5579334449523555,2.293726384804128,3.294185115120939
-0.5580696366175937,2.4183017586762396,3.2815637153905968
-0.5582040995907975,2.5429297870247445,3.2691025201275252
-0.38121707759563994,-0.2722979125683142,9.577209775267406
-0.3810580956421092,-0.1633106124180468,9.596152798413932
-0.36280790711330435,0.46646730914567697,11.770699884116702
-0.36228573899801053,0.5693061612825879,11.832917277190035
-0.36227714877360156,0.6728004191509743,11.833940819901642
-0.3624074102140267,0.7765873076014858,11.818419904311703
-0.36203088568174474,0.8792178652270943,11.863283568217263
-0.3616575057614426,0.981641801352487,11.907772545209
-0.36129098919000496,1.0838729675700147,11.951443740222885
-0.36095593634675416,1.1859980765679063,11.991365968023295
-0.3606215043671421,1.2879339441683646,12.031214218658263
-0.27231350817763095,-0.1633881049065786,9.574608227265301
-0.272595993368434,-0.0545191986736868,9.527486068147681
-0.2605511626812277,0.2605511626812277,11.536718575430065
-0.25956604235962605,0.3633924593034765,11.701049301626895
-0.2592677657468816,0.4666819783443869,11.750805672808163
-0.25957455663887874,0.5710640246055332,11.699629010458438
-0.16357719535404389,-0.16357719535404389,9.522037033900247
-0.16351170413682845,-0.054503901378942815,9.540244994641242
-0.15630791998713667,0.15630791998713667,11.543051241969167
-0.15603435549664812,0.2600572591610802,11.619108028126618
-0.15588218945220236,0.36372510872180547,11.661413446794697
-0.051274631703516496,-0.051274631703516496,12.233663347769088
-0.051274550546093256,0.051274550546093256,12.233731038273518
-0.05211286569150404,0.15633859707451214,11.53452235479422
-0.05210795269106251,0.26053976345531255,11.538620112766814
0.052161626330450184,-0.2608081316522509,11.493852849597062
0.05216052218408271,-0.15648156655224812,11.494773778596375
0.05127466887821542,-0.05127466887821542,12.233632341682139
0.051274587720674496,0.051274587720674496,12.233700032284716
0.18455985538897052,-3.1375175416124987,3.6884082451605096
0.18454421260626117,-3.014222139235599,3.692757273710633
0.18453558578344526,-2.891057510607309,3.6951557151785153
0.18453158625870042,-2.7679737938805062,3.696267668698887
0.18453530079766392,-2.6450059780998494,3.695234947328082
0.18454686948617488,-2.52214054964439,3.6920186042031844
0.1845588217632822,-2.3992646829226687,3.6886956152347565
0.18457138354619892,-2.276380397069787,3.6852031706000474
0.18458831607018444,-2.153530354152152,3.68049556635809
0.18461662253035968,-2.0307828478339567,3.6726257643067513
0.18540829305416232,-0.5562248791624869,3.452524406749397
0.15604643544795715,-0.3641083493785667,11.615749542996248
0.15616139043347402,-0.26026898405579,11.583789595506076
0.15642093985761463,-0.15642093985761463,11.511629297896185
0.163254891770158,0.05441829725671933,9.611644331666163
0.16319613118925155,0.16319613118925155,9.627981031391009
0.30775310883865825,-3.508385440760704,3.6628275188095287
0.3076997806970662,-3.3846975876677283,3.6717233379723027
0.30764786495489566,-3.261067368521894,3.6803835507654625
0.30760695926822407,-3.137590984535885,3.6872071448472497
0.30758088674319317,-3.0142926900832934,3.6915563769949884
0.30756115045128163,-2.8910748142420477,3.694848644052257
0.307554484496914,-2.7679903604722265,3.6959606108831125
0.30755351065884085,-2.6449601916660312,3.6961230595853323
0.30757279113881053,-2.5220968873382463,3.6929068278161097
0.30759225527682166,-2.399219591159209,3.689659959525983
0.30761319079470995,-2.276337611880854,3.686167646168464
0.30763412916404104,-2.1534389041482873,3.682674857153657
0.3076813415342483,-2.030696854126039,3.6747992272316026
0.30772852944205725,-1.907916882540755,3.666927677951861
0.3078314966876333,-1.7854226807882734,3.6497514184950646
0.3079410692571271,-1.6628817739884867,3.631473306145395
0.3080532951394146,-1.540266475697073,3.612752587132725
0.3085156007864906,-0.8021405620448756,3.5356340656252385
0.2594220105663245,-0.5707284232459139,11.725075655230278
0.2595170969739342,-0.4671307745530816,11.709214020797084
0.25987510686085963,-0.36382514960520346,11.649493372045825
0.26059586644498295,-0.26059586644498295,11.52926141329408
0.27205423931641487,0.05441084786328298,9.61785760433083
0.2715309283857736,0.16291855703146416,9.705152590916029
0.43104015821347497,-3.7562070930031393,3.6406883751050785
0.430950275630988,-3.632295180318327,3.6513980676375155
0.43087510569989224,-3.508554432127694,3.660354717829854
0.4307997682151965,-3.3848553216908295,3.6693313323744476
0.43072707940229976,-3.261219315474555,3.6779923522865587
0.43065982384869744,-3.1376644308976527,3.686005988302014
0.43062332060481284,-3.0143632442336896,3.6903554240616927
0.43058818779973285,-2.8910921180839204,3.694541569250198
0.4305788553519061,-2.7680069272622534,3.6956535493917784
0.43056952330748144,-2.644927071745957,3.6967654814671818
0.4305944533123571,-2.522053226543806,3.6937950206764185
0.4306214484328462,-2.3991766412687148,3.6905784971596773
0.43065037292166114,-2.276294828300209,3.6871320854824106
0.43067968553596925,-2.1533984276798463,3.683639427863149
0.43073563860316566,-2.0306108677006383,3.6769725060932217
0.43080169607953267,-1.9078360826379301,3.6691016234173475
0.43092175321342885,-1.7852472633127767,3.654796571706804
0.3609939986302314,-1.3924054232880354,11.986830769524936
0.36127854784328783,-1.2902805280117422,11.95292615199103
0.3615635459952605,-1.1879945082701415,11.91896804247206
0.3618584938821482,-1.0855754816464445,11.883824401799338
0.36218684314631194,-0.9830785742542753,11.844700919082818
0.36251578883786023,-0.8803954871776605,11.805506370830244
0.36265672536112903,-0.7771215543452765,11.788713497405425
0.362394594192156,-0.6730185320711469,11.819946959386513
0.3626903371121654,-0.5699419583191171,11.784708588900173
0.3633982426986629,-0.46722631204113796,11.7003601983265
0.3797563216310099,0.16275270927043284,9.751261819759748
0.3795844320833473,0.2711317372023909,9.771742809002276
0.554725011078549,-4.006347302233965,3.5915228880224745
0.5544848337745237,-3.8813938364216662,3.6137810324908273
0.5542577863279103,-3.7566361073336147,3.634822383123037
0.5541056205413697,-3.632470179104535,3.648924165444676
0.554008964175058,-3.5087234397753675,3.6578816786197166
0.5539123415356313,-3.385019864939969,3.6668360661960264
0.5538177639488346,-3.261371276587582,3.6756009309651247
0.5537243297521363,-3.1377712019287722,3.6842598334240364
0.5536715145955751,-3.01443380168702,3.689154414906781
0.5536245876144187,-2.891150624208631,3.693503316774425
0.5536046988501181,-2.7680234942505906,3.695346484224814
0.5535927003642327,-2.644942901740223,3.696458429557545
0.5536118562280222,-2.5220095672609903,3.6946831827856883
0.5536465630392224,-2.3991351065032975,3.691466770556957
0.5536829301878339,-2.276252046327762,3.68809648854392
0.5537206164170533,-2.153357952732985,3.684603962312785
0.5537795150609532,-2.0305248885568288,3.6791456009149925
0.4631238017739449,-1.5952042061102547,12.08055543192988
0.46348579360670855,-1.4934542238438386,12.047008271665433
0.4638483517700733,-1.3915450553102198,12.013408627389687
0.46421333264939313,-1.2894814795816476,11.979584460809669
0.4645793049637085,-1.1872582237961438,11.945668414176907
0.46494585477654077,-1.0848736611452618,11.91169884855961
0.4653368539570337,-0.9823778027981823,11.875463467028695
0.46506897031411915,-0.8784636105933362,11.9002892633249
0.46505087389036476,-0.7750847898172746,11.90196632775828
0.46563923251546907,-0.6725900025223442,11.847440895682482
0.4883180520140824,0.16277268400469416,9.745708415918656
0.48721452217737454,0.27067473454298585,9.847976724034929
0.6780790416021601,-4.006830700376401,3.5853200402744676
0.6777803572854486,-3.881832955362115,3.607967486384034
0.6775027920698944,-3.7570609378421422,3.6290135973093243
0.6772817703838183,-3.632693132058662,3.645772350428885
0.677154685978366,-3.5088924637060788,3.6554084011446832
0.6770365802585873,-3.385182901292936,3.664363651803214
0.6769199201979714,-3.261523251862953,3.6732092867700032
0.6768057121926097,-3.137917392893008,3.681868997046024
0.6767254691199729,-3.0145043624435157,3.6879533495263104
0.6766681112343992,-2.8912182934560695,3.692302455086292
0.6766320150179923,-2.7680400614372416,3.6950394153821478
0.6766173500270637,-2.6449587319239765,3.696151373972441
0.6766250001069982,-2.521965909489721,3.695571314145532
0.6766674180752715,-2.3990935731759633,3.6923550131990197
0.6767108628539902,-2.2762092659634217,3.689060855355031
0.5650599076559434,-1.7979178879961837,12.154885304288925
0.5654043337858741,-1.6962130013576224,12.128769529941572
0.5657491800543093,-1.5943840528803261,12.102621899003132
0.5661347625754576,-1.4925371013352975,12.073385481555299
0.566577344930518,-1.3906898466476352,12.039827107464447
0.5670206198022824,-1.2886832268233692,12.006216223972011
0.5674674506754483,-1.1865228514123012,11.972335710152159
0.567914900978852,-1.08420117459599,11.938408228640533
0.5672085948662033,-0.9797239365870786,11.991963198647603
0.5674459550937233,-0.8769619305993905,11.973965591607175
0.5683957352035122,-0.7750850934593349,11.901949443959367
0.5698890485786589,-0.6735052392293241,11.78872041820842
0.5950522251277213,0.27047828414896424,9.880747173698111
0.5946241304106609,0.3783971738976933,9.91320703681098
0.8018235567703096,-4.132475254123903,3.555972739699776
0.8014628430369378,-4.007314215184689,3.579115695498537
0.801103781868964,-3.8822721736726713,3.6021526247049565
0.8007756760299041,-3.757485864448012,3.6232034975389382
0.8004727844225356,-3.632914944686892,3.6426366558376913
0.800312272824357,-3.5090615039221804,3.652934885370321
0.8001726798831175,-3.38534595335165,3.6618909992358226
0.8000335497534798,-3.2616752413026484,3.670817419670051
0.79989856406357,-3.138063597480159,3.679477937876136
0.7997851845825372,-3.0145749265034096,3.6867522279163296
0.7997173948154569,-2.8912859658712673,3.691101537182945
0.7996608038819715,-2.768056628822209,3.6947323428637304
0.7996434723220407,-2.6449745622959804,3.695844314735865
0.7996338851704622,-2.5219222532299193,3.696459414757541
0.7996840137610566,-2.39905204128317,3.693243225161609
0.6670721695065223,-1.898590020903179,12.201458372079777
0.6674760303246222,-1.7970508508739829,12.175547151636984
0.6678850820745996,-1.695400592958599,12.149302887298497
0.6682922372477487,-1.5936199503600157,12.123180305029877
0.6686998890840219,-1.4917151371874333,12.097025857457368
0.6691801463239507,-1.3898356885189744,12.06621313521412
0.6697033730681571,-1.2878911020541481,12.032643541673252
0.6697646806403025,-1.1849682811328428,12.028710122174559
0.6692523097527827,-1.0810998849852642,12.061583217112208
0.6698065763667368,-0.9789480731513845,12.026022143161498
0.6713149277420641,-0.8778733670473146,11.929248147666776
0.672414017742709,-0.7758623281646643,11.858731865777472
0.6730245196689888,-0.6730245196689888,11.81956280236843
0.7018499981255107,0.3779192297598904,9.970155053010792
0.7019193339031118,0.4859441542406158,9.96570655358358
0.9257108231137889,-4.258269786323429,3.526513809254098
0.9252891659918018,-4.132958274763381,3.5499597510146472
0.9248764261617856,-4.007797846701071,3.5729098531526517
0.9244723950278555,-3.8827840591169926,3.5953757144926115
0.9240764476681558,-3.7579108871838334,3.6173920833660063
0.923698088252461,-3.63321248045968,3.638430487231041
0.9234817264279016,-3.509230560426026,3.6504611312621904
0.9233206421263234,-3.385509021129852,3.6594181082854718
0.923158654219429,-3.261827244908649,3.66842532963409
0.9230028869794337,-3.1382098157300744,3.6770866552626487
0.9228506613878366,-3.014645493866933,3.6855510500728883
0.92277243876401,-2.8913536414605647,3.6899005629518626
0.9217757319814498,-2.7653271959443497,3.7453217285333196
0.9211814054484326,-2.6407200289521735,3.7783688290167703
0.920952121806361,-2.517269132937387,3.7911179814402374
0.7688717770448893,-1.9990666203167125,12.24743644559333
0.7693327163129176,-1.8976873669051966,12.221806248284182
0.7697982664379514,-1.7961959550218867,12.195919667579183
0.7702643804391345,-1.694581636966096,12.170001732945437
0.7707370547783996,-1.592856579875359,12.143719015419201
0.771206971692034,-1.4910001452712658,12.117589622566904
0.77167746177725,-1.3890194311990502,12.09142835892002
0.7714204186583787,-1.2857006977639647,12.10572105713559
0.7710411669788138,-1.1822631227008475,12.126809074693
0.7718992577061164,-1.080658960788563,12.079095555417446
0.7740801091033734,-0.9805014715309396,11.957830878071249
0.7746906801664808,-0.8779827708553449,11.923880512146383
0.7753094471015832,-0.7753094471015832,11.889474420639154
0.7760128682928311,-0.672544485853787,11.850361189952068
0.8097939339066,0.37790383582308007,9.971989271894373
0.808421757356868,0.48505305441412083,10.048288164507852
0.8097823686949357,0.5938404037096194,9.972632347191798
0.8092350273549083,0.7013370237075872,10.00306686972742
1.049287098927696,-4.258871166235942,3.519244396517138
1.048783640919786,-4.1334414083309206,3.543945356519707
1.0483198017608106,-4.008281594967806,3.5667025126945404
1.047861789360714,-3.8832525135132347,3.5891737929159646
1.0474051164491467,-3.758336006082233,3.6115793543444425
1.0469762121400958,-3.633623324486215,3.632622515872008
1.0462453327412833,-3.5079990568384205,3.668481361124506
1.0453518344474801,-3.382020640859494,3.712318712543791
1.0446746608615902,-3.2569268838626044,3.7455426108571857
1.0443400730659116,-3.1330202191977348,3.7619583588015146
1.0440061180740634,-3.009194105037006,3.7783430597432
1.0438760608875708,-2.8860102859832844,3.784724003756658
1.0439991880435335,-2.7635272624681773,3.7786830650748158
1.0443896111498792,-2.641691369379106,3.7595278914905137
1.0456774710001946,-2.521928018294587,3.6963421358728326
0.871004570048409,-1.9981869548169384,12.266249202908917
0.8714923830275074,-1.8967775395304574,12.242315828732451
0.8720231950529429,-1.7953418721678238,12.216272809447489
0.8725509550762734,-1.6937753833833544,12.190379529327942
0.8730793545631762,-1.5920858818504977,12.164454875461473
0.8736158362449578,-1.4902858383002222,12.138133688082185
0.8729304415298896,-1.3864189365474717,12.171760936386683
0.8726026954698566,-1.283239258043907,12.187841010976186
0.8736601779615174,-1.1820108290067588,12.13595816807858
0.8760589289151323,-1.0821904416010457,12.01826920409259
0.8767475611571223,-0.9798943330579601,11.984483114292388
0.877438684690458,-0.877438684690458,11.95057479525574
0.8781308986282346,-0.7748213811425599,11.916612978139703
0.9155673239277875,0.4847121126676522,10.0798845331947
0.9149228093227177,0.5920088766205821,10.111506096921516
0.9162294583930486,0.7006460564182136,10.047398493275224
0.9156339647621786,0.8079123218489812,10.076614960441916
0.9150392446980918,0.9150392446980918,10.105793474409182
0.914447729335765,1.0220298151399727,10.13481475736861
1.170730378884799,-4.251599797002691,3.6071398898974962
1.1701105482004657,-4.12617930154901,3.6343492903080516
1.1695626652667057,-4.001135433807151,3.6584003198869297
1.168976378522402,-3.87607957089007,3.6841372044658556
1.1684584934028905,-3.751366741977702,3.706871386460442
1.1680391003642647,-3.627068785341664,3.7252819514837725
1.1677760969744873,-3.503328290923462,3.736827305275817
1.1677217813149405,-3.3802472617011436,3.739211660498178
1.1676829274954963,-3.2572207977505947,3.740917270041983
1.1683310294780889,-3.136046447546449,3.712466812849442
1.169048677083851,-3.014915009321511,3.680963433697002
1.168899809377133,-2.8914890021434347,3.6874984458264066
1.1688007349176168,-2.768212266910145,3.691847628123398
1.1687306752638615,-2.645022054544529,3.694923115058522
0.9725034040128696,-2.098559977080403,12.308930988327958
0.9730475179445498,-1.9973080631493392,12.285045410846458
0.9735922410786393,-1.8959427852584032,12.261133090525817
0.9741509549114191,-1.7944886011526144,12.236606604865656
0.9747402436382413,-1.6929698968453666,12.21073793890443
0.9753302458677371,-1.5913282958894657,12.184837951518766
0.9742817075513793,-1.4870615536310527,12.230866810071149
0.9741661370666679,-1.384341352673686,12.235940136825754
0.9755288808195183,-1.283590632657261,12.17611825100191
0.9777587201464252,-1.1836026612298831,12.078232501505177
0.9785230078554545,-1.0815254297349761,12.044681709604284
0.9792884912625501,-0.9792884912625501,12.011078428808801
0.9800594221362376,-0.8768952724376864,11.977236014483033
0.9808321146698422,-0.7743411431604017,11.943316266602665
1.0243543859906954,0.48522049862717154,10.032770472277946
1.0213419248553317,0.5913032196530867,10.165011846132394
1.021407923891124,0.6988580531886638,10.162114612683048
1.0223590260540358,0.8071255468847652,10.120363017874766
1.0217028149054947,0.9141551501786006,10.149169452189547
1.021049195267995,1.021049195267995,10.177862124047294
1.0203964113833033,1.1278065599499667,10.20651810792981
1.0197364675017786,1.2344178290811005,10.2354884021969
1.2965443935362087,-4.260074435904686,3.504699408109694
1.2958592283967372,-4.1344080144086375,3.5319123481278467
1.295310772754152,-4.009295249000947,3.553695549934936
1.2947299204997227,-3.8841897614991683,3.576765459141612
1.2941461833187538,-3.759186532497333,3.599949949970089
1.2936161206507262,-3.6344452913520406,3.621002631666684
1.2931013249706613,-3.509846453491795,3.6414489491398925
1.292835721718006,-3.385998318785254,3.6519980050780063
1.2926102172412703,-3.2623019768470156,3.6609544441110344
1.2923846980041027,-3.1386485522956784,3.669911469389227
1.2921666365799105,-3.0150554853531246,3.6785722901388027
1.2919721368509014,-2.891556687237732,3.686297302919151
1.291862628371865,-2.768277060796854,3.690646688928183
1.2917626883519542,-2.645037885673049,3.694616041147924
1.074424055999536,-2.0976850617133795,12.326729418070684
1.075000739234835,-1.9964299442932656,12.303825091233833
1.0756022722196168,-1.895108765339325,12.279933798331179
1.076204478736667,-1.7936741312277784,12.256015754515253
1.0768323847607164,-1.6921651760525547,12.23107699452131
1.0754845776084987,-1.5876200907554026,12.28460831576983
1.075598305834324,-1.4853500413902572,12.280091332623051
1.0773305872595937,-1.3851393264766205,12.21128971414494
1.0794538673085678,-1.285064127748295,12.126958668553456
1.0801122654685398,-1.1829801002750673,12.100808841886561
1.0808612346453135,-1.0808612346453135,12.071061774925873
1.0817062560156685,-0.9786866125856047,12.037499769883908
1.0825525996730616,-0.8763521044972404,12.003885247111853
1.1318131385829202,0.37727104619430674,10.047387443312715
1.1310775283879166,0.48474751216624995,10.076603926989648
1.1288762716815757,0.5913161423093968,10.164031998360024
1.1269886359456995,0.6976596317759093,10.239003877542515
1.1288892895213913,0.8063494925152797,10.163514964328861
1.1281673297274797,0.9132783145412932,10.192189290320385
1.127446292758632,1.020070455353048,10.220826964150753
1.1267318763147283,1.1267318763147283,10.249201688309853
1.1260417063393395,1.2332837736097528,10.276613407121268
1.1253523813617874,1.33970521590689,10.303991564862343
1.1246638998311829,1.4459964426400924,10.331336223130272
1.419499177227131,-4.135062820618164,3.5237608489846863
1.4188395311721662,-4.009763892443079,3.547682030923461
1.418208678862358,-3.88465855514472,3.570559046204373
1.4175891073479747,-3.7596928499228897,3.5930269785267086
1.416977924200871,-3.634856414254408,3.6151907179286837
1.4163977232316594,-3.5102030532262867,3.6362309300865547
1.4160311515818684,-3.386161449434903,3.649524160694469
1.4157841466799266,-3.262459120610266,3.658481463106341
1.4155349211144663,-3.138794825079904,3.667519294910683
1.415296069651973,-3.0151959744759425,3.6761809237457896
1.4150572988957804,-2.891638828178334,3.6848396258748366
1.41493028283304,-2.7683418577168175,3.6894456935123117
1.1756805358184206,-2.198011436530091,12.365517784094337
1.1762791405897757,-2.0968454245296004,12.34381018266592
1.176878355204261,-1.9955763414333123,12.322080466092018
1.177522594969301,-1.8942754788636582,12.298717972652206
1.1781815744737403,-1.7928850046339528,12.274820962276756
1.1766005926521024,-1.6881660677182342,12.332153153552142
1.176825635780042,-1.5861562917035346,12.323992265501658
1.1789764544507684,-1.4865355295248819,12.245995703023155
1.1809686750919517,-1.3863545316296826,12.173750485968867
1.181692725773656,-1.2844486149713654,12.14749375637944
1.182413137782501,-1.182413137782501,12.12136897839472
1.1831344286302434,-1.080253173966744,12.095212330492771
1.1839982045129354,-0.9780854732932944,12.06388865336519
1.1849240135134886,-0.8758134012925787,12.030315428184643
1.2383969081935966,0.37690340684152945,10.091192420007054
1.2375928088098025,0.4842754469255749,10.120352008716523
1.2367984431518102,0.5915122988986918,10.149158616878168
1.2333743981120606,0.6971246598024691,10.273327030750941
1.2328411237630137,0.8040268198454438,10.292665511790617
1.234418114655408,0.9123959977887799,10.235478046226575
1.2336617506560625,1.0191118809767472,10.262906575062772
1.232906312981717,1.1256970683746113,10.29030151196175
1.2321517999316969,1.2321517999316969,10.31766291859622
1.2313920134054706,1.3384695797885553,10.345215560792276
1.2306372262146654,1.444661091643303,10.37258690877566
1.2298833637573467,1.5507225021288287,10.399924722535943
1.5423971713295241,-4.010232645456763,3.5416671059164173
1.5417172467134326,-3.8851274617178495,3.56435113820595
1.541043636968803,-3.760146474203879,3.586824490157163
1.5403676399061395,-3.6352676301784888,3.60937748917231
1.5397368440066828,-3.5106000043352363,3.6304224612364635
1.539253958447097,-3.386358708583613,3.6465327643002965
1.538969943166674,-3.2626162795133484,3.6560082438451786
1.5387015274272142,-3.138951115951517,3.6649632826198015
1.5384369779039775,-3.015336476691796,3.6737893344868127
1.5381774202873129,-2.891773550140148,3.682448843523659
1.5380036987056938,-2.7684066576702486,3.6882446418718473
1.2773999456627747,-2.1971279065399725,12.382655476385139
1.278052719047232,-2.09600645923746,12.36087727894924
1.2787035180914001,-1.9947774882225842,12.339164950578528
1.2793549801673356,-1.8934453706476566,12.31743050176437
1.2775723251269093,-1.788601255177673,12.376904454524869
1.27791298536387,-1.6868451406803084,12.365539153678135
1.2804550670844188,-1.587764283184679,12.28072877548793
1.2822749296939486,-1.4874389184449803,12.220013482615634
1.2830509120123628,-1.3856949849733518,12.194124718552054
1.2838278341561966,-1.2838278341561966,12.168204599497557
1.2846159983495982,-1.1818467184816301,12.141909416782525
1.2853992589507903,-1.0797353775186638,12.115777830503603
1.2861834752795491,-0.9774994412124572,12.089614358697268
1.3447767225104703,0.37653748230293166,10.134793073103815
1.3439161453969026,0.4838098123428849,10.163504136903825
1.343056669015261,0.5909449343667148,10.192178477458398
1.3411354195662244,0.6973904181744367,10.256276295814665
1.3381083887332665,0.80286503323996,10.357265822493275
1.3398034942810517,0.9110663761111151,10.30071274576963
1.339705525307579,1.01817619923376,10.303981242460345
1.3388859038322007,1.1246641592190485,10.331325920933011
1.3380593983881017,1.2310146465170535,10.35890026629086
1.3372394801424787,1.3372394801424787,10.386254845781451
1.3364205661187019,1.443334211408198,10.413575921850871
1.3356026544718407,1.5492990791873353,10.440863556050722
1.3347916765884633,1.6551416789696944,10.467919862084138
1.6652786487903048,-3.885650180510711,3.5574308040475415
1.6645279609011245,-3.7606002079618004,3.5806205048893602
1.6637852772408157,-3.635678939155856,3.6035629449512143
1.6631038635312916,-3.5109970452327266,3.6246126785370762
1.6624957793985078,-3.3865654765525157,3.6433971685084217
1.6621676084165693,-3.2627734535584505,3.653534786293129
1.6618776914893545,-3.1391023061465586,3.6624906878175665
1.6615893629401608,-3.015476992002514,3.6713975223307287
1.66130901458961,-2.8919082846559876,3.6800578383881444
1.6610828763944159,-2.7684714606573597,3.6870435340028394
1.3790962512008962,-2.1963384741347607,12.397967972617558
1.3797448891666209,-2.0951681650307945,12.377930723320475
1.380447189886033,-1.9939792742798255,12.356235763512416
1.3784320702467823,-1.8889624666344795,12.41848536453599
1.378829166627466,-1.7873711419244929,12.406218553779958
1.3817721672293684,-1.688832648835895,12.315305533177018
1.3834138580620128,-1.5883640592563848,12.264591621533455
1.3841988014990425,-1.4867320460545272,12.240343723379205
1.385036065566302,-1.385036065566302,12.21447957460952
1.385874343442836,-1.2832169846692927,12.188584107985754
1.386720987855317,-1.1812808415063811,12.162430188456987
1.3875660992857564,-1.0792180772222548,12.136323624687478
1.4509653464520655,0.376176200932017,10.177840483326527
1.4500377052761593,0.4833459017587197,10.206496495589235
1.4490998611393868,0.5903740175012316,10.235467690251454
1.4482119551642416,0.6972872376716719,10.262896231774569
1.4444245572805818,0.802458087378101,10.379893755188633
1.4434785748418992,0.9088568804560105,10.409116352317007
1.4455474807189046,1.0172371160614513,10.34520522620302
1.4446614257805692,1.1236255533848871,10.372576586851785
1.4437764563996889,1.2298836480441793,10.39991441325418
1.442892570577929,1.3360116394240082,10.427218767141284
1.4420077609992452,1.4420077609992452,10.454551657051177
1.4411428457449509,1.5478941676519842,10.481269986052745
1.440278967419846,1.6536536292598227,10.50795628299673
1.4394161241603176,1.7592863739737217,10.534610605452485
1.7872308456273078,-3.636090341103833,3.5977470864341683
1.7864987912724128,-3.511394175949225,3.6188015815425416
1.7857673363186017,-3.3868001206042444,3.6398388373747537
1.7853771441450017,-3.2629306427477616,3.6510610904157375
1.785065721888126,-3.139253510906704,3.660017854814697
1.7847532263691699,-3.015617520416873,3.669005487128139
1.7844520834063953,-2.892043031727606,3.6776666104371714
1.7841678163054295,-2.768536266680839,3.685842369855486
1.4807195036282044,-2.1955496088280273,12.413269468929947
1.481396325385476,-2.094387908303604,12.393803509493424
1.4791545232347723,-1.9892078071088317,12.458279613078247
1.4796359255247593,-1.8878113532557275,12.444434080855245
1.4828971652098477,-1.7897034752532646,12.350638101720925
1.4844048192029178,-1.6891503115067685,12.307276712761265
1.4852353732036616,-1.587665398941845,12.283389285510857
1.486066857080544,-1.486066857080544,12.259475114245497
1.4869242742598499,-1.3843777725867568,12.234815079527017
1.4878237907854033,-1.282606716194313,12.208944232423214
1.4887243963749879,-1.180712452297404,12.183042062927619
1.5569503933309015,0.37581561218332105,10.220805366203017
1.5559637869946865,0.4828853132052475,10.249180989052363
1.5550106939880246,0.5898316425471817,10.276592740532848
1.5540587678757118,0.6966470338753191,10.303970931156542
1.5531080065257286,0.803331727513308,10.331315622242109
1.5485458833573857,0.9077682764508813,10.46252609765201
1.549358247876965,1.0150967830918045,10.439161815082926
1.5502482149183676,1.1225935349408867,10.413565619124896
1.5492994369527817,1.2287547258591027,10.440853266417456
1.5483586948270267,1.334791978299161,10.467909796240008
1.547430268686211,1.4407109398112998,10.494612108041835
1.546502955283101,1.546502955283101,10.521282416577193
1.5455767527051698,1.652168252891733,10.547920776851974
1.5446865756361534,1.7577467929652781,10.57352301337972
1.5438104765635314,1.8632195406801242,10.598720354964577
1.9085985520768358,-3.2630878470991065,3.648587155932489
1.9082656203383501,-3.13940473023406,3.6575447835767463
1.9079328047405082,-3.0157647558801584,3.666499286422365
1.9076066283416921,-2.8921777913567595,3.6752751596395896
1.9072847955295242,-2.7686392193170515,3.6839341673635673
1.5822697816249844,-2.1947613099959464,12.42855997742258
1.5797949099683708,-2.089406171248491,12.49514713690489
1.5803338400704434,-1.9881619278305582,12.480647061896704
1.5844963271164014,-1.8911730355905438,12.368654107421037
1.5853030234274248,-1.7898582522567703,12.346949702761364
1.5861105415281243,-1.6884402538847778,12.325223187605538
1.5869673529847235,-1.5869673529847235,12.302170420018832
1.5878553989520656,-1.4854131151487069,12.27827727861208
1.5887444393534649,-1.3837451568562438,12.254357381660654
1.5896763145993529,-1.2819970279027042,12.229285000452634
1.6627622585082045,0.3754624454695946,10.262885898515812
1.6617440586805765,0.48244182348790937,10.290280868322
1.6607271050881522,0.589290263095796,10.317642307798629
1.6597030471576317,0.6960045036467489,10.345194891608976
1.658685724350285,0.8025898666211058,10.37256626492313
1.6546946811604948,0.9074132122493037,10.479946471354914
1.6530220682806904,1.0131425579784878,10.524948619358057
1.6556389147524562,1.1215618454774703,10.454541585162751
1.6546458634560035,1.2276404793383253,10.481259926242906
1.6536540027086855,1.333591937668295,10.507946235243786
1.6526633304951035,1.439416449140897,10.534600566390289
1.6516855196241078,1.5451251635193268,10.560908859281575
1.6507484681830205,1.6507484681830205,10.586120507564054
1.6498124793746467,1.7562519941730113,10.611303565396682
1.6488775513924439,1.8616359451205016,10.636458081385037
1.686344128546905,-2.1973575008338457,12.378202071968616
1.6809708798202927,-2.0884789718979393,12.51400918130404
1.6852860084713173,-1.991701646375193,12.404945711823522
1.6860564861741274,-1.8904269693467488,12.38547213913968
1.686905472525462,-1.7891421678300354,12.364014285966249
1.6877644007023016,-1.6877644007023016,12.342305156395234
1.6886242040122925,-1.5862833431630625,12.320573908119194
1.6895544237508493,-1.4847599481446856,12.29706290757413
1.6904999892461057,-1.3831363548377227,12.273164048032775
1.768412109345804,0.3751177201642614,10.303960619847985
1.7673302080002384,0.4819991476364286,10.331305323546452
1.7662392231535362,0.5887464077178454,10.358879609773986
1.765156930050033,0.6953648512318311,10.386234215026576
1.7640759625184783,0.801852710235672,10.413555316880434
1.7629963181278276,0.9082102244900929,10.440842976779429
1.7580765545152748,1.012225895023946,10.565188397739618
1.7576401308364358,1.1184982650777315,10.576218863903435
1.7598141052061709,1.226537103628543,10.521272370646791
1.7587601502408974,1.332394053212801,10.547910738696757
1.7577471690816269,1.4381567747031492,10.573513507161664
1.756750228331086,1.5438108067151968,10.598710859526733
1.7557544178084785,1.649345059153419,10.62387964574937
1.7547597355327478,1.7547597355327478,10.649019915900112
1.7538706829541253,1.860165875860436,10.671490429902548
1.7529998456649796,1.9654846754425528,10.693500558403514
1.7859566226611503,-2.0921206151173473,12.439927123276838
1.7867826650199212,-1.990986398165055,12.420242197818695
1.787599251395424,-1.8897477800465912,12.400782612288701
1.7884165844965414,-1.7884165844965414,12.381305231983532
1.7893369119052565,-1.6870890883678133,12.359373455428397
1.8738587127202904,0.3747717425440581,10.345184557044256
1.8727101219004234,0.48155403134582314,10.372555943548726
1.8715629382866719,0.5882054948900968,10.399893795758992
1.8704171592945418,0.6947263734522584,10.427198175264586
1.869270165111257,0.8011157850476816,10.454531513269764
1.8681489776567919,0.9073866462904416,10.481249866428534
1.8649452567886649,1.012398853685275,10.557595838046254
1.8615386662128128,1.1169231997276876,10.638776277330031
1.8648066309715097,1.2254443574955634,10.560899347664488
1.8637486692142988,1.3312490494387847,10.58611100673636
1.8626919072044694,1.436933756986305,10.611294075340048
1.8616363428258662,1.5424986840557176,10.636448603904405
1.860628202012401,1.6479849789252692,10.66047300961877
1.8597041276514954,1.7534353203571242,10.682494077568926
1.8587809707114282,1.8587809707114282,10.704493283007288
1.8578587298266531,1.9640220858167474,10.726470658475364
1.8569430478076157,2.0691651104142004,10.748291733504644
1.9791158033929577,0.3744273141554244,10.386223900147726
1.9779038089336776,0.48111173730819184,10.413545014631218
1.9766932979970453,0.5876655750802026,10.440832687136655
1.9754930209470298,0.6940921424949024,10.467889664538077
1.9743084764412073,0.8003953282869759,10.49459199457479
1.9731253516748104,0.9065711075262642,10.5212623204525
1.9719436440586686,1.0126197091112081,10.547900700537006
1.966931895640333,1.1163667515796483,10.660876920231225
1.9656080767984652,1.2218644801720187,10.690718810890985
1.968573555775007,1.3301172674155453,10.623870163196173
1.967458305408384,1.435712817460172,10.64901044557201
1.9664614370932292,1.5412805858298282,10.671482126985055
1.9654850434033608,1.6467577390676804,10.693492263729155
1.9645096188365039,1.7521302005839088,10.715480554234162
1.9635351620377766,1.857398126251951,10.737447029042187
1.962591040048325,1.962591040048325,10.75872968818529
1.9616652678453779,2.0677012282694522,10.779598701363263
2.0829015120757117,0.4806695797097796,10.454521441372222
2.0816521886632238,0.5871326685973195,10.481239799854905
2.080404363040299,0.6934681210134329,10.507926126216788
2.0791580325143775,0.7996761663516837,10.53458047804164
2.077927833550608,0.905763414624624,10.560889836043323
2.0767489613737857,1.0117494940026135,10.586101505904601
2.0755714259455327,1.1176153832014406,10.611284587710038
2.0698169693221318,1.2206612896002316,10.734350907767968
2.0694400687053376,1.3265641466059857,10.742411403305951
2.0722421302835405,1.434629167119374,10.682485778772985
2.071213469308026,1.5401330925623782,10.704484992448343
2.0701858291928965,1.6455323257687124,10.726462373735494
2.0691654788951492,1.7508323282958957,10.748283853074334
2.068189204205706,1.8560672345435822,10.769162719882871
2.067213850334624,1.961202883650797,10.79002189382819
2.0662394159797497,2.0662394159797497,10.81086140275849
2.065282123825578,2.1711940276115054,10.831334304084251
2.187747725280184,0.48023730554930855,10.494581932319733
2.1864366945409905,0.5866049668280706,10.521252270253648
2.185127234158549,0.692845220586857,10.547890662372716
2.183868629512336,0.7989763278703668,10.573494494713337
2.1826300049613194,0.9049929288864006,10.598691871373767
2.181392784621446,1.0108893392148162,10.623860682124494
2.1801569661196987,1.1166657631344796,10.649000975239865
2.1770410738961203,1.2212669438929453,10.712387664875862
2.1728151819970516,1.324887306095763,10.79835511144367
2.174560444935563,1.4320276100795173,10.762851174760776
2.1758096407715435,1.5389873068871893,10.73743874613097
2.1747634315725564,1.6443333263109572,10.758721811472157
2.1737375755230093,1.7495936583477882,10.779590832079414
2.172712686828748,1.8547547326586875,10.800440173748875
2.171688764216176,1.9598166896585005,10.821269862389336
2.1707360201768546,2.064846458217008,10.840651563163838
2.1698202391704378,2.1698202391704378,10.859281323843312
2.2924055280337283,0.4798058081931059,10.534570433860516
2.2910491273614615,0.5860823349064203,10.560880324418093
2.28974934450484,0.6922498018270447,10.58609200810826
2.288451035627209,0.7982968728932124,10.611275101259714
2.2871541982213213,0.9042237527851734,10.63642965250515
2.2859155047226354,1.0100556881332574,10.660456395525216
2.284780212514372,1.115822894483763,10.682477479973933
2.2836460475937153,1.221485095224545,10.704476698602193
2.2784676063258207,1.324690468794082,10.804922109610011
2.276377235529696,1.4293531478907393,10.845468703249544
2.2803115797585547,1.5378845537906531,10.769154846884298
2.2792361892102586,1.6431702759422793,10.790014028253644
2.2781618126208207,1.7483567399183044,10.810853542022457
2.277106294299474,1.853458611639107,10.831327264930401
2.2761454354899517,1.9585437468169353,10.84996489217189
2.2751853872356844,2.0635402349346905,10.86858679720055
2.2742261485114614,2.1684481881155793,10.88719299990224
2.3955700297503184,0.5855837850500778,10.598682379540236
2.39421210440663,0.6916612746063597,10.623851201048772
2.392855717666749,0.7976185725555831,10.648991504903677
2.3916431842864148,0.9035096473970899,10.671465521140746
2.3904556777588257,1.0093035083870596,10.693475670647146
2.3892693499002466,1.1149923632867818,10.715463973805313
2.388084198951744,1.2205763683531135,10.737430463216661
2.3869358986471214,1.326075499248401,10.758713934756216
2.3811671047407548,1.428700262844453,10.865637150250883
2.3798225209630335,1.5336634023983993,10.89055868902475
2.3835612628440104,1.6420088699592068,10.821262002350359
2.3825155237175437,1.747178050726199,10.84064452697946
2.3815103979024577,1.852285865035245,10.859274293594474
2.3805061198064,1.9573050318408176,10.877888347940022
2.3795026882926122,2.0622356631869305,10.896486711085643
2.3785825868406896,2.167153023565962,10.913540571462292
2.499913262249891,0.5850860826542298,10.636420176799469
2.4985592756141988,0.6910908634677572,10.660448088127083
2.4973183745786947,0.7970165025251152,10.682469177007484
2.4960787055099645,0.9028369785887105,10.704468403346823
2.4948402665742737,1.0085524481896,10.726445799686658
2.4936105678281986,1.1141664239232376,10.74826809220528
2.4924340308261153,1.2197017597659712,10.769146973882918
2.491258603749201,1.3251375551857452,10.79000615877564
2.4900842848284332,1.430473950858887,10.810845678276607
2.483702955974083,1.5324975685797533,10.924089044069731
2.4831741164577976,1.6378382470253556,10.933473855314453
2.486830935528234,1.746072784519824,10.868579769915542
2.4857824648185627,1.851114601460632,10.887185981068221
2.4847349409784125,1.9560679322596015,10.905775389029266
2.483860279783175,2.061075551309443,10.921297168260224
2.482986234157016,2.166009268094418,10.936808023572993
2.4821128034503266,2.2708691606034903,10.95230796649556
2.6029411144686194,0.690576214042695,10.69346737127092
2.6016493347610083,0.7964232657431658,10.715455682664619
2.6003588365784225,0.9021653106496569,10.737422180299248
2.599108441289601,1.0078175588673963,10.758706057738905
2.597882417583688,1.1133781789644377,10.779575088938913
2.596657549986074,1.2188392581567284,10.800424441188142
2.59543383686226,1.3242009371746224,10.821254142308575
2.5942950947465415,1.4295095420031965,10.840637490792844
2.5916842219793237,1.5338539272938856,10.885079033787108
2.586289709045664,1.636224101641134,10.976902917924455
2.5870042800594057,1.7422681886114366,10.964739690811903
2.5900124939827807,1.8500089242734148,10.91353471824862
2.5891009340076794,1.9550353991486562,10.929051036138162
2.588190015457469,2.059987971486557,10.94455643587336
2.5872797376553724,2.1648667192626587,10.960050928974113
2.5863581947702587,2.2696612729616557,10.975737173154243
2.705833225732591,0.7958333016860563,10.748260210804972
2.7045565577281487,0.9015188525760496,10.769139095649948
2.7032810938722323,1.0071047212465178,10.789998287608192
2.7020068324620214,1.1125910486608324,10.810837814527957
2.7007548377976547,1.2179874758695304,10.831313186615986
2.69961521383212,1.3233407910941766,10.84995082573608
2.6984765509068396,1.4286052328330328,10.868572747810923
2.697338848114382,1.5337809136336684,10.887178967680825
2.692938034089568,1.6368839030740507,10.959150763737846
2.689149959892966,1.7400382093425077,11.021101689632324
2.6918362675849354,1.8473386150092697,10.977169274342181
2.693356803575775,1.9540039555353663,10.95230212348941
2.6924097046583637,2.058901538856396,10.9677911693217
2.6914567203417747,2.1637201085100544,10.983376466153686
2.8086300948147507,0.9008813511669954,10.800416573730004
2.8073064862709636,1.0063928913046851,10.821246282264006
2.8060747331887383,1.1118409320181795,10.840630455786496
2.8048909172468446,1.217216813144857,10.85926023960235
2.803708099731109,1.3225038206278819,10.877874311124728
2.8025262793789607,1.4277020668534328,10.896472690222815
2.8014424572665795,1.5328647407685059,10.913528865033399
2.800456483970524,1.6380028491148348,10.929045187042313
2.7945437218176195,1.7399989211317255,11.022094686347856
2.792478262880299,1.8440894188832164,11.054598939856419
2.797489842326299,1.9529646069070392,10.975731407877106
2.79651556840848,2.057813342791146,10.991063616055811
2.795607390673009,2.1626396795772336,11.005355664574033
2.911350203675826,1.0057391612698308,10.849943800357835
2.910122233454106,1.1111375800461132,10.86856572850374
2.908895298679867,1.2164471249024897,10.887171954291205
2.907669320172663,1.321667872805756,10.90576367847617
2.9066457799354812,1.4268988374228728,10.921285465905626
2.9056229600638845,1.5320557425791392,10.936796329131937
2.9046008597794444,1.6371386664211414,10.95229627995981
2.9035794783230484,1.742147686993829,10.967785329901055
2.897042543065328,1.843572527405209,11.066916674057921
2.8957446683576245,1.9480464132587658,11.086598690056157
2.9006311916812644,2.0568112086467147,11.012495519957568
2.8996896606411733,2.161586837932511,11.02677365395919
3.0140381757841115,1.1104351173941462,10.896465679788058
3.012872476704855,1.215720473056345,10.913523011630133
3.011812090070262,1.3209702149430975,10.929039337437551
3.0107524495835536,1.4261458971711571,10.944544745082382
3.009693554457459,1.5312475978818652,10.960039246084534
3.0086215451716627,1.636267857900378,10.975725642729266
3.007573714965069,1.7412268876113561,10.991058234018105
3.006596995274858,1.846156049730176,11.00535028603143
2.999484502917783,1.9470338001396135,11.109425295197802
2.9989883638474595,2.051939406842999,11.11668515231952
3.003670638794302,2.1605350208871297,11.048170799888986
3.1158449720319483,1.3202732932338765,10.952290436428669
3.1147493079971555,1.4253937511173425,10.967779490478854
3.113646824961246,1.5304365749809514,10.983364942579456
3.112597230154636,1.635432442962605,10.998202730600354
3.1115865677322128,1.7403789277146275,11.012490143886097
3.110576561422291,1.8452572821996642,11.026768281918038
3.1080786967674587,1.9491340979728133,11.062079800248618
3.1017698939445046,2.0503224722684017,11.151265339623542
3.214454935612178,1.8443593892856758,11.048165435337083
0.0,0.0,55.0
