-3.3453763580827665,-2.2603894311370043,9.587600405508013
-3.3404741840886447,-2.0765109792983467,9.698106568210235
-3.3440717739612755,-1.8979866825185616,9.617008701778417
-3.343499294698371,-1.7169320702505146,9.629913687738934
-3.343065007126279,-1.5360028411120739,9.63970351836484
-3.342664024319459,-1.355134063913294,9.648742583755904
-3.163558967573551,-2.2596849768382508,9.611102811041263
-3.160703794439303,-2.0770339220601137,9.679142748365265
-3.1596607090436666,-1.8957964254261999,9.70399989768886
-3.162131867198086,-1.7165858707646748,9.64511119355825
-3.161752613562429,-1.5357084123017515,9.654148961983012
-3.1614460154726465,-1.3549054352025627,9.661455319192072
-3.1611840331682077,-1.1741540694624772,9.667698464085873
-2.9819546647566484,-2.2590565642095823,9.632068271068007
-2.9815823085262467,-2.078072518063748,9.641479453365122
-2.9775619332947794,-1.894812139369405,9.743093126286155
-2.9808912116271533,-1.7162706976035125,9.658946702121298
-2.980644183290554,-1.5354833671496795,9.665190262772299
-2.9803971959082265,-1.3547259981401027,9.671432788317432
-2.9801481420234786,-1.17399775291834,9.677727544037339
-2.9799015145577954,-0.9933005048525985,9.68396097280666
-2.800679370651612,-2.258612395686784,9.64688687429944
-2.8003434761107164,-2.077674191953112,9.655924217025515
-2.8000923108048834,-1.8968367266742758,9.66268189443123
-2.7963505427431183,-1.7138922681328788,9.76335527925454
-2.7996261967635587,-1.5352788820961452,9.675222831624353
-2.7993945010091275,-1.3545457262947391,9.68145667494727
-2.799162843608136,-1.173842482803412,9.687689486359474
-2.7989244805562974,-0.9931667511651379,9.69410271530613
-2.7986844661593535,-0.8125212966269091,9.700560374184988
-2.619528414521218,-2.2582141504493265,9.660173358729992
-2.619311336113717,-2.077384852779845,9.666416715166989
-2.6190942936814934,-1.8965855230107367,9.672659036924927
-2.618875483155277,-1.715814971722423,9.678952210543912
-2.6154835418662152,-1.5332144900595055,9.776507277050797
-2.618438928350325,-1.3543649629398233,9.691507891613142
-2.6182143832802987,-1.173682309746341,9.697965995505115
-2.6179898767184135,-0.9930306428931914,9.704422991870743
-2.6177942797111102,-0.8124189143931033,9.710048525283582
-2.6176134259233583,-0.6318377234987416,9.71525003137954
-2.438548284842614,-2.2579150785579762,9.670151165504038
-2.4383444598002897,-2.0771082435335804,9.676447579531356
-2.4381426668497697,-1.8963331853275986,9.682681219665938
-2.437940907296521,-1.7155880458753294,9.688913828116483
-2.4356129765878887,-1.5335340963701523,9.760826559748025
-2.4356688651764604,-1.353149369542478,9.759100090374886
-2.4373244006842008,-1.1735265632923932,9.707958499161208
-2.4371560102232426,-0.9929154115724322,9.713160294035646
-2.436987643024604,-0.8123292143415347,9.718361370307534
-2.436838764296183,-0.6317730129656771,9.722960423021107
-2.257427745173172,-2.076833525559318,9.68640985944603
-2.2572369072842897,-1.8960790021188034,9.692776701785633
-2.257043340469229,-1.7153529387566138,9.69923458811465
-2.256849806849443,-1.534657868657621,9.705691366964004
-2.2538616975864807,-1.3523170185518882,9.805382370056861
-2.2565326718319936,-1.1733969893526366,9.716271806038748
-2.2563836305473983,-0.9928087974408553,9.721244206261076
-2.256255598915391,-0.8122520156095407,9.725515670487852
-2.2561275818120907,-0.6317157229073853,9.729786649999625
-2.455495712500639,2.65193536950069,3.0783535248991427
-2.457375477812177,2.8505555542621246,3.0156397239651795
-2.4592145585438905,3.049426052594424,2.954283265155013
-2.0765514178535946,-2.0765514178535946,9.696640118088766
-2.0763733546543004,-1.8958191499017523,9.7030973418603
-2.0762111225735898,-1.7151309273434003,9.708980471289735
-2.0760676827191205,-1.5344848089663066,9.714182125768232
-2.075924262675919,-1.3538636495712515,9.71938306181761
-2.0735253324090137,-1.1719925791877035,9.806377059494338
-2.0756846927628305,-0.9927187661039624,9.728070744302656
-2.0755977165382276,-0.8121904108193064,9.731224820761412
-2.075598643023291,-0.6317039348331754,9.73119122301972
-2.075599569509181,-0.45121729771938723,9.73115762524803
-2.2557721096603203,2.2557721096603203,3.197441428678559
-2.2568621517571947,2.45311103451869,3.1579125099137144
-2.2582998135565777,2.651047607218591,3.105777627561835
-2.2599237721766694,2.849469104048844,3.046886940169898
-2.2616449281505013,3.0483040335941536,2.984471520741309
-2.2633117789589337,3.2473603785062966,2.924025405505418
-2.265018439126313,3.4467671899748242,2.8621356571104
-2.2668278494720604,3.6466361056724454,2.7965198109202163
-1.8955926748517495,-1.8955926748517495,9.712092329486339
-1.8954617188470089,-1.7149415551472937,9.717293554266632
-1.8953411207175832,-1.5343237643904244,9.722083391742743
-1.8952335765566635,-1.3537382689690451,9.72635476025205
-1.8928653614800428,-1.1717737952019314,9.820413974764719
-1.895111464631506,-0.9926774338545984,9.731204721675041
-1.8951123105531027,-0.812190990237044,9.731171123915388
-1.8951729166140647,-0.6317243055380216,9.728764012101493
-1.8954146615511247,-0.4512892051312201,9.719162545107736
-2.058508145547646,2.058508145547646,3.2415224235279254
-2.0591702178418587,2.2552816671601312,3.215226670004924
-2.0601174519641305,2.4525207761477748,3.177605045862734
-2.061268504922374,2.650202363471623,3.131888278756719
-2.062622521224719,2.8483834816912785,3.0781103465523074
-2.064201533290338,3.047154644380975,3.015396180062808
-2.0657461166228064,3.2461724689786955,2.954049431435294
-2.0672930251584067,3.4454883752640115,2.892610331913488
-2.0688604747691612,3.6451351222123316,2.8303553954293648
-2.0706447080621255,3.845483029258233,2.7594903867144183
-1.7148715389170412,-1.8953843324872564,9.720367134991704
-1.7147742326273676,-1.7147742326273676,9.724638697960629
-1.7146769373805708,-1.5341846281826161,9.728909776168038
-1.7146243509765973,-1.3536508034025767,9.731218220325502
-1.714625116333872,-1.1731645532810704,9.731184622581694
-1.7124852669195443,-0.9914388387428941,9.825119984293224
-1.7148110964727958,-0.8122789404344823,9.723020444530647
-1.7150298514650004,-0.6318531031713159,9.713417512108691
-1.715249817211544,-0.45138153084514315,9.703761429850118
-1.6543087277132063,1.3060332060893733,12.378960556850387
-1.6532859774076911,1.4792558745226712,12.4238573702644
-1.652400227890511,1.652400227890511,12.462740106930369
-1.6515639528375323,1.8254127899783252,12.499451007737633
-1.650734790537487,1.9982579043348527,12.535849672078612
-1.8634674093083476,2.4519308017215105,3.1972881086885963
-1.864367882098939,2.649364885087966,3.157759048031693
-1.8655566555765877,2.8474285795642658,3.1055741298461754
-1.8668990947925617,3.045993259924706,3.0466435749744534
-1.8683207125621026,3.244978079713126,2.9842372306292617
-1.8678812202062385,3.440833826695703,3.003530117848868
-1.8688130770365958,3.6392675710712656,2.9626233569165947
-1.8708851225329453,3.8402378830939403,2.8716644595852614
-1.8743975742499144,4.0447526602235,2.717474440269598
-1.5341373020585296,-1.71462404347718,9.73123171897116
-1.5341379868515506,-1.5341379868515506,9.731198121243523
-1.5341386716451646,-1.3536517690986745,9.731164523486811
-1.5342260411429955,-1.1732316785211143,9.726877948564052
-1.5331037832554057,-0.9920083303417331,9.78193884094911
-1.533530127709669,-0.811868891140413,9.761021272558864
-1.5348164967880134,-0.6319832633832996,9.697908658093482
-1.5350159472891414,-0.4514752786144533,9.688123097483754
-1.4820208535301425,1.1333100644642267,12.288200304931308
-1.4809240766163694,1.3066977146615022,12.342011034432517
-1.4799555408764762,1.4799555408764762,12.389529918224781
-1.4790407149846871,1.6530455049828856,12.434413657101459
-1.4771650295543608,1.8247332718024456,12.526439665356335
-1.4755833663482993,1.9963774956476992,12.60404017816306
-1.4767989042257446,2.1717630944496245,12.544402726735811
-1.6677172542648113,2.648727403832347,3.177451652405807
-1.6675680537366144,2.844674915197754,3.184771818579449
-1.6676969051820776,3.0410943565084945,3.1784500313585653
-1.6695688467035454,3.240927761248059,3.08660770901497
-1.672275431892341,3.4429200068371726,2.953815596382711
-1.673527762241479,3.6423839531138076,2.8923730105502017
-1.674797183078937,3.8421817729457963,2.8300919208866304
-1.6762428094562445,4.042703246335649,2.759165728903355
-1.3536594927163192,-1.5341474250784952,9.730735057268788
-1.3538321585597064,-1.3538321585597064,9.721134096922128
-1.3540048684526196,-1.1734708859922705,9.71153068723315
-1.3541791566810595,-0.9930647148994436,9.701839515329567
-1.35265913484816,-0.8115954809088961,9.786359238845591
-1.3545311371698683,-0.6321145306792719,9.682267892769104
-1.3547706241284871,-0.451590208042829,9.668951392249141
-1.3096014518159251,0.9603743979983451,12.180550813175742
-1.30846552583399,1.1340034557227914,12.24371316245906
-1.3074376165747499,1.3074376165747499,12.300869319370847
-1.3064702095252247,1.4806662374619215,12.354661294317253
-1.3042617060356474,1.6520648276451533,12.477463546418605
-1.3034278949475602,1.8247990529265843,12.523827013774422
-1.304215709924488,1.999797421884215,12.480021127180848
-1.3035578802268855,2.1725964670448095,12.516599275572275
-1.469417275337639,2.6449510956077504,3.2941066021886485
-1.471390795931355,2.8446888721339527,3.1843704054289645
-1.4728115457549558,3.043810527893575,3.1053706307697126
-1.4738720830688294,3.2425185827514245,3.0464002142882265
-1.4749942499100415,3.441653249790097,2.984002932153672
-1.476081315945351,3.6410005793318656,2.9235574051491113
-1.4771944813948912,3.840705651626717,2.8616606389406485
-1.1737131637040592,-1.1737131637040592,9.69598644298567
-1.1738656924864481,-0.9932709705654561,9.686200381235622
-1.1740468525830372,-0.8128016671728719,9.674577369079486
-1.1728468289359137,-0.6315329078885689,9.751569431353502
-1.174483489185295,-0.45172441891742116,9.646563294062943
-1.1367588810310525,0.7869869176368824,12.066928415397172
-1.1357512436016943,0.9610202830475874,12.131577211191086
-1.134756122381382,1.134756122381382,12.195422982187452
-1.1337720551878316,1.3081985252167287,12.25855954022883
-1.1313735588146927,1.4794884999884443,12.412444159558902
-1.1311436289597685,1.6532099192488923,12.427196180280674
-1.1314013766487838,1.8276483776634198,12.410659401050353
-1.130758014991831,2.0005718726778547,12.451936704939783
-1.1301856560461525,2.1734339539349086,12.488658560958541
-1.274727602269755,2.647511173944875,3.2150225359272753
-1.275315585203285,2.844934766991943,3.1772982637906892
-1.2760296997230902,3.0428400531858304,3.1314815420024047
-1.2768691413413211,3.2412832049433535,3.0776239855274667
-1.2778466362105463,3.440356328259163,3.0149090998464203
-1.27880250425394,3.6396686659535216,2.9535817650900498
-1.2797602230910379,3.8392806692731134,2.8921356856535425
-0.9937194797509536,-0.8130432107053257,9.652192611025129
-0.9929034635023515,-0.6318476585924054,9.71406624476063
-0.9625511631140121,0.7875418607296463,12.015499727825755
-0.9616721398792818,0.9616721398792818,12.082150804644243
-0.960819879305304,1.1355144028153594,12.14677262889326
-0.9586303169026981,1.30722315941277,12.312794056005714
-0.9591635795217144,1.4823437138062858,12.272359939613565
-0.9584535913747179,1.6555107487381489,12.326194096272914
-0.9577925162248971,1.828512985520258,12.376319472773346
-0.9572003549343343,2.001418923953608,12.421219523314491
-1.0781175099480267,2.450267068063697,3.2527945385513135
-1.078442907693916,2.6470871370668845,3.228121572808277
-1.0788535968741488,2.8442503917591195,3.1969814674973946
-1.0793749269760597,3.0418747942052593,3.157452122541102
-1.0800644840674944,3.2401934522024836,3.1051671306818918
-1.0808427370577425,3.4390450724564534,3.046156859067011
-1.0816655399813406,3.6383295435736,2.983768632339391
-0.8126124307068876,-0.45145135039271533,9.692114632292828
-0.7888986157292629,0.613587812233871,11.889764080520564
-0.7881036038741278,0.7881036038741278,11.963440853592317
-0.7867676665900738,0.9616049258323124,12.087247243999684
-0.7855482307067483,1.1346807776875254,12.200257006396342
-0.7859615352328143,1.3099358920546904,12.161954503635144
-0.7852796317040257,1.4833059709964929,12.225149097807389
-0.7846334364091586,1.656448365752668,12.285034474097614
-0.7840527395369367,1.829456392252852,12.338849862386283
-0.8817817416595398,2.2534422286854907,3.2819314461282545
-0.8819924674752212,2.449979076320059,3.2624026831267514
-0.8822210786661049,2.6466632359983144,3.241216414364075
-0.8825048260104484,2.8436266615892225,3.214920468506307
-0.8829124449076637,3.0411428657930637,3.1771448746005007
-0.8834073712063225,3.2391603610898487,3.1312781716601563
-0.8839889526383411,3.437734815815771,3.0773808078500196
-0.6326884525517739,-0.451920323251267,9.613883934252712
-0.6326129353361438,-0.2711198294297759,9.622881964103712
-0.6140747429567537,0.6140747429567537,11.831745294428984
-0.6126573027455333,0.7877022463871143,12.000636178794508
-0.6121263312025531,0.9619128061754407,12.06390251818361
-0.6122639857456366,1.137061687813325,12.047500699373728
-0.6117178278094612,1.3108239167345597,12.1125765284025
-0.6111785357956269,1.4842907297893797,12.176834268818467
-0.6106483830128854,1.6574741824635462,12.240003051259691
-0.610164114925969,1.8304923447779071,12.297704578859864
-0.6857470352789774,2.2531688302023545,3.2918458764620055
-0.6859135226346454,2.4496911522665914,3.2720085693841696
-0.6860754073675006,2.646290856988931,3.2527196741766176
-0.686282706691308,2.8431712134354186,3.228019538079849
-0.6865444847316222,3.0404112895257556,3.1968281520967423
-0.45188371034594865,-0.2711302262075692,9.61999143725231
-0.4383372587671663,0.6136721622740328,11.879713601659859
-0.4384256093990844,0.789166096918352,11.864975581151398
-0.43806323650396867,0.9637391203087311,11.925424035723537
-0.4376432241411454,1.1378723827669783,11.995487494045221
-0.4372377587344518,1.3117132762033554,12.063124333189222
-0.4368501654608233,1.4852905625667991,12.127779870921742
-0.27135001622271154,-0.09045000540757052,9.558885106707095
-0.2642584114005536,0.2642584114005536,11.530503098898933
-0.26350385503128776,0.43917309171881286,11.740285926774405
-0.2936016194278058,0.6850704453315469,3.3724629449420718
-0.09049230871691143,-0.09049230871691143,9.523601429210629
-0.08811558735880592,0.08811558735880592,11.505939719166918
-0.08802685246498336,0.26408055739495007,11.579950320821922
0.08806746084443295,-0.26420238253329886,11.54608032373477
0.08815926328357425,-0.08815926328357425,11.469511192229064
0.09042457671479728,0.09042457671479728,9.580094269984073
0.2925312669316156,-3.412864780868848,3.6700438582048065
0.29248199587917617,-3.217301954670938,3.6837422658177417
0.29245434117160096,-3.0220281921065433,3.691430866690382
0.2924398275655123,-2.826918333133285,3.695465959961041
0.29243908195847307,-2.6319517376262573,3.695673254683527
0.29245742443383654,-2.4371452036153047,3.6905736537673874
0.2924771764656345,-2.2423250195698645,3.6850821659798214
0.29251123541002194,-2.047578647870153,3.6756130501402566
0.2925702823327907,-1.8529451214410075,3.6591967412462907
0.292674618623706,-1.6584895055343338,3.630189018232116
0.26362140519410615,-0.615116612119581,11.707604464424193
0.26364230666279564,-0.43940384443799274,11.701793408568022
0.2642612180447109,-0.2642612180447109,11.529722791724893
0.27095104076899734,0.09031701358966578,9.669808826050286
0.487793367832166,-3.8047882690908947,3.629799211194637
0.487660440270941,-3.608687258004964,3.651973236223526
0.48757554546259635,-3.4130288182381747,3.666134780960462
0.48749266711110506,-3.2174516029332936,3.679959954787364
0.48743530189449363,-3.0220988717458606,3.6895292099305976
0.4874026292380467,-2.826935249580671,3.6949794287952074
0.48739206753241626,-2.631917164675048,3.696741256988247
0.48742059830924594,-2.43710299154623,3.691981956857518
0.48745279442867745,-2.242282854371916,3.686611230489504
0.4874980626417899,-2.0474918630955177,3.679059910948837
0.487572897212039,-1.852777009405748,3.6665765431774133
0.43738759412061345,-1.4871178200100859,12.038129865733822
0.4377327756788498,-1.3131983270365493,11.980549147022728
0.43807966888214483,-1.1390071390935768,11.922682903925093
0.4384520163868988,-0.9645944360511775,11.860570556314286
0.43829040254622786,-0.7889227245832102,11.887529821308163
0.4387536147255449,-0.6142550606157628,11.810260078575993
0.4506719336505139,0.27040316019030836,9.822131358622954
0.6832789915664595,-4.002062664889263,3.585918305027448
0.6829875803372049,-3.8052165190215703,3.6206405457493105
0.6827595120629351,-3.6088717066183715,3.6478153445395805
0.6826385803258483,-3.413192901629242,3.6622246069993025
0.682521480479502,-3.2176012651176524,3.676177291882908
0.68242538331741,-3.0221695546913874,3.687627464216277
0.6823677642625383,-2.826952166230516,3.6944928918064903
0.6823529776983923,-2.631932913979513,3.696254741001667
0.6823770186626964,-2.4370607809382014,3.6933902112033934
0.6824210797964326,-2.2422406907597074,3.68814023749448
0.6112058156928315,-1.8336174470784945,12.173583813576812
0.6115817173747385,-1.660007518588576,12.128794363560345
0.6119643578019814,-1.486199154661955,12.083201978329924
0.612445616888082,-1.3123834647601758,12.025858979297553
0.6129296818895542,-1.1382979806520295,11.968181649741169
0.6125309242168757,-0.9625485951979476,12.015694437549143
0.6137799758566529,-0.789145683244268,11.866867393988315
0.6145169073104826,-0.6145169073104826,11.779060512280836
0.6304184114298887,0.2701793191842381,9.884363951389489
0.6302506411879236,0.4501790294199455,9.904354116979121
0.8789906734619513,-4.199622106540433,3.540590354034208
0.8786069933630127,-4.0025429697648365,3.5761474484335594
0.8782257381615896,-3.8056448653668875,3.61147981835515
0.8778871223878261,-3.6090915031499518,3.642860630302735
0.8777203716399524,-3.413357000822037,3.6583140564765415
0.8775684385161703,-3.2177509412259577,3.6723942770552327
0.8774245860803287,-3.022240240943354,3.6857256295411958
0.8773502757692812,-2.8270175552565724,3.692612248764007
0.8769221040292473,-2.630766312087742,3.732292552802818
0.8763898243219855,-2.434416178672182,3.7816209382216215
0.7849888152467894,-2.0060825278529064,12.252100165249885
0.7854600804393937,-1.8327401876919187,12.208426227021349
0.7859407626983579,-1.6592082768076444,12.163879573427977
0.7864224037819332,-1.4854645404769848,12.119244061910251
0.7865477391874517,-1.3109128986457528,12.107628753068497
0.7865132586405337,-1.1360747069252153,12.110824196525428
0.788185945279363,-0.9633383775636658,11.955809962318511
0.7888107763244824,-0.7888107763244824,11.897904492328223
0.8088972065236731,0.44938733695759614,10.03641859114498
0.809476839085966,0.6295930970668624,9.982701836506394
1.0744605686695536,-4.2001640411628,3.5300785333787275
1.0739818851061713,-4.003023389941184,3.5663742462725168
1.0732598105925208,-3.8051938739189373,3.621124839859206
1.0724807043080977,-3.6074350963090565,3.6801998116701213
1.0717662611570862,-3.4101653764089104,3.7343717646505468
1.0714211372604308,-3.2142634117812925,3.7605404464771652
1.071173585831725,-3.0187619237075882,3.779310791377398
1.0712731333510324,-2.8242655333799944,3.7717626981139745
1.0722817979503163,-2.6319644131507762,3.6952816916573425
1.0722696002077472,-2.4369763641085167,3.696206573554491
0.9590061259446603,-2.005194626975199,12.284298703055697
0.959546358953091,-1.8318612307286282,12.2433360637054
0.9601317265573168,-1.6584093458717288,12.198951137784448
0.9599609981966989,-1.4835760881221711,12.21189644870347
0.9601277883157877,-1.309265165885165,12.199249751095579
0.9619815986063874,-1.1368873438075489,12.058686399407222
0.9627383716053763,-0.9627383716053763,12.001304827115533
0.9635015959795626,-0.7883194876196422,11.943434085610917
0.9890247583137016,0.4495567083244098,10.008165271123943
0.9870835828818824,0.6281440981975615,10.155352999175307
0.9877294988791978,0.8081423172647982,10.106377050583276
0.9870900254303202,0.9870900254303202,10.154864499242805
0.9864548922768129,1.1658103272362337,10.203022849252008
1.2691715842676066,-4.198029086423621,3.571489914751254
1.2687971835139171,-4.001591117236201,3.595511013179248
1.268852104233495,-3.8065563127004847,3.591987366397788
1.268316817836617,-3.6098247892272948,3.626330692632777
1.2679402344326567,-3.41368524654946,3.650491827255891
1.267719499932682,-3.2180571921368077,3.664653885152674
1.2675032634912426,-3.0225077821714246,3.678527353067338
1.2673430110229107,-2.8271497938203387,3.688808957143195
1.2672497081197824,-2.6319801630180093,3.694795158286155
1.1322885807950884,-2.1774780399905547,12.353737458682161
1.1328689130292031,-2.0043065384362824,12.316504046144274
1.1335073554246424,-1.8310503433782686,12.275542356109355
1.1329353959380843,-1.6558286556018156,12.31223858331525
1.1335169466969572,-1.4822913918344824,12.274926991706238
1.1355452289790342,-1.3102444949758087,12.144794859605952
1.1362412971889413,-1.1362412971889413,12.100135967181146
1.1370784940701006,-0.9621433411362389,12.046422430315147
1.167698149752138,0.44911467298159147,10.081902445453977
1.1656699230524592,0.6276684201051702,10.212031011454982
1.1656657558226324,0.8069993694156685,10.212298375868258
1.165435524833448,0.9861377517821484,10.227069716999054
1.1647061930277618,1.1647061930277618,10.273862761399826
1.1639883655504126,1.3430634987120142,10.319917702042488
1.4648786571924985,-4.004001662992829,3.54647320802907
1.4642358154669153,-3.8070131202139796,3.5822179609891123
1.46360720771982,-3.610231112375556,3.617171243787155
1.4630898441978772,-3.4138763031283808,3.6459388712550265
1.4628235931655353,-3.218211904964178,3.660743568893139
1.4625717962044094,-3.022648378822446,3.6747445582710014
1.462353060903539,-2.827215917746842,3.6869071777496316
1.4622292139977842,-2.6320125851960117,3.693793596093201
1.3059600607617374,-2.1766001012695626,12.383027750317268
1.3066299692263093,-2.0034992861470076,12.345777970754128
1.305853096074097,-1.828194334503736,12.388975445034319
1.3065859232366528,-1.6550088360997603,12.348227116409262
1.3088146422258353,-1.48332326118928,12.224300795955472
1.3096114740360574,-1.3096114740360574,12.17999353481548
1.3104161741887965,-1.1356940176302905,12.135248760134786
1.3112195403029325,-0.9615609962221506,12.090578163713545
1.3460321799118578,0.4486773933039526,10.15484631373262
1.3451660888053325,0.6277441747758218,10.20300468835515
1.3423507545183186,0.8054104527109912,10.35954933159212
1.3434776585561334,0.9852169496078311,10.296888641039061
1.342645941282156,1.1636264824445353,10.343135683363442
1.3418168626376752,1.3418168626376752,10.38923600658768
1.3409888072670006,1.5197873149026009,10.435279431406045
1.6596664265500027,-3.8074700373794177,3.5724462105352046
1.6589415664621554,-3.610637527005868,3.608009732727851
1.6582694822490942,-3.4140842281598998,3.6409839331663534
1.657946447132184,-3.2183666326683573,3.656832876627078
1.6576584775942493,-3.022788988554219,3.6709614115331277
1.6573792814777677,-2.8272940684032504,3.68465949955187
1.657231866743737,-2.632074141298876,3.6918920500166053
1.479553108718116,-2.1758133951737,12.409274287151746
1.4785750280571324,-2.0004250379596495,12.457261469611197
1.4795514546865443,-1.8276812087304368,12.409355438244901
1.481801355614376,-1.6561309268631261,12.298969443872025
1.4826359241425973,-1.4826359241425973,12.258023340103449
1.483516299586375,-1.308984970223272,12.214829829855645
1.484419610851288,-1.1351444082980437,12.170511028537703
1.5240314408361986,0.4482445414224113,10.227051568735064
1.5230776836672704,0.627149634451229,10.273845377377938
1.5212926334833454,0.805390217726477,10.361424584586828
1.519619344686058,0.9832831053850963,10.443520487333771
1.520256578506213,1.162549148269457,10.412256137861448
1.5193189036745125,1.3405755032422169,10.458260905189334
1.5184001785854455,1.5184001785854455,10.503335948831221
1.5174825639531953,1.696009924418277,10.548356510571978
1.8543199089144171,-3.6110440331491285,3.5988461587583203
1.853564206949913,-3.414460381223524,3.6320200526344593
1.8530880645387369,-3.2185213752514903,3.6529218083003343
1.8527633102162795,-3.022929611405509,3.667177911810782
1.8524512384439833,-2.8274255744671324,3.6808772752399648
1.8522436409385454,-2.632135700281091,3.6899904149932325
1.651093884012318,-2.172491952647787,12.520086144411366
1.6523649044751398,-2.0002312001541167,12.4642907383802
1.6545795150383584,-1.8287457797792384,12.367073502946141
1.6554273813648541,-1.6554273813648541,12.32985376704832
1.6563303160720675,-1.4819797564855341,12.290216632885475
1.6572632937923002,-1.3083657582570791,12.249260666997372
1.7017387628726948,0.4478259902296565,10.296871285116637
1.700685255470077,0.6265682520152915,10.343118277203118
1.6996350886909268,0.8050903051693865,10.38921862220701
1.69629474387722,0.9820653780341801,10.535853472405293
1.6975489370560883,1.1614808516699553,10.480796752467768
1.6965227473078526,1.3393600636640943,10.52584455094356
1.6955164783963044,1.5170410596177462,10.570017862183335
1.6945463048066687,1.6945463048066687,10.612606656728971
1.6935844351338571,1.8718564809374212,10.65483092495549
1.8272024896863717,-2.0012217744184073,12.428368887530624
1.828042733728227,-1.828042733728227,12.394996625291412
1.879124440463811,0.4474105810628121,10.366166871208463
1.8779644461516158,0.6259881487172052,10.412238765151457
1.8768061323577323,0.804345485296171,10.458243913369387
1.8756712362492263,0.9824944570829282,10.503318973305198
1.8722060950784685,1.1589847255247663,10.64094517960487
1.8734557973346853,1.3381827123819179,10.59131032432721
1.8723841134150705,1.5157395203836284,10.633874763967825
1.8713877572575826,1.6931603518044793,10.673447384914866
1.870450660622028,1.870450660622028,10.71066637500276
1.869517211713701,2.047566469972149,10.74774048705099
2.0561837953528763,0.44699647725062525,10.43524470737259
2.054928129081916,0.6254129088510179,10.48077976529639
2.053685899059407,0.8036162213710724,10.52582757564042
2.0524677590301272,0.9816150151883217,10.570001794599179
2.0490024828358897,1.1581318381246333,10.695665401144808
2.0488570239433614,1.3362111025717576,10.700940273338134
2.0491020557146626,1.5145536933543158,10.692054523869984
2.0480762255307003,1.6918890558731872,10.729254883493383
2.047079242841997,1.869072352160084,10.765409127283348
2.0461051165555295,2.0461051165555295,10.800734514215549
2.2329424570364065,0.4465884914072813,10.503301987731746
2.231593022824276,0.6248460463907972,10.54832258047999
2.2303050018858355,0.8029098006789007,10.591294268613794
2.229029187042488,0.9807728422986945,10.633858730051173
2.227842989001911,1.1584783542809935,10.673433344673754
2.223850806054194,1.3343104836325164,10.806622825902252
2.225616128063992,1.5134189670835145,10.747727147581529
2.2245567907958788,1.6906631610048677,10.783069360860281
2.2234984615649442,1.8677387077145533,10.818377943428558
2.2225207002179936,2.044719044200554,10.850998574364354
2.4080405245860894,0.6243068026704677,10.61257456662662
2.406673527814042,0.8022245092713474,10.654802830399646
2.4054680850234518,0.9800055161206656,10.692040486819337
2.4042638492678585,1.1576085200178579,10.729240856397325
2.403093455820407,1.3350519199002262,10.765395794161492
2.3986569167136262,1.51026546607895,10.902446113131788
2.4008335023259852,1.6894754275627304,10.835208623444373
2.399811813297973,1.866520299231757,10.866769893120434
2.3987909933917093,2.043414549926271,10.898304314523571
2.3978999640250964,2.220277744467682,10.925829341569894
2.584298355572667,0.6237961547934023,10.673419299881843
2.583004268991803,0.8016220145146976,10.710638311563727
2.5817151723611356,0.9792712722749135,10.747713808107278
2.5804863408579073,1.156769739005269,10.783056029215231
2.5792586786688756,1.3340993165528667,10.818364619869541
2.5781244265381997,1.5113143190051517,10.85098665917208
2.5738529816392868,1.686317470729188,10.973836984600084
2.5759792844150535,1.8653643094040042,10.912682739574507
2.575065589373151,2.0422933984683613,10.938961372659108
2.5741525422736524,2.2190970192014245,10.965221370378629
2.7591077969058255,0.8010312958758848,10.765382455088059
2.7577948434132926,0.9785723637918134,10.80070786009098
2.756512982752975,1.1559570572835056,10.835196703176877
2.7553399317553193,1.333228999236445,10.866757989861398
2.7541678786465913,1.5103501269997437,10.898292428046929
2.751040226597298,1.6861214292047955,10.98244283853586
2.7491612275322086,1.862335025102464,11.032997868361306
2.7511864430912167,2.0412028448741286,10.978508840191552
2.7502538952383992,2.2179466897083864,11.00359931808947
2.9324800661370083,1.155219419993367,10.882522617390421
2.931287164135605,1.3324032564252748,10.912672826467599
2.930247441932363,1.5095214094803084,10.938951466098544
2.9292084570453096,1.6865139601169963,10.965211470303288
2.9249038404937417,1.861302443950563,11.074009249898054
2.925763676995043,2.039168623360182,11.052277162722476
2.926252913524457,2.2168582678215585,11.039911868982784
3.1072873292500223,1.331694569678581,10.952078844587618
3.1061786522454438,1.5087153453763584,10.978499068636125
3.105125748240194,1.6856396919018193,11.003590199421168
3.104109593853386,1.8624657563120313,11.027805571848376
3.099177658176713,2.036602461087554,11.145335605422048
0.0,0.0,85.0
