-3.6947489431413008,-2.3907199043855476,9.57533403632975
-3.6928305883151253,-2.2446617301523313,9.60670719628061
-3.6966435128295223,-2.1020129778834535,9.544349863300035
-3.695653609813746,-1.9565224993131598,9.560538935950213
-3.6946986826059067,-1.8111268051989737,9.57615600721575
-3.6938150223708903,-1.665838147343735,9.590607564100381
-3.553221200480256,-2.538015143200183,9.518066628138335
-3.552118459143178,-2.392243043912752,9.536837181479228
-3.5453791038710922,-2.242994943265385,9.651552594209647
-3.55017585073981,-2.1011244830909077,9.56990371615042
-3.5492586554218155,-1.9557139529875311,9.585515957264036
-3.5485439386041993,-1.8104816013286729,9.597681666209198
-3.5478510244520325,-1.6653178278040153,9.609476256306237
-3.5471583808603167,-1.5202107346544214,9.621266240999262
-3.5465914364991047,-1.3752089243567955,9.630916608692601
-3.4065035025618333,-2.5367579274396634,9.548026591169105
-3.4056231068804985,-2.391182181426733,9.56365013486348
-3.404743166037319,-2.245681662705466,9.579265606978282
-3.398562298446093,-2.0969852479773765,9.688951577648005
-3.403306874121949,-1.955091183006226,9.604754111719274
-3.4026423975770754,-1.8099161689239762,9.61654594413374
-3.4020309826173807,-1.6648236723446759,9.627396143130284
-3.40155545646647,-1.519843927357359,9.63583485285374
-3.401147218053919,-1.3749318541069033,9.64307947116734
-3.4007390776192516,-1.2300545599899422,9.650322350760746
-3.4003305968009996,-1.0852118925960639,9.657571270817463
-3.2601977710464136,-2.535709377480544,9.57301396326357
-3.2593766660226344,-2.390209555083265,9.588232948518765
-3.258740117153489,-2.2449098584835148,9.600031229582925
-3.2536609982547358,-2.0968037544308293,9.694171483741613
-3.2540750512591083,-1.952445030755465,9.686497110322954
-3.2569792955449213,-1.8094329419694006,9.632667637011657
-3.2565740454806944,-1.6644711788012438,9.640178850039867
-3.2561832351660875,-1.5195521764108408,9.647422425762016
-3.2557925186661163,-1.3746679523256935,9.654664262652332
-3.2554738812026183,-1.2298456884543225,9.660570131838725
-3.2552040707178604,-1.0850680235726202,9.66557100465075
-3.114150748144066,-2.5347738647684257,9.595307611776448
-3.1135426324686053,-2.389462950499162,9.607103135912368
-3.1129347542463095,-2.244208776317107,9.6188940542066
-3.1124061464655766,-2.0990646104070168,9.629147376210433
-3.107096332323588,-1.9509674644822532,9.732141006199797
-3.1116134996396876,-1.8090776160695858,9.644522222055272
-3.111240112460472,-1.6641516880602525,9.65176475445859
-3.110889398910229,-1.5192715669096468,9.658567490045947
-3.1106315628891816,-1.3744651091835918,9.6635686948037
-3.1103737696044043,-1.2296826530994156,9.66856907061274
-3.110113005916863,-1.0849231415989058,9.673627062857122
-3.1098555887520067,-0.9401888989250254,9.678620143127198
-2.968379144582752,-2.5339821965950327,9.614173386413007
-2.967816135134654,-2.3887300599864285,9.625626704624302
-2.9673860091109066,-2.243633323961905,9.634376771319594
-2.9670298690370873,-2.098630882977452,9.64162173960036
-2.9655167245208145,-1.9529012576112683,9.672403684207296
-2.9616444132004185,-1.8058807397563525,9.751178230381434
-2.966049458928806,-1.6638814037893301,9.661566252051514
-2.9658036397143817,-1.5190701569268783,9.6665669597568
-2.965557861293486,-1.3742829113311277,9.671566837598093
-2.965309416727795,-1.229518538643232,9.676620952903512
-2.965063996814635,-1.0847795110297447,9.681613537611106
-2.964818617521823,-0.9400644397020415,9.686605295977742
-2.9645684996691783,-0.7953720364966089,9.691693451010202
-2.8227981122368653,-2.533280357135648,9.63089850625083
-2.8224323413689327,-2.388211981158327,9.638720978057776
-2.8220936228097817,-2.243202623259057,9.645964902087115
-2.8217549855397324,-2.0982280661705697,9.653207087646386
-2.821457757881274,-1.9533169093024203,9.659563676380962
-2.81779900992461,-1.8062814166183394,9.73781062070843
-2.8174408299542115,-1.6615676689473553,9.745470751587888
-2.8207536631962533,-1.5188673571056746,9.674621630159855
-2.8205201995120164,-1.374099584377649,9.679614545801854
-2.8202867744704894,-1.2293557734871363,9.684606635020721
-2.82005338811889,-1.0846359185072654,9.689597896806632
-2.8198103951431217,-0.9399367983810406,9.694794608379034
-2.8195685840449167,-0.7952629339613867,9.699966044007603
-2.6774995353590927,-2.532769830745088,9.643064557829035
-2.6771782332262912,-2.3877535593639894,9.650307439417183
-2.676856458790998,-2.242771627635701,9.6575609677788
-2.6766345925016717,-2.0979027887175263,9.662562339067499
-2.6764127630380408,-1.9530579622169486,9.66756288022119
-2.6761909703401554,-1.8082371421217267,9.672562592591262
-2.6717845863874246,-1.6608390672138045,9.771892518985716
-2.673456454826907,-1.51736717706392,9.734204797984447
-2.675523919649811,-1.3739176884688218,9.68759943383889
-2.6752966035606014,-1.2291903313656818,9.692723656024626
-2.675067177275481,-1.0844866934900599,9.697895446830522
-2.6748377903369547,-0.9398078722805517,9.703066350674597
-2.6746225291884516,-0.7951580492181883,9.707918827051103
-2.6744377678236497,-0.6505389164976445,9.712083768863515
-2.532283695776793,-2.532283695776793,9.654649351891791
-2.5320356732689073,-2.387347920510684,9.660559829154657
-2.5318258206589723,-2.242474298297947,9.66556070222115
-2.5316160028309076,-2.0976246880598945,9.670560746421536
-2.5314038613309098,-1.9527972644552731,9.675616164669393
-2.53119434956583,-1.8079959639755925,9.68060891526433
-2.5309848725225996,-1.663218630514851,9.685600838423468
-2.5268090806495516,-1.5160854483897308,9.785111657544114
-2.5305558463166267,-1.3737303165718828,9.695824707447251
-2.5303388437889476,-1.2290217241260601,9.700995965962306
-2.5301218786186856,-1.0843379479794368,9.706166334234908
-2.529943542989707,-0.9396933159676054,9.710416144823562
-2.52976878320332,-0.7950701890067577,9.714580741628524
-2.529594047558874,-0.6504670408008533,9.718744763121222
-2.4067661122767197,1.9941776358864247,12.645784429469124
-2.40584127787881,2.1308879889783743,12.667823609410291
-2.4050407506194356,2.267609850584039,12.686900499669811
-2.404265141718741,2.404265141718741,12.70538357530478
-2.4035309992977987,2.5408756278291014,12.722878487857926
-2.4029001042770535,2.677517259051574,12.73791297286153
-2.4022913534050248,2.8141127282744574,12.752419753792587
-2.397711785237493,2.945760193291777,12.861552726274105
-2.387031440137066,-2.387031440137066,9.66855876739281
-2.3868313185470686,-2.2421748749987613,9.67361677531985
-2.3866337658023835,-2.0973448244930037,9.678609856519323
-2.38643624578499,-1.9525387465513555,9.683602110547184
-2.386238758458769,-1.807756635196037,9.688593538316304
-2.386034590145947,-1.662993805253236,9.693753825843082
-2.383796106481336,-1.516961158669941,9.750330770491082
-2.3818824325748453,-1.3713868551188504,9.798698254423833
-2.38544132422519,-1.228863712479643,9.70874842852475
-2.3852765415966473,-1.084216609816658,9.712913255725141
-2.3851117817317715,-0.9395894897731222,9.717077507581273
-2.3849544530877296,-0.7949848176959099,9.721053937754178
-2.384819159888379,-0.6504052254241033,9.72447342924832
-2.2718308047091718,1.7210839429614937,12.580217260620664
-2.2708693545115426,1.8579840173276256,12.604517600834463
-2.2699391222383762,1.994794986209482,12.628028918187688
-2.2690665956475637,2.13154740803256,12.650081743237394
-2.2681989355373564,2.2681989355373564,12.672011569576775
-2.2674672672056246,2.4048895258241476,12.690504248062446
-2.2667360706278834,2.5414919579767177,12.70898500311985
-2.2660587570524124,2.6780694401528513,12.72610388286624
-2.2617445498666258,2.8100462589252015,12.835144062613367
-2.262442126837309,2.9480306501213422,12.817513032160917
-2.2420635998905905,-2.3867128643996605,9.676610665267397
-2.241878038484588,-2.241878038484588,9.681603250196886
-2.2416925077915293,-2.0970671847082047,9.686595008785481
-2.241503407740894,-1.952277161580779,9.691682802003399
-2.241311179171617,-1.8075090154609814,9.696854768947745
-2.2411189836255687,-1.6627656975286476,9.7020258473923
-2.240931110866702,-1.518050107361314,9.707080619959441
-2.237552497819215,-1.37140314382468,9.797983210896156
-2.2385955156979813,-1.2276168957053444,9.769920504027816
-2.2404667619080247,-1.0840968202780765,9.7195740670779
-2.240335553424299,-0.9394955546618028,9.723104270435286
-2.2402084684583388,-0.7949126823561848,9.726523529318293
-2.2400813979095697,-0.6503462122963267,9.729942400302484
-2.1359419926296077,1.584731155821967,12.531844134979956
-2.134894262964606,1.72168892174565,12.560033613861165
-2.133967976876797,1.8586172701830168,12.584955617105393
-2.1330649454137274,1.9954478521612284,12.609251947740681
-2.132207235337293,2.132207235337293,12.632328892961851
-2.1313877119811173,2.2688965966250603,12.654378413094065
-2.1305983218236793,2.405514234317057,12.675617190533956
-2.129911083468579,2.542151938333465,12.69410754328866
-2.125707589186508,2.674277289621736,12.807203809672934
-2.1263938376355536,2.8123273336470223,12.788740090635635
-2.1280727177376657,2.9518428020232137,12.743569321148541
-2.0969631334470633,-2.241581280581344,9.689587610023452
-2.0967824590349116,-2.0967824590349116,9.694783957127221
-2.0966026508534394,-1.952009364587685,9.699955390712624
-2.0964228735079846,-1.807261097851711,9.705125937428399
-2.0962680772507105,-1.6625574405781496,9.70957800716856
-2.096123272252602,-1.5178823695622292,9.713742719944257
-2.0959784872553153,-1.3732272847534825,9.717906857479612
-2.092570188651909,-1.2266790761062916,9.815932374018722
-2.0957264915828686,-1.083996461163553,9.725154463640798
-2.095607613720708,-0.9394103095989382,9.728573490316371
-2.095515332615818,-0.794850643406,9.731227572022895
-2.0955162674170817,-0.6503326347156461,9.731200686357226
-1.999916472518784,1.448215376651533,12.480730691320026
-1.9989290642249937,1.5853575336956847,12.50912937913953
-1.9979481552146743,1.722369099322995,12.537341142134217
-1.9969732477976694,1.859250954846106,12.565380294288964
-1.9961279004130645,1.9961279004130645,12.589693191623738
-1.995283268240931,2.132889010878237,12.61398551885005
-1.9944959926373176,2.2695988881734994,12.636628223226282
-1.993729456474419,2.4062252060898164,12.658674443953224
-1.989728481552475,2.5386190971531577,12.773745826780903
-1.9905728052636524,2.676977220871809,12.749462371149498
-1.9917360456873008,2.815902685282046,12.716006604312241
-1.9911838838175053,2.9524450691087147,12.73188724119241
-2.3367741953695287,3.626028923849269,2.792421031588134
-1.951909002798695,-2.0964948548578572,9.703055693643016
-1.9517518531847065,-1.9517518531847065,9.70791024450007
-1.9516170272769098,-1.8070528030341755,9.712075187764235
-1.951482219994814,-1.6623737429585452,9.716239555656877
-1.9513486479275155,-1.5177156150547342,9.720365766198064
-1.9512379509642659,-1.3730933729007795,9.723785335767332
-1.9487954144180633,-1.2270193350039655,9.799238387052739
-1.8431552674916423,-1.0239751486064679,13.062596487560825
-1.9509975556551447,-0.9393691934635883,9.73121145171065
-1.950998425987821,-0.7948512105876308,9.731184566030613
-1.9509992963212734,-0.6503330987737578,9.731157680326596
-1.8637010200697708,1.3114933104194684,12.427912136415706
-1.8627339294903202,1.448793056270249,12.457786790779572
-1.861811457365847,1.585987537756092,12.486283124488665
-1.8608937997339077,1.723049814568433,12.514630732418134
-1.8599807143509812,1.8599807143509812,12.54283709777755
-1.859097487354343,1.9968084123435534,12.570121099721185
-1.8583105696864834,2.1336158392696665,12.594429984369285
-1.8558704290708696,2.2682860799755074,12.669809022320536
-1.8537327670191204,2.402986920209971,12.735844113861852
-1.8560918246099865,2.5435332411322036,12.662969833366198
-1.8554490138795756,2.6800930200482758,12.682827071974934
-1.8548506017058004,2.8166249877754748,12.701312782867518
-1.8542705028211703,2.9530974674559376,12.719232773035387
-2.174725474364343,3.624542457273905,2.819972334086188
-2.1766173963208972,3.7889265787808206,2.7615284657077126
-1.806977959463315,-1.9515361962203803,9.714572161602042
-1.806853148244836,-1.806853148244836,9.718736184558516
-1.8067428461534463,-1.6622034184611707,9.722416145753435
-1.806640355888775,-1.5175778989465711,9.725835484336187
-1.706463938577477,-1.2969125933188825,13.067978173626749
-1.7039487337749493,-1.1586851389669655,13.151891868770335
-1.7070908743029005,-1.0242545245817405,13.047061986887229
-1.7074045149311512,-0.8878503477641988,13.036598129615157
-1.7077796819023117,-0.7514230600370172,13.024081595448934
-1.8067481505365237,-0.6504293341931486,9.722239177904122
-1.7275346106273832,1.1747235352266205,12.365006412007453
-1.7264895370277236,1.31213204814107,12.399872752655462
-1.7254457271725006,1.4493744108249007,12.434696931541822
-1.7245870786003283,1.5866201123123023,12.463343654245406
-1.7237331027010019,1.7237331027010019,12.49183448457621
-1.7228849501531467,1.8607157461653987,12.520131032938572
-1.7220396626457322,1.9975660086690494,12.548331996189987
-1.719317527075649,2.1319537335738055,12.639149433457078
-1.717661620001874,2.2673133384024737,12.694394748365518
-1.719796538254074,2.407715153555704,12.623168389704169
-1.719135421185119,2.5443204233539762,12.645224953894392
-1.7184748118344038,2.6808207064616703,12.667264579299534
-1.7179003130419679,2.8173565133888276,12.686431335215538
-1.717346297285319,2.9538356313307492,12.704914724425613
-2.012829967685914,3.6230939418346457,2.846820221352246
-2.013718470364409,3.7857907242850892,2.8171774889502785
-2.013250509540745,3.94597099869986,2.8327898644739804
-2.015542235804553,4.111706161041289,2.756331987620186
-1.6621468813614955,-1.806681392784234,9.724466388057536
-1.662052596732014,-1.662052596732014,9.727885494044564
-1.6619602870168302,-1.5174420011892797,9.731232982405956
-1.5703751189401831,-1.2972664026027598,13.05244661199658
-1.5691395926063305,-1.1597988293177224,13.097251322037351
-1.5683574953667017,-1.0228418448043708,13.125613032415458
-1.5713297126964145,-0.8881428810892779,13.01782954614957
-1.5716851133584555,-0.7516754889975222,13.004941416471766
-1.5720449060634207,-0.615148006720469,12.991894015231452
-1.591369565009646,1.0378497163106386,12.291111104338277
-1.5902176428371566,1.1753782577492027,12.33288402128371
-1.5891443364065017,1.3127714083358057,12.371806043496242
-1.58818309547591,1.4500802176084395,12.406664160231145
-1.5872531916773132,1.5872531916773132,12.440385877786149
-1.5864669068740176,1.724420550950019,12.468899444559966
-1.585681400769788,1.8614520791645335,12.497384772853643
-1.5827429354665201,1.9956323968925687,12.603944287022188
-1.5814682114904022,2.1315441111392377,12.65017044713477
-1.5834142389766972,2.271855212444826,12.579600363061424
-1.5827441226825039,2.408523664951636,12.603901234222384
-1.582094219799366,2.545108092720719,12.627469093065876
-1.581486083063254,2.681650314759431,12.649522358447655
-1.5808788691541702,2.8180884189269992,12.671542158741502
-1.5803689099308584,2.954602744653344,12.690035147929237
-1.8483469464412177,3.6163309821676,2.9721700614745004
-1.8504233879562348,3.7812999666931755,2.896870687071967
-1.8541830961645096,3.9502161613939557,2.760529897325796
-1.517442407065272,-1.661960731547679,9.73121686208927
-1.5174430839908364,-1.5174430839908364,9.7311899764033
-1.4342120265392542,-1.2976204049640871,13.036906574629768
-1.434525373780908,-1.1612824454416875,13.024461254223418
-1.4325782021276379,-1.0232701443768843,13.101797741958855
-1.4336532871499696,-0.8874996539499813,13.05909821954927
-1.4355152536655953,-0.7519365614438833,12.985145853635544
-1.4358655087198362,-0.6153709323085013,12.971234652914703
-1.436215934735051,-0.4787386449116836,12.957316662077943
-1.453874634519688,1.0384818817997772,12.255959995846332
-1.4527844700223322,1.176063618589507,12.299258434963278
-1.4517330117830798,1.3134727249465958,12.34101956428524
-1.4507867122061617,1.4507867122061617,12.378604070767473
-1.4499092644647225,1.5879958610804104,12.413453965167044
-1.4490911801366064,1.725108547781674,12.445946102417317
-1.4460125895258955,1.8591590436761516,12.568219546881139
-1.445576404921516,1.9962721782249506,12.58554364116442
-1.4469464654640973,2.135968591875572,12.531128474340171
-1.4462366959300885,2.272657665032996,12.559318635577199
-1.4456067397439283,2.4093445662398807,12.58433882256638
-1.444994995274604,2.5459435631028735,12.608635688520472
-1.4444125428267478,2.6824804366782464,12.631769153161066
-1.443857370619843,2.8189596283530265,12.653819119068409
-1.6882545502471853,3.456902174315665,2.947012093051427
-1.689502635550178,3.6203627904646676,2.8974414588623034
-1.690795539262362,3.784161445015762,2.846090756466623
-1.6921876364158441,3.9484378183036366,2.790800353971278
-1.2980463296313112,-1.2980463296313112,13.018209283404659
-1.298339917619497,-1.1616725578700762,13.005321323308152
-1.2986364570190898,-1.0252393081729658,12.992303801805953
-1.2967860859433071,-0.8872746903822629,13.073531609305114
-1.299270247350478,-0.7522090905713295,12.964481599164216
-1.2995873745962043,-0.6155940195455705,12.950560309966747
-1.2999559706792345,-0.4789311470923496,12.934379635685154
-1.317427053026309,0.9013974573337905,12.167432004335069
-1.3163090678324043,1.039191369341372,12.216509450100375
-1.3151929784174377,1.1767516122682338,12.265503674738483
-1.31423850034922,1.31423850034922,12.307403465435634
-1.3132874492952489,1.4515282334315909,12.349152816657622
-1.3124617264731875,1.5887694583622796,12.385400494388804
-1.3094401655918122,1.722947586305016,12.518041329965818
-1.309468677951586,1.8608239107733067,12.516789691037076
-1.3103065700519245,1.9999416069213585,12.480007804894285
-1.309659495604696,2.1368128612497674,12.508413155218335
-1.3090168153249266,2.27355552135382,12.536625609861538
-1.3083758432419492,2.4101660270246437,12.564763077880713
-1.3078219828964188,2.546811229850921,12.589076504585755
-1.3072685911239015,2.6833407923069563,12.613369361817448
-1.3067515026111869,2.819832189845193,12.636068574273011
-1.5269125850054097,3.4556442713280324,2.97141143950806
-1.5280409831033566,3.6190444336658447,2.9218768868542497
-1.529202358167247,3.7827637280979265,2.870894707464032
-1.5303992591180007,3.946819141935897,2.8183530085065627
-1.161800071947214,-1.2984824333527685,12.999065150857497
-1.1620754224785694,-1.1620754224785694,12.985555737252312
-1.1623589582402727,-1.0256108455061232,12.971644734946068
-1.1612687395506653,-0.8880290361269795,13.025133700903417
-1.1612698019803107,-0.7514098718696129,13.02508157534028
-1.1632833062014107,-0.6158558679889822,12.926293818568126
-1.1636230749481606,-0.47913891321394847,12.909623879681995
-1.1795716423830875,0.9020253735870671,12.12714565881928
-1.1785554039163697,1.0399018269850322,12.17700496252504
-1.1775554323644302,1.1775554323644302,12.226066169060829
-1.1765835723879379,1.31500516913946,12.27374814855122
-1.1747464107913752,1.4511573309775814,12.363884077272154
-1.1728870739212647,1.5868472176581818,12.455107982619438
-1.1733842902483504,1.7255651327181623,12.430713255720654
-1.173459387884881,1.863729616052458,12.427028770248022
-1.1728472197980475,2.0007393749496103,12.457063329615735
-1.1722663894869991,2.137662239652763,12.485560376154034
-1.1716884692769696,2.2744540874199997,12.513914645563467
-1.171113549746279,2.4111161318305747,12.542121693835952
-1.1705554405123855,2.5476794881740155,12.569503985202623
-1.170059962929113,2.6842552090726715,12.593813404805239
-1.3646311960149584,3.2911693550948997,3.0476423824062238
-1.3656838008432983,3.454376672721284,2.9959988503641455
-1.366696880522797,3.6177270366779926,2.946294524979379
-1.36770725691817,3.7813082985384705,2.896722829748512
-1.0257322922652903,-1.162496597900662,12.964891775031575
-1.025982652279936,-1.025982652279936,12.950970686031852
-1.0262721991858834,-0.8894359059610989,12.93487063805496
-1.0248510512120275,-0.7515574375554869,13.013892551573498
-1.0261849088532422,-0.6157109453119453,12.93972435437717
-1.0271988086841144,-0.4793594440525867,12.88334718167905
-1.0415256536859179,0.9026555665277954,12.08671324379688
-1.0406226039636208,1.0406226039636208,12.136926675734358
-1.0397297217249706,1.1783603512882999,12.18657475203807
-1.0375598879642318,1.3142425247546936,12.30722680161
-1.0362229808369254,1.4507121731716954,12.381564563292685
-1.0372638705624577,1.5904712681957685,12.323686636865233
-1.0365366876411648,1.7275611460686076,12.364121121504205
-1.0359096242804093,1.864637323704737,12.398988529807795
-1.0352833192248971,2.0015477505014676,12.433813773092368
-1.0347652555634415,2.138514861497779,12.462620331315563
-1.0342528571856373,2.2753562858084018,12.49111187550573
-1.033743846033415,2.412068974077968,12.519415075447505
-1.033236661158225,2.5486504308569553,12.547616726565096
-1.2028166888618992,3.127323391040938,3.118240947128612
-1.203629952588052,3.289921870407342,3.073020001091976
-1.2045565254464965,3.453062039613289,3.021498582045112
-1.2054701994820698,3.6164105984462096,2.970694392790051
-1.2063610591329865,3.7799313186166907,2.9211587810262074
-0.889561931993892,-1.0264176138391061,12.926784960586673
-0.8898217506756554,-0.8898217506756554,12.910115308972536
-0.8900846929025087,-0.7531485863021228,12.893245254492456
-0.8888817125546405,-0.6153796471532127,12.970427015101492
-0.8906844252591626,-0.4795993059087798,12.854767153613437
-0.9041196872762385,0.7650243507722018,11.992777031697216
-0.9032954667487273,0.9032954667487273,12.04565802144586
-0.9025029032982614,1.0413495038056864,12.096507931512747
-0.9002880024667693,1.1772996955334676,12.238613283484561
-0.899447443567252,1.3145770329059836,12.29254252337224
-0.9001858052391457,1.4541463007709274,12.245170133703553
-0.8994862879705744,1.5913988171787086,12.290050313550573
-0.898835177381675,1.7285291872724515,12.33182477951879
-0.8982258114035578,1.8655459159920045,12.370920961870965
-0.8976824847226075,2.0025224659196623,12.405780142983879
-0.8971543912643098,2.1393681637841233,12.439661979000363
-0.8967099582891974,2.2762637402725776,12.468176259846828
-0.8962659654320273,2.4130237530862275,12.496662303259718
-1.041537980162385,2.9643773281544803,3.176185967980274
-1.0421107589093759,3.1263322767281276,3.139437178018312
-1.0427814332119576,3.288772212437712,3.096407527899558
-1.0435531358443144,3.4517526801004244,3.046896022630591
-1.044357634573636,3.6150841196779706,2.995280359542818
-0.7532716510452904,-0.8902301330535249,12.883913990736922
-0.7535253814484181,-0.7535253814484181,12.8646751311461
-0.7528810353449148,-0.6159935743731121,12.913532044075666
-0.75288604589983,-0.4791093019362554,12.91315212365108
-0.7959422202213076,-0.36179191828241253,9.648459827899892
-0.7655867496027241,0.7655867496027241,11.950133690571818
-0.7648883069690522,0.9039589082361527,12.003092419978373
-0.7628378732534215,1.040233463527393,12.158564550511556
-0.7625349813133515,1.1784631529388159,12.18153103554593
-0.7628653811231688,1.3176765673945643,12.15647879319912
-0.7622161668036097,1.455139954806891,12.2057048338485
-0.7615697681498591,1.592373151586069,12.254717379392538
-0.7609963275916681,1.7295371081628819,12.298197948716215
-0.7604455433380787,1.8665481518298295,12.339960625908311
-0.7599475669825712,2.0034981311358693,12.377719195890712
-0.7594879374600175,2.1403750964782313,12.412570154779367
-0.7590573062816746,2.2771719188450237,12.445222342587542
-0.880721439181873,2.8022954883059596,3.220158490354052
-0.8810907686407772,2.963668949064432,3.1921544454503987
-0.8815182635564612,3.1253829344274537,3.1597400616901012
-0.8820737928328036,3.2877295914677225,3.1176175977898453
-0.8826718010506176,3.4504443131978686,3.072274209709974
-0.6170942710886336,-0.6170942710886336,12.811526292077751
-0.6163113650247528,-0.4793532839081411,12.884081175420022
-0.6169852226104214,-0.3427695681169008,12.821632229405814
-0.6261529238832645,0.7652980180795455,11.972026475848644
-0.6251547624317586,0.9030013235125403,12.06452989485625
-0.6254997567725872,1.0424995946209785,12.032557956832825
-0.6251406499959592,1.180821227770145,12.065837747969589
-0.6245984296555757,1.3185966848284374,12.116087369676862
-0.6240578432993088,1.4561349676983872,12.166185563859877
-0.6235282484783333,1.5934610794446296,12.215265130652448
-0.6229995517351368,1.7305543103753798,12.264261469160694
-0.6225454663921057,1.8676363991763172,12.306343285372144
-0.6220949519025708,2.0045281783527282,12.348094177005528
-0.7200842352617827,2.4802901436794738,3.267054508365419
-0.7202546850340513,2.6409338451248545,3.25125827952877
-0.7204757135600066,2.8018499971778037,3.2307747251716705
-0.7207202209737223,2.962960908447525,3.208115292965303
-0.7210698223963726,3.1246358970509482,3.1757163991427717
-0.4798932330996095,-0.3427808807854354,12.8197451309522
-0.5067846796319018,-0.2171934341279579,9.615574577051767
-0.487678518481349,0.6270152380474487,11.89211254175973
-0.48712997855816303,0.7654899663056848,11.957472189386003
-0.48748894811071397,0.9053366179198975,11.91470023702378
-0.4870181974569905,1.0436104231221226,11.97079113496335
-0.48657405001866955,1.181679835759626,12.023712205674407
-0.48613824301138225,1.3195180881737518,12.075639497062646
-0.4857166587117806,1.4571499761353417,12.125872123899889
-0.4852979767054879,1.5945504948894604,12.175758936585844
-0.48488620590482795,1.7317364496600995,12.22482226506267
-0.559741062576644,2.1590012413670556,3.305713831224722
-0.5598631799583367,2.319433174113109,3.2911632967985014
-0.5600002136022056,2.480000945952625,3.2748354593929747
-0.5601327547302085,2.640625843728126,3.259042914391074
-0.34329865134027243,-0.34329865134027243,12.733374350232367
-0.3432047829658492,-0.20592286977950952,12.749032801081093
-0.34893617735916754,0.4885106483028346,11.79296258090416
-0.3487309427816911,0.6277156970070439,11.827198345224382
-0.3996751858011913,0.879285408762621,3.3290440920146267
-0.20617480019393772,-0.20617480019393772,12.678990751316142
-0.20630928341331792,-0.06876976113777264,12.641601536656374
-0.2101737578050537,0.2101737578050537,11.567194906255267
-0.20976281253042195,0.3496046875507033,11.681446492121793
-0.20970117520931264,0.48930274215506286,11.698582987222295
-0.06880898455708982,-0.06880898455708982,12.60888668528758
-0.06897904089196054,0.06897904089196054,12.467048777821404
-0.0700698590782437,0.2102095772347311,11.557236337808071
0.07993285215651562,-0.39966426078257805,3.3308665254809426
0.07011372764938241,-0.21034118294814722,11.520647131421981
0.06871340229995535,-0.06871340229995535,12.688608427809882
0.06869829827846767,0.06869829827846767,12.701206151992068
0.23857771259105073,-3.419613880471727,3.670287265477512
0.23853744680068953,-3.2600117729427573,3.6814820174041785
0.23851028818702366,-3.100633746431308,3.689032693547233
0.23849051625140494,-2.9413830337673277,3.6945297150231795
0.2384853408331798,-2.782328976387098,3.695968592110347
0.23848827240073825,-2.623370996408121,3.695153553555812
0.2385032485633673,-2.464533568488129,3.690989859662267
0.23851921849541785,-2.3056857787890395,3.686549876590078
0.23853842737495803,-2.1468458463746223,3.6812093967606216
0.23857507944345985,-1.988125662028832,3.6710193368910353
0.238636845507626,-1.8295491488917994,3.653847048463973
0.23929733082030752,-0.7178919924609226,3.470217988650532
0.20978261060294903,-0.48949275807354775,11.67594220402566
0.20990198032670176,-0.3498366338778363,11.642754864773686
0.21033295550113762,-0.21033295550113762,11.522934537863932
0.20624536085980752,0.06874845361993584,12.659373375297776
0.20613992006940776,0.20613992006940776,12.688688172819134
0.3977948505943306,-3.7392715955867075,3.6427081625461426
0.3977175762087281,-3.579458185878553,3.6555985228645937
0.39764769691912183,-3.4197701935044473,3.6672552861607244
0.3975805811336357,-3.2601607652958124,3.6784510614648838
0.3975262790797383,-3.1007049768219592,3.6875093417127403
0.39749255615302653,-2.9414449155323963,3.693134759151121
0.3974779036954618,-2.7823453258682327,3.6955789773236347
0.39747369576882524,-2.6233263920742464,3.6962809135488897
0.3974986551910713,-2.464491662184642,3.6921173612464884
0.3975246922820484,-2.3056432152358806,3.6877740399541636
0.39755179500464155,-2.1467796930250644,3.683252957617327
0.3976085893994123,-1.988042946997061,3.6737789228908895
0.3976896613305347,-1.8293724421204594,3.6602550831899094
0.3978315637350298,-1.6708925676871251,3.6365839389972336
0.39797621075237266,-1.512309600859016,3.6124549581195424
0.39812489514571325,-1.3536246434954249,3.587652491054328
0.3981580240961861,-1.035210862650084,3.5821261564838522
0.39816183452759796,-0.8759560359607155,3.581490527568988
0.3488794048345248,-0.6279829287021447,11.802432967412287
0.3493066202474289,-0.4890292683464005,11.731167947794297
0.3430657450537887,0.2058394470322732,12.77222611113347
0.5571882517636028,-3.9003177623452197,3.6098864322412965
0.5569604628273533,-3.739591678983658,3.6370279473382254
0.5568309140926668,-3.5796273048814298,3.652463942589705
0.5567337727737358,-3.4199360327529487,3.664038528334345
0.5566382536311713,-3.2603097712682887,3.6754198284652944
0.5565495762409721,-3.100776210485416,3.6859859198851694
0.5565023619744061,-2.9415124847218603,3.691611595784508
0.5564723351083029,-2.782361675541514,3.695189357958
0.5564602593740204,-2.6233126513346674,3.6966282062608684
0.556488654875607,-2.4644497573062596,3.693244824487863
0.5565242956130736,-2.305600653254162,3.688998158122317
0.5565622380232251,-2.1467400609467258,3.684477242774534
0.48578504915735754,-1.7349466041334196,12.117723263197185
0.4860856147970624,-1.5971384486189193,12.081910255849287
0.4864592872730131,-1.4593778618190392,12.037386420256944
0.4868335346924478,-1.3214053084509296,11.992794078978982
0.48721271233211827,-1.1832308728065728,11.94761429193143
0.48759047529301347,-1.0448367327707433,11.902603066737534
0.48743721808356444,-0.9052405478694769,11.92086397498209
0.487557571925394,-0.7661618987399049,11.906523569917752
0.4886366826148418,-0.6282471633619394,11.777945336263578
0.48024102938933544,0.20581758402400088,12.778304495582987
0.47964896293181014,0.3426064020941501,12.848850418312594
0.716782179084044,-4.061765681476249,3.57306861633883
0.7164642404485199,-3.9007497535530526,3.6025331992239273
0.7161713040779613,-3.740005699073797,3.6296807270987728
0.7159592879731649,-3.5797964398658246,3.6493290661011883
0.7158343801913922,-3.4200975942477623,3.6609047454236077
0.7157104662867922,-3.2604587908620535,3.6723883183674246
0.715589676565849,-3.1008885984520127,3.683582361326472
0.7155194733281398,-2.941580057015686,3.69008836243853
0.7154686351046431,-2.7823780254069455,3.6947997340133725
0.7154531089773541,-2.6233280662502985,3.6962385992951425
0.7154732478927798,-2.4644078538529084,3.6943722493883513
0.6235261512647444,-2.009139820741954,12.215459487414144
0.6238972847785118,-1.8716918543355354,12.181065132793464
0.6242709942772131,-1.7340860952144805,12.14643205184916
0.6246451457719064,-1.5963153725282053,12.111758009454782
0.625049778783396,-1.4584494838279238,12.074259128938351
0.6255303418147353,-1.3205640549422188,12.029723524622561
0.6260147349854296,-1.1824722771947003,11.984832966721768
0.6255025687052952,-1.042504281175492,12.032297364331363
0.6259969502479888,-0.9042178170248729,11.986481145998717
0.6275421046104797,-0.7669959056350307,11.84328581300997
0.6160865497551559,0.3422703054195311,12.90491566171626
0.6161700634472169,0.4792433826811687,12.897176130162585
0.8765525946099264,-4.223389774029645,3.5362570516103204
0.8761705839428009,-4.062245434643895,3.565222636721245
0.8757885661445886,-3.901239976462258,3.5941887625398437
0.875417402557463,-3.740419810927342,3.622331878421548
0.8751123671461511,-3.5800051383251636,3.645460890065877
0.8749500204886267,-3.420259171000995,3.6577706665477194
0.8747972210943589,-3.260607824078974,3.669356531133289
0.874649575718624,-3.101030313911485,3.680551597305822
0.8745438907177108,-2.9416476324141176,3.6885650591076455
0.8744697026398531,-2.7824035993086236,3.694190297532458
0.7608750583531466,-2.2826251750594397,12.307393070088516
0.7612938527333344,-2.14546449406667,12.275638395920424
0.7617131083959641,-2.0081527403166324,12.243848745462458
0.7621654788701604,-1.870769811772212,12.209548196813913
0.7626191792997042,-1.7332254074993276,12.175146805602246
0.763076476215929,-1.5955235411787605,12.140472714306476
0.7635338667239815,-1.4576555637457826,12.105791526501925
0.7640506626592733,-1.3197238718660174,12.066605980293716
0.7633169780380473,-1.1796716933315274,12.122236898929074
0.7643284599289302,-1.0422660817212683,12.045542274093116
0.765824024301312,-0.9050647559924596,11.932142568678984
0.7535838674331885,0.34253812156054025,12.860240488568152
0.7517211353679542,0.4783679952341526,13.00148032508995
0.7527121083340321,0.615855361364208,12.926340769413294
0.7522987491498703,0.7522987491498703,12.957683325160005
0.7518858437169689,0.8885923607564178,12.988991475661308
1.0360678853074023,-4.22396907086864,3.5271406218565318
1.0356067305172583,-4.062764865875398,3.5567277540816775
1.0351450632153116,-3.9017006228884825,3.5863477684426783
1.0346987699669927,-3.7408340144960506,3.6149814021626554
1.034285618014683,-3.580219446973903,3.6414887305116537
1.033699479014866,-3.4191598152030176,3.6790946980968044
1.0328124281334337,-3.2573315041131368,3.736006807176622
1.0323981932884052,-3.0971945798652154,3.7625836126095322
1.032080097447227,-2.9374587388882616,3.7829922561156764
0.898381784299725,-2.4187201884992597,12.360913929956595
0.898831785034545,-2.2816499158569217,12.33204242839772
0.8993010453179974,-2.1444871080659937,12.30193525754914
0.8997960778051529,-2.0072374043345715,12.270174573357544
0.9002975112465536,-1.8698486772043803,12.238003211702193
0.9008331746582462,-1.7323714897273963,12.20363569665379
0.9013694756680615,-1.5947306107973394,12.169227274082878
0.9019105570454033,-1.4569324383041131,12.134512148927243
0.9008663787610632,-1.3166508612661691,12.201505361674172
0.9024108265957634,-1.1800756963175365,12.102415461109942
0.9037827945322192,-1.0428263013833299,12.014391661700031
0.904484344321776,-0.904484344321776,11.969381077770834
0.889817444883278,0.34223747880126076,12.910391563391066
0.8883019988873373,0.4783164609393354,13.007620741142723
0.887414093216403,0.6143636029959713,13.064587692480629
0.8883576114188947,0.7516872096621416,13.004052708543412
0.8878849381705997,0.8878849381705997,13.034378851078372
0.8874127676504487,1.023937808827441,13.064672739185113
1.1944651567120097,-4.3797055746107025,3.582621900721577
1.1937930602074118,-4.218068812732855,3.6199933446806085
1.1932890499542101,-4.057182769844314,3.6480184732201195
1.1928063695736162,-3.8965008072738128,3.674857569495856
1.1923541140600384,-3.7360428907214533,3.700004912868735
1.1919280095749154,-3.575784028724746,3.7236981470657895
1.1918193671988728,-3.4165488526367684,3.7297391284428443
1.1923915987514793,-3.259203703254043,3.6979206034936425
1.1928129937277763,-3.1013137836922184,3.674489238156113
1.035704138183132,-2.554736874185059,12.410414436825945
1.0361697971099877,-2.417729526589971,12.384521806273703
1.0366836126841743,-2.280703947905183,12.355951459895415
1.0372029337412239,-2.1435527297318626,12.327074985092317
1.037753225398611,-2.0063229024373146,12.29647641227654
1.0383245248462551,-1.868984144723259,12.264709716355057
1.0389110477184877,-1.731518412864146,12.23209653283098
1.0389988293649517,-1.5931315383595923,12.227215497356148
1.0382903784765454,-1.4536065298671632,12.266608400745291
1.0403222700803811,-1.317741542101816,12.153626525844729
1.0413972169883883,-1.1802501792535067,12.093854874219247
1.0421626482750461,-1.0421626482750461,12.051293616664523
1.0429642218855772,-0.903902325634167,12.006722691120245
1.0258714465759653,0.341957148858655,12.957154199419342
1.0253083831775573,0.4784772454828601,12.988462935731796
1.0230870934027945,0.6138522560416767,13.11197616004769
1.0231821460949442,0.7503335738029591,13.106690823293924
1.0236702164051332,0.8871808542177821,13.07955202384992
1.0231485903476332,1.0231485903476332,13.108556666549411
1.0226347799217976,1.1589860839113706,13.137126726657321
1.3552322324086115,-4.225135783391553,3.5087799955903165
1.3545647959587277,-4.0636943878761835,3.5415261646725753
1.3539709819336623,-3.9026222420440857,3.5706602260077034
1.353367358453503,-3.7416626969008617,3.6002755647365916
1.3528139968946393,-3.580978227074046,3.6274249228115565
1.3523902837024064,-3.4207518940707926,3.6482133946393276
1.352151216171435,-3.2610705801781674,3.659942669827444
1.1728751591319688,-2.6907136003615757,12.455692553187816
1.1733613828435614,-2.5537865391301042,12.431837152610889
1.1738887369743947,-2.4168297525943423,12.4059637866335
1.174416565392063,-2.2797498034081225,12.380067150909746
1.1750092574690436,-2.142663940090609,12.350988135267286
1.1755979228505975,-2.005431750745137,12.322106679781001
1.1762316060301257,-1.8681325507537292,12.291016533977569
1.1759744070284044,-1.7293741279829475,12.30363538630369
1.1755146629609126,-1.590402191064764,12.3261916266338
1.1782537054271975,-1.4554898714100677,12.191807075505245
1.1789580844536376,-1.3176590355658302,12.157248407482513
1.1796645506872485,-1.1796645506872485,12.122587335644504
1.1803718640375012,-1.0415045859154424,12.087884702059611
1.1812737790469863,-0.903327007506519,12.043634404666399
1.161708861258288,0.34167907684067295,13.003540184611197
1.1610907389738043,0.47809618663627235,13.03386687241008
1.1604732741207733,0.6143682039462918,13.064161304911075
1.1577132529653278,0.7491085754481535,13.199575125122081
1.159282087987087,0.8865098319901256,13.122603996419642
1.1587000569627106,1.0223824032023918,13.151159953078398
1.1581201024428769,1.1581201024428769,13.179614031020662
1.215852680212263,1.358894172001941,10.347103529803078
1.514098565867459,-4.0641593083810745,3.533922761399438
1.513440430224091,-3.9030832147884453,3.56281367741488
1.5127805330943878,-3.74214131870717,3.5917819193649905
1.5121360029975903,-3.581374743941662,3.620075577494049
1.511585501410668,-3.4209566610873012,3.644241561017978
1.3099334812229,-2.8266985647441527,12.496385702268881
1.3104310092597402,-2.6898320716384143,12.474545157887917
1.3109496897652506,-2.5529020274375935,12.451776059945033
1.3115052089545705,-2.415930648074209,12.42738981311988
1.312094695837563,-2.2789013138231358,12.401512448475742
1.312701350220689,-2.141775887202177,12.374881462888027
1.3133587248068526,-2.0046001589157223,12.346023955851415
1.3127528345970647,-1.8654908702168815,12.372621395667892
1.3125310196218405,-1.7270144995024217,12.382358655584973
1.3154601147080713,-1.5923990862255601,12.253776894377708
1.316223184874988,-1.4547729938091971,12.22027955028394
1.3170065577687866,-1.3170065577687866,12.185890954693384
1.3177947386347886,-1.1790795029890213,12.151291298172573
1.318584481177083,-1.0409877482976972,12.11662308700187
1.2966605851741018,0.4777170576957217,13.079040856858448
1.295999213099794,0.6138943640999025,13.108073846100602
1.2939771120528858,0.7491446438200918,13.196840276105803
1.2926076992919326,0.884415794252375,13.25695491883311
1.2940564887529433,1.0216235437523238,13.193355788374362
1.2934201236455973,1.1572706369460608,13.22129101883445
1.2927843841083217,1.2927843841083217,13.249198787945893
1.3568001754376633,1.4996212465363647,10.439026037700643
1.3559596276714085,1.6414248124443367,10.475924502578728
1.6729619162071527,-3.9035778044833562,3.5543949105309025
1.672218023418402,-3.742583195269757,3.583940356838667
1.6714932960275917,-3.5817713486305536,3.6127246044301984
1.670809988325643,-3.421182357047745,3.6398637719619984
1.4474469512533874,-2.8259678572089943,12.511250507731432
1.4478989603721901,-2.688955212119782,12.493297905754154
1.4484696600345384,-2.552065591489425,12.470631230546715
1.4490430163799422,-2.4150716939665706,12.44785903894261
1.4496703808903888,-2.2780534556848964,12.422941786431096
1.4503220197575324,-2.1409515529754053,12.39706042092736
1.4494729798048032,-2.0016531625875853,12.430782033390685
1.4493510033571342,-1.863451290030601,12.435626614007568
1.4524676055343442,-1.7291281018266,12.311843451054656
1.4532669987222104,-1.5916733795528972,12.280093676264443
1.4540672724059625,-1.4540672724059625,12.248308930515634
1.454921802822285,-1.316357821601115,12.214369251417246
1.4557878130966533,-1.1784948963163382,12.179973622839789
1.4566599927290613,-1.040471423377901,12.145332963742504
1.4320664944451484,0.4773554981483828,13.122121412367932
1.4313475027773646,0.613434644047442,13.150677852270945
1.4306308425902177,0.7493780604043998,13.179141691953838
1.4276790411505864,0.8838013111884583,13.296379407206153
1.4274124791276186,1.0195803422340135,13.306966542955251
1.4285209115263964,1.1564216902832734,13.262942551300654
1.4278383056860375,1.2918537051445103,13.290053842753771
1.4982639633842616,1.4982639633842616,10.492933720502947
1.497347366029881,1.639951877080346,10.529338533574425
1.4964442458591531,1.7814812450704203,10.565208068697238
1.8308858877090597,-3.5821680411698993,3.6053720030791965
1.5845548202086917,-2.962428576911902,12.538238710155078
1.5848893446138248,-2.825237527355079,12.526107630013044
1.585384146234402,-2.6882600740496385,12.508164311015925
1.5858995453962497,-2.551229703463532,12.489474049732834
1.5865270958850084,-2.414280363303274,12.46671677057627
1.5871551428561825,-2.277222596271914,12.44394148714892
1.5859279662887442,-2.137555084997873,12.488443404078083
1.5860195847273566,-1.9997638242214495,12.485120983937016
1.5893331084278641,-1.8657388664153187,12.36496047861494
1.59012915203894,-1.7284012522162389,12.336093021728892
1.5909483340821264,-1.5909483340821264,12.306386480548888
1.5918240256964356,-1.4534045452010933,12.274630695350915
1.5927006818883156,-1.3157092589512172,12.242839931037423
1.5936487985602361,-1.1779143293706091,12.208457747990174
1.6466288218271998,0.5011479022952348,10.2872080624187
1.5665024525316749,0.6129792205558728,13.192883679798115
1.5657321028769338,0.7488283970280988,13.220819379722094
1.564962510510381,0.8845440276797806,13.248727617602768
1.561419276595889,1.018316919519058,13.37721825660875
1.5628412199176707,1.1551435103739305,13.325653383824381
1.5627091230458843,1.2909336233857305,13.33044370020658
1.6394836754396989,1.4969198775753771,10.546317239875563
1.6385195030387565,1.6385195030387565,10.581281662462033
1.6375707860984134,1.7799682457591448,10.615685613440796
1.6366231671460094,1.9212532831714024,10.650049747355453
1.7221806814913154,-2.962150772165063,12.543627245147093
1.7223757398049742,-2.824696213280158,12.537119598592376
1.722798266321552,-2.6875652954616216,12.523023028298553
1.723336151963991,-2.5505375049067065,12.505077781145573
1.7239211077316512,-2.413489550824312,12.485562153666415
1.72224076653245,-2.273357811822834,12.54162265378364
1.722597173021037,-2.136020494546086,12.529732017521965
1.7260647820364847,-2.0022351471623225,12.41404367059014
1.7268407825564966,-1.8649880451610166,12.38815429927449
1.7276847101820738,-1.7276847101820738,12.359998705175457
1.7285501241914454,-1.5902661142561298,12.331126270102807
1.7294552640829957,-1.4527424218297165,12.300928477523243
1.7304072829988058,-1.3151095350790925,12.26916668023663
1.7313740208199193,-1.1773343341575453,12.236913822448201
1.7881671950778777,0.5006868146218058,10.342147596600824
1.7870490510120165,0.6433376583643261,10.379451755759142
1.7006353165614305,0.7482795392870295,13.262435980987078
1.6998212264845027,0.8839070377719416,13.289596117794254
1.6982195638084743,1.0189317382850849,13.34303170021046
1.6954257015750078,1.1528894770710054,13.43624212327289
1.7815497863644643,1.3539778376369929,10.562921355008015
1.7805179350973879,1.495635065481806,10.597346564665663
1.7794872783984843,1.6371282961266056,10.631731920459586
1.7785080337293098,1.7785080337293098,10.66440203883623
1.777606460649557,1.9198149775015219,10.694480833409145
1.7767058011694774,2.0609787293565938,10.724529147949426
1.85978073318458,-2.9618730195161826,12.549014769603197
1.8599913566520183,-2.8244313193604724,12.54250834360304
1.8602020278577402,-2.6869584846834025,12.536000442906776
1.8607219918614466,-2.5498782851434636,12.519938095467502
1.8586551883621447,-2.4093678367657434,12.5837842764682
1.8591901374787883,-2.2723435013629634,12.567259019887729
1.8626983378379542,-2.138653647147281,12.458886262054826
1.8634565642357614,-2.0014903838087807,12.435463687121953
1.8642940212065928,-1.8642940212065928,12.409593579316322
1.865132231331656,-1.7269742882700516,12.383700205621395
1.8660601354414301,-1.5896067820426996,12.355036070998082
1.8669949435595201,-1.452107178324071,12.326158662802925
1.8679884030298344,-1.3145103576876611,12.29546943996197
1.9294497804500206,0.5002277208574127,10.396849552465532
1.9282443977500838,0.6427481325833613,10.434085352608726
1.927046673381323,0.7850930891553538,10.471084577190403
1.9258673259001577,0.9272694532111871,10.50751611641057
1.9219981530740309,1.067776751707795,10.627039771495994
1.9207546166027376,1.2093640178609828,10.665454190019084
1.9224396043166465,1.3528278697043068,10.613402782808613
1.921327096414266,1.4943655194333179,10.647769562681056
1.9203340257592008,1.635840096017097,10.67844677452591
1.9193607876107956,1.7771859144544402,10.708511335090499
1.9183885356571144,1.9183885356571144,10.738545430849477
1.9174549254927862,2.059488623677437,10.767385832733808
1.9165315354597772,2.20046213330567,10.79591052180156
1.9973649175393595,-2.9616100501445675,12.554115545154737
1.9975811653323978,-2.8241664751251143,12.547896077883927
1.997807399350414,-2.686706502574695,12.54138939843613
1.9971244471404488,-2.548055329110228,12.561031674816036
1.9957827406432849,-2.4087033076729303,12.599620275092114
1.9992846053317463,-2.275047999170608,12.498903719742934
2.0000205698599847,-2.1379530229537766,12.477736764781035
2.0008121516318766,-2.0008121516318766,12.454970211405957
2.0016449961152896,-1.86360051362458,12.431016907959567
2.0025446260119963,-1.7263315741482725,12.405142800206633
2.0034561693935116,-1.5889479964155437,12.378926050673144
2.0044593901847483,-1.4515050756510246,12.350072582210771
2.0704669072112742,0.4997678741544455,10.451641222492881
2.0691993733258376,0.6421653227562946,10.488096556461144
2.067933390460925,0.7843885274162129,10.524507281782782
2.0666772662021313,0.9264415331250935,10.560634465352464
2.065480226630929,1.0683518413608257,10.595062323923173
2.0609283183388265,1.2081303935089673,10.725979010954667
2.0617819761701277,1.3508226740424973,10.701427098226922
2.062092893254503,1.4932396813222264,10.692484863011302
2.061048058169659,1.6346243219966259,10.72253519333966
2.060017831110967,1.7758774406129023,10.75216538462628
2.0590255321720137,1.9170237713325646,10.780704731488335
2.0580341887423708,2.0580341887423708,10.809216597104012
2.0570794400862695,2.198946987678426,10.83667596644618
2.0561934095828382,2.33980629366323,10.862158944281937
2.1350952119749533,-2.961583681126548,12.554627020850958
2.1351528093287664,-2.8239117800799813,12.553077346881452
2.1321488026168973,-2.682380751679322,12.633901042718222
2.1326886763907753,-2.545467129885764,12.619375577938875
2.135947087402871,-2.41155316319679,12.53170705858696
2.136613864175878,-2.27445991992916,12.513767230796432
2.137281057641526,-2.137281057641526,12.49581619176621
2.138098477087128,-2.0001566398557,12.473823277974986
2.1389447658092684,-1.8629518928016209,12.451053627694876
2.1398547794126475,-1.725689338236006,12.426569440493758
2.1408166014067014,-1.5883478010436816,12.400691333101605
2.211270848637554,0.49931922388589917,10.505098814584457
2.209918329520425,0.6415891924414138,10.541488744508477
2.208609227172762,0.7837000483516252,10.576710533310973
2.2073303248550338,0.9256546523585626,10.611119781307849
2.206052902785212,1.0674449529605867,10.645489202793655
2.204902180653402,1.2091399055196075,10.676449724688162
2.199893687107607,1.3483219372595012,10.811204736168747
2.202668320038864,1.4921301522843915,10.736552410257332
2.201592743099484,1.6334397771383267,10.765491128354732
2.2005324867327105,1.7746229731715406,10.794017641880309
2.1994732514175284,1.9156702512346215,10.822516683708542
2.198504757948348,2.0566657413065186,10.848574289127221
2.197558002729273,2.197558002729273,10.874047020448366
2.1966120625728993,2.3383289698356666,10.899497822264642
2.272860453775683,-2.9616060458289204,12.554193216235703
2.2692913935093855,-2.819422640420752,12.644400050586988
2.270085763004451,-2.6828286290052605,12.624322620645067
2.273198129843423,-2.5487372970971713,12.545658563740574
2.2734555886600596,-2.4112407758515784,12.539151376108045
2.2738721447055714,-2.2738721447055714,12.528623057897683
2.2745820157455823,-2.1367285602458503,12.510681298852113
2.2752923302178307,-1.999499320494457,12.492728332201338
2.2761951735952937,-1.8623415056688768,12.46990926025542
2.27709618420912,-1.725072866825091,12.447136510812747
2.3518266878747234,0.49887232773100193,10.558347400466722
2.350464434429859,0.641035754844507,10.592777912051453
2.349103758193196,0.7830345860643988,10.62716856021322
2.347788712427962,0.9248864624716214,10.66040591308984
2.3465984759444694,1.0666356708838498,10.690488752071055
2.3454094460185093,1.2082412297671108,10.720541095704093
2.342602558519811,1.348771170056861,10.791484261900727
2.3393660021719014,1.4886874559275736,10.873287168145126
2.3419758324429263,1.6322861862481,10.807324559117077
2.340881502505194,1.77339507765545,10.834983391429553
2.339873203220845,1.914441711726146,10.860467827032586
2.33886577218183,2.0553668907052445,10.885930318017941
2.337898242798019,2.1962074402042,10.910384307680033
2.337058617871891,2.337058617871891,10.931605553884154
2.3362195958094065,2.477808662222098,10.952811562906277
2.4068591662518193,-2.956998404252235,12.6435669153865
2.4077249061492543,-2.820477747203412,12.622935981432342
2.410583808023102,-2.6860791003685995,12.554807186726748
2.41074353456782,-2.548500307971695,12.551000838186553
2.411014662859573,-2.411014662859573,12.54453974069429
2.411287735878421,-2.2734998652567966,12.538032299564215
2.411812006283808,-2.1361763484228016,12.525538722521375
2.4125649807118967,-1.998982412589857,12.507595035576728
2.4133556719816944,-1.8617315183858787,12.488752540950266
2.4908005887805533,0.6404915799721422,10.64320866767303
2.489489496324738,0.7824109845592033,10.674452534270685
2.4882277221066316,0.9241988682110346,10.70452112720021
2.4869672262772546,1.0658430969759665,10.734559255606229
2.485748739015416,1.207363673236059,10.763596302757982
2.4845515991723235,1.3487565824078327,10.792124632236522
2.480394706352665,1.4882368238115988,10.891185079226432
2.478679176286644,1.6288463158455087,10.932066858607648
2.4811848102028677,1.7722748644306194,10.872356583047896
2.480116752341923,1.913232923235198,10.897808836379006
2.4791732703684906,2.0541721383053204,10.920292395631044
2.4782830576446493,2.1950507081995463,10.941506526994452
2.4773934840028873,2.335828142059865,10.962705428771905
2.476502806257801,2.476502806257801,10.983930641780752
2.5483739386299984,-2.8238738238872956,12.553849490855924
2.548350698121654,-2.6860993845066083,12.554373384826128
2.548327458037201,-2.548327458037201,12.554897269240847
2.548547940406851,-2.410788592276751,12.549927094652446
2.5488365634554,-2.273286664703465,12.543420874024449
2.5491252518906884,-2.135753589421928,12.536913179430492
2.6311232108683935,0.6400029431842039,10.688492497727779
2.62978996638084,0.7818294494645741,10.718546863900848
2.6284668062010357,0.9235153643409044,10.74837390681811
2.627200607999678,1.0650813275674371,10.776916897054747
2.6259356293138185,1.2065109648198624,10.805432396635553
2.6246998037014713,1.3478188181169717,10.833290719566023
2.623569221648352,1.4890528014760918,10.858776613061437
2.618506943444958,1.6277205324117308,10.972891889153011
2.618451529427681,1.7692240063700546,10.974141047264602
2.620400928169836,1.9121844610969074,10.930197161382466
2.619460161617466,2.053090396943419,10.951404181334361
2.6185120107664823,2.193888441452999,10.972777660188981
2.6175904515364463,2.3346077000189926,10.993551703365789
2.6167230728228255,2.4752785823999703,11.013104394348758
2.7699229153769025,0.7812603094652801,10.761701347553426
2.7685888744122207,0.9228629581374068,10.790231497848126
2.767256117821615,1.0643292760852365,10.818734180181636
2.7660190515719867,1.2057006122236864,10.84519040376155
2.7648278363403,1.3469674074478382,10.870666045434561
2.7636376466946757,1.4881125789894407,10.896119753654787
2.762573238647819,1.6292098586897392,10.918883463582503
2.7571048438698122,1.767374899916546,11.035831989915408
2.7592133349050614,1.9102246164727346,10.990739247096208
2.7595966214678023,2.0520077441683657,10.982542180041712
2.7586549687331003,2.1927770264288746,11.002680612636894
2.757740987507123,2.3334731432752576,11.02222725508193
2.7568276117102513,2.4740760617912514,11.04176094966116
2.909913580973148,0.780708521724503,10.803540113179807
2.908534345068882,0.9222182069730601,10.83159795084729
2.907281466433222,1.0636395608902032,10.857085298782238
2.90602966671953,1.2049391301032195,10.882550698174995
2.9048000203654043,1.3461268387059189,10.907565431104842
2.9037567505045354,1.4872900429413474,10.928788701401892
2.9027142298202544,1.6283518850211183,10.949996731176988
2.9016626685627966,1.7693065052212174,10.971388673605325
2.8957235443175477,1.9069398950383851,11.09220845754858
2.8996758443951007,2.050990231401413,11.011806697671126
2.8987152895263617,2.191711560373591,11.031347294384446
2.897747389132407,2.3323332644236445,11.051037321339138
2.8968842470751635,2.4729499670153836,11.068596246285338
3.048487082413509,0.921635629566875,10.868975410903147
3.0471747470094,1.0629679350032792,10.894430574383136
3.0459867243071255,1.2042273096097937,10.917474463932777
3.0448929301499046,1.3454178063453068,10.938690617210625
3.0437999212595317,1.4865069382895388,10.959891538790899
3.0427037571943316,1.627492707336503,10.981153660801176
3.0416608660020272,1.7684074802337366,11.001382457272605
3.0385119179975524,1.9079028322310214,11.062462106570301
3.0348862470065767,2.0467837479811797,11.132788676676554
3.0386782792797176,2.190675038550494,11.059235222939037
3.037773284458144,2.331314381095785,11.076789265190413
3.0368592851041005,2.4718622088056637,11.09451796694222
3.1871260859017436,1.062375361967248,10.927380172924693
3.1859818013241776,1.2035931249446892,10.94858921392359
3.184826652472188,1.3447045865993683,10.969999621650821
3.1836960789275386,1.4857248368328513,10.990954531933497
3.1826410659296305,1.6266832114751444,11.010508945552004
3.181586751763629,1.7675481954242382,11.030050406488236
3.1805331358920474,1.9083198815352287,11.049578924704385
3.175420093886039,2.0463818382821137,11.144347935543614
3.1740473079735265,2.186565923270652,11.169792194141522
3.1778777700753342,2.330443698055245,11.09879549510817
3.1773834923107818,2.471298271797275,11.107956815271663
3.323577655943465,1.485002782442825,11.019632615031512
3.322476823915288,1.6258929138308857,11.039168032636368
3.321411718103156,1.766708360693168,11.058069451109645
3.3204224989065243,1.907476754690982,11.075624182089761
3.319433868832088,2.048161323321927,11.093168458479326
3.314137306708698,2.1859203512333965,11.187161502197206
3.314254229614258,2.3270295654738407,11.18508658274608
3.4612358612932694,1.7659366639251373,11.083815238200522
3.4603915315934897,1.9067463541433516,11.098187181224795
3.4598533063775077,2.04766828336628,11.107348699693638
3.459316484927164,2.188547163933512,11.116486323658023
3.455116109210044,2.326914930692478,11.187983939462327
0.0,0.0,70.0
