-3.2383203981989648,-2.038942472940089,9.964176395327343
-2.9992246664472617,-2.5193487198156994,9.938158485369001
-2.99516836033379,-2.2763279538536803,10.073487280174447
-2.9970654601818407,-2.0380045129236515,10.010195154560535
-2.9962295232716607,-1.7977377139629964,10.038084157861434
-2.995465039075932,-1.5576418203194848,10.063589315007277
-2.994867021332836,-1.3177414893864479,10.0835407235503
-2.7578920217032876,-2.5180753241638714,9.988734379407191
-2.7570469698642057,-2.277560540322605,10.019379054135754
-2.753648835701716,-2.035305661170834,10.142607844699242
-2.7556513502915747,-1.7971639241032011,10.0699893313639
-2.7551012443698655,-1.557231138122098,10.089938186874761
-2.754796238425641,-1.317511244464437,10.10099881951146
-2.7546017940457044,-1.0778876585396235,10.108050084889953
-2.5170813560110585,-2.5170813560110585,10.028212155149419
-2.516388207071679,-2.276732187350567,10.055742190500496
-2.5158683752553954,-2.0366553513972248,10.076388529931847
-2.5130505713133364,-1.7950361223666689,10.18830422038468
-2.5151657854366833,-1.5570073909846136,10.104293531941622
-2.515112621128256,-1.3174399444005152,10.106405077104952
-2.5152417634898363,-1.0779607557813584,10.101275885415191
-2.5155374324965427,-0.8385124774988476,10.089532697559875
-2.276116108087345,-2.276116108087345,10.082786910585114
-2.2757851429346365,-2.0362288120994116,10.097315657853699
-2.275551138169171,-1.7964877406598718,10.107588026619013
-2.273475920906831,-1.555536156409937,10.198686158507499
-2.275755852075551,-1.3175428617279508,10.098601471436922
-2.2760599987928396,-1.0781336836387134,10.085250003006223
-2.276413084031151,-0.8386785046430558,10.069750225613603
-2.4028936589322822,2.4028936589322822,4.517491046406974
-2.4023765661942296,2.6552583100041485,4.540190444346933
-2.401977177811395,2.9076565836664257,4.557722842633339
-2.401634209331331,3.1600450122780672,4.572778513380442
-2.401503856739297,3.4126633753663693,4.578500746823963
-2.036161653922211,-2.275710083795412,10.100610612790987
-2.036006071287519,-2.036006071287519,10.108243901717245
-2.036110611271371,-1.7965681864159158,10.103114898068029
-2.036289879050174,-1.5571628486854272,10.094319554336494
-2.0348047837117837,-1.3166383894605658,10.16718219625946
-2.036912802176462,-1.0783656011522447,10.063757324745609
-2.037293732353233,-0.8388856544983901,10.045067898989416
-2.0377035865652267,-0.5993245842838902,10.024959384797
-2.151822298247662,1.898666733747937,4.4259984217664226
-2.1509243459762657,2.1509243459762657,4.470054296916885
-2.1502868754904902,2.4032618020187835,4.501330257820399
-2.1497849920372767,2.655616754869577,4.5259539660721515
-2.1493719735059,2.907973846507982,4.5462177300079105
-2.1490290127812495,3.1603367835018377,4.563044275636244
-2.1470811976683,3.4100701374731823,4.658609153821629
-2.1487371547126735,3.6654927933333847,4.57736359197456
-1.7965977735484118,-2.0361441433548664,10.101469726792146
-1.7968033773935674,-1.7968033773935674,10.090037272487692
-1.797047763051106,-1.5574413946442918,10.076448383328767
-1.7973837925407428,-1.3180814478632112,10.057763704633615
-1.796683990379999,-1.0780103942279993,10.096675701725886
-1.7980896402039466,-0.8391084987618417,10.01851555171423
-1.79851261540826,-0.5995042051360866,9.994996318931555
-1.9003179195179865,1.6469421969155882,4.334185421625506
-1.899279894930677,1.899279894930677,4.391904034097607
-1.8983756687682576,2.1514924246040255,4.4421828811440776
-1.8976802572112699,2.403728325800942,4.48085074186443
-1.8971597032136154,2.6560235844990614,4.509795773445333
-1.8953529472983708,2.9062078525241684,4.610259139899853
-1.8963203304812803,3.1605338841354675,4.556468492039471
-1.8961103695703967,3.412998665226714,4.568143217857852
-1.8959282085131557,3.6654612031254343,4.578272152758757
-1.5575347894541056,-1.7971555262931986,10.07045628556429
-1.5578260499550936,-1.5578260499550936,10.051769364949195
-1.5581316653745751,-1.3184191014707942,10.032161450167663
-1.5574903061246241,-1.0782625196247397,10.073310282051594
-1.5588394096834721,-0.8393750667526388,9.986753433387918
-1.559272284285266,-0.5997201093404869,9.958980723760035
-1.6484242752116613,1.3948205405637133,4.239097075041897
-1.6475323466195346,1.6475323466195346,4.296322132126065
-1.646632971432002,1.8999611208830793,4.354024953743107
-1.6457405764072184,2.1521222922248238,4.411279936581025
-1.645006733828394,2.4042406109799606,4.458362386717397
-1.6430136939481768,2.6540990440701315,4.586233409042734
-1.644073151038973,2.9087448056843366,4.518259926597835
-1.6437228000770014,3.1610053847634645,4.540738019547518
-1.6434495370412576,3.413318269239535,4.5582702446129275
-1.3185040732062632,-1.558232086516493,10.025718551454204
-1.3187877531252845,-1.3187877531252845,10.004208799120576
-1.3191266906849006,-1.079285474196737,9.97850919024782
-1.3182629067070606,-0.8388945769954023,10.044004765321276
-1.3199888556339288,-0.5999949343790585,9.91313637645014
-1.2909978142381133,1.2909978142381133,12.11135372813689
-1.2899338486028806,1.5244672756215865,12.192027881542941
-1.2889204904777,1.7576188506514092,12.268864770008989
-1.287965347753139,1.990491901073033,12.341287532675608
-1.2870416862460667,2.2230720035159335,12.411323262824453
-1.3917616401743822,2.656999494878366,4.47103520451796
-1.3913519524210451,2.9091904459712765,4.502099377614172
-1.3910272092020248,3.1614254754591475,4.5267227144977085
-1.3907628796133527,3.4136907045055023,4.546765246963176
-1.0793744486602612,-1.3192354372514303,9.970263588228292
-1.0797364055483167,-1.0797364055483167,9.936719666422874
-1.0801119664765868,-0.8400870850373453,9.901915006457045
-1.0795506389244038,-0.5997503549580021,9.953935366171166
-1.057566672793803,1.057566672793803,11.991273140896908
-1.0566814827886153,1.2914995900749742,12.073307066197955
-1.055812156331617,1.5250620035901132,12.153870856138752
-1.0549404547657621,1.7582340912762704,12.234654756452855
-1.0535186491383268,1.9899796705946173,12.36641889290955
-1.052312425447652,2.221548453722821,12.47820423115023
-1.0526811299084955,2.4562559697864894,12.444034986104825
-1.1385975719932953,2.909749350649532,4.48183144696506
-1.1382875241024302,3.1619097891734174,4.510564764523906
-0.8404506469389951,-0.6003218906707107,9.858595866358456
-0.8235920159736699,0.8235920159736699,11.867336037821602
-0.8228807680517445,1.0579895589236714,11.952082674460115
-0.8221867005640214,1.2920076723148906,12.034782227416912
-0.8207942985699825,1.5243322687728247,12.200689757275299
-0.8200641367233295,1.757280292978563,12.287690026517723
-0.8201884583419962,1.9918862559734192,12.272876852772413
-0.8195806686391344,2.224576100591936,12.345296232166362
-0.8189976912594268,2.45699307377828,12.414759172786006
-0.8857605228694718,2.9103560037139786,4.45983198495189
-0.6005973378745973,-0.36035840272475844,9.81264773388061
-0.5885543282476438,0.8239760595467014,11.821576464916348
-0.58742714364294,1.057368858557292,12.009605338737273
-0.5870581835358062,1.2915280037787737,12.071152624904698
-0.5870184999227718,1.5262480997992067,12.077772361402936
-0.5865354630951847,1.759606389285554,12.15834911016816
-0.5860539621842317,1.9925834714263877,12.238669648305759
-0.5856199462890838,2.225355795898518,12.311069075732718
-0.633190608114527,2.6594005540810133,4.375671508530644
-0.3609738830357427,-0.12032462767858089,9.641531028225387
-0.35327602389695595,0.5887933731615932,11.781700702086596
-0.35305287403766883,0.8237900394212273,11.84374114124796
-0.3529487444148715,1.0588462332446145,11.872691406099989
-0.35264644929942685,1.293036980764565,11.956735921200462
-0.3523493042166922,1.5268469849389996,12.039348616930539
-0.3520582174595294,1.7602910872976472,12.120276968425486
-0.3517679518747436,1.9933517272902135,12.20097701641599
-0.12040225985440094,-0.12040225985440094,9.576780806607758
-0.11810833960561135,0.11810833960561135,11.490057652365707
-0.11800269514286478,0.3540080854285944,11.578171920750663
0.11802114132135888,-0.35406342396407664,11.562786622929565
0.11811024672663112,-0.11811024672663112,11.488466990924394
0.12047312322262518,0.12047312322262518,9.51767620534386
0.35244585043858284,-1.7622292521929142,12.012506699912976
0.35264894225120724,-1.5281454164218982,11.956042827224238
0.35289225006576586,-1.2939382502411414,11.888398044857666
0.3531724157663955,-1.0595172472991865,11.810505980930117
0.3534765415714934,-0.8247785970001512,11.725952494905727
0.3534171031567063,-0.5890285052611771,11.74247764696375
0.36126412133166547,0.12042137377722181,9.560838567123142
0.6359961511758169,-2.671183834938431,3.907670881065485
0.6360824495489348,-2.4171133082859524,3.893275203691772
0.5869938813099334,-1.9957791964537732,12.081879062317526
0.5872511923595998,-1.7617535770787993,12.038956273371909
0.587554737250036,-1.5276423168500937,11.988321085786254
0.5879318150563612,-1.2934499931239944,11.92541966309976
0.5878066440688833,-1.0580519593239899,11.946299791973331
0.5886546443031264,-0.824116502024377,11.8048424580289
0.6016216138471128,0.3609729683082677,9.641785342050383
0.8908760975856961,-3.181700348520343,3.850300851982894
0.890599398847865,-2.9262551676429847,3.8832700694251514
0.8904285081799571,-2.6712855245398712,3.903632040113081
0.8212690341850335,-2.229158807073662,12.1441240430878
0.8216095717321616,-1.9953375313495354,12.103548301664034
0.8219606661871471,-1.761344284686744,12.061714683195362
0.821647498265994,-1.525916782493989,12.099029278011969
0.8221495235615689,-1.2919492513110367,12.039211942880442
0.8233863973605059,-1.0586396537492218,11.891835913826526
0.824037205471626,-0.824037205471626,11.814290803585365
0.8424281607836783,0.6017344005597702,9.622971069326596
1.1460287446780595,-3.4380862340341785,3.793156403925124
1.1456275583350815,-3.182298773153004,3.830335868558464
1.145221278970966,-2.9266766018146906,3.86798732283593
1.0552745228942275,-2.462307220086531,12.203695392095625
1.0556953728539344,-2.2286902315805284,12.164693625293907
1.055241800563596,-1.9932345121756812,12.206727894960522
1.0556839133005922,-1.7594731888343202,12.165755625697614
1.057027589178645,-1.5268176288135982,12.041232070344506
1.0575739448193315,-1.292590377001405,11.990599214626272
1.058246139809482,-1.058246139809482,11.928304347663726
1.0822191676550463,0.6012328709194702,9.70663265684287
1.0830627439111369,0.8423821341531065,9.628455235981463
1.082975192817191,1.082975192817191,9.636568928927275
1.401546813452216,-3.6949870536467517,3.7290840136338517
1.400972463664482,-3.4387505926310014,3.772633524398131
1.4004718656652986,-3.1828906037847697,3.810590877947476
1.3999781156877622,-2.927226969165321,3.848028986954901
1.2882145646977303,-2.4593187144229396,12.322390901662772
1.289243745771452,-2.226875560877963,12.24435425360329
1.2905422722924536,-1.9944744208156102,12.145894750506486
1.2910766267041383,-1.760559036414734,12.105377850003379
1.291627426767896,-1.5264687770893317,12.06361397402074
1.292241392426405,-1.292241392426405,12.01706062861146
1.3236828058498826,0.6016740026590375,9.633046215144347
1.3224519457672617,0.8415603291246212,9.726374976749511
1.3235182155973162,1.0828785400341678,9.645526110025315
1.3234443068048616,1.3234443068048616,9.651130171907667
1.3233712841287324,1.563984244879411,9.656667044886547
1.6568039079404036,-3.6959471792516694,3.7014699987495874
1.6560545274832614,-3.4394978647729273,3.749549340320499
1.655409758713928,-3.1834803052190925,3.7909169228342563
1.6535122996818574,-2.9254448378986706,3.9126555938260594
1.6529963646001868,-2.67022489666184,3.945757363139137
1.5242589787172816,-2.227763122740642,12.205391958381071
1.5248657290690064,-1.994055184167162,12.166463591446998
1.5254865879855497,-1.760176832291019,12.126630036099598
1.526124910872108,-1.526124910872108,12.085676013609614
1.5641994545013003,0.6016151748081924,9.642859456469296
1.564110145878291,0.8422131554729259,9.648589389442549
1.5636398990506195,1.0825199301119672,9.678759855772114
1.5639506020697893,1.3233428171359753,9.658825526762868
1.563896720554881,1.563896720554881,9.662282499432678
1.5638799166173716,1.804476826866198,9.663360619689968
1.913214317048461,-3.9539762552334854,3.6170904891471736
1.9112730343523734,-3.6951278664145883,3.7250341207375186
1.909469692211171,-3.437045445980108,3.82530766673554
1.9104642353946384,-3.184107058991064,3.770006806529423
1.909774624361868,-2.9283210906881973,3.808352133262119
1.9091019262931102,-2.672742696810354,3.8457570267647014
1.9084867204341436,-2.417416512549915,3.879965107188198
1.9080776232261725,-2.162487972989662,3.902712663940676
1.9080052231641023,-1.9080052231641023,3.906738417450441
1.8046885858527904,0.60156286195093,9.651585913161767
1.8045890103607567,0.8421415381683531,9.657122736958314
1.8030382534564975,1.0818229520738984,9.743351462067182
1.804466142534445,1.3232751711919262,9.663954714291862
1.8044894278678683,1.5638908374854859,9.662659950032364
1.8045174831272424,1.8045174831272424,9.661099957462412
1.8045754895780621,2.045185554855137,9.657874550379887
2.1677787011739214,-3.6979754314143367,3.643135771308849
2.166653001100669,-3.4411547664540043,3.698365546280016
2.1656633282334297,-3.184799012107985,3.7469214725444573
2.1648174567393164,-2.928870676764957,3.7884221292330835
2.1640559908420394,-2.6732456357460483,3.8257816276946244
2.1632883307444324,-2.417792840243777,3.863445029743346
2.162689382309053,-2.162689382309053,3.892830998609597
2.045160372429729,0.6015177565969791,9.659110065701924
2.045089912398258,0.8420958462816357,9.662567018202026
2.0450759091718127,1.0826872460321362,9.66325405293162
2.0431326457791017,1.3220270060923598,9.758595611877311
2.0451553894396173,1.5639423566302957,9.65935454416389
2.0452211323705147,1.804606881503395,9.656129024893104
2.0453348130827536,2.0453348130827536,9.650551553322572
2.422210180926973,-3.4420881518435937,3.6695320879724136
2.421002805804459,-3.1855300076374458,3.7225335833559257
2.41998120447795,-2.929450931736466,3.767379958754134
2.419098858265925,-2.6737408433465486,3.8061132967294213
2.418247530636638,-2.418247530636638,3.843484977304982
2.2856595414407725,0.6014893530107296,9.663848148809763
2.285689036256512,0.8420959607260834,9.662553381913284
2.285728192550866,1.0827133543661998,9.66083449429027
2.2858016677762825,1.323358860291532,9.657609070187931
2.284442897340247,1.5630398771275376,9.717256534882097
2.286039766439343,1.804768236662639,9.64715698702365
2.28630136692899,2.0456380651469916,9.635673217906799
2.286734102031789,2.286734102031789,9.616676961378417
2.5263751062894535,0.8421250354298179,9.65908907182282
2.5264563185735502,1.0827669936743787,9.655863535541798
2.526603062014174,1.3234587467693293,9.65003527572864
2.5248297453704445,1.56298984237218,9.720466704122998
2.527223472344811,1.8051596231034366,9.6253942247737
2.5277067848855888,2.046238825859762,9.606198333995678
2.528248743937503,2.287463149276789,9.584673159519596
2.7671525584631063,0.8421768656192063,9.652913399330004
2.7673255338336915,1.0828665132392707,9.646640678861871
2.7676710782076146,1.3236687765340764,9.634109974290354
2.7681949317674035,1.564631917955489,9.615113125573274
2.766003435173959,1.803915283809104,9.694584818514386
2.7693556591972652,2.0469150524501525,9.573020897745835
2.7701749001448133,2.2884053522935415,9.54331222047793
3.0086462376627487,1.0831126455585893,9.623830660471654
3.009227836168161,1.3240602479139907,9.60442703988771
3.009873048476378,1.5651339852077164,9.582901099383704
3.0106125536605126,1.8063675321963075,9.558229306249316
3.009357022886186,2.046362775562606,9.60011703902336
3.0125764119115366,2.2895580730527674,9.492709948773538
3.251040108325019,1.3244978219101928,9.571248419707587
3.2520310811815993,1.5657927427911404,9.540636011518131
3.253084032649725,1.807268907027625,9.508109005423151
3.25146867558101,2.0472210179584134,9.55800943370518
3.255357232230335,2.2908069411991243,9.437886987740598
0.0,0.0,110.0
