-3.4012561536716137,-2.6454214528557,9.930884290438314
-3.4031640968587435,-2.394819179270968,9.871945505930881
-3.401804944030621,-2.141877186982243,9.913931460329167
-3.400449354821865,-1.8891385304565917,9.955807330006238
-3.399139147261808,-1.6366225523853148,9.99628130300664
-3.1518973388043183,-2.8997455516999726,9.844605836276187
-3.1507289821472786,-2.646612345003714,9.883585216499739
-3.146518543568353,-2.391354093111948,10.024056266402965
-3.1482150544590537,-2.1407862370321564,9.96745630382857
-3.1470824037469205,-1.8882494422481522,10.005244441982
-3.1461826263361696,-1.6360149656948082,10.035263328422957
-3.1453556390339386,-1.383956481174933,10.062853749806251
-2.898337256454997,-2.898337256454997,9.895675779808826
-2.8971643837663503,-2.6452370460475376,9.938208439202398
-2.8960366912154107,-2.392378136221426,9.979102701328273
-2.8924204714731707,-2.1378760006540825,10.11024007376254
-2.894257027728857,-1.8875589311275158,10.04363981745476
-2.8935597516168237,-1.635490294392118,10.06892560308475
-2.8929721464784093,-1.3835953744027174,10.090234317536058
-2.892652229824776,-1.1319073942792603,10.101835667107096
-2.6439142467108088,-2.6439142467108088,9.990746516423044
-2.6431120050218784,-2.3913870521626515,10.022609426111885
-2.6423716347394355,-2.139062751931924,10.052014967822416
-2.63939452590039,-1.8852818042145643,10.170257825780638
-2.5545675245223207,-1.5813989437519127,13.539361079051062
-2.556771338854071,-1.3392611774949894,13.451831425590711
-2.6410193708860192,-1.1318654446654368,10.105723297408645
-2.6411573552521554,-0.8803857850840517,10.100242924776154
-2.3911961896058105,-2.64290105166958,10.030987933119917
-2.3905408807338566,-2.3905408807338566,10.059754759190753
-2.390055383074312,-2.1384706059085947,10.081067192651759
-2.313021427897864,-1.8260695483404188,13.46271283328366
-2.3122979514142874,-1.5820985983360913,13.494472089201153
-2.3141368021932123,-1.3397634117960704,13.413750001050786
-2.314732751532552,-1.0964523559891037,13.387588946736514
-2.3153688167792175,-0.8530306167081327,13.359666879595892
-2.516375589894987,2.516375589894987,4.535847870335871
-2.515949088093795,2.7807858342089316,4.554570496655913
-2.5155812494850815,3.045177302008257,4.570717919240707
-2.5153965253591286,3.30973227020938,4.5788269606863565
-2.138346891780234,-2.3899171143426146,10.08713692972691
-2.138079818972306,-2.138079818972306,10.100240216679865
-2.137920005544357,-1.8864000048920797,10.108081079333004
-2.070818031061216,-1.5835667296350475,13.400278565043024
-2.0694274866325233,-1.339041314879868,13.468502293289063
-2.0719454138811675,-1.0969122779370888,13.344966230139818
-2.072638003019033,-0.8534391777137195,13.310986004731063
-2.0733448775889474,-0.6098073169379257,13.276304898851393
-2.25310282560341,1.9880319049441852,4.456912190246484
-2.2523883835775047,2.2523883835775047,4.491964575209622
-2.2518267358490016,2.5167475283018255,4.5195204743299655
-2.251361291298376,2.7810933598391707,4.542356395196819
-2.250993848079956,3.0454622650493524,4.560384115679582
-2.2507059213220226,3.3098616490029746,4.574510551687439
-2.2493225788110056,3.572453507523362,4.642380935110964
-1.886484794604315,-2.389547406498799,10.10336640821447
-1.8864280796801074,-2.137951823637455,10.106520000886292
-1.8865266384284423,-1.8865266384284423,10.101039712393685
-1.8279491387732105,-1.5842225869367823,13.358199555734274
-1.8285047713038391,-1.3409034989561488,13.32730400749358
-1.8274446627526868,-1.096466797651612,13.386250582931567
-1.8297670808333668,-0.8538913043889045,13.257114191717179
-1.8304232468145274,-0.6101410822715091,13.220628553084907
-1.9896426845334731,1.7243569932623433,4.367345946798395
-1.9886217816775047,1.9886217816775047,4.424112517682829
-1.8445017801198682,2.090435350802517,12.437801808939412
-1.8433158265900347,2.3348667136807104,12.503745904132572
-1.8420692016927243,2.578896882369814,12.573063587187093
-1.8407990408826105,2.8225585293533357,12.643689967787793
-1.839660535281944,3.066100892136573,12.706995754919959
-1.8389543063452352,3.310117751421423,12.746265108279061
-1.6352560830487344,-1.886833941979309,10.083952318915124
-1.5849866830630854,-1.5849866830630854,13.309176074671498
-1.5855288782282773,-1.34160135850085,13.27438949023778
-1.585803460332775,-1.0978639340765366,13.256772635320374
-1.5866918967852732,-0.8543725598074549,13.199771629680853
-1.5873347136584353,-0.6105133514070905,13.158529278458943
-1.587987039134185,-0.3664585474925043,13.116676866823354
-1.725918688442819,1.4603927363746931,4.267149477440114
-1.6013902355465603,1.6013902355465603,12.256744035227953
-1.6001838133371777,1.8463659384659743,12.334146621498803
-1.599009858204484,2.0910128914981714,12.409466159492823
-1.5979771871540245,2.335505119686651,12.47572108206549
-1.596948895274604,2.5796866769820532,12.541695042333657
-1.5958053842043916,2.823347987438539,12.615061326189704
-1.5947672928239265,3.066860178507551,12.68166401056385
-1.5940200152287234,3.3106569547058102,12.729608435062275
-1.592406370109873,3.5522911333220244,12.833137949481838
-1.5925576217442667,3.797637405697867,12.823433827998727
-1.3418544633379297,-1.585828002126644,13.25519806358055
-1.3423356698118807,-1.3423356698118807,13.218711053461078
-1.342871644699579,-1.09871316384511,13.17807128194957
-1.342122731603193,-0.8540781019293047,13.234856884815798
-1.3439750531526582,-0.6108977514330264,13.094406415467503
-1.344536151291785,-0.36669167762503235,13.051861697994681
-1.3566147986335497,1.3566147986335497,12.136010079935716
-1.3554755245408714,1.601925619911939,12.22239442345274
-1.3544378716750831,1.8469607341023861,12.30107343685765
-1.353417560657337,2.0916453210158843,12.37843752160039
-1.352507698277793,2.3361496606616425,12.447426946404207
-1.3516393910857738,2.5804024738910227,12.513265489767704
-1.3496254495138709,2.8219441217108208,12.665970639203252
-1.3484965986691022,3.0647649969752324,12.751564650144672
-1.3487179306410906,3.3104894661190403,12.734782369899364
-1.3484993951335937,3.555134768988565,12.75135261096041
-1.0989474220202666,-1.3431579602469923,13.15636168567157
-1.0993996269430313,-1.0993996269430313,13.114454135159889
-1.0998563678040105,-0.8554438416253415,13.072126221997806
-1.099341943769764,-0.6107455243165355,13.119799854270127
-1.1007876294260448,-0.3669292098086816,12.985822664693742
-1.1968266035286605,1.1968266035286605,4.085525574406233
-1.1103545888718516,1.3571000530655963,12.099216137353793
-1.109423595436981,1.602500748964528,12.185494840733128
-1.108533420909132,1.8475557015152198,12.267990700711792
-1.1071360830036991,2.0912570456736534,12.397487320288164
-1.1058523775154594,2.3345772414215253,12.516453191472493
-1.1061288418867254,2.580967297735693,12.49083218643635
-1.10546496160709,2.8250771241070076,12.552356497543911
-1.1046814458780296,3.0685595718834153,12.624967880877705
-1.1039669592751538,3.311900877825461,12.691182072481126
-1.1034912363818667,3.5556939838971258,12.735269122790314
-0.8559936600732242,-0.8559936600732242,13.0066142355533
-0.8559574889367452,-0.6113982063833894,13.010924100040057
-0.8568631241455934,-0.36722705320525434,12.903015822763777
-0.8646571270862292,1.1117020205394377,11.974344518696526
-0.8639181439433368,1.3575856547681007,12.062395863329144
-0.8625203104762853,1.6018234337416728,12.228950564245082
-0.8616995100157943,1.846498950033845,12.326750608693246
-0.8618207015757345,2.0929931323982123,12.312310387812019
-0.8611714945740482,2.3374654852724164,12.389664722607336
-0.8606059520524596,2.5818178561573792,12.457050264418058
-0.8600542782577518,2.8258926285611845,12.522783319210731
-0.8594534669600041,3.0694766677143,12.59437120744063
-0.8588778611463342,3.3128146072787175,12.662955810972477
-0.6119772607729876,-0.36718635646379266,12.914330388324274
-0.6662022873763854,0.9326832023269396,3.8688992827194966
-0.6172766639657462,1.1110979951383433,12.03032185050428
-0.6168681126234509,1.357109847771592,12.098473463353912
-0.616788691073003,1.6036505967898078,12.111721998354739
-0.616271257198494,1.848813771595482,12.19803661647029
-0.6157844944499287,2.0936672811297576,12.279234896724262
-0.6153206031196793,2.3382182918547816,12.35661793055749
-0.6148883382712111,2.582531020739087,12.428725260901302
-0.6144924236874585,2.826665148962309,12.49476890007243
-0.6140833015763534,3.070416507881767,12.563015724492587
-0.3678696216611123,-0.12262320722037076,12.724368032798651
-0.37120177182101116,0.6186696197016852,11.797958937439276
-0.3709694672974567,0.8655954236940656,11.862544569294627
-0.3708431006526838,1.1125293019580513,11.8976772024144
-0.3705212644750108,1.3585779697417064,11.9871545512446
-0.3702056192845781,1.604224350233172,12.0749106730552
-0.369895539369764,1.84947769684882,12.161119529075293
-0.3695897407561829,2.094341864285036,12.246138091677665
-0.36931130265674483,2.338971583492717,12.323549845481054
-0.3690349399177979,2.5832445794245853,12.400384604628456
-0.12272872121881533,-0.12272872121881533,12.636362580022407
-0.12410012408631955,0.12410012408631955,11.492524491498429
-0.12399022717714106,0.3719706815314232,11.584185573378917
0.1240131323253027,-0.37203939697590815,11.565081208417027
0.12410062055486829,-0.12410062055486829,11.492110404836339
0.12274942486794464,0.12274942486794464,12.619094406674748
0.37000586901326693,-2.3433705037506902,12.130445525706861
0.3701641249786069,-2.0975967082121056,12.086446978627492
0.3703293626928725,-1.8516468134643624,12.04050735584751
0.37052520891402996,-1.605609238627463,11.986057912735518
0.37077137141560695,-1.359495028523892,11.917619466250784
0.37106283458648365,-1.1131885037594509,11.836586463683261
0.37134888402688737,-0.6189148067114789,11.757058594110745
0.36789651670411677,0.12263217223470559,12.716890634943283
0.616058894828488,-2.833870916211045,12.233461388160336
0.6163028906594364,-2.588472140769633,12.19275974876713
0.6165561093197222,-2.3429132154149444,12.150519622948096
0.6168166056846905,-2.097176459327948,12.107065482486036
0.6170857103964298,-1.8512571311892896,12.062175359184963
0.6173900393027757,-1.6052141021872168,12.01140938767277
0.6177598395190653,-1.3590716469419437,11.949721960504661
0.6176459416516209,-1.1117626949729178,11.968721588122719
0.618543249133055,-0.8659605487862772,11.819039171860936
0.6125142197430796,0.3675085318458478,12.824758733412466
0.8618537471010294,-3.3242930245325417,12.308372946255616
0.8620501314843766,-3.0787504695870593,12.284973347516612
0.8623294701918027,-2.833368259201637,12.251689572327194
0.8626655378708412,-2.587996613612524,12.211646424778408
0.8630131806579293,-2.3424643475000937,12.170224079560711
0.8633723772735671,-2.096761487664377,12.127425072169828
0.8637426076476271,-1.8508770163877726,12.083311370019288
0.8634317602647272,-1.6035161262059219,12.120349467982848
0.8639992742831807,-1.3577131453021412,12.052729018310458
0.8651731938249283,-1.112365534917765,11.91285411705519
0.8571218605500299,0.36733794023572713,12.872186853882454
0.8573874562303108,0.6124196115930791,12.840540588331919
0.857109486880567,0.857109486880567,12.873661201768101
1.107981328528796,-3.3239439855863875,12.319155201917553
1.1082329965957873,-3.078424990543853,12.295832164730925
1.1085126967009769,-2.832865780458052,12.269911291922426
1.1089376833461946,-2.587521261141121,12.230526162737263
1.1093754507903737,-2.3420148405574555,12.189956588290471
1.1089214418213684,-2.094629390107029,12.232031326630391
1.1094434400810758,-1.8490724001351264,12.18365576207006
1.110788129517065,-1.6044717426357604,12.059038276447112
1.111342654842487,-1.3583076892519284,12.007648304964604
1.1120190998203712,-1.1120190998203712,11.944959575470591
1.1020716743500951,0.367357224783365,12.866825336701567
1.1007670158664435,0.611537231036913,12.987733001681988
1.1014345590199166,0.8566713236821573,12.925869238121265
1.1011400209756017,1.1011400209756017,12.953165199196349
1.3537604234871696,-3.569004752829811,12.352440282953594
1.3540562190941,-3.3235925377764266,12.330011870437147
1.3543627061568846,-3.078097059447465,12.306772788740062
1.3538400756689748,-2.830756521853311,12.346400734192542
1.3538492101153743,-2.5846212193111695,12.345708123730589
1.355398340410991,-2.341142587982621,12.228246834591118
1.3562021252536314,-2.0959487390283393,12.16730063524659
1.3567678588147425,-1.8501379892928307,12.124404441436695
1.3573511683014499,-1.6041422898108044,12.080175570263094
1.3579734832511532,-1.3579734832511532,12.032989148017165
1.346276401893663,0.3671662914255445,12.91990889860736
1.345236648696956,0.6114712039531618,12.99874716754941
1.345562412000478,0.8562669894548497,12.97404648375651
1.3452389766518715,1.1006500718060768,12.998570652645398
1.3449513727038327,1.3449513727038327,13.020377940640373
1.5991739087183852,-3.5673879502179364,12.398940877418056
1.5985567440024633,-3.3200793913897315,12.43853741733247
1.5995923286047726,-3.076139093470717,12.372095564805548
1.6008061074334352,-2.83219542084377,12.294220986760976
1.601227143899964,-2.5865976939922497,12.267207797538987
1.6018425347793839,-2.3411544739083303,12.2277250648239
1.6024773099015488,-2.0955472514097173,12.186998662596025
1.6031370531592524,-1.8497735228760608,12.144670335063708
1.6038173755579774,-1.6038173755579774,12.101021674793884
1.5902947809296881,0.3669911032914665,12.968614951162266
1.5898980699221288,0.6114992576623571,12.99406744842932
1.5880247493944561,0.855090249673938,13.114257422244805
1.589218127359001,1.1002279343254624,13.037691738907725
1.58887899453307,1.344436072297213,13.059450089850088
1.5885428270720725,1.5885428270720725,13.081018186573559
1.6418282704344307,1.894417235116651,9.662288744460653
1.8463328327856678,-3.8157545210903803,12.335987439101388
1.8457016255235483,-3.5683564760121933,12.371085266067396
1.846064585400707,-3.322916253721272,12.350903142494644
1.8464685362383169,-3.0774475603971947,12.328441745973947
1.8468870140844693,-2.831893421596186,12.305172585565288
1.8473082464938662,-2.5862315450914126,12.28175025964363
1.8479461421011687,-2.3407317799948135,12.246280532042107
1.8486698007260158,-2.095159107489484,12.206042013378607
1.849419113230517,-1.849419113230517,12.164377029141662
1.834186510309662,0.3668373020619324,13.011374986298932
1.8337944215440212,0.6112648071813404,13.033176800817927
1.8334026871028832,0.8555879206480121,13.054958913377149
1.83250713946474,1.099504283678844,13.104755197307426
1.8326827536772379,1.343967352696641,13.094990295011598
1.8323662033154229,1.5880507095400331,13.11259185077904
1.8944916193924108,1.8944916193924108,9.658152660172206
1.8945617041072504,2.14716993132155,9.654255649884107
2.2695086680737426,-3.6045137669406504,3.6519988661928835
2.092449027136852,-3.0771309222600767,12.339005607844058
2.0929188371185723,-2.8315960737486567,12.31595550756765
2.0933946730549158,-2.585958125538426,12.292609758276257
2.093967524718539,-2.3403166452736612,12.264504164943261
2.0947742563317635,-2.0947742563317635,12.224923812663647
2.077504556288073,0.6110307518494332,13.07222023725825
2.077114533669697,0.8552824550404634,13.091355761860612
2.0748999794197016,1.0984764596927834,13.20000755623714
2.076416002086696,1.3435632954678625,13.125627539091553
2.0760918037181653,1.5875996146080087,13.141533554703926
2.1472453705934464,1.894628268170688,9.650554402891416
2.147377877555527,2.147377877555527,9.644053266512614
2.1477544438831617,2.400431437281181,9.625577942550962
2.3211627293080563,0.6108322971863306,13.10532502475445
2.3207750553162505,0.8550223888007239,13.122343183323267
2.320412692705612,1.0991428544395005,13.138250219899362
2.318551454162057,1.342319262935928,13.21995508877923
2.3196881892350043,1.587155076845003,13.17005455861458
2.40023835964366,1.8949250207713106,9.634053687431646
2.400686776818317,2.1479829055742834,9.614369017465151
2.4011754294400673,2.4011754294400673,9.592918087101523
2.56434888112624,0.8547829603754131,13.15087156721762
2.563948529012914,1.0988350838626773,13.166772490102403
2.562407281891174,1.342213338133472,13.227986733298422
2.563309435548992,1.5868106029588995,13.192155585502022
2.653688934715629,1.8954920962254493,9.602521863638628
2.6542505231476747,2.1486789949290697,9.58021706230572
2.65493625090188,2.4020851793874147,9.552981776724266
2.6557844479739883,2.6557844479739883,9.519293641241106
2.9052236256160273,0.8841984947527041,9.645950812367957
2.905627006277156,1.136984480717148,9.631322752194137
2.8072329876216253,1.3425896897320817,13.199450241521404
2.9067713914703694,1.6429577430049915,9.58982315372181
2.9046950092667716,1.894366310391373,9.665120377275045
2.9083161893655327,2.1496250095310456,9.533803124145791
2.909252729249114,2.403295732857964,9.499840757844254
2.910251306849618,2.6571859758192167,9.463628676710968
3.1592462434264137,1.137328647633509,9.599427494743907
3.1599148402463353,1.3903625297083875,9.577121386841881
3.160778465886637,1.6436048022610512,9.548308616356692
3.1617883133343416,1.897072988000605,9.514617510653082
3.16138949682414,2.149744857840415,9.527923054210277
3.163949314680259,2.4046014791569967,9.442520952963648
3.1651094789369463,2.658691962307035,9.40381489226661
3.4142616413845084,1.390995483527022,9.529128282767331
3.41536508126589,1.6444350391280214,9.495041625562678
3.4165484608724577,1.8980824782624768,9.458485528875698
3.4150303313121575,2.150204282678025,9.505382476128872
3.4190679856469464,2.406010804714518,9.380654213589992
3.4203719084112127,2.6602892620976104,9.340374385901285
3.6703601009385944,1.6453338383517837,9.437375757082819
3.6717232093857555,1.8991671772684944,9.398171618836756
3.673133974207413,2.153216467638828,9.357596843428297
3.671349877788614,2.4053671613097816,9.408908947606491
0.0,0.0,115.0
