-2.618267873755455,-2.06705358454378,10.062968388274385
-2.6160456136702352,-1.7899259461954242,10.160521423326543
-2.61742310752276,-1.515350220144756,10.100052035889291
-2.6172453372034337,-1.2397477913068897,10.107855818312345
-2.3420564987314814,-2.066520440057189,10.092613504959871
-2.341820081932274,-1.7908035920658567,10.104212728349722
-2.3407541063021675,-1.51460559819552,10.156512266720924
-2.3419160893372637,-1.2398379296491397,10.099502355223564
-2.3422235230490194,-0.9644449800790078,10.0844188572988
-2.4555233453887504,2.4555233453887504,4.52563473639384
-2.4550562960160995,2.743886448488581,4.548549394005434
-2.4546765102348287,3.0322474538194943,4.567182672740358
-2.0662370155435013,-2.0662370155435013,10.10837312170753
-2.0663210708954187,-1.79081159477603,10.103699284167604
-2.0657638012635897,-1.5148934542599657,10.134685862246059
-2.066765142019694,-1.2400590852118167,10.079007027890185
-2.0671326762599858,-0.9646619155879932,10.058570550137205
-2.0675233852238564,-0.6891744617412856,10.03684545850571
-2.167583742663089,2.167583742663089,4.473061068943338
-2.1669682502499024,2.4558973502832226,4.507285083008668
-2.1664730377825796,2.7441991811912674,4.534821016976139
-2.1660998659588118,3.032539812342337,4.555570968513777
-2.1640945379467156,3.3182782915182973,4.667075793953046
-1.7910456742571217,-1.7910456742571217,10.088681028461991
-1.7913039871259786,-1.5157187583373664,10.072107987978256
-1.7903897554070927,-1.239500599897218,10.130763986634662
-1.7919804753671504,-0.9649125636592346,10.02870532260846
-1.7923544356032128,-0.6893670906166203,10.004712487257322
-1.8809938429366673,1.5916101747925644,4.31771558039874
-1.8799630668554452,1.8799630668554452,4.383848924042624
-1.8790491864877812,2.1681336767166703,4.442482380430633
-1.8783765051810348,2.4563385067751993,4.485640797503251
-1.877885424543552,2.7446017743328834,4.517147935811138
-1.876026693084383,3.030504658059388,4.63640189267943
-1.8771852583448567,3.3211739186101306,4.562069750228147
-1.5158186269538296,-1.7914220136727081,10.064535547837124
-1.516099269967358,-1.516099269967358,10.04325606589147
-1.5163985422502573,-1.2406897163865744,10.020564037820932
-1.5154898192034503,-0.9644026122203774,10.089467073834584
-1.5171353298478,-0.6896069681126364,9.964697839042032
-1.517652401411618,-0.41390520038498674,9.925491393570496
-1.592177038068113,1.592177038068113,4.274733727096816
-1.5913054526523402,1.880633716770948,4.3408208385693
-1.5904331312611968,2.168772451719814,4.406963754654271
-1.5888312323067015,2.4554664499285392,4.528426175729237
-1.589229632094879,2.7450330008911545,4.498217901548159
-1.5888499202527901,3.0332589386644178,4.527009180499633
-1.5885529301932815,3.321519763131407,4.549528161214283
-1.2407775776353411,-1.5165059282209723,10.012421601647958
-1.2410855150231894,-1.2410855150231894,9.983883872432656
-1.2414442721512042,-0.9655677672287143,9.950636484563034
-1.2410882734236557,-0.6894934852353641,9.983628240967704
-1.2422918235031333,-0.4140972745010444,9.872090676447854
-1.3040914045238403,1.3040914045238403,4.144888399673363
-1.3031484458179179,1.5927369893330106,4.232275970240437
-1.3024411492715928,1.8813038822811896,4.297823831950225
-1.3006820816452096,2.1678034694086823,4.460843320892181
-1.3010553658153672,2.457549024317916,4.4262496567620815
-1.3005313231271662,2.745566126601795,4.474814686288525
-1.3001661147044652,3.0337209343104186,4.508659940179328
-1.299870761902114,3.32189194708318,4.536031407981184
-0.9660154646536153,-0.9660154646536153,9.897292425729958
-0.9662113382413791,-0.6901509558866994,9.873953689323727
-1.0148403056453292,1.304794678686852,4.079713307527541
-1.0133776056628443,1.5924505231844697,4.253996985701605
-1.0130903121784338,1.881453436902806,4.288228588749433
-1.0128158047606455,2.1703195816299545,4.3209367059512545
-1.0122607602758904,2.4583475606700196,4.387071385319345
-1.0117736540663178,2.7462427753228624,4.445111081006985
-1.0114187883731418,3.034256365119426,4.487394050177045
-0.690315382174999,-0.4141892293049994,9.846525271931839
-0.6787086022169015,0.6787086022169015,11.78268528964415
-0.6780634732603606,0.9492888625645048,11.890301088033723
-0.6769799554017684,1.2185639197231832,12.071045787584978
-0.7246730293054338,1.5942806644719543,4.115228313018889
-0.7240891472212605,1.8826317827752774,4.21262734621466
-0.7236977014802022,2.1710931044406068,4.2779255250099055
-0.723301348081027,2.4592245834754918,4.344042364231271
-0.7229058737647825,2.7470423203061736,4.410012561125583
-0.41492422572258947,-0.13830807524086317,9.642180529457008
-0.4070766496668906,0.678461082778151,11.823974712089083
-0.4068026538170324,0.9492061922397422,11.900151425387946
-0.4066682655761799,1.22000479672854,11.93751423398325
-0.4346801413485124,1.883613945843554,4.1496129545422775
-0.1383795631670581,-0.1383795631670581,9.582555006724817
-0.13608387222699128,0.13608387222699128,11.497308722754738
-0.13596137020084767,0.407884110602543,11.599483281919433
-0.13587607227557452,0.6793803613778726,11.670627231018102
0.13599711433319028,-0.40799134299957085,11.569670379392008
0.13608165911078082,-0.13608165911078082,11.499154603841788
0.13845394953506102,0.13845394953506102,9.520511997332875
0.4359912307405595,-1.598634512715385,3.785102029362804
0.40691174687970133,-1.220735240639104,11.869821217970099
0.4072369251261231,-0.9502194919609538,11.779414702464436
0.4072124457672493,-0.6786874096120822,11.786220488404751
0.4152353401444397,0.13841178004814655,9.55568405832912
0.7259408872577924,-2.758575371579611,3.903733317476849
0.7259566982774265,-2.46825277414325,3.901095836266265
0.7260936533688299,-2.1782809601064894,3.8782499674589985
0.7262684315221394,-1.8882979219575624,3.849094725985566
0.7265142679449451,-1.5983313894788793,3.808086052223132
0.6773402727383476,-1.2192124909290258,12.010940226585973
0.6784066130371038,-0.9497692582519452,11.83306096470794
0.6789708426033567,-0.6789708426033567,11.738940223991392
0.691435025216162,0.41486101512969714,9.65975442780146
1.01704057770092,-3.3417047553030232,3.817546416556169
1.0166817598731646,-3.050045279619494,3.8603002906003923
1.0163961172174054,-2.7587894610186723,3.894335194056481
1.016283393134333,-2.468116811897666,3.9077664978453157
1.016431330648916,-2.1780671371048204,3.890139442064765
1.0163212487203004,-1.8874537476234154,3.903255927775689
1.016378953263679,-1.5971669265572102,3.8963803140559605
0.948708693088386,-1.219768319685068,11.959429461229263
0.9683836526918305,0.6917026090655932,9.61511800387295
1.3078674593684256,-3.342327951719309,3.7949470320144485
1.3074097372925377,-3.050622720349254,3.8373658780949285
1.3069750430686589,-2.7591695353671684,3.8776506455250654
1.3067001778461618,-2.46821144704275,3.9031234513611395
1.3056272796525221,-2.176045466087537,4.002553008582595
1.3069523775495995,-1.8878201009049769,3.879751145402537
1.3072527569288672,-1.5977533695797264,3.8519138455952486
1.3076939846334712,-1.3076939846334712,3.8110235956510223
1.2439807414697333,0.6911004119276296,9.71557222334772
1.244797515479667,0.9681758453730742,9.639878668601213
1.244724667003784,1.244724667003784,9.646629813998075
1.5994928648046867,-3.635211056374288,3.7200183219237175
1.5988168904124787,-3.3429807708624555,3.771273418902112
1.5982457634355915,-3.0511964574679475,3.814578563186828
1.596477007684845,-2.757551195092005,3.948692737600311
1.5972227968118204,-2.46843523143645,3.8921440066584267
1.5970248032663028,-2.1777610953631403,3.907156673548755
1.5972273831956436,-1.8876323619584883,3.8917962485919304
1.5975171834221522,-1.5975171834221522,3.869822429930622
1.521462073008311,0.4149442017295394,9.636626771781238
1.5213730309625626,0.691533195892074,9.643378297789624
1.520093217668235,0.9673320476070586,9.740418888781164
1.5212011758219943,1.2446191438543592,9.656409045696037
1.5211431683547203,1.5211431683547203,9.660807405152966
1.5211049563951853,1.797669493921583,9.663704789601653
1.8899391069812326,-3.6344982826562164,3.7437982846625317
1.888460220901066,-3.341121929286501,3.83868182254389
1.8891881609491918,-3.051765490764079,3.791978071620804
1.8885276931174326,-2.760155859171632,3.834352886946064
1.887887001967752,-2.4687753102655217,3.8754588543266664
1.887465318114396,-2.177844597824303,3.9025135791025747
1.8874357785657296,-1.8874357785657296,3.904408800730863
1.7978314918878702,0.6914736507261039,9.653311196493263
1.7977448000709948,0.9680164308074586,9.658873238357614
1.7970939787522977,1.2441419852900522,9.700629145100365
1.797681644443007,1.5211152376056212,9.662925226878542
1.7977078953665353,1.7977078953665353,9.661240999451948
2.182301718243288,-3.63716953040548,3.6546785958565096
2.181200594336719,-3.344507577982969,3.7159058007069774
2.180267470783216,-3.052374459096503,3.7677914664529055
2.1794794182141994,-2.760673929737986,3.811610564184136
2.1787121050155784,-2.469207052350989,3.8542764641034495
2.178070494797579,-2.178070494797579,3.889952739967825
2.0742834866232682,0.6914278288744228,9.660954870060166
2.074235024634513,0.9679763448294393,9.663649564177035
2.0731240206104498,1.24387441236627,9.725426145872518
2.074313263341509,1.5211630597837733,9.659299157004952
2.0743806377647833,1.7977965527294792,9.655552850534903
2.074508904246637,2.074508904246637,9.648420684833084
2.3508155837443985,0.6914163481601172,9.662870000707372
2.3508515900283475,0.9679977135410841,9.661103438718698
2.3509279453141927,1.244608912225161,9.657357249697952
2.348992462765959,1.5199362994367966,9.752317060165709
2.3511870609961787,1.7979665760559016,9.644644360050307
2.3515871599447764,2.0749298470100968,9.625014464465949
2.6275519417534303,0.9680454522249479,9.65541527743163
2.6277173726893235,1.2447082291686271,9.648153170716384
2.6280025481693055,1.52147515946644,9.635634503896185
2.626958372531445,1.7973925706794098,9.681471849073858
2.629056556459758,2.0755709656261248,9.589365523776507
2.9054963912865297,1.521926681150087,9.601398313960672
2.905295937505377,1.7985165327414239,9.609359805882363
0.0,0.0,125.0
