-1.7479468329483776,1.9319412364166277,3.2684239806061726
-1.7483507301108638,2.1164245680289406,3.2506936553793793
-1.7488806310126686,2.301158725016669,3.2274320031579578
-1.7495288077985929,2.486172516345369,3.1989782622399474
-1.75035672343857,2.6715971041957123,3.1626343239295522
-1.56310956030693,1.56310956030693,3.3097773356177953
-1.5633788849100971,1.7473058125465792,3.296563569730637
-1.5637517854208152,1.9316933819904187,3.2782681002863825
-1.5641149527776237,2.116155524346197,3.2604501647012256
-1.564516887298466,2.300760128380097,3.2407302111658822
-1.565009574848828,2.4856034424069624,3.216557677838267
-1.56426236776167,2.6684475685346136,3.2532176019700785
-1.564468320501799,2.852853996209163,3.243113024594365
-1.3787718072997552,1.1949355663264545,3.3343828210702355
-1.3789403306729844,1.3789403306729844,3.3250121998047746
-1.3791144149445043,1.5629963369371047,3.3153323687793943
-1.379295996426987,1.7471082621408502,3.3052356607171163
-1.3795999304583904,1.9314399026417461,3.2883356269509534
-1.379926010254819,2.115886549057389,3.270204193808482
-1.3787938876545887,2.2979898127576477,3.333155058780733
-1.378941285296734,2.4820943135341214,3.324959118636059
-1.3811413447293934,2.6702065998101605,3.202626392261635
-1.3817949000406529,2.855709460084016,3.1662859180562606
-1.1948610523360281,1.1948610523360281,3.339163548354179
-1.1950007724772627,1.3788470451660724,3.330199273491232
-1.1951477184363741,1.5628854779552583,3.320771398913976
-1.1953032707381774,1.7469817033865669,3.310791351824051
-1.1945195700691262,1.9296085362655115,3.3610726365807295
-1.1943018890125943,2.1129956497915128,3.375038789248279
-1.19606015230604,2.300115677511615,3.2622307480837947
-1.1963574417393399,2.484742378997091,3.2431570184811136
-1.1967341789190606,2.66963778374252,3.21898601779165
-1.0109022443019438,1.0109022443019438,3.3493262989723718
-1.0109732326168825,1.1947865476381339,3.3439436794405424
-1.0110878162236794,1.37875611303229,3.3352554895531625
-1.010920039949293,1.5623309708307256,3.347976961421722
-1.010093430414651,1.7447068343525791,3.410653820707722
-1.0109181082465604,1.9299345702888877,3.348123430891633
-1.0116823841049936,2.115335894037714,3.290172961622673
-1.01192226372108,2.299823326638818,3.2719843244089333
-1.0121560771874176,2.4843830985509343,3.254255647065335
-1.0124458072339808,2.6691753099804947,3.2322871497297427
-0.8270903391932041,0.8270903391932041,3.350391774689939
-0.8270814823897161,1.0108773673652085,3.3512125683630387
-0.8271184756681209,1.1947266870761748,3.347784260520058
-0.8261855703978095,1.376975950663016,3.434240140962885
-0.826593755680577,1.5613437607299787,3.396412057953256
-0.8273997408019119,1.7467327861373696,3.321718350557262
-0.8275067074837865,1.930848984128835,3.3118053412155604
-0.827631532148927,2.115058359936147,3.300237364627648
-0.827828931203991,2.299524808899975,3.281943643231429
-0.8280224313353675,2.4840672940061026,3.2640112499259857
-0.6433078695227369,0.8271101179578045,3.348558801330242
-0.6425811440362544,1.0097703691998283,3.435149621268465
-0.6425951299889919,1.1933909556938422,3.433483166551113
-0.643339280426855,1.3785841723432606,3.344816128212017
-0.643412195588238,1.5625724750000065,3.336128138417351
-0.6434895947700745,1.7466146143759165,3.326905868464763
-0.6435697091209714,1.9307091273629142,3.3173600805957193
-0.6436544426645735,2.114864597326456,3.3072639065200207
-0.6437824614584882,2.2992230766374577,3.292010206823548
-0.45923494193398595,0.6429289187075803,3.393711561775575
-0.4589613082576345,0.8261303548637421,3.439357174560868
-0.4594966385203697,1.0108926047448132,3.3500572089613456
-0.4594876485093012,1.194667886124183,3.3515568583087543
-0.45950820014641214,1.3785246004392364,3.348128581196889
-0.4595514817936922,1.5624750380985535,3.340908646359935
-0.45960433121124655,1.7464964586027367,3.33209268451715
-0.45966084607706037,1.9305755535236533,3.322665278812025
-0.45971987015795734,2.114711402726604,3.312819303793333
-0.275535069493411,0.45922511582235176,3.3953506834393323
-0.2755933464761358,0.6430511417776502,3.3791484343642253
-0.2756925937806783,1.1946679063829393,3.3515555585315155
-0.27569813525659476,1.378490676282974,3.350014909567804
-0.09197797564410864,0.09197797564410864,3.2844597747373996
-0.09194201360984283,0.27582604082952844,3.314454421466479
0.09156597557040264,-1.7397535358376501,3.6280943025237065
0.0915989749779651,-1.5571825746254064,3.600570676780265
0.09188712615622756,-0.27566137846868266,3.360234083675792
0.09196874083365068,-0.09196874083365068,3.2921621998907966
0.2744928390140398,-2.287440325116999,3.685113073853202
0.27452315177947156,-2.104677496975949,3.676685475979781
0.2745686509822179,-1.921980556875525,3.6640357233476664
0.2746645702955825,-1.7395422785386891,3.6373681003242524
0.2747625699083246,-1.5569878961471726,3.610122109528703
0.2748702924018042,-1.3743514620090214,3.5801729496933206
0.27501060017793355,-1.1917126007710457,3.5411643835367954
0.2751557024991835,-1.008904242497006,3.5008228311717744
0.2752388091169968,-0.8257164273509905,3.477717411868241
0.2751354615676806,-0.6419827436579214,3.5064502435460696
0.27538085929471245,-0.45896809882452083,3.4382244207609034
0.45741966475111767,-2.6530340555564824,3.696523118057641
0.4574477770008722,-2.4702179958047097,3.6918336336201776
0.4574774547289543,-2.287387273644771,3.686883007284834
0.45751467035539856,-2.1045674836348334,3.6806749626578465
0.4575834818712805,-1.921850623859378,3.669196317737388
0.4577187032997441,-1.7393310725390276,3.646639646182109
0.457880372452982,-1.5567932663401387,3.6196711543414324
0.458045098933541,-1.374135296800623,3.592192661023887
0.45790191620614845,-1.190544982135986,3.6160773795250805
0.4579053580922088,-1.0073917878028593,3.6155032287098123
0.4583371661063417,-0.825006898991415,3.543472104202408
0.6404024442648746,-2.8360679674587304,3.69474613069616
0.6403888454621242,-2.6530395026288005,3.6963664557050464
0.640413207045327,-2.470165227174833,3.6934637235128207
0.6404535828973184,-2.28733422463328,3.6886528586199887
0.6404963180401197,-2.1044879021318224,3.683560879428157
0.6405833857284129,-1.9217501571852387,3.6731865872646523
0.6400988435451377,-1.737411146765374,3.7309207740034935
0.640137025712068,-1.5546184910150223,3.7263712911478564
0.6404638309183638,-1.3724224948250654,3.6874317860670516
0.6413081479384113,-1.1910008461713353,3.586829695712993
0.6417942749447443,-1.0085338606274552,3.528906674083146
0.6421333735989171,-0.8256000517700363,3.488502379681833
0.823390398365339,-2.83612248325839,3.6932793668595423
0.8233631642845607,-2.6530590849169178,3.6958032527316362
0.8231499647466849,-2.469449894240055,3.715561264979655
0.8225292340293379,-2.2848034278592717,3.7730867419964227
0.8224057591502262,-2.1017036067172445,3.784529628778074
0.8226988212867559,-1.91963058300243,3.7573704456922457
0.823693648908992,-1.7389088143634275,3.6651759853259307
0.823981398248709,-1.556409307803117,3.638509159332145
0.8242750284650123,-1.373791714108354,3.611297330132544
0.824592882266091,-1.191078607717687,3.5818406091782578
0.8250137872615649,-1.0083501844308016,3.542833742002628
1.0054309615280985,-3.0162928845842956,3.7641809627026532
1.0051396814742817,-2.8326663750638845,3.7862669878218753
1.0051712866074554,-2.6499970283287464,3.7838705595185047
1.0056546299325841,-2.4684250007436157,3.747221524748994
1.0063824638048606,-2.287232872283774,3.692034233428899
1.0064475279401106,-2.1043902856929586,3.6871008090263047
1.0065258004165492,-1.9215492553406848,3.681165875074882
1.006677183797673,-1.738806044741435,3.669687378300665
1.0069661021345204,-1.5562203396624408,3.6477804280601447
1.007321323940691,-1.3736199871918515,3.620846082123407
1.0076837111400547,-1.1908989313473375,3.5933684272577295
1.1894103136585001,-2.8362861325702693,3.6888763333526526
1.1893199053348409,-2.6530982503623375,3.6946768217863166
1.1892946503823034,-2.4700735046401685,3.6962971489216727
1.1893356865985072,-2.287184012689437,3.693664315042909
1.189410402233938,-2.1043414808754286,3.688870650459947
1.1894897670727684,-1.9214834698867795,3.6837786986236267
1.1896472061787924,-1.738715147492081,3.673677596462511
1.1899063780136978,-1.5560314174025276,3.657049445758531
1.1903221044619328,-1.373448582071461,3.630376940872324
1.3722731869207483,-2.470091736457347,3.695733944969305
1.3722810931095126,-2.2871351551825208,3.6952943270151763
1.3723654326191967,-2.104293663349435,3.6906046890864985
1.3724563607722553,-1.9214389050811571,3.6855486943698565
1.372598099799205,-1.7386242597456596,3.6776673974634946
0.0,0.0,80.0
