-3.839691361845208,-2.3907512252998466,9.574542410434674
-3.8447319120231223,-2.248805457975789,9.495218964276944
-3.8435191166532974,-2.103057629866899,9.514304799120957
-3.8423268812245026,-1.9574118074162563,9.533067080916652
-3.84117875273897,-1.8118767701598915,9.551135249051022
-3.700116783565467,-2.539295831858654,9.487547296400201
-3.6947489431413008,-2.3907199043855476,9.57533403632975
-3.6928305883151253,-2.2446617301523313,9.60670719628061
-3.696644440481275,-2.1020135053717053,9.544334692297035
-3.6956549344654355,-1.9565232005993483,9.560517272330557
-3.6947005445048946,-1.811127717894556,9.576125557345918
-3.6938168424988547,-1.665838968185758,9.590577797362258
-3.69309588343051,-1.5206865402360923,9.602368506703698
-3.5532198347691835,-2.5380141676922743,9.518089874888666
-3.552117717446749,-2.3922425444029125,9.536849806427533
-3.5453791038710922,-2.242994943265385,9.651552594209647
-3.5501762815450517,-2.1011247380572753,9.569896383104584
-3.5492596035141335,-1.955714475405747,9.585499819102871
-3.5485450508848206,-1.810482168818786,9.597662733280835
-3.5478525271749284,-1.665318533163742,9.60945067737913
-3.54716027377104,-1.5202115459018741,9.62123402040455
-3.546593131662919,-1.3752095816652132,9.630887754090232
-3.546133679148414,-1.2302912764392457,9.6387084257574
-3.407555202895606,-2.6825434575986686,9.529363066953302
-3.406502115714379,-2.536756894680921,9.548051202230084
-3.4056222172032014,-2.391181556759695,9.563665923119167
-3.40474277330885,-2.245681403671795,9.579272576356395
-3.398562298446093,-2.0969852479773765,9.688951577648005
-3.403307330798026,-1.9550914453520576,9.604746007523858
-3.4026432293056303,-1.809916611332782,9.616531184239193
-3.402031874718233,-1.6648241089046671,9.62738031186607
-3.4015563996146385,-1.5198443487639874,9.635818115701426
-3.4011483916023324,-1.3749323285200918,9.643058645321304
-3.400740481457328,-1.2300550677611612,9.65029743818338
-3.4003316979176526,-1.0852122440162724,9.657551730348892
-3.261038342183335,-2.681298192461853,9.557434178256436
-3.260196147801074,-2.535708114956391,9.573044049727756
-3.2593758007445706,-2.3902089205460184,9.588248986240757
-3.2587396113434464,-2.2449095100365963,9.600040604651106
-3.2536609982547358,-2.0968037544308293,9.694171483741613
-3.2540750512591083,-1.952445030755465,9.686497110322954
-3.256979714756616,-1.8094331748647865,9.632659867023143
-3.25657459030413,-1.6644714572665553,9.640168751867776
-3.2561840006396587,-1.5195525336318407,9.647408237892435
-3.255793504597187,-1.374668368607701,9.654645988655716
-3.255474688030889,-1.2298459932561137,9.660555177469675
-3.2552050298151753,-1.0850683432717252,9.665553228011383
-3.2549354162685415,-0.9403146758109121,9.670550450622358
-3.1148152039849077,-2.680189826684688,9.582419266311618
-3.114149363664255,-2.5347727378662546,9.59533446631363
-3.1135415922033793,-2.389462152156082,9.607123313773386
-3.1129340579270615,-2.2442082743195098,9.618907560601556
-3.1124058756003725,-2.0990644277304837,9.629152630140197
-3.107096332323588,-1.9509674644822532,9.732141006199797
-3.1116136780761483,-1.809077719811714,9.644518760951307
-3.111240501644647,-1.6641518962285322,9.651757205514336
-3.1108897879166633,-1.5192717568895333,9.65855994454931
-3.110632097470086,-1.374465345393759,9.663558325621956
-3.1103744497115304,-1.229682921978977,9.668555878681751
-3.1101138051223964,-1.0849234203915337,9.673611560793056
-3.109856533088034,-0.9401891844219639,9.678601825989766
-2.9689569890415703,-2.679302648647271,9.602418279130468
-2.9683776219191693,-2.5339808967602666,9.614204362004273
-2.967815236478402,-2.3887293366777382,9.62564498601558
-2.967385450523909,-2.2436329016156384,9.63438813467176
-2.967029511778614,-2.0986306302824342,9.641629007320276
-2.9655167245208145,-1.9529012576112683,9.672403684207296
-2.9616444132004185,-1.8058807397563525,9.751178230381434
-2.9660496044696867,-1.6638814854342145,9.66156329130898
-2.965803924082363,-1.519070302578771,9.666561174850372
-2.965558284437227,-1.3742831074221296,9.671558229572192
-2.965309953645127,-1.2295187612674916,9.676610030378008
-2.9650646721357052,-1.0847797580984289,9.681599799534176
-2.9648194312008234,-0.9400646976978221,9.686588743281256
-2.964569468186665,-0.7953722963427637,9.691673748429714
-2.823247688515565,-2.6784657557711764,9.621283749927898
-2.822796880628885,-2.533279251846435,9.630924845742435
-2.822431499746123,-2.38821126901595,9.63873897722413
-2.8220929725169124,-2.243202106359597,9.645978809421138
-2.821754526485025,-2.0982277248221974,9.653216905110874
-2.821457549865572,-1.9533167652915495,9.659568125059373
-2.6524670523437948,-1.7002993925280732,13.273643269911702
-2.6571673463611365,-1.5670474093924651,13.173121548094862
-2.6574758402837095,-1.4309485293835358,13.166524016078213
-2.820520496146204,-1.37409972889174,9.679608201905253
-2.820287202779358,-1.229355960185874,9.684597475094812
-2.8200539479329865,-1.0846361338203794,9.689585924475402
-2.819811094672101,-0.939937031557367,9.69477964806864
-2.819569419951783,-0.7952631697299901,9.699948167083903
-2.677819639980179,-2.677819639980179,9.635848670881344
-2.677498442365641,-2.532768796832363,9.64308919638988
-2.6771773217955257,-2.3877527464662798,9.650327985141708
-2.6768559327092096,-2.242771186864473,9.657572826860047
-2.6766341918239474,-2.0979024746728236,9.662571371255638
-2.5207725432792008,-1.8394826667172548,13.17604778269559
-2.5178869037105347,-1.7012749349395502,13.24109666836496
-2.518091479002617,-1.5653001085691944,13.236485075520875
-2.521650677688051,-1.4312071413905156,13.156252633854443
-2.521972917341896,-1.295067173770163,13.148988618407508
-2.5222946890532683,-1.15889215442988,13.141735151449275
-2.6750676306021974,-1.0844868772711613,9.697885227814233
-2.67483837307056,-0.9398080770247915,9.70305321453241
-2.6746231088818817,-0.7951582215594785,9.707905759441374
-2.6744384516917887,-0.6505390828439487,9.712068352918685
-2.5426074929912548,2.1302927643980785,12.683838304131953
-2.541790461371877,2.267002303385728,12.702256056984481
-2.5410028909121936,2.4036513832953186,12.720009688222696
-2.540322764324616,2.540322764324616,12.735341289964104
-2.5396815135364643,2.6769615953492463,12.749796542677167
-2.5390235906216376,2.8135126274455984,12.764627623083236
-2.538338133678237,2.949960533734167,12.780079383180613
-2.533448253814661,3.081220849234047,12.890308408190037
-2.5322825551247137,-2.5322825551247137,9.65467653409489
-2.5320349833004165,-2.3873472699689637,9.660576271384478
-2.531825249333868,-2.2424737922671403,9.665574317130805
-2.531615550109884,-2.0976243129481893,9.670571534947705
-2.384945443361342,-1.8398150563073208,13.165779846756216
-2.3852223683575717,-1.703730263112551,13.159180611438074
-2.38157237285863,-1.5650332735928139,13.246161489060519
-2.385819400860858,-1.4314916405165148,13.144953084001394
-2.386123822695031,-1.2953243608915883,13.137698587848867
-2.3864359073075394,-1.1591260121208047,13.130261484571264
-2.3867855358068764,-1.0229080867743756,13.121929695197018
-2.529943931037553,-0.9396934600996626,9.71040689748552
-2.5297692698087775,-0.7950703419399016,9.714569145622512
-2.5295946326947174,-0.6504671912643558,9.71873081909603
-2.4076614726469905,1.8573388503276782,12.624447627597164
-2.406739318295353,1.9941554351590067,12.646422940945357
-2.4058178701695137,2.1308672564358546,12.668381424645496
-2.4050243292938274,2.267594367619894,12.687291826539543
-2.404251554664595,2.404251554664595,12.705707360332525
-2.403521678925674,2.5408657748642836,12.723100596117362
-2.4028942850897548,2.677510774814298,12.73805164646221
-2.4022877539225957,2.814108511737898,12.752505530923194
-2.3976954765287335,2.945740156878158,12.861941369438519
-2.398267317504709,3.083486551077483,12.848314166346015
-2.387030720178436,-2.387030720178436,9.668576964112404
-2.3868306916540827,-2.24217428609929,9.673632619835637
-2.386633250428567,-2.0973443715887408,9.67862288242447
-2.2490726389962377,-1.840150340996922,13.155422477520936
-2.24935955957557,-1.7040602724057348,13.148170653443827
-2.2472639616405052,-1.5662748823555037,13.20113620787292
-2.246560112700052,-1.4296291626273057,13.218925760315997
-2.250251543415722,-1.2955993734817794,13.125626052762115
-2.2505812468890563,-1.1593903393064833,13.11729290499072
-2.2509110469918623,-1.0231413849963011,13.10895731494093
-2.2512613113138675,-0.8868605165781904,13.100104498424301
-2.3849547902501285,-0.7949849300833762,9.721045416084493
-2.384819573350448,-0.6504053381864857,9.724462979129356
-2.2728067008854325,1.5840773975868165,12.55555180300783
-2.2718000439824446,1.7210606393806396,12.580994727957545
-2.270842118228204,1.8579617330958036,12.60520598901401
-2.269917775995839,1.994776227390283,12.62856843750675
-2.269048441042353,2.1315303537064527,12.650540594963836
-2.268186741189106,2.268186741189106,12.6723197777522
-2.2674577444424693,2.404879425923831,12.690744932795802
-2.2667292161589785,2.5414842726630975,12.709158247586153
-2.2660553031467097,2.6780653582642935,12.726191179206552
-2.2617445498666258,2.8100462589252015,12.835144062613367
-2.262442126837309,2.9480306501213422,12.817513032160917
-2.2643053044563013,3.0876890515313202,12.770421825427718
-2.242062840808224,-2.3867120563442388,9.67663108860468
-2.2418773841195696,-2.2418773841195696,9.681620856082723
-2.241691958109216,-2.097066670489266,9.686609798151935
-2.1131847322515016,-1.8405157345416303,13.144135007570448
-2.1134543707253064,-1.7043986860687954,13.136880304075078
-2.113735295848096,-1.5682552195002004,13.129321929925133
-2.110552070319494,-1.4297288218293347,13.214967561436872
-2.1143547489046113,-1.2958948461028261,13.112655360830232
-2.1146646115063907,-1.1596547869551175,13.10431841518411
-2.1150292966263753,-1.0234012725611494,13.094506453347485
-2.1154033541362276,-0.8871046323797083,13.084442324568315
-2.115777543978782,-0.7507597736698904,13.074374635338344
-2.240081741441303,-0.650346312031346,9.729933157478825
-2.13695401973662,1.4476140133699684,12.504615244061526
-2.135909114045382,1.5847067620336703,12.532728743087027
-2.1348652297091038,1.7216655078299221,12.560814762252946
-2.133946444039354,1.8585985157762117,12.58553496451401
-2.1330467166947247,1.9954307994886131,12.609742396857968
-2.132193863897603,2.132193863897603,12.632688655531673
-2.131377333181999,2.268885548225999,12.654657657777435
-2.130592468039949,2.4055076252063943,12.675774688329753
-2.129907735440722,2.5421479423002165,12.694197622975942
-2.125707589186508,2.674277289621736,12.807203809672934
-2.1263938376355536,2.8123273336470223,12.788740090635635
-2.128076350167213,2.9518478405545214,12.743471589549031
-2.127539238597023,3.0883634108666462,12.757922736414962
-2.096962460032723,-2.2415805607246355,9.68960697798272
-2.09678185045971,-2.09678185045971,9.694801460258667
-1.97724284898521,-1.8408812731931268,13.132843055087264
-1.9775264537155997,-1.7047641842375858,13.124686346000338
-1.9778162025771489,-1.5686128503198078,13.116352926565902
-1.9767854494754311,-1.4314653254822087,13.145998247289612
-1.9751429211518348,-1.294059155237409,13.193238734725114
-1.9787704731726887,-1.1599688980667486,13.08890730664504
-1.9791204668068938,-1.0236830000725314,13.078841197195572
-1.9794706467745782,-0.887348910623087,13.068769728639502
-1.9798225129009905,-0.750967160065893,13.058649764749099
-1.9801745041434617,-0.6145369150790054,13.04852620241627
-2.0008736263107822,1.3109172034449952,12.453202148259209
-1.999886271540445,1.4481935069775638,12.481599296699464
-1.9989027033320943,1.5853366267806266,12.509887540452127
-1.9979253901302942,1.7223494742502536,12.53799588498837
-1.996956900660488,1.8592357350976958,12.565850451617479
-1.9961146430969474,1.9961146430969474,12.59007448311592
-1.9952730959769118,2.1328781370787677,12.614278081665368
-1.9944897320900121,2.2695917641024277,12.63680828179944
-1.9937259907451454,2.406221023313107,12.658774121223843
-1.989728481552475,2.5386190971531577,12.773745826780903
-1.9905728052636524,2.676977220871809,12.749462371149498
-1.991740289210593,2.815908684746011,12.715884557035558
-1.9911895562225572,2.9524534799162057,12.731724098082047
-1.9906868908126703,3.0889968995369026,12.746181175405397
-1.9519083771618504,-2.0964941828775427,9.703075020358511
-1.8412954045710717,-1.8412954045710717,13.120050011663793
-1.841565214738868,-1.7051529766100626,13.111715233435113
-1.8418351039903296,-1.5689706441399105,13.103378012211714
-1.8421590280180662,-1.4327903551251626,13.093371588227853
-1.8397764403659596,-1.294657495072342,13.166972742153625
-1.8406502567636485,-1.1589279394437786,13.13997944554508
-1.8431376887341113,-1.0239653826300619,13.063139517672525
-1.8434653530359497,-0.8875944292395314,13.053017551878625
-1.843793133859722,-0.7511749804613682,13.042891986574425
-1.8441376473780509,-0.6147125491260169,13.032249527116697
-1.8647908796880757,1.1741275909147142,12.39424499075858
-1.8636674469194785,1.3114696848692626,12.42894925360224
-1.862709946578954,1.448774402894742,12.458527653324325
-1.8617908553320723,1.5859699878754692,12.486919547437338
-1.8608767030715756,1.7230339843255327,12.515158869997805
-1.859966957593462,1.859966957593462,12.543262061462215
-1.8590886828064057,1.99679895560688,12.57039308337199
-1.8583046359849693,2.133609026501261,12.594613283933562
-1.8558704290708696,2.2682860799755074,12.669809022320536
-1.8537327670191204,2.402986920209971,12.735844113861852
-1.8560944091917926,2.5435367829665303,12.66288999235671
-1.8554536692929156,2.6800997445342114,12.68268326035335
-1.8548574330233139,2.816635361257625,12.701101754806757
-1.8542788177611138,2.9531107097676994,12.718975913996381
-1.8537783888865997,3.089630648144333,12.734434796522464
-2.176612893052357,3.7889187397578064,2.7616675773835055
-1.705292008149689,-1.8417153688016643,13.107076784025416
-1.70556901362356,-1.70556901362356,13.097835169639126
-1.7058706375904742,-1.5694009865832363,13.087772219066586
-1.7061723682585643,-1.433184789337194,13.077705708668653
-1.7064744177162947,-1.296920557464384,13.067628562629174
-1.7039487337749493,-1.1586851389669655,13.151891868770335
-1.707081215617895,-1.0242487293707372,13.04738422543744
-1.707384776349155,-0.8878400837015608,13.037256659429723
-1.7077427642874379,-0.7514068162864728,13.025313261942578
-1.7081165598746604,-0.6149219615548779,13.012842480668354
-1.7084905191325874,-0.4783773453571245,13.000366238918872
-1.7275043610813303,1.1747029655353047,12.36601561459134
-1.726463126108915,1.3121119758427755,12.40075388877095
-1.7254235297786729,1.4493557650140854,12.43543749363711
-1.724571836412011,1.5866060894990501,12.463852172813155
-1.7237209831581446,1.7237209831581446,12.492238823667634
-1.7228760119919087,1.8607060929512615,12.520429232964482
-1.7220338094819416,1.9975592189990523,12.54852727277401
-1.719317527075649,2.1319537335738055,12.639149433457078
-1.717661620001874,2.2673133384024737,12.694394748365518
-1.7197995056226918,2.4077193078717687,12.623069390662295
-1.7191407924323203,2.5443283727998343,12.645045755286105
-1.71848258421626,2.680832831377366,12.667005272669321
-1.7179091377039208,2.8173709858344305,12.686136921817429
-1.7173571336083104,2.953854269806294,12.704553196846206
-1.7168321815827565,3.090297926848962,12.722066945306402
-2.013718470364409,3.7857907242850892,2.8171774889502785
-2.013250509540745,3.94597099869986,2.8327898644739804
-2.015562847673255,4.111748209253442,2.75564432271716
-1.5695554241262102,-1.7060385044850108,13.08217174812335
-1.5698330709815236,-1.5698330709815236,13.072103256254572
-1.5701117281718546,-1.433580273548215,13.06199812593767
-1.5703908607470192,-1.2972794067040594,13.051875756425567
-1.5691395926063305,-1.1597988293177224,13.097251322037351
-1.5683574953667017,-1.0228418448043708,13.125613032415458
-1.5713146628838266,-0.8881343746734672,13.018375307474685
-1.5716586385915552,-0.751662827152483,13.005901488484689
-1.5720027648756905,-0.6151315166904876,12.993422209042699
-1.5723740450447652,-0.4785486224049285,12.979958230280374
-1.591337124271702,1.037828559307632,12.292287524311895
-1.5901894383075657,1.1753574109229832,12.333906820827139
-1.5891243480888155,1.3127548962472824,12.372530893103736
-1.5881666284179725,1.4500651824685835,12.407261316063362
-1.5872427015832717,1.5872427015832717,12.440766287016572
-1.5864592887124782,1.72441227033965,12.469175706999273
-1.585676648257472,1.861446500128337,12.497557116356518
-1.5827429354665201,1.9956323968925687,12.603944287022188
-1.5814682114904022,2.1315441111392377,12.65017044713477
-1.5834176631089947,2.2718601253302966,12.57947619148326
-1.5827499828854015,2.408532582651698,12.603688721802037
-1.5821019050276217,2.545120455914,12.6271903985418
-1.581495976191344,2.6816670900635837,12.649163597389048
-1.5808892897526088,2.81810699477639,12.671164269676169
-1.5803811806455117,2.954625685554652,12.689590166873828
-1.579873398062553,3.0910566483832556,12.708004223110308
-1.8504233879562348,3.7812999666931755,2.896870687071967
-1.8541849858644153,3.950220187276363,2.7604613698861016
-1.4334672441989058,-1.7065086240463163,13.066487351564959
-1.4337220641677673,-1.5702670226599358,13.056366579026232
-1.4339769747487607,-1.4339769747487607,13.046242207614227
-1.4342319759902262,-1.2976384544673474,13.036114235409016
-1.4345393272361486,-1.1612937410959299,13.02390706003193
-1.4325782021276379,-1.0232701443768843,13.101797741958855
-1.4336532871499696,-0.8874996539499813,13.05909821954927
-1.435495506760237,-0.7519262178267909,12.985930148282343
-1.435834499421029,-0.6153576426090125,12.972466259924218
-1.4361736522260602,-0.47872455074202,12.95899601106214
-1.453845560284947,1.038461114489248,12.257114747249318
-1.4527634292447282,1.1760465855790656,12.300094118780045
-1.4517158255874607,1.313457175531512,12.341702154340652
-1.4507756181119038,1.4507756181119038,12.379044698733203
-1.4499013759797166,1.5879872213111181,12.41376727484515
-1.4490874540191978,1.7251041119276163,12.446094093906815
-1.4460125895258955,1.8591590436761516,12.568219546881139
-1.445576404921516,1.9962721782249506,12.58554364116442
-1.4469505295352816,2.135974591218749,12.530967060224079
-1.4462433387358118,2.272668103727704,12.55905480097254
-1.4456148509452937,2.409358084908823,12.584016667185836
-1.4450053264039793,2.5459617655689155,12.608225363493972
-1.4444240828466486,2.682501868143776,12.631310814212867
-1.4438709231577886,2.8189860880699684,12.653280848247313
-1.443333664904095,2.9553975043274328,12.674619319500088
-1.6895047507439316,3.6203673230227107,2.8973574489828877
-1.6907980450667235,3.7841670532445715,2.8459912325710377
-1.692190908828965,3.948445453934252,2.7906703824113777
-1.2975360968056142,-1.570701590869954,13.040607544103764
-1.2977905451966845,-1.4344000762700198,13.029437738652938
-1.2980745886597176,-1.2980745886597176,13.016968765246133
-1.2983587564805092,-1.1616894136930873,13.004494332767791
-1.2986456370553272,-1.0252465555699952,12.991900815493594
-1.2967860859433071,-0.8872746903822629,13.073531609305114
-1.2992590687077168,-0.7522026187255203,12.964972320541236
-1.2995660018913424,-0.6155838956327412,12.951498531482954
-1.2999182755814815,-0.4789172594247563,12.936034379527626
-1.3174016371475938,0.9013800675220379,12.16854771357346
-1.316287760128272,1.0391745474696887,12.217444818206879
-1.3151761652511649,1.1767365689089369,12.266241741092493
-1.314227221141842,1.314227221141842,12.30789860141006
-1.313279645853621,1.4515196085750546,12.349495373057628
-1.312458160543756,1.5887651417108626,12.385557031979133
-1.3094401655918122,1.722947586305016,12.518041329965818
-1.309468677951586,1.8608239107733067,12.516789691037076
-1.310310852006237,1.9999481425358354,12.479819835159368
-1.3096660721586857,2.1368235914168032,12.508124456876438
-1.3090257242447754,2.2735709947409255,12.536234525048364
-1.308385683387812,2.4101841536091277,12.564331113998243
-1.307833830454809,2.5468343014119963,12.588556419071644
-1.3072824430556758,2.683369225219545,12.612761288084364
-1.306766035024025,2.81986354926237,12.635430628702004
-1.306265629075523,2.956285371065657,12.657397507988186
-1.5280442609039164,3.6190521968776967,2.9217329975790705
-1.5292060089992432,3.7827727591033913,2.870734442810914
-1.5304037565539332,3.9468307405864596,2.8181555795340927
-1.1615766098690459,-1.434888753367645,13.010028781921456
-1.161830927229914,-1.2985169186687275,12.997551310394407
-1.1620987346117848,-1.1620987346117848,12.984411983332258
-1.1623731718492807,-1.0256233869258362,12.970947378300465
-1.1612687395506653,-0.8880290361269795,13.025133700903417
-1.1612698019803107,-0.7514098718696129,13.02508157534028
-1.1632676578261365,-0.6158475835550136,12.927061568580399
-1.1635965011679605,-0.4791279710691603,12.910927658490806
-1.1639260289341935,-0.3423311849806452,12.894760168758644
-1.1795532649715785,0.9020113202723836,12.128047302450938
-1.1785408229226004,1.0398889614022946,12.177720344023058
-1.1775445121065529,1.1775445121065529,12.226601945329762
-1.1765773102868502,1.3149981703205973,12.274055383526274
-1.1747464107913752,1.4511573309775814,12.363884077272154
-1.1728870739212647,1.5868472176581818,12.455107982619438
-1.1733842902483504,1.7255651327181623,12.430713255720654
-1.1734645646088422,1.8637378379081615,12.426774786699227
-1.172853672376711,2.000750382289683,12.456746749315144
-1.1722749489832203,2.1376778481458727,12.48514042499528
-1.1716990381381631,2.2744746034446695,12.513396109730266
-1.171126200308027,2.411142177104762,12.541501024356393
-1.1705682812319858,2.547707435622557,12.568873986083993
-1.1700745963087877,2.6842887797672197,12.593095453118366
-1.1695813276784188,2.8207549667538334,12.617296495743254
-1.365687428111727,3.4543858475767215,2.995820887135878
-1.3667010319858932,3.6177380258450116,2.9460908433966466
-1.3677330076887428,3.781379491845348,2.895459429933709
-1.0252738528697753,-1.4353833940176852,12.990382968723097
-1.0255159526456432,-1.2989868733511478,12.976921184374511
-1.0257581667834346,-1.162525922354559,12.963453041013203
-1.026000495364201,-1.026000495364201,12.949978534132363
-1.0262839759359113,-0.8894461124777898,12.93421580031859
-1.0248510512120275,-0.7515574375554869,13.013892551573498
-1.0261849088532422,-0.6157109453119453,12.93972435437717
-1.0271797807875906,-0.47935056436754225,12.884405214214155
-1.0415134880176415,0.9026450229486226,12.087389707053426
-1.0406137436033986,1.0406137436033986,12.137419349707862
-1.0397240510617638,1.1783539245366657,12.186890065197396
-1.0375598879642318,1.3142425247546936,12.30722680161
-1.0362229808369254,1.4507121731716954,12.381564563292685
-1.0372672051268852,1.590476381194557,12.323501220802555
-1.0365418084453442,1.72756968074224,12.3638363828616
-1.0359170201679035,1.8646506363022262,12.398577286789681
-1.0352929845561216,2.0015664368085018,12.433276339283786
-1.034775123926736,2.138535256115254,12.462071608054394
-1.0342645801115964,2.275382076245512,12.490460030618095
-1.0337573032618277,2.412100374277598,12.518666795916168
-1.0332519507746383,2.5486881452441077,12.546766558413609
-1.0327726787572677,2.685208964768896,12.573416135097553
-1.2036340169714623,3.2899329797219967,3.0727940039683403
-1.2045611466860853,3.453075287166777,3.021241621333175
-1.2054749362530421,3.616424808759126,2.9704310080384175
-1.2063663317183613,3.779947839384198,2.9208656026991378
-0.889334632211963,-1.1629760575079513,12.941368239013812
-0.8895859745553838,-1.026445355256212,12.925242418990898
-0.8898374590069158,-0.8898374590069158,12.909107481483872
-0.8900937915543033,-0.7531562851613336,12.892661496024651
-0.8888817125546405,-0.6153796471532127,12.970427015101492
-0.8906742595743798,-0.4795938320785122,12.855419371624073
-0.9041096672641095,0.7650158723004002,11.99341990352702
-0.9032884622223095,0.9032884622223095,12.04610742336844
-0.9024987419075922,1.0413447022010678,12.096774921292763
-0.9002880024667693,1.1772996955334676,12.238613283484561
-0.899447443567252,1.3145770329059836,12.29254252337224
-0.9001898991077979,1.4541529139433658,12.244907476054287
-0.8994921170768899,1.591409130212959,12.289676325156663
-0.8988433667415594,1.72854493604146,12.331299360117498
-0.8982346770294685,1.8655643292150499,12.370352154061337
-0.8976933161914782,2.0025466284271434,12.405085209073356
-0.8971649540512786,2.1393933519684336,12.438984283394916
-0.8967221277553895,2.27629463199445,12.467395481650371
-0.896279738306985,2.413060833903421,12.495778652300856
-0.8958408605716256,2.5497009108577036,12.523936515700022
-1.0421141377154977,3.1263424131464927,3.1392203979140447
-1.0427852153075212,3.288784140585259,3.0961648732336613
-1.0435581086411538,3.4517691285822774,3.046576974014471
-1.0443627365200254,3.6151017802616265,2.9949530248481437
-0.7532928608218096,-0.8902551991530476,12.882305780182037
-0.7535384524576482,-0.7535384524576482,12.863684034658696
-0.7528810353449148,-0.6159935743731121,12.913532044075666
-0.75288604589983,-0.4791093019362554,12.91315212365108
-0.7959422202213076,-0.36179191828241253,9.648459827899892
-0.7655814086043977,0.7655814086043977,11.950538666544773
-0.7648855155061981,0.9039556092345977,12.00330407991838
-0.7628378732534215,1.040233463527393,12.158564550511556
-0.7625349813133515,1.1784631529388159,12.18153103554593
-0.7628696599170852,1.3176839580386015,12.156154357836385
-0.7622225507346231,1.4551521423115532,12.205220778524854
-0.7615784921423653,1.5923913926613091,12.254055891195506
-0.7610057485091875,1.7295585193390621,12.297483616861868
-0.7604569544300147,1.8665761608736724,12.339095391025822
-0.7599588133082196,2.0035277805398515,12.37686645425078
-0.7595008422597122,2.140411464550098,12.411591660967382
-0.7590693066696921,2.2772079200090762,12.44431242490618
-0.7586946767756068,2.414028517013294,12.472718370122003
-0.8810932170674979,2.9636771846815835,3.1919687958896077
-0.8815209687383544,3.125392525526893,3.159534943919553
-0.882077676953958,3.2877440686465706,3.1173230881031913
-0.8826768264032027,3.450463957757974,3.071893167266566
-0.6163113650247528,-0.4793532839081411,12.884081175420022
-0.6169852226104214,-0.3427695681169008,12.821632229405814
-0.6261529238832645,0.7652980180795455,11.972026475848644
-0.6251547624317586,0.9030013235125403,12.06452989485625
-0.6254997567725872,1.0424995946209785,12.032557956832825
-0.6251446319577164,1.1808287492534641,12.065468724425017
-0.6246043765659868,1.318609239417083,12.115536246865283
-0.6240654621508317,1.4561527450186071,12.165479495904925
-0.6235377804157897,1.5934854388403514,12.214381769746105
-0.6230109903568022,1.7305860843244503,12.26320140857512
-0.622556844933031,1.8676705347990932,12.305288792697311
-0.6221079530158007,2.004570070828691,12.346889314382494
-0.621714206703737,2.141460045312872,12.383379283046963
-0.7202556598264098,2.6409374193635022,3.2511679418125112
-0.7204772088835542,2.8018558123249333,3.2306361478498644
-0.7207226455412019,2.96297087611383,3.2078905990732096
-0.7210724573453935,3.124647315163372,3.175472208392904
-0.4798932330996095,-0.3427808807854354,12.8197451309522
-0.5067846796319018,-0.2171934341279579,9.615574577051767
-0.487678518481349,0.6270152380474487,11.89211254175973
-0.48712997855816303,0.7654899663056848,11.957472189386003
-0.48749162235022236,0.9053415843646987,11.914381595946715
-0.4870220434405807,1.04361866451553,11.970332878195507
-0.4865795042414135,1.1816930817291469,12.023062323940103
-0.4861447762238665,1.3195358211790662,12.07486105150602
-0.4857247137054074,1.4571741411162222,12.12491235502469
-0.48530725763529553,1.594580989373114,12.174653094921034
-0.48489696869073856,1.7317748881812092,12.223539857228957
-0.559741433225749,2.1590026710136034,3.305669667629928
-0.5598639480866289,2.319436356358891,3.291071772750044
-0.5600010526597531,2.4800046617789064,3.2747354839794838
-0.5601336729714594,2.640630172579737,3.258933504078243
-0.34329865134027243,-0.34329865134027243,12.733374350232367
-0.3432047829658492,-0.20592286977950952,12.749032801081093
-0.34893617735916754,0.4885106483028346,11.79296258090416
-0.3487309427816911,0.6277156970070439,11.827198345224382
-0.3996751858011913,0.879285408762621,3.3290440920146267
-0.20617480019393772,-0.20617480019393772,12.678990751316142
-0.20630928341331792,-0.06876976113777264,12.641601536656374
-0.2101737578050537,0.2101737578050537,11.567194906255267
-0.20976281253042195,0.3496046875507033,11.681446492121793
-0.20970117520931264,0.48930274215506286,11.698582987222295
-0.06880898455708982,-0.06880898455708982,12.60888668528758
-0.06897904089196054,0.06897904089196054,12.467048777821404
-0.0700698590782437,0.2102095772347311,11.557236337808071
0.07993285215651562,-0.39966426078257805,3.3308665254809426
0.07011372764938241,-0.21034118294814722,11.520647131421981
0.0685441777885653,-0.0685441777885653,12.829752541057985
0.06854420715559752,0.06854420715559752,12.82972804706661
0.23857795824127515,-3.4196174014582774,3.6702189694550498
0.23853768105579176,-3.260014974429154,3.6814168894696877
0.23851040125212622,-3.100635216277641,3.689001259027677
0.23849054372746326,-2.9413833726387137,3.694522076090621
0.23848536685862134,-2.782329280017249,3.6959613564803107
0.2384882015277188,-2.623370216804907,3.695173257772808
0.23850318187478328,-2.464532879372761,3.6910084005166084
0.2385191509985791,-2.305685126319598,3.6865686421565584
0.2385382878383256,-2.1468445905449305,3.6812481909323225
0.23857495016651187,-1.9881245847209321,3.671055278650769
0.23863657549997436,-1.829547078833137,3.653922116372769
0.23929733082030752,-0.7178919924609226,3.470217988650532
0.20978261060294903,-0.48949275807354775,11.67594220402566
0.20990198032670176,-0.3498366338778363,11.642754864773686
0.21033295550113762,-0.21033295550113762,11.522934537863932
0.20624536085980752,0.06874845361993584,12.659373375297776
0.20613992006940776,0.20613992006940776,12.688688172819134
0.3977953164533975,-3.739275974661936,3.642630451268559
0.3977179357988612,-3.579461422189751,3.655538538610486
0.39764803669261733,-3.4197731155565085,3.667198607576367
0.397580901937045,-3.260163395883769,3.6783975473346118
0.3975264325184263,-3.100706173643725,3.6874837461682546
0.3974927001048809,-2.941445980776119,3.693110746132348
0.3974779381145612,-2.782345566801929,3.6955732357756546
0.3974736035648393,-2.6233257835279393,3.696296294358362
0.39749856996416316,-2.4644911337778117,3.692131578189745
0.39752460792288036,-2.3056427259527057,3.687788112147217
0.397551718250118,-2.146779278550637,3.683265761257985
0.39760843737443735,-1.9880421868721865,3.673804282609879
0.3976893586442902,-1.829371049763735,3.6603055751443065
0.3978313007404123,-1.6708914631097314,3.63662780987832
0.3979759848309386,-1.5123087423575667,3.6124926447173067
0.3981246635114045,-1.3536238559387752,3.5876911306330044
0.3981580240961861,-1.035210862650084,3.5821261564838522
0.39816183452759796,-0.8759560359607155,3.581490527568988
0.3488794048345248,-0.6279829287021447,11.802432967412287
0.3493066202474289,-0.4890292683464005,11.731167947794297
0.3430657450537887,0.2058394470322732,12.77222611113347
0.5571892715002261,-3.900324900501583,3.609764928548387
0.556961417919603,-3.739598091745906,3.6369141461539414
0.5568313166963051,-3.5796298930476755,3.6524159715472706
0.5567341479616719,-3.4199383374788415,3.6639938239286067
0.5566386052676906,-3.2603118308536168,3.6753779302587475
0.5565497420462309,-3.100777134257572,3.685966163851333
0.5565025145058301,-2.9415132909593877,3.6915934213550656
0.5564723707554566,-2.7823618537772834,3.695185110527106
0.5564602916384528,-2.6233128034384205,3.6966243618881123
0.5564885718444967,-2.464449389597057,3.693254717813545
0.5565242168971238,-2.305600327145227,3.6890075372878357
0.556562169959411,-2.1467397984148713,3.684485352716436
0.48579275602483546,-1.7349741286601266,12.116804974260738
0.486093890651065,-1.597165640710642,12.080924171011063
0.4864660919468338,-1.4593982758405015,12.036575629529892
0.48683886366838125,-1.3214197728141777,11.9921591206569
0.48721687734588304,-1.1832409878400016,11.947118022069354
0.4875931463406712,-1.0448424564442955,11.902284805975967
0.48743721808356444,-0.9052405478694769,11.92086397498209
0.487557571925394,-0.7661618987399049,11.906523569917752
0.4886366826148418,-0.6282471633619394,11.777945336263578
0.48024102938933544,0.20581758402400088,12.778304495582987
0.47964896293181014,0.3426064020941501,12.848850418312594
0.716783242806545,-4.061771709237089,3.572970037127945
0.7164652475683179,-3.9007552367608422,3.602439865600857
0.7161722283306919,-3.7400105257269463,3.6295950730820863
0.7159596759529679,-3.57979837976484,3.6492931105368456
0.7158347329612536,-3.420099279703767,3.6608720528985117
0.715710793025973,-3.2604602793405433,3.6723580382045498
0.715589969268639,-3.1008898668307694,3.6835552354453966
0.715519606432654,-2.941580604223133,3.69007602713684
0.7154686648139961,-2.782378140943318,3.6947969807346084
0.7154531343377154,-2.6233281592382895,3.6962362490539817
0.6231726787471299,-2.146483671240114,12.248217130333778
0.6235373295988657,-2.009175839818567,12.214423548665494
0.6239070020898106,-1.8717210062694318,12.180164592587921
0.6242791065307218,-1.7341086292520047,12.14568025845513
0.6246517816548552,-1.5963323308957411,12.111143036937086
0.6250562213884423,-1.4584645165730319,12.073662068219171
0.625534885968331,-1.3205736481553652,12.029302400621567
0.626017766824335,-1.1824780040015215,11.984551994676416
0.6255025687052952,-1.042504281175492,12.032297364331363
0.6259969502479888,-0.9042178170248729,11.986481145998717
0.6275392339530785,-0.7669923970537627,11.843551847752153
0.6160865497551559,0.3422703054195311,12.90491566171626
0.6161700634472169,0.4792433826811687,12.897176130162585
0.8765534738334811,-4.22339401028859,3.5361903853444403
0.8761714875249654,-4.062249623979385,3.565154123487602
0.8757893620711261,-3.901243521953198,3.594128412188809
0.8754181607979505,-3.740423050682152,3.622274385578379
0.8751127352018093,-3.5800066440074017,3.645432982605655
0.8749502932078281,-3.420260237085146,3.6577499878810755
0.8747974671904966,-3.260608741346396,3.6693378711344167
0.8746497802586483,-3.101031039098844,3.6805360882585916
0.8745439763850003,-2.941647920567728,3.6885585634692433
0.8744697674718455,-2.7824038055922355,3.6941853817100565
0.7608892040922214,-2.282667612276664,12.306320483262049
0.7613063504023599,-2.1454997147702874,12.274690772393122
0.7617239543399268,-2.008181334168898,12.243026362372149
0.7621751774102397,-1.870793617279679,12.208812814500561
0.7626270871457825,-1.7332433798767781,12.174547200909664
0.7630823944636524,-1.5955359156967277,12.140023968962709
0.7635379753707316,-1.457663407525942,12.10547999238161
0.7640534036928864,-1.319728606378622,12.066398144101576
0.7633169780380473,-1.1796716933315274,12.122236898929074
0.7643284599289302,-1.0422660817212683,12.045542274093116
0.7658201897834118,-0.9050602242894866,11.932433317247437
0.7535861739744028,0.34253916998836487,12.860065597337098
0.7517211353679542,0.4783679952341526,13.00148032508995
0.7527098650294763,0.6158535259332079,12.926510865786597
0.7522943181079648,0.7522943181079648,12.958019304577576
0.7518792297483622,0.8885845442480644,12.989492973360413
1.0360684575383068,-4.22397140381002,3.5271039082154942
1.0356071922004682,-4.062766677094144,3.5566981330466803
1.0351455353905523,-3.9017024026259275,3.5863174742517145
1.0346992269459654,-3.740835666650798,3.6149520829458197
1.0342858156043484,-3.580220130938129,3.6414760533982786
1.033699479014866,-3.4191598152030176,3.6790946980968044
1.0328124281334337,-3.2573315041131368,3.736006807176622
1.0323981932884052,-3.0971945798652154,3.7625836126095322
0.8979599252404277,-2.555732094915063,12.387979895733295
0.898396910064953,-2.4187609117133353,12.35994347919825
0.898845138379389,-2.281683812809218,12.331185693982313
0.8993134380586769,-2.144516659986076,12.301140154332266
0.8998065177122945,-2.0072606933581953,12.269504761572826
0.9003064040287662,-1.8698671468289758,12.23743266157716
0.9008399501288757,-1.732384519478607,12.203200990672876
0.9013741291409598,-1.594738843864775,12.168928712903657
0.9019128260342126,-1.456936103593728,12.134366573356196
0.9008663787610632,-1.3166508612661691,12.201505361674172
0.9024108265957634,-1.1800756963175365,12.102415461109942
0.9037772021090313,-1.042819848587344,12.014750464791433
0.9044764708405627,-0.9044764708405627,11.969886230779558
0.8898217219150374,0.3422391238134759,12.910117154218916
0.8883019988873373,0.4783164609393354,13.007620741142723
0.887414093216403,0.6143636029959713,13.064587692480629
0.8883542025136706,0.7516843252038752,13.00427141976958
0.8878790284751904,0.8878790284751904,13.034758009970837
0.887404362499051,1.023928110575828,13.065212003508279
0.8869375388932459,1.1598413970142445,13.095162840073272
1.1944694027213358,-4.379721143311565,3.5823858044191894
1.1937930602074118,-4.218068812732855,3.6199933446806085
1.1932890499542101,-4.057182769844314,3.6480184732201195
1.1928063695736162,-3.8965008072738128,3.674857569495856
1.1923541140600384,-3.7360428907214533,3.700004912868735
1.1919280095749154,-3.575784028724746,3.7236981470657895
1.1918193671988728,-3.4165488526367684,3.7297391284428443
1.1923915987514793,-3.259203703254043,3.6979206034936425
1.03525640379452,-2.691666649865752,12.435310386288677
1.0357198115835953,-2.5547755352395347,12.409542928637691
1.0361836343830308,-2.4177618135604053,12.383752394633348
1.0366965278687665,-2.280732361311286,12.355233320321851
1.0372137989300105,-2.143575184455355,12.3264708340648
1.0377625325458217,-2.006340896255255,12.295958895033074
1.0383315728197882,-1.8689968310756184,12.26431781884314
1.038915905939918,-1.731526509899863,12.231826394913774
1.0389988293649517,-1.5931315383595923,12.227215497356148
1.0382903784765454,-1.4536065298671632,12.266608400745291
1.0403222700803811,-1.317741542101816,12.153626525844729
1.0413918988949613,-1.180244152080956,12.09415058298893
1.0421523754636817,-1.0421523754636817,12.051864828970466
1.0429507505215527,-0.9038906504520123,12.007471756652123
1.0258783830710456,0.34195946102368185,12.956768500586811
1.0253123286507078,0.47847908670366357,12.988243550527855
1.0230870934027945,0.6138522560416767,13.11197616004769
1.0231821460949442,0.7503335738029591,13.106690823293924
1.0236653495027823,0.8871766362357447,13.079822644463505
1.023141277467088,1.023141277467088,13.108963294025678
1.0226247519051672,1.158974718825856,13.137684327327705
1.0221087476085664,1.294671080304184,13.166376376045577
1.3552315459937034,-4.225133643392135,3.5088136728919324
1.3545642117715697,-4.06369263531471,3.541554826414753
1.3539703733144945,-3.902620487788838,3.570690086447854
1.3533668068027982,-3.7416611717489126,3.600302630155724
1.35281329035832,-3.5809763568308477,3.6274595873219653
1.3523898376064014,-3.4207507657103093,3.6482352812702032
1.1724285479507246,-2.8276217921164535,12.47760445994328
1.1728907369353287,-2.6907493376751663,12.454928265617298
1.173376614939364,-2.553819691338616,12.43108982635276
1.1739018874668625,-2.416856827137658,12.405318589251877
1.1744329985070487,-2.279781702984271,12.379260899525121
1.1750187503141243,-2.142681250572815,12.350522391584668
1.1756050866561618,-2.0054439713546293,12.32175520483785
1.1762364942515544,-1.8681403143995279,12.290776705113792
1.1759744070284044,-1.7293741279829475,12.30363538630369
1.1755146629609126,-1.590402191064764,12.3261916266338
1.1782503018007622,-1.4554856669303533,12.191974066275328
1.178951499471058,-1.3176516758794177,12.15757148386379
1.1796551518894864,-1.1796551518894864,12.123048465120931
1.1803596446840852,-1.0414938041330166,12.088484215336273
1.1812541911852767,-0.903312028553447,12.044595436134799
1.1617186510787363,0.3416819561996284,13.003059870544234
1.1610972432013504,0.4780988648476149,13.0335477580809
1.1604764997555947,0.6143699116353148,13.064003046872756
1.1577132529653278,0.7491085754481535,13.199575125122081
1.1592789683103044,0.8865074463549387,13.122757055880854
1.1586938564228872,1.0223769321378418,13.151464167697625
1.1581110431720276,1.1581110431720276,13.180058502423208
1.1575383789064122,1.2937193646601077,13.208154901522299
1.156966280704441,1.4291936408701917,13.236223528065949
1.5140972486460857,-4.064155772681599,3.533980584938476
1.51343906436083,-3.903079692298983,3.5628736362412354
1.5127789838538261,-3.7421374863752543,3.59184992810971
1.5121345712539072,-3.5813713529697804,3.620138428346948
1.5115846557571972,-3.4209547472399726,3.6442786836136776
1.3099470320488928,-2.8267278060002425,12.495790846512868
1.3104459322222533,-2.68986270298252,12.473890067921268
1.3109625631089872,-2.5529270965806594,12.451210944384918
1.3115170811182302,-2.4159525178493717,12.426868647480738
1.3121042365285571,-2.2789178844969675,12.401093630098373
1.3127088121698918,-2.1417880619614027,12.374553897362738
1.313363582943467,-2.0046075739663443,12.345810692797919
1.3127528345970647,-1.8654908702168815,12.372621395667892
1.3125310196218405,-1.7270144995024217,12.382358655584973
1.3154563731883335,-1.5923945570174565,12.253941140052
1.3162156436427424,-1.454764658763031,12.220610596185587
1.3169958964980437,-1.3169958964980437,12.186358964412591
1.3177804733026426,-1.1790667392707854,12.151917519403888
1.3185670620947887,-1.0409739963906228,12.117387751928774
1.2973637179029656,0.3414115047113067,13.04817465348227
1.296670301946057,0.4777206375590736,13.078614308858306
1.2960049514100958,0.6138970822468874,13.107821945078875
1.2939771120528858,0.7491446438200918,13.196840276105803
1.2926076992919326,0.884415794252375,13.25695491883311
1.2940520145699488,1.0216200115025913,13.193552196586616
1.293412281920449,1.157263620665665,13.221635255808941
1.2927731814476267,1.2927731814476267,13.249690563665006
1.2921432287260513,1.4281583054340568,13.277344302459028
1.2915226754980023,1.5634221861291606,13.304585421178757
1.6729595289888748,-3.903572234307375,3.5544897245021048
1.6722155535331609,-3.7425776674313602,3.584038454122151
1.6714910035869084,-3.5817664362576607,3.612815654087015
1.4470098216284195,-2.9629248728581925,12.528612135723165
1.447459762675783,-2.8259928699860524,12.510741672052099
1.4479099838074074,-2.688975684213757,12.492860084177899
1.4484811420301398,-2.552085821672151,12.47017519616962
1.4490522289827354,-2.4150870483045592,12.447493138821926
1.4496778067869813,-2.2780651249509707,12.422646849536456
1.4503268631019293,-2.1409587026742765,12.396868056148477
1.4494729798048032,-2.0016531625875853,12.430782033390685
1.4493510033571342,-1.863451290030601,12.435626614007568
1.4524628336333423,-1.729122420992074,12.312032978291604
1.453259046103735,-1.5916646695421859,12.28040953315368
1.4540561319007486,-1.4540561319007486,12.248751401801307
1.4549058951963856,-1.316343428987206,12.215001060078386
1.4557684475328216,-1.1784792194313318,12.180742771613723
1.456636590163534,-1.0404547072596673,12.14626245150432
1.4328027577431932,0.34114351374837937,13.092878989172391
1.4320792130502007,0.47735973768340023,13.121616263147018
1.4313563987476052,0.6134384566061165,13.150324527954488
1.430635870915479,0.7493806942890604,13.178941980226192
1.4276790411505864,0.8838013111884583,13.296379407206153
1.4274124791276186,1.0195803422340135,13.306966542955251
1.4285151241463896,1.156417005261363,13.263172410667273
1.4278289068402688,1.2918452014269097,13.290427139950921
1.4271433484954534,1.4271433484954534,13.317655697041246
1.4264584481252065,1.5623116336609404,13.344858121128837
1.4258617766382546,1.697454495997922,13.368556328246441
1.8308825989919266,-3.582161606723335,3.605491264007526
1.584559894055101,-2.962438062798667,12.538054713901062
1.584901006554752,-2.825258316032384,12.525684725322598
1.5853938493421051,-2.688276527145309,12.507812440792506
1.585909116861124,-2.55124510103746,12.48912695336054
1.5865341808279743,-2.414291144738222,12.466459844595377
1.587159737953196,-2.2772291892371945,12.443774852101441
1.5859279662887442,-2.137555084997873,12.488443404078083
1.5860195847273566,-1.9997638242214495,12.485120983937016
1.5893282245589657,-1.8657331331779163,12.365137585588599
1.5901211008476193,-1.728392500921325,12.336384987414064
1.5909354508092333,-1.5909354508092333,12.30685367520961
1.5918076496286535,-1.4533895931392053,12.275224551546842
1.5926808052526653,-1.315692839121767,12.243560730645243
1.593623079069269,-1.1778953193120683,12.209390430931528
1.5680875043863092,0.34088858791006726,13.135403894219579
1.5672962342853904,0.4770032017390319,13.164098246144121
1.5665147920232687,0.6129840490525834,13.192436204638938
1.5657403482708205,0.7488323404773489,13.220520371540609
1.5649666698573628,0.8845463786150313,13.248576784447394
1.561419276595889,1.018316919519058,13.37721825660875
1.5628412199176707,1.1551435103739305,13.325653383824381
1.5627015052040745,1.2909273303859745,13.330719951051307
1.5619889124977333,1.4261637896718435,13.356561172488682
1.5613527562623604,1.5613527562623604,13.379630527536449
1.5607171179948147,1.6964316499943637,13.40268109917372
1.6365960310384424,1.9212214277407804,10.651033802003148
1.7219910237810279,-3.0995838428058504,12.549954713696259
1.7221852641963937,-2.9621586544177974,12.543474354330215
1.7223795484464992,-2.824702459452259,12.536992532524621
1.7228062396767627,-2.68757773389575,12.522757016680835
1.7233419930439557,-2.5505461497050548,12.504882907709032
1.7239255469684254,-2.413495765755796,12.48541404932081
1.72224076653245,-2.273357811822834,12.54162265378364
1.722597173021037,-2.136020494546086,12.529732017521965
1.7260600544131377,-2.0022296631192398,12.414201396252835
1.7268329668064366,-1.8649796041509519,12.388415052779415
1.72767183436255,-1.72767183436255,12.360428275599766
1.7285337972338986,-1.5902510934551868,12.331670979359416
1.729432934732425,-1.452723665175237,12.301673442034549
1.730381147179765,-1.3150896718566214,12.270038638316983
1.731341172816584,-1.177311997515277,12.238009716243887
1.7023291895000332,0.47665217306000934,13.205924027273
1.7014878023843134,0.6125356088583529,13.233994863435242
1.7006472465796656,0.748284788495053,13.262037964924033
1.6998287497481201,0.8839109498690226,13.28934512238861
1.6982195638084743,1.0189317382850849,13.34303170021046
1.695235149563466,1.152759901703157,13.442599428009842
1.6974819598644821,1.2900862894970064,13.367640063088373
1.6967907561049609,1.4253042351281673,13.390700396584975
1.6961001151000616,1.5604121058920568,13.413741955141376
1.6954306326570425,1.6954306326570425,13.436077609705578
1.777583281172436,1.919789943666231,10.695254160326606
1.7766788667523878,2.06094748543277,10.725427749312722
1.859586531421057,-3.0993108857017613,12.555013908345096
1.8597846759517038,-2.961879298737898,12.548892972526929
1.8599944633547334,-2.8244360369460764,12.542412373616571
1.8602042981231206,-2.686961763955619,12.535930311530258
1.860725523141383,-2.549883124304858,12.519829009752264
1.8586551883621447,-2.4093678367657434,12.5837842764682
1.8591901374787883,-2.2723435013629634,12.567259019887729
1.862693759404927,-2.1386483904278792,12.459027695656928
1.8634474638831005,-2.0014806093559225,12.435744808555782
1.864281585056264,-1.864281585056264,12.40997774777022
1.865116452922262,-1.7269596786317236,12.384187620696132
1.866038053900196,-1.5895879718409076,12.355718197808336
1.8669691259823724,-1.4520870979862897,12.326956200500213
1.8679552920535478,-1.3144870573710152,12.296492280007385
1.8371708425930011,0.47630355178337064,13.24746296151097
1.836273622497063,0.612091207499021,13.275179228036585
1.8353917162152604,0.7477521806802913,13.302422431424162
1.8345106566322569,0.8832829087488644,13.329639479212133
1.833668831691865,1.0187049064954805,13.355644519136497
1.8303620543384007,1.1524501823612152,13.45779506489938
1.8293950550268914,1.2873520757596641,13.487666899880807
1.8314346269056736,1.4244491542599684,13.424661938170289
1.8307239063194691,1.559505549827696,13.446616998340765
1.8300137371346616,1.6944571640135755,13.468555025022866
1.8293041187095667,1.8293041187095667,13.490476038039034
1.9174303699867365,2.059462249245013,10.768144383454441
1.9165031295652588,2.2004295191304823,10.796788015904667
1.9973499272992397,-3.0993360940850274,12.554546676989638
1.997367941957068,-2.961614534625997,12.554028560373588
1.9975834213784947,-2.824169664707527,12.547831192112547
1.9978087569205183,-2.6867083282724216,12.541350353585251
1.9971244471404488,-2.548055329110228,12.561031674816036
1.9957827406432849,-2.4087033076729303,12.599620275092114
1.9992804602043162,-2.2750432823014632,12.499022937072382
2.0000118761612047,-2.137943729689564,12.477986802824262
2.000800306084186,-2.000800306084186,12.455310899258215
2.001627353917125,-1.863584088129737,12.431524312324385
2.0025233929897768,-1.7263132698187733,12.405753479672526
2.0034202345027983,-1.5889194963298057,12.379959568164956
2.004426888760481,-1.4514815401369001,12.351007350337852
2.0054270926445437,-1.3139005089740114,12.322240650647373
2.0704953710367193,0.49977474473300126,10.450822579082605
1.970892176226669,0.6116561926220697,13.31549371160682
1.9699462891539634,0.7472210062308138,13.342698214403889
1.9691109325810434,0.882704900812192,13.366723767644139
1.9683091104839556,1.0180909192158394,13.389784841330858
1.9675079411250909,1.1533667241078118,13.412827141720719
1.963567362335401,1.2864751684266422,13.526161481304797
1.964090828303711,1.422272668771653,13.511106162535796
1.965204281582903,1.5586102922898886,13.479082315585927
1.9645050883318662,1.6935388692516087,13.49919169788155
1.9638939902409858,1.82845302539678,13.516767389739869
2.0580106904182376,2.0580106904182376,10.80989242854632
2.057055101416949,2.198920970480187,10.83737596691845
2.0561653753245226,2.339774392610664,10.862965232982539
2.1351144145602774,-3.0993596340391125,12.554110369570061
2.13509502032179,-2.9615834152850637,12.55463217733643
2.1351540792750456,-2.8239134596863504,12.553043178598344
2.1321488026168973,-2.682380751679322,12.633901042718222
2.1326886763907753,-2.545467129885764,12.619375577938875
2.135942125630826,-2.411547561196094,12.531840556542534
2.1366062499487857,-2.2744518144616106,12.513972093845538
2.137270787841748,-2.137270787841748,12.496092503789853
2.1380817822660343,-2.0001410221198386,12.474272457111901
2.138924695599737,-1.8629344122965452,12.451593622663644
2.139827507467981,-1.7256673447322424,12.427303200292599
2.140785482676065,-1.5883247129532094,12.401528591823372
2.1417700524499588,-1.4508764871435205,12.37503844863533
2.211305098612,0.4993269577510968,10.504177308814796
2.209946864069162,0.6415974766652406,10.540721013970852
2.104500061003164,0.746758086162413,13.377798675712235
2.103643275957311,0.8821729866917757,13.40085073270994
2.1027906994628722,1.0174793707078416,13.423789557377624
2.1019746617771484,1.1526957822648878,13.445745294507525
2.1011592571989106,1.2878072866703,13.467683997691843
2.0965396692436205,1.420236550132775,13.591975388358293
2.0996744984871665,1.5578230150066072,13.507631873319035
2.099021450820214,1.6927592345324303,13.525202315419627
2.098368809253021,1.8276115435429536,13.542761831285162
2.198485440928709,2.0566476705462113,10.849094019297468
2.197534731051492,2.197534731051492,10.87467315187449
2.196584843060138,2.338299994225308,10.90023017136744
2.272902187299374,-3.0994120735900554,12.553138415033814
2.2728603487332752,-2.96160590895548,12.554195871148309
2.2692913935093855,-2.819422640420752,12.644400050586988
2.270085763004451,-2.6828286290052605,12.624322620645067
2.2731961931300346,-2.5487351256306447,12.545707513539902
2.2734526284462375,-2.411237636230858,12.539226194547062
2.2738606542651545,-2.2738606542651545,12.528913475032162
2.274567697647292,-2.136715109911093,12.511043184117227
2.2752751810508802,-1.9994842500144099,12.493161771803628
2.2761695206550985,-1.8623205168996262,12.470557629953362
2.277066931409641,-1.7250507056133644,12.44787586578017
2.2780479289214997,-1.5877303747028633,12.423081473573667
2.3518643724738615,0.4988803214338494,10.557394934512551
2.350496360048029,0.6410444618312806,10.59197100246324
2.3491299381646433,0.7830433127215478,10.626506869972246
2.238037440320741,0.8816511128536253,13.434333525438532
2.237169078725792,1.016895035784451,13.456281081576009
2.236301390720468,1.1520340497650896,13.47821161295537
2.235498935724744,1.2871054478415194,13.498493401289728
2.232563796569778,1.4207224159989498,13.572678086275353
2.2306149669393447,1.5546710375637856,13.621934119666399
2.2334232643756153,1.691987321496678,13.5509553177574
2.2327959082902598,1.8268330158738488,13.566811538232393
2.338848121397778,2.0553513794101685,10.886376435828886
2.337880621283248,2.1961908866600215,10.910829685719442
2.3370374870515187,2.3370374870515187,10.932139628478247
2.3361949607371035,2.4777825341151103,10.953434206325177
2.4107898777908017,-3.0995869857310305,12.549896460329649
2.4068591662518193,-2.956998404252235,12.6435669153865
2.4077249061492543,-2.820477747203412,12.622935981432342
2.4105839762549133,-2.6860792878269035,12.554803177694254
2.410740535182791,-2.548497137193236,12.551072314751991
2.4110102200392394,-2.4110102200392394,12.544645614910266
2.4112822069519333,-2.2734946522689654,12.538164056131684
2.4117932332192904,-2.1361597208513716,12.525986092286047
2.412543204317336,-1.9989643692915067,12.508113975918128
2.4133239225472893,-1.8617070259650517,12.489509142888373
2.4142750947232923,-1.7244822105166369,12.466842322980582
2.4908385210532997,0.6405013339851342,10.642304726181962
2.48951749733319,0.7824197848761454,10.673785258847971
2.4882504013305913,0.9242072919227912,10.703980672066926
2.371393200477015,1.0163113716330063,13.488735307981571
2.3706295341793724,1.1514486308871235,13.506933786527341
2.369892203993175,1.286512910739152,13.524504664823368
2.3691553323238033,1.4214931993942816,13.542064616476914
2.3648189506795045,1.5540238818751029,13.645402355177218
2.3652578384872407,1.689469884633743,13.63494348017155
2.367132705182837,1.8260738011410456,13.590264644086595
2.4791608768428897,2.0541618693841084,10.920587738388022
2.4782669388385825,2.1950364315427446,10.941890644700429
2.4773736453432496,2.3358094370379208,10.963178192101793
2.4764801760780455,2.4764801760780455,10.984469928170682
2.5446447093824,-3.0948381600596755,12.637914808505435
2.545604038349374,-2.9584046932168397,12.616289349466953
2.54837413514225,-2.823874041644115,12.553845061022372
2.5483509869525447,-2.6860996889499797,12.554366873920259
2.5483278391765842,-2.5483278391765842,12.554888677491405
2.5485418665742463,-2.4107828467594223,12.550064012667768
2.54882934134486,-2.2732802233616316,12.54358367683875
2.549116880996254,-2.1357465759698346,12.53710187844922
2.5497398647320146,-1.9984447588440115,12.523058406686005
2.6311622188970687,0.6400124316236113,10.687613167951113
2.6298233416060137,0.7818393718288149,10.71779451033941
2.6284938223110874,0.9235248564876793,10.747764902189445
2.627222285437261,1.0650901157178085,10.776428238258177
2.625951978316083,1.2065184765236057,10.805063852902414
2.5041691809485362,1.28592471454114,13.550325370826151
2.5034657659715327,1.42088597528114,13.566181945886349
2.502762746033589,1.5557714367235822,13.582029615866745
2.4975718161251255,1.6875485244088684,13.699044994294411
2.6203944777435413,1.9121797540290706,10.930342568676963
2.619449769628886,2.053082251871289,10.951638440416595
2.6184985284942313,2.193877145495167,10.973081581300868
2.6175744098598503,2.3345933925777045,10.993913319278654
2.616703403938106,2.4752599766982084,11.013547775790876
2.683916761890198,-3.0968270329502285,12.601051525101703
2.686430617419765,-2.961961962796151,12.54728955078722
2.6862493059986314,-2.8240056806652274,12.55116712443904
2.6861200903829565,-2.6861200903829565,12.553930563518655
2.6860956910052334,-2.548347194030606,12.554452375016183
2.6863505321533783,-2.273065834899012,12.549002275318848
2.771330334445865,0.6395377694875073,10.731601913856728
2.769960805545394,0.7812709964358804,10.760891018462807
2.76862113069721,0.9228737102324034,10.789541656469133
2.7672827510739295,1.064339519643819,10.818164594455645
2.7660384178070876,1.2057090539159099,10.84477623237349
2.764842188661334,1.3469743996042396,10.87035910292903
2.7636469937169683,1.4881176120014443,10.895919855782182
2.762577610051021,1.6292124366967558,10.91878997560601
2.7571048438698122,1.767374899916546,11.035831989915408
2.7592133349050614,1.9102246164727346,10.990739247096208
2.7595893215911054,2.0520023160549243,10.982698297121175
2.7586445228376544,2.1927687232812123,11.002904011299243
2.757726715222781,2.333461066726968,11.022532485901756
2.756809518118356,2.4740598239523703,11.042147903967532
2.755936857099212,2.614606761863355,11.060810861621476
2.9099573721100054,0.780720270566099,10.802649268759772
2.908568827017153,0.9222291402737315,10.830896483531902
2.907310662716169,1.063650242457135,10.856491357916227
2.90605358641093,1.2049490480240441,10.882064099170222
2.9048163683855655,1.346134414617701,10.907232862836828
2.903768710546447,1.4872961688164728,10.928545397907968
2.902721808496173,1.6283561364734627,10.949842557943825
2.9016665719724597,1.7693088853490606,10.971309266424633
2.8957235443175477,1.9069398950383851,11.09220845754858
2.899671652971223,2.050987266735743,11.0118919639337
2.8987070722168657,2.191705347285923,11.03151445935977
2.8977369536521906,2.33232486513469,11.051249610628432
2.896870197516043,2.472937973489305,11.068882056890963
2.896003959744097,2.6134669880617456,11.086503958054891
3.0485269634540373,0.9216476866256393,10.868201844630967
3.0472090882773695,1.0629799145153616,10.89376446220821
3.046011592382319,1.2042371411744053,10.916992101788537
3.0449131924889263,1.3454267594718512,10.938297591806702
3.043815584481832,1.486514587770197,10.959587721730848
3.04271546551688,1.6274989699276337,10.98092655630974
3.0416678184456742,1.7684115223521362,11.001247601816395
3.0385119179975524,1.9079028322310214,11.062462106570301
3.0348862470065767,2.0467837479811797,11.132788676676554
3.038673732062998,2.190671760324487,11.059323424586736
3.0377649440947874,2.3313079803518133,11.076951041906995
3.036853237132446,2.4718572860380377,11.094635278497421
3.036378878779295,2.6126981049961375,11.103836332884697
3.187160187365621,1.0623867291218736,10.926748110446816
3.186011078620986,1.203604185256817,10.948046566228669
3.1848516205059596,1.3447151286580716,10.969536845115769
3.183715239383158,1.4857337783788072,10.990599397470646
3.182655788835484,1.626690736515914,11.010236060012865
3.1815970429979483,1.7675539127766378,11.02985966092119
3.1805390013333126,1.9083234007999874,11.049470210153217
3.175420093886039,2.0463818382821137,11.144347935543614
3.1740473079735265,2.186565923270652,11.169792194141522
3.177874933306923,2.3304416177584097,11.098848073932288
3.177378582772648,2.4712944532676153,11.1080478123869
3.3258586092525637,1.2029701352615656,10.979154708966036
3.3247070068083495,1.3440304921140136,10.999591100792095
3.323600806537387,1.4850131263252155,11.019221783489108
3.3224953421339936,1.6259019759379116,11.038839407445195
3.3214248781397315,1.766715360712623,11.057835912473763
3.320431502116077,1.9074819267475336,11.075464410704214
3.319438720336781,2.0481643168035455,11.09308236344598
3.314137306708698,2.1859203512333965,11.187161502197206
3.314254229614258,2.3270295654738407,11.18508658274608
3.3180497491810312,2.4708881110922576,11.117731111732851
3.463350736899473,1.484293172956917,11.047816419582944
3.4622878893254962,1.6251555398874777,11.065907912492264
3.4612525258102878,1.7659451662297385,11.083531579471966
3.4603983055751946,1.9067500867455152,11.098071876410657
3.459857820988065,2.0476709552786505,11.107271853260634
3.459393385023515,2.1885958150148768,11.115177351814914
3.453784342097326,2.326018026310444,11.210652905235506
3.456260048904915,2.468757177789225,11.168512119245428
3.6001732785629725,2.1883406203029834,11.122043441591515
0.0,0.0,70.0
