-1.7365695486500898,1.8486062937242893,3.2770787612036543
-1.7369737135126775,1.961099353965926,3.2662045851265447
-1.737376032768366,2.0736423616912756,3.2553800656530782
-1.7378278189027314,2.1862995141034367,3.243224625066702
-1.738376961023776,2.299143722644349,3.228449792644689
-1.7389264502942403,2.412059269762979,3.2136656200640843
-1.7397181644053512,2.525397335427123,3.192364315958045
-1.7405462579655575,2.6388927136897165,3.1700842119322914
-1.6233605316293855,1.5114046328963244,3.310794282186947
-1.6235745212358585,1.6235745212358585,3.304639762249181
-1.6239309234699881,1.7359261595713664,3.2943893361094894
-1.6243191282273222,1.8483631459138496,3.2832242428214187
-1.6247038868513062,1.9608495186136452,3.272158263208837
-1.6250801541269924,2.073378127679266,3.261336501870481
-1.6254565957096938,2.1859588700923474,3.2505097273166825
-1.6259409156000237,2.2987440530896888,3.236580282469241
-1.626454775232483,2.4116398391378198,3.2218012499484203
-1.6270523629808702,2.5247364253151434,3.2046141268323396
-1.6278266256370209,2.6382017725841376,3.1823456857015486
-1.6275450960744364,2.7499899899188756,3.190442711227945
-1.6262628069198457,2.859979419065936,3.2273224190697505
-1.511098433543656,1.399165216244126,3.3202531684813508
-1.5112950349834802,1.5112950349834802,3.3141799006954855
-1.5114942377910485,1.6234567739237187,3.3080262733612287
-1.511736895625591,1.7356979171997526,3.3005302651385406
-1.512098232592602,1.8481200620576248,3.289368108017257
-1.5124597423704518,1.960595962332067,3.278200612550023
-1.512812890458547,2.0731139609987497,3.2672914202827386
-1.5131632812524685,2.1856802951424545,3.256467404328994
-1.5135439538172717,2.2983445224632644,3.244707946072495
-1.5140222085397097,2.4112205543410195,3.229934051223019
-1.5126099289934798,2.521016548322466,3.2735611573134804
-1.5119850636316425,2.6319739996550817,3.2928640407305068
-1.5127345827445002,2.7453331316474263,3.2697104448714143
-1.5141564128816147,2.860073224331939,3.2257883089174513
-1.398898292532247,1.2869864291296673,3.3291584293820478
-1.399070465812741,1.399070465812741,3.3234142863378153
-1.3992457897817014,1.5111854529642377,3.3175650282305185
-1.3994302100769274,1.6233390436892359,3.3114122933055796
-1.399614678991672,1.7355222019496732,3.3052579363085783
-1.399906850098778,1.847877042130387,3.295510357428796
-1.4002414933057272,1.960338090628018,3.2843458001642745
-1.4005742308270217,2.072849861623992,3.2732448214699446
-1.4008985840815444,2.1854017911672097,3.262423563458867
-1.3992932450554156,2.2948409218908816,3.3159817983609656
-1.398748099194048,2.4058467306137628,3.334169265072866
-1.3992098163092364,2.5185776693566253,3.3187651957073996
-1.400579212696296,2.6330889198690364,3.273078613509817
-1.4032317525375768,2.750334234973651,3.1845830685849066
-1.403899791712182,2.8639555750928514,3.1622955651635323
-1.2867503103716893,1.1748589790350206,3.3377209603427573
-1.2868992919881066,1.2868992919881066,3.3323183412790556
-1.2870576699562777,1.3989757282133453,3.326574976086164
-1.2872160868918257,1.5110797541773604,3.3208301977934696
-1.2873824345572402,1.623221330528694,3.314797822189121
-1.2875521213455148,1.7353963374656938,3.3086443577601727
-1.2877449691048222,1.8476340861069187,3.3016509916933856
-1.2880527598938585,1.9600802867950018,3.2904893703842006
-1.2868879745565647,2.0702110895040384,3.332728752797415
-1.2860411799735276,2.180678522563808,3.363436625804667
-1.2863369985917565,2.2930355192287832,3.352709159257614
-1.2877650798247409,2.407560801411472,3.300921703332648
-1.2896816950400303,2.523290272904407,3.2314182159298355
-1.290089328748403,2.636269497877171,3.21663592468596
-1.2906353015578547,2.7496143381015163,3.196836950963281
-1.291249575832618,2.8632055811940655,3.174561115950972
-1.1746524435995171,1.062780782304325,3.345923999426617
-1.174785665461231,1.174785665461231,3.340632780823867
-1.1749189175264731,1.2868159572908993,3.335340362617174
-1.1750600428923985,1.3988810034433319,3.3297352378133453
-1.1752046648729395,1.510977426265208,3.3239912367615716
-1.1753509076967579,1.62310363443838,3.3181828601186396
-1.1755058166440233,1.7352704912364154,3.312030288063589
-1.1756607664300631,1.8474669186758137,3.3058760940008582
-1.1736438043615178,1.9560730072691963,3.385984471716256
-1.1737792886988052,2.068087318183609,3.3806033935912936
-1.1748094347119955,2.1817889501794205,3.339688729298082
-1.1767274419546545,2.2974202438162306,3.2635105745117556
-1.177000012183356,2.410047643994491,3.2526848087845224
-1.1773307778819062,2.522851666889799,3.2395476735215496
-1.1777028358038408,2.6358111087038343,3.224770520789157
-1.1780977791133422,2.7488948179311326,3.2090844212302585
-1.0626898644884053,0.9508277734896258,3.349915120421983
-1.0627374081672833,1.0627374081672833,3.347828042404892
-1.0628349933189198,1.1747123610367007,3.343544237920682
-1.062955539681851,1.286735653299083,3.3382524794777027
-1.063077581540072,1.3987862915000948,3.332895071606309
-1.0632084122798446,1.5108751121871478,3.327151848377028
-1.063339275186486,1.6229915252846367,3.3214072130827432
-1.0616811810807654,1.7322166638686172,3.3941944234956694
-1.0614649705740142,1.843597054154867,3.4036856577953927
-1.0620299261725517,1.9563709166336478,3.378885170366587
-1.0640180431072803,2.0720351365773353,3.2916105789219188
-1.0642724145136886,2.184559166633361,3.280444152952853
-1.0645225212277618,2.2971275458072755,3.2694649389503923
-1.0647690695580931,2.4097405258420004,3.2586419312966797
-1.0650189122867069,2.5224132133106214,3.247674305759027
-1.065355419133966,2.635352878910337,3.232902288530127
-0.9508043694603158,0.9508043694603158,3.35106338300357
-0.9508469064471595,1.0627112483821195,3.348976407736224
-0.9508982913292949,1.1746390657597172,3.346455331701236
-0.9510061351417046,1.286655359309365,3.34116423362552
-0.9511140033750024,1.3986970637867682,3.335871937397485
-0.9498272854347274,1.5085492180433906,3.3990016679370214
-0.9494214171223663,1.6196012409734484,3.4189146235210615
-0.949720241850186,1.731842793962104,3.4042535047511038
-0.951587351095274,1.847198975655532,3.3126482664615935
-0.9517127833155388,1.9594086715319916,3.3064942353266886
-0.9518909637683951,2.07176268584886,3.297752238635617
-0.9521184993550024,2.1842718514614763,3.2865887506472546
-0.9523461437732456,2.2968348173354745,3.275419923095626
-0.9525667270047308,2.4094334859531426,3.2645975357414656
-0.9527873688300502,2.5220842116089566,3.2537722736213226
-0.9530470583623554,2.634894808413571,3.241031229383715
-0.8389511150672516,0.8389511150672516,3.3507251315599262
-0.8389243822792308,0.9507809665831283,3.3522115890590314
-0.8389619130670237,1.0626850898848965,3.3501247165293577
-0.8389994472138053,1.1745992260993272,3.3480376572255253
-0.8380124423202183,1.284952411557668,3.4029193562309956
-0.8374704075068877,1.3957840125114795,3.433058813156684
-0.8375650409212119,1.5076170736581813,3.427796790045605
-0.8385606171305354,1.6212171931190351,3.372438489177867
-0.8394679982302438,1.734900529675837,3.3219842141068767
-0.839575015131201,1.8470650332886422,3.3160336161057984
-0.839685674568799,1.959266573993864,3.309880477468056
-0.8397963631809797,2.0714976958464164,3.303725716598578
-0.8399940814829033,2.183984611855549,3.292731732268251
-0.8401948913737013,2.2965327030881166,3.2815658423565566
-0.8403929735923273,2.409126524298005,3.270551622699074
-0.8405876079478144,2.521762823843443,3.2597291189978534
-0.7271083502905427,0.8389711734121647,3.349609801681403
-0.7270767561895007,0.9507926811708857,3.3516368408991184
-0.7268713941754773,1.0623504991795436,3.364812618735094
-0.7256705121185195,1.1722369811145315,3.4418597555433124
-0.7256813409080671,1.2838977569911958,3.441164993534919
-0.7263077109545144,1.396745597989451,3.400977850774659
-0.7273141880582296,1.5105756213517076,3.336403500067192
-0.7274001418047168,1.6226618547951377,3.330888811904096
-0.7274896652428724,1.7347830478868496,3.3251450966514966
-0.7275792107055762,1.846931842560309,3.3193999683305933
-0.7276748131952915,1.9591244970642463,3.313266228500254
-0.7277707294126188,2.071347460635915,3.3071123602866948
-0.7278991492619236,2.1836974477857707,3.2988730984533277
-0.7280731387316534,2.296230668307522,3.2877101450227215
-0.7282472113985496,2.408817699241357,3.2765418537627866
-0.61531424012038,0.7271895565059036,3.3443997093593936
-0.6152602373252455,0.838991232716244,3.34849441846913
-0.6141957982217238,0.9492116881608458,3.4292044721449955
-0.6143905778740529,1.0612200890551824,3.4144354955615057
-0.614282678996218,1.172721478083689,3.4226168224150726
-0.6152634968240311,1.2864600388138836,3.3482472701624957
-0.6153115062978516,1.3984352415860262,3.34460699877809
-0.6153812930846156,1.5104813557531473,3.339315483944638
-0.6154510956908161,1.6225528886394245,3.3340227696178886
-0.6155264968414597,1.73466558200775,3.3283055511358484
-0.615602255817853,1.846806767453559,3.322561200866396
-0.6156801956607201,1.9589824407386547,3.316651488530127
-0.6157613437667487,2.0711972472154274,3.3104985127782953
-0.6158425132666218,2.1834416379452954,3.304343914859146
-0.6159808742094087,2.2959287129623416,3.2938528317318614
-0.5027786985593846,0.7262358979191111,3.405585288059001
-0.5023929789642289,0.837321631607048,3.441331390331655
-0.5024646245446147,0.9490998463620499,3.434691721836664
-0.5033630278242834,1.062655280962376,3.351433272122314
-0.5033624960604572,1.1745124908077333,3.3514825526990677
-0.5033850152377454,1.2864283722742382,3.349395614870275
-0.5034075364301651,1.3983542678615697,3.3473084902915744
-0.5034623673063029,1.5103871019189086,3.3422271044072787
-0.5035194714019107,1.6224516300728231,3.336935050626714
-0.5035784899457341,1.734548132035306,3.331465577646888
-0.5036404661688966,1.8466817092859542,3.3257220052708334
-0.5037024576489658,1.958842890857089,3.319977018979195
-0.5037682027087006,2.071047055580214,3.313884174180231
-0.5038346044858347,2.1832832861052838,3.3077304688815445
-0.39146101936843775,0.5033070249022771,3.3566232759560535
-0.39089529703428444,0.6142640381967327,3.424030242799617
-0.39083867182752635,0.7258432476796918,3.4307772513655124
-0.39113669018935027,0.8381500504057505,3.395267757358525
-0.3915309506475768,0.9508608801441151,3.3482908218002265
-0.3915139374741489,1.0626806874298327,3.350317976020463
-0.3914969257792017,1.1744907773376048,3.352344954076713
-0.39151204135020007,1.2863967072935145,3.350543903045846
-0.39152955697086034,1.3983198463245012,3.348456881215853
-0.39155740810842676,1.5102928598467888,3.3451383615231407
-0.3916018168623228,1.6223503841439086,3.339846968165098
-0.3916462356906604,1.7344333294872103,3.3345543744168538
-0.39169383867813246,1.846556668054053,3.3288823816308764
-0.39174204774407917,1.9587102387203956,3.3231381733618264
-0.27950405644190324,0.3913056790186646,3.375132394607519
-0.2793461668632685,0.5028231003538833,3.401470404845462
-0.27941159069609617,0.6147054995314116,3.390556868982486
-0.2796473469220125,1.1745188570724523,3.351229701568805
-0.279644574754695,1.286365043871597,3.351692134693394
-0.27965708529640304,1.398285426482015,3.3496052156045195
-0.2796695969575367,1.5102158235706982,3.3475181097810562
-0.1680039146315242,0.1680039146315242,3.291314285983951
-0.16780959092179537,0.27968265153632565,3.345340438317443
-0.1677555274668092,0.39142956408922147,3.360371236457482
-0.04911723853161457,-0.04911723853161457,9.033067841091942
-0.04911722942180297,0.04911722942180297,9.033075439260017
-0.055990199350193136,0.1679705980505794,3.3005770088903077
-0.05602769090307166,0.2801384545153583,3.26930664538407
0.055951611391656074,-0.2797580569582804,3.332761845147367
0.055965666269958414,-0.16789699880987521,3.321039173777251
0.04911721024690771,-0.04911721024690771,9.033091432354432
0.04911720113710662,0.04911720113710662,9.033099030513746
0.16661242113448335,-2.1659614747482836,3.678179274034548
0.1666374513113652,-2.0551952328401706,3.6712203488933994
0.16667117473912318,-1.944497038623104,3.6618445138612046
0.1667292585192178,-1.8340218437113958,3.645695979254313
0.16678738279695812,-1.7234696222352341,3.6295361854347306
0.16684727526674337,-1.612856994245186,3.612884796364604
0.16690717821675188,-1.502164603950767,3.5962304935679867
0.16698057091691093,-1.3915047576409245,3.57582575137522
0.16706558930347812,-1.280836184659999,3.5521888194216444
0.16715207480585037,-1.1700645236409524,3.528143997859104
0.16724019091746956,-1.0591878758106406,3.5036458320098802
0.16748199879537415,-0.5024459963861225,3.43641806415107
0.16753928437482526,-0.39092499687459237,3.420491446414829
0.16770395356316345,-0.2795065892719391,3.374709886016433
0.16796473149106955,-0.16796473149106955,3.302208038053948
0.27762889638538946,-2.3876085089143495,3.6879331835722695
0.277647410860878,-2.2767087690591996,3.684844731191909
0.27767287103597665,-2.165848394080618,3.680597646880166
0.2777145836413089,-2.0550879189456857,3.673639448398717
0.2777563087801293,-1.9442941614609048,3.666679159170421
0.27784844085585486,-1.8337997096486423,3.651310345251943
0.27794529118312433,-1.7232608053353706,3.6351544663571573
0.27804410597837453,-1.6126558146745722,3.618670888964239
0.27814391931884197,-1.5019771643217465,3.602020741400054
0.2782517325478164,-1.391258662739082,3.5840361096525513
0.27839337973061623,-1.2806095467608347,3.560407539717673
0.2785351712054949,-1.1698477190630785,3.536754900010216
0.27868258664708406,-1.0589938292589194,3.5121641104002848
0.27882954787628217,-0.9480204627793593,3.487649089252784
0.2788845255058391,-0.8366535765175173,3.4784781143052967
0.27866409674162007,-0.7245266515282122,3.5152484641848787
0.27876656800238386,-0.6132864496052445,3.4981549413670407
0.27901201525191494,-0.5022216274534469,3.4572111867068145
0.27953862618724873,-0.3913540766621482,3.36936571694136
0.38864679172975575,-2.498443661119858,3.6919442234926336
0.3886714460848271,-2.3875531688067952,3.6890066069367435
0.38869736514892267,-2.276655995872261,3.6859182977280938
0.3887232876753785,-2.1657440313342518,3.682829575972171
0.3887801165892761,-2.0549806162576023,3.6760582952862393
0.3888385256838686,-1.944192628419343,3.669098732856277
0.3889407092642236,-1.8335776293884827,3.6569233514065544
0.3890762668776058,-1.723052039029397,3.640771386035901
0.3892131998966038,-1.61245468528593,3.624455538288437
0.3893529037129425,-1.5017897714642068,3.607809544401775
0.389492707882001,-1.3910453852928608,3.5911515932844225
0.38968177927684405,-1.2803829890524876,3.568623352000955
0.3898802170903841,-1.1696406512711521,3.5449790828776173
0.3897877879978682,-1.057995424565642,3.555992197259833
0.3895698510586251,-0.9460982097138038,3.5819598268736286
0.38964874425119794,-0.8349615948239956,3.5725595425028516
0.3900259412734745,-0.7243338909364525,3.527615750046536
0.3908057449300282,-0.6141233134614729,3.4347005581786405
0.49964276356511106,-2.720277268298938,3.696204313987394
0.4996473748274191,-2.609269624098744,3.6957769707667225
0.4996780640356539,-2.4983903201782693,3.692932885088929
0.49970875702090845,-2.3874973946554516,3.6900884493803474
0.49974217137039234,-2.276603225131787,3.6869918144957694
0.4997754987851332,-2.1656938280689104,3.6839032361845483
0.4998340519720938,-2.0548733247741633,3.678476889595558
0.49990914153776356,-1.9440911059801913,3.67151805388238
0.5000060735212833,-1.8333556029113725,3.662534998212138
0.5001803196676663,-1.7228433232997393,3.6463869449437993
0.5003546872998285,-1.6122539924105583,3.6302276331261254
0.5005341417868812,-1.5016024253606435,3.613596903113873
0.5005221672323311,-1.3903393534231419,3.6147066306387217
0.5000920631168617,-1.2780130501875355,3.6545660152604498
0.500191007599085,-1.1671123510645314,3.6453964536792256
0.50039111740411,-1.056381247853121,3.6268515167716373
0.5008315909160473,-0.9460152272858671,3.586031160731025
0.5019738750559692,-0.836623125093282,3.4801713439032724
0.6106919680813804,-2.831390033831854,3.694878964713503
0.6106789972279187,-2.7202973512880018,3.695862466987748
0.6106670880504856,-2.609213921670257,3.6967654687157747
0.6107045954812624,-2.4983369815142553,3.6939215044709286
0.6107421075257716,-2.3874464203280166,3.6910771903943242
0.6107818298832611,-2.2765504568376094,3.6880652814983677
0.610822561498487,-2.165643627131,3.6849768466218933
0.6108763916062099,-2.054766044493615,3.6808952313662076
0.6109681581587108,-1.943989594141352,3.6739371222987316
0.6110599522806244,-1.8331798568418733,3.6669769228074998
0.6107987368657622,-1.7213418948035117,3.686783326090442
0.610406867823532,-1.6092544697165843,3.7164964128491604
0.6104675632416817,-1.4984203825023097,3.7118942421467267
0.6106164909760221,-1.3877647522182321,3.700601942387479
0.6111101446509217,-1.2777757569973818,3.6631711354332737
0.6117500271206914,-1.167886415412229,3.6146526731647555
0.6127640272462697,-1.0584105925162839,3.5377671056466298
0.6130878687548909,-0.9474994335302858,3.5132121400719782
0.6134111688731506,-0.8364697757361146,3.4886982248918343
0.7217321998138789,-2.831410937731371,3.6945370981441954
0.7217168703970777,-2.7203174345736008,3.6955206149405697
0.7217015416352416,-2.609228650527412,3.6965040897151624
0.7217263863702155,-2.498283645127669,3.6949100816413463
0.721770716890779,-2.3873954481771924,3.6920658891889246
0.7218163410454692,-2.2764976909895567,3.68913869873937
0.7218644761756181,-2.1655934285268548,3.68605040714872
0.7211929421069274,-2.0526260659966398,3.7291352188186266
0.7207361451922617,-1.94044346782532,3.7584427550366186
0.7206593219714718,-1.8293659711583516,3.763371639740953
0.720837229590651,-1.7189195474853984,3.7519573025920963
0.7212833480577645,-1.6090166995134747,3.7233348826223605
0.7221559561131757,-1.4998623703889036,3.66734940774937
0.7230728624900555,-1.3905247355577992,3.6085218062788655
0.7233324908861075,-1.2797420992600366,3.5918643631652643
0.7236789779690747,-1.1690198874885052,3.5696341720078664
0.7240474893246786,-1.0582232536283762,3.545990930220647
0.7244256762750516,-0.9473258843596829,3.5217269140038496
0.8328588789859642,-2.9427680390837403,3.6894795481347415
0.8327896903287456,-2.831484947117735,3.6933267337816815
0.8327563831089005,-2.7203375181557417,3.6951787578457242
0.8327386958140668,-2.6092479135507425,3.696162247185633
0.8323310966879681,-2.4969932900639042,3.718826504170366
0.8314591382004836,-2.3835161961747193,3.7673111303017492
0.8312825971108824,-2.2721724321030785,3.777127570933949
0.8311415044305983,-2.1609679115195557,3.784972928197668
0.8313217281755235,-2.050593596166291,3.7749517161582062
0.8316263638523499,-1.940461515655483,3.758012667901653
0.8325949024657538,-1.8317087854246585,3.7041577731575757
0.8333310384120654,-1.722217479384935,3.6632254619855757
0.8336214399988049,-1.6116681173310228,3.647077890096412
0.8339120440521492,-1.5010416792938686,3.6309190601969377
0.8342107633490817,-1.3903512722484694,3.6143089879998342
0.8345102598235611,-1.279582398396127,3.5976557014028003
0.8348665090227528,-1.1688131126318537,3.5778467202639845
0.8352915639842956,-1.0580359810467743,3.55421184407264
0.835722704782822,-0.9471523987538649,3.5302385692819556
0.9440260035404656,-3.0542017761603297,3.6836276541810165
0.9435977565175442,-2.941804770319403,3.704638567540634
0.9426141381875616,-2.8278424145626846,3.7528974424516974
0.9421045068518162,-2.715477696219941,3.777901281982551
0.941870036303371,-2.6039936297799082,3.7894050172453433
0.9418027320143263,-2.493007231802628,3.7927071408099167
0.9420832586735766,-2.3829164778213996,3.7789437729005186
0.942552310523981,-2.2732143959696014,3.7559308685193358
0.9439328628532968,-2.1654930383105047,3.6881973786708855
0.943995811375222,-2.054579118875483,3.685108960376084
0.9440756307929905,-1.9436851222208626,3.6811928120285486
0.9442174500026878,-1.8328926970640411,3.6742347925486882
0.9443593118202233,-1.7220669803780542,3.6672746826174105
0.9446565394561981,-1.6114729202488085,3.652691921329435
0.9449858109288697,-1.5008598173576166,3.6365370060263373
0.9453209395182796,-1.3901778522327641,3.620094725334255
0.9456602841547561,-1.2794227373858467,3.6034455944017836
0.9460147135941745,-1.1686064109104508,3.5860563637822267
0.9464962721324622,-1.0578487747362812,3.5624298487476906
1.0529667887723926,-3.0480617569727153,3.776739843795923
1.0528020698461247,-2.9367636685181377,3.7839706946287492
1.0529263144683796,-2.826275896730914,3.778516589562244
1.0530617446308919,-2.7157908151007217,3.7725714603316263
1.054073470417772,-2.6074449005071205,3.7281586025355864
1.054795519128433,-2.4981999137252364,3.69646202316175
1.0548281011889031,-2.387242544795939,3.695031732032348
1.0548928916309979,-2.2763478187826793,3.692187553571543
1.0549593355681819,-2.165442846692584,3.6892707897884804
1.0550296865313766,-2.05453149482426,3.686182514917256
1.0551000468985825,-1.9436053495500203,3.6830938272276583
1.0552467559228778,-1.8327969971292088,3.6766535771935906
1.0554052908084555,-1.721977053424322,3.6696941941076062
1.0556647461521964,-1.611277770442826,3.6583045928585065
1.0560326663033972,-1.5006779994837751,3.6421535907119917
1.05640340135978,-1.390004475473395,3.6258790195261525
1.0567825742639696,-1.2792631162142791,3.6092340427031218
1.057162019497097,-1.1684422320757386,3.592577111152295
1.1656698854868646,-3.0529449381798837,3.7026873562397
1.1661034550993705,-2.943023005726983,3.6854671224900457
1.166006574193139,-2.8317302516119094,3.689314974837309
1.1659097093805006,-2.720455988554502,3.693162187989792
1.1658599955505038,-2.6093057043273182,3.695136689311937
1.1658352333035136,-2.498218357078958,3.6961201800111
1.1658377490359217,-2.387191581359269,3.6960202617998803
1.165909356462528,-2.276299219760174,3.693176204954554
1.1659809726969084,-2.1653932350085445,3.6903317982878363
1.1660584143945,-2.054483872980786,3.687256019690736
1.1661361775109713,-1.943560295851619,3.6841674751892057
1.1662644682101146,-1.832701307187323,3.679072109270024
1.1664396726808008,-1.7218871358621348,3.6721134529154753
1.1666460698555303,-1.6110826678957324,3.6639159051824493
1.1670526199549252,-1.5004962256563323,3.647768814748545
1.1674594534989111,-1.389832682736799,3.6316104666481124
1.1678771405302963,-1.2791035348665154,3.615021046847481
1.2770916994531372,-2.8318120292221733,3.6879775673816013
1.2769856032928601,-2.7205345461456587,3.691825002735591
1.2769037079836814,-2.6093249684883926,3.6947948265919592
1.2768765870270018,-2.4982368007050035,3.6957783318129884
1.276849467222376,-2.3871533517635726,3.6967617952563288
1.276921081090085,-2.27625062281276,3.6941648141239156
1.2769995145690367,-2.165347002964888,3.6913205289107083
1.27708199532251,-2.0544362533449076,3.6883294746999837
1.2771671605018209,-1.943515244241901,3.6852410733765737
1.2772705886788365,-1.8326056272348525,3.681490388867253
1.277462459253887,-1.7217972276900215,3.674532459080609
1.2776543874815183,-1.6109555320419142,3.6675724386002386
1.2780456816579093,-1.5003144958592847,3.6533826786303507
1.3879195803352107,-2.4982552446033788,3.695436478567302
1.387890101851448,-2.3871709751844907,3.696419956531905
1.3879280658172586,-2.276202027940304,3.6951533810823562
1.388013315958549,-2.165300772895337,3.6923092173148575
1.3881004296732917,-2.054388635916472,3.689402879948453
1.3881929962290875,-1.9434701947207222,3.6863146217932012
1.388285575131452,-1.8325369591735168,3.683225951724687
1.3884736523439607,-1.7217073289065112,3.676951212642585
0.0,0.0,50.0
