-3.760858248253981,-2.45273364016564,9.539168530701744
-3.755943201036534,-2.3406602557184195,9.598581068603096
-3.76295584401105,-2.2359592696297543,9.513813029135818
-3.7617810862711485,-2.1262240922402142,9.528013368554547
-3.7606070616983063,-2.016557409896193,9.542204845532325
-3.7595538458698514,-1.9070200667455768,9.554935999996978
-3.758577767610886,-1.797580671466076,9.56673472419837
-3.654340771680601,-2.4544079809795085,9.508135024121586
-3.6464977541437635,-2.3402896034056995,9.605770553231032
-3.644522702995843,-2.2302303107885013,9.63035741191645
-3.650960913512538,-2.1251862033878957,9.550209932025822
-3.6500129302619713,-2.015678782383477,9.56201111005727
-3.6490654391771566,-1.9062282144955298,9.573806161255085
-3.648118439554238,-1.796834455302834,9.585595094381375
-3.647375532216731,-1.6875916641599797,9.594843339796626
-3.646660891919303,-1.5784054606814895,9.603739696745286
-3.543486482975377,-2.453182949752184,9.530840684963856
-3.5423806550928947,-2.343421048753761,9.545030400207636
-3.533811705146366,-2.2290196909384767,9.65498508809857
-3.535762756788085,-2.121457654072851,9.629949666528475
-3.5395871948070994,-2.0148419416594257,9.580875405228909
-3.5387763357209185,-1.9054949500035714,9.5912801524034
-3.5380829191608822,-1.796257482035525,9.600177905560201
-3.537389774294946,-1.687062815432974,9.60907217240419
-3.53669690096346,-1.577910925045236,9.617962954983959
-3.536048083006536,-1.4688199729411764,9.626288429680017
-3.5355319379567134,-1.3598199761371974,9.632911477803049
-3.5350893700165575,-1.2508777770827817,9.63859040229601
-3.433813409087328,-2.5617338131286416,9.539349736381311
-3.4328155177442548,-2.4520110841030394,9.552560934528678
-3.4319242223137607,-2.3424244691982814,9.564360897141675
-3.4262108994634137,-2.229756299650793,9.640000234810813
-3.4228836274234125,-2.1189279598335413,9.684050371647636
-3.4294879070071858,-2.0141436914169186,9.5966155554149
-3.4288159842519135,-1.9048977690288411,9.605511217975
-3.428144324627517,-1.7956946462334615,9.614403396915208
-3.4274729278024685,-1.6865342978075637,9.623292096624645
-3.4269466337895205,-1.5774833711094618,9.630259763532571
-3.42648237537001,-1.4684924465871474,9.636406134091153
-3.4260703642386057,-1.3595517318407166,9.641860796799364
-3.425658452178344,-1.2506372127000303,9.647314147893333
-3.425246639153496,-1.1417488797178321,9.652766187846076
-3.323319748376015,-2.5605906257979134,9.559636793202628
-3.322457016627333,-2.450992881118524,9.571433083351756
-3.321594732691655,-2.341452024684281,9.583223250471164
-3.320875851446852,-2.2320640968741134,9.593052646177782
-3.3133653246036676,-2.1183811091728364,9.695745463441447
-3.313860534664191,-2.0100465538127064,9.688974365046583
-3.3189245334915864,-1.9043009618394346,9.61973337609026
-3.318348635220242,-1.7951722124961966,9.627607739257641
-3.317864920809146,-1.6861280745095657,9.63422165551993
-3.317465950976592,-1.5771559439069045,9.639676843546496
-3.317067077083923,-1.4682100177256707,9.645130719769355
-3.3166682990965364,-1.3592902865149739,9.6505832846616
-3.316269617003772,-1.2503967408374876,9.656034538369013
-3.3159592252705075,-1.1415597332898468,9.660278581724405
-3.3156840643799117,-1.0327540528396444,9.66404090727707
-3.213023883400076,-2.559527500335654,9.578503068292747
-3.2122467484672583,-2.4500187064580787,9.589489177717219
-3.2116172897850794,-2.340670228148448,9.598387634945915
-3.210988077532871,-2.2313645962516566,9.607282608472488
-3.209943413132524,-2.1218270019011602,9.622050696907863
-3.2029849356211244,-2.0086515697962986,9.7204204807636
-3.2060537376109974,-1.9018962850234733,9.677037802879632
-3.2088510788030504,-1.794781111872893,9.637492679972766
-3.208465245591017,-1.6858037731071445,9.642947081400358
-3.2080795051532305,-1.5768526381261643,9.648400171307934
-3.207693857504075,-1.4679276975018651,9.653851949492129
-3.20734582838796,-1.3590448425372712,9.65877192643704
-3.2070796714785437,-1.2502174990509576,9.662534502030354
-3.206813558738747,-1.1414082158222658,9.666296453211793
-3.206547490157576,-1.0326169883558296,9.670057780136794
-3.206277346633523,-0.9238426253011846,9.673876713233518
-3.1029923772968964,-2.5586077497009496,9.594825006864085
-3.1023843988789945,-2.449250841220259,9.603721376271515
-3.1017766586604187,-2.33993677758593,9.612614260178255
-3.1011691565012103,-2.230665533623678,9.621503660632278
-3.1006618469713425,-2.12150547424355,9.628926971803743
-3.0954537462733573,-2.0093296247739336,9.705135577826773
-3.093347323576994,-1.8994237951788562,9.735958241729413
-3.0994802558137606,-1.794435937576388,9.64621684775473
-3.099107645118323,-1.6854795964678597,9.651669150491422
-3.098735124012118,-1.5765494490587968,9.65712014229522
-3.0984680610100686,-1.4676953973205589,9.661027996671834
-3.09821095195587,-1.3588644526122238,9.664790197856604
-3.0979538855676467,-1.2500515678606292,9.668551774722715
-3.0976968618617446,-1.1412567385806427,9.672312727030956
-3.097436075345953,-1.0324786917819844,9.676128739429828
-3.0971794270866844,-0.9237201800083095,9.679884197937895
-3.0969228213547644,-0.8149796898302012,9.683639034155767
-2.993177170125259,-2.5578059453797666,9.609053864537884
-2.992590891870379,-2.4484834569848557,9.617944659561061
-2.9920415849176503,-2.339232511844709,9.626274792020979
-2.991604846671713,-2.230105431155277,9.63289784206777
-2.9912302073680146,-2.1210541470427744,9.638579173805866
-2.99087054957985,-2.012040187899172,9.644033313792207
-2.9843706505945677,-1.8991449594692704,9.742603010124135
-2.984915192615508,-1.790949115569305,9.734345136922478
-2.989849232254971,-1.6851877490891651,9.65952139119154
-2.9896011280836907,-1.5763351402623098,9.663283842404567
-2.9893530650854387,-1.4675005955873974,9.667045669236686
-2.9891050432938546,-1.358684110588116,9.670806871177746
-2.988853278558435,-1.2498840983062547,9.674624834129723
-2.988605619067414,-1.1411039636439217,9.678380541853635
-2.9883580006156376,-1.0323418547581293,9.682135627225428
-2.988110423192907,-0.9235977671687169,9.685890090399766
-2.9878628867982013,-0.8148716963995094,9.689643931392148
-2.8834307681258946,-2.557004643432397,9.623273807062056
-2.882987717196749,-2.447819759884032,9.630246126607098
-2.8825969976163197,-2.3387107716509767,9.63639490451962
-2.88225038493921,-2.229665392122785,9.641849569399419
-2.8819038556500987,-2.120646233402903,9.64730292199718
-2.8815574096765206,-2.0116532860005902,9.652754963453312
-2.8812231844936385,-1.902694555797686,9.658014685579495
-2.8749777880221226,-1.7900805095232086,9.756298871482983
-2.8769167319273428,-1.6827248809386344,9.725785592765412
-2.88050600931004,-1.5761259296224748,9.669300915267499
-2.8802670302984397,-1.4673058456237333,9.673061742576103
-2.880024606164353,-1.3585021727190345,9.676876785987794
-2.879785976186036,-1.2497184424958268,9.680632120538299
-2.8795473857487344,-1.1409527377494983,9.684386832829418
-2.8793088348679707,-1.0322050540092726,9.688140922616888
-2.879063447437847,-0.9234731812536491,9.692002599599391
-2.878816275403523,-0.8147593232274122,9.695892361007246
-2.878569145805756,-0.7060641301032987,9.699781454588404
-2.7739533254229465,-2.5563883587231078,9.634210424866858
-2.773619760369536,-2.447311553267238,9.63966561471593
-2.773286275547626,-2.3382609774225083,9.64511949244293
-2.7729528709088456,-2.229236621711033,9.65057205883894
-2.7726195464242798,-2.1202384766773905,9.656023314376824
-2.772359826193604,-2.011319873905164,9.660270831170003
-2.772129773573981,-1.90244200147234,9.66403315789605
-2.7683340216100345,-1.7912749551594342,9.726109647539054
-2.76588188856192,-1.6812223244199904,9.766212323691342
-2.771436387660312,-1.5759148086695893,9.675372930330418
-2.7712067473489466,-1.467109454478854,9.67912851408444
-2.7709771450902703,-1.358322129946211,9.682883475517144
-2.7707475809151068,-1.2495528306087735,9.686637814124438
-2.7705147910627743,-1.1408002080846718,9.690444906103728
-2.7702769299211947,-1.0320639542843666,9.694334934965461
-2.770039109619004,-0.9233463698730012,9.698224295931638
-2.7698013301456843,-0.8146474500428484,9.702112989174246
-2.7695635914930037,-0.7059671899884128,9.706001014827933
-2.6646582365190934,-2.5558966758448447,9.642935852643454
-2.6643378757281604,-2.4468409062809635,9.64838894405515
-2.6640175919592615,-2.337811356209148,9.653840724419396
-2.6637283467365465,-2.2288339227795593,9.658764175367523
-2.6635073011146915,-2.1199343825198564,9.662526751863282
-2.6632862922178626,-2.0110529145318554,9.66628870323597
-2.6630653199951433,-1.9021895142822454,9.670050030352257
-2.6628409628380045,-1.7933418729317177,9.673868974871588
-2.658119380556168,-1.6816673632090042,9.754238422442484
-2.6568343439797584,-1.5724121627635304,9.77611195415065
-2.662179124222856,-1.4669150276330025,9.6851346059049
-2.6619585845025524,-1.358142134950282,9.68888857108653
-2.6617301216358933,-1.2493835264821538,9.69277740184026
-2.6615016119099812,-1.1406435479614203,9.696667030219032
-2.661273141415855,-1.0319222385081885,9.700555990805363
-2.6610447101880315,-0.9232195933305415,9.704444283011718
-2.660836079457394,-0.8145416569767534,9.70799553671582
-2.6606521230757676,-0.7058872979588772,9.711126790580735
-2.4859963630701385,2.181588645143183,12.684068086282934
-2.485197386942493,2.282324130865555,12.69766803353965
-2.4843989242168494,2.3829948864937127,12.711259241811668
-2.4836641368762415,2.4836641368762415,12.723766585562494
-2.4830125235490086,2.5843599734897844,12.734858164616618
-2.4823853258099815,2.6850290258761023,12.745534148385296
-2.481758444845565,2.785647234010328,12.756204740105503
-2.555405182083738,-2.555405182083738,9.651657924337997
-2.555098015405497,-2.446370440281859,9.657108918840457
-2.554877609884241,-2.3374412175536676,9.661020245718618
-2.5546656076708736,-2.228538083287358,9.664782447094744
-2.5544536406382203,-2.119653020955119,9.668544024152233
-2.5542417087775253,-2.010786026058903,9.67230497704648
-2.55402667358378,-1.9019347569240919,9.676121001836847
-2.5538150512662177,-1.7931041849315998,9.679876461563921
-2.553603464074373,-1.6842916465171394,9.683631297948338
-2.548042547704538,-1.5721964656049277,9.782315584714866
-2.548776204934475,-1.4641905858134219,9.769296068568174
-2.5529566519091844,-1.3579556659091405,9.695109657439552
-2.5527374916748222,-1.249211964011083,9.698998885397181
-2.55251836914864,-1.1404869308962007,9.70288744418366
-2.5523011839329675,-1.0317813296750293,9.706741623365552
-2.5521247262053266,-0.9231089435210755,9.709873050604976
-2.551948292875415,-0.8144515828325793,9.713004044881139
-2.551771883938174,-0.7058092444935375,9.71613460628381
-2.5515954993885446,-0.5971819253888083,9.719264734902758
-2.387868031298265,1.8798110033624642,12.62478018200133
-2.3869535617620667,1.980663593802566,12.641008401947055
-2.386039792377123,2.0814389678183414,12.657224196975264
-2.385144463120224,2.1821534449823323,12.673112752612887
-2.384377701461262,2.282914820548017,12.686719741533814
-2.3836114326315685,2.3836114326315685,12.700317984683082
-2.3828424639677093,2.4842400156259092,12.713964139218042
-2.3821563882130308,2.5848931021035013,12.726139272238477
-2.381547783204065,2.685575159783307,12.736939605715548
-2.380946244617862,2.786213690510264,12.747614538117695
-2.3760764199671027,2.881624594428188,12.834034678320684
-2.3744614853461337,2.980706970966423,12.862693385024023
-2.4460377048307085,-2.4460377048307085,9.663276090856577
-2.4458347441854436,-2.3371309777772016,9.66703791788018
-2.445631817218814,-2.2282423223549195,9.670799120678332
-2.445425827221203,-2.119369050258376,9.67461709602324
-2.445223196676795,-2.0105168506009203,9.678372804706399
-2.4450205997527155,-1.9016826886965568,9.682127890244814
-2.4448180363978524,-1.792866560025092,9.68588235358584
-2.444615506603863,-1.6840684601048832,9.689636194884095
-2.444404228847003,-1.5752827252569575,9.693552177582148
-2.439094375763526,-1.4634566254581156,9.791969034676498
-2.4409201269910294,-1.3560667372172386,9.758129172288179
-2.4437747911143677,-1.2490404487917879,9.705218655431658
-2.4435913204018695,-1.1403426161875392,9.70861924121229
-2.443422385520375,-1.0316672294419362,9.711750408841397
-2.443253473995504,-0.9230068679538571,9.714881143561072
-2.4430845858224135,-0.8143615286074712,9.71801144546108
-2.4429248664390637,-0.7057338503046183,9.720971806035891
-2.442786201344281,-0.5971255158841576,9.723541930407059
-2.2879727982724853,1.7795343986563776,12.592971333984764
-2.28700852835043,1.8804292344214644,12.610843846392804
-2.2860859054454825,1.9812744513860852,12.627944441298283
-2.285210480236376,2.0820806597709205,12.6441702381983
-2.284335725234752,2.182809693002096,12.66038361296291
-2.283505816063136,2.283505816063136,12.675765780992819
-2.2827717745724505,2.3842282978867813,12.689371064482671
-2.2820382048508807,2.4848860452820705,12.702967603844762
-2.281316840192162,2.58549241888445,12.716337925285671
-2.2806692116153964,2.686121515902578,12.728341566080942
-2.2759141021292404,2.7816727914912938,12.816476383261339
-2.2744659677309054,2.88099022579248,12.843317208024992
-2.276289010429958,2.9844678136748337,12.809527547563782
-2.337014709042079,-2.445713067602176,9.66929316425309
-2.336820820343723,-2.336820820343723,9.67305399284777
-2.3366241360035485,-2.2279439436312907,9.676869048067203
-2.3364305305408473,-2.119088155606815,9.680624382784423
-2.3362369571585893,-2.0102504049969254,9.684379095242328
-2.336043415848802,-1.9014306873187925,9.688133185595554
-2.335844341953721,-1.792624727545879,9.691994590635773
-2.3356438060820426,-1.6838362322917049,9.695884353406171
-2.3354433047896372,-1.5750664148581275,9.699773445447846
-2.332030615593049,-1.4642982935119144,9.765968841177937
-2.3301862222089778,-1.3547594315168476,9.801744249633707
-2.3348904695638746,-1.248894902324863,9.71049670339336
-2.3347290562818244,-1.1402165158585653,9.713627611444437
-2.3345676653123224,-1.0315531544403285,9.716758086702512
-2.3344062966463923,-0.9229048149532249,9.719888129341726
-2.3342709793931804,-0.8142805742069233,9.7225128568248
-2.334138486210392,-0.7056697749008163,9.725082806257923
-2.3340060080673726,-0.5970713043893278,9.727652463967026
-2.189050248097046,1.5781525044420561,12.539336547059996
-2.1879810986177053,1.679148284985681,12.560074671396173
-2.187027490134453,1.7801386547606013,12.57857166519905
-2.1861054509314544,1.8810674810340422,12.596456314636846
-2.185184188798539,1.9819112410033262,12.614325891368424
-2.184318979088623,2.0827227475031056,12.63110822806486
-2.183482586558206,2.183482586558206,12.64733160246179
-2.182646834159505,2.2841652915622728,12.663542560324494
-2.181879909527839,2.384845482507173,12.678418476812581
-2.1811785800100054,2.485529079546285,12.692022055191948
-2.180477701038063,2.5861479709986326,12.705616894403505
-2.175658266641795,2.681625305395701,12.799098705573137
-2.1743756387883026,2.781178142636201,12.823977636365093
-2.1768035784150985,2.8855303248758277,12.776883273196837
-2.1780980451385683,2.988553131701756,12.751774705705493
-2.2278332557216354,-2.3365080486836662,9.679120775557223
-2.227648673505477,-2.227648673505477,9.682875737156806
-2.22746412187309,-2.118807335440257,9.686630076589786
-2.2272769904595164,-2.0099816743171246,9.690436896589397
-2.227085768725994,-1.901170778180727,9.694326926091286
-2.2268945799312787,-1.7923785643349317,9.698216285518036
-2.226703423959742,-1.6836050278719998,9.702104977221865
-2.2265123008029324,-1.5748501639825618,9.705993001374715
-2.2263525445068963,-1.4661346024801512,9.709242928531246
-2.2216665139497667,-1.3546747036279063,9.80457098972088
-2.2223393277842023,-1.2466781594886986,9.79088391756111
-2.2258908656987986,-1.1400904434067016,9.718634874471796
-2.225750824517062,-1.0314455040444919,9.721483736462538
-2.2256244880652014,-0.9228199096855713,9.724053802719382
-2.225498165954563,-0.8142066460809376,9.726623577232317
-2.2253718581827044,-0.7056057111311015,9.729193060051017
-2.225271758927165,-0.5970241304438735,9.731229382230474
-2.089076614332675,1.4776395564792089,12.501851323199318
-2.0880553924455145,1.578773589410023,12.52262607090114
-2.087035168496465,1.6798087941556914,12.543380517517825
-2.0860136050274027,1.780743321364856,12.564162214030603
-2.08513385414221,1.8817061610551653,12.582059012865528
-2.0842548449926865,1.982583876944263,12.599940722549334
-2.083376576381674,2.083376576381674,12.617807367435837
-2.082567248823245,2.184155895107306,12.6342715424069
-2.0817698773270266,2.284869377554054,12.650492494843235
-2.0809731158015987,2.3855057668945157,12.666701038625341
-2.080266741118925,2.4861724467031054,12.681070840134701
-2.0753051284706743,2.581477111024497,12.782005076129387
-2.074313384446659,2.6814294969676324,12.802180154770724
-2.077550937709539,2.7869585749762105,12.736318510936819
-2.07773837212559,2.8885631027111858,12.732505526948657
-2.0772135155210902,2.9891609125791296,12.743182700710022
-2.1187020922857913,-2.2273534816337808,9.688880834320528
-2.118520267277,-2.118520267277,9.692769391692813
-2.1183383922610077,-2.009705654196341,9.69665901853223
-2.1181565484702842,-1.9009097229861527,9.700547977579852
-2.117974735896788,-1.792132468835744,9.704436269007658
-2.1178086098503655,-1.6833863309067003,9.707989084249306
-2.117662195545722,-1.574671888995537,9.711120339006364
-2.1175158014755455,-1.4659724779446084,9.714251161023796
-2.1163957206197788,-1.3566639234742173,9.738205504258566
-2.1128177132022627,-1.2460207026577446,9.814725710219115
-2.1171055572185113,-1.1399799154253523,9.723024752405607
-2.1169853917000494,-1.0313518574948957,9.72559464373034
-2.116865239822217,-0.922736130178915,9.728164243332976
-2.1167451015245407,-0.8141327313555926,9.730733552506827
-2.116722483193322,-0.7055741610644406,9.73121727407623
-2.1167234274512228,-0.5970245564606013,9.731197079928869
-1.9889401358751169,1.3769585556058501,12.464004100353847
-1.9879589681065781,1.4782258993613018,12.484987611836488
-1.9869810120556322,1.5793951634288355,12.505902436683527
-1.9860097910137597,1.680469823165489,12.526673224858392
-1.9850395189587853,1.7814457221424995,12.547423717750313
-1.984093668165717,1.8823452749264495,12.567651931123827
-1.9832569695578601,1.9832569695578601,12.58554578720883
-1.9824209763294685,2.08408359050021,12.603424557863413
-1.9815896544721738,2.1848296190334224,12.621203425349336
-1.9808307112459276,2.285573897591455,12.6374343844302
-1.9800723490681442,2.3862410360564814,12.653652917056093
-1.9748744931491145,2.481252568315554,12.764815628326694
-1.9742769502928394,2.5817467811521744,12.777594836723132
-1.9780303781496318,2.688092565177705,12.697323043195325
-1.9773948562589538,2.7886337716472425,12.710914481192084
-1.9768083485030752,2.8891814324275713,12.723457690034408
-1.9762879438625267,2.9897689407151042,12.734587200298321
-2.009602210680179,-2.118229357203432,9.698990870898378
-2.00942970997057,-2.00942970997057,9.702879429628688
-2.0092586650951536,-1.9006500886035236,9.706735170541762
-2.0091197515234898,-1.791917616223653,9.709866598714285
-2.0089808571510708,-1.6832001776130592,9.712997594092123
-2.0088419819814027,-1.5744977696610996,9.716128156596234
-2.008703126010504,-1.465810389250908,9.719258286316382
-2.0085816933339777,-1.3571497927932281,9.721995655313414
-2.0048847666675864,-1.2462797198203914,9.805332799238585
-1.860193955032243,-1.0557857582615433,13.06699311387932
-1.8605349786989014,-0.9554098539264628,13.059305664017636
-2.0081722535574578,-0.9226737381209941,9.73122536005566
-2.0081731493915562,-0.8141242497533336,9.731205165915519
-2.008174045226454,-0.7055746645390245,9.73118497175735
-2.008174941062151,-0.5970249824779368,9.731164777581178
-1.8887163705049925,1.2761597098006705,12.42403293158646
-1.887693278989081,1.3775059062893293,12.44709574364743
-1.8867616875119813,1.4788132145364177,12.468095936513656
-1.8858310150767665,1.5800205801994527,12.489075412083402
-1.8849048723416149,1.681131372629008,12.509952777900864
-1.8839836331057433,1.7821466799648924,12.530719607680666
-1.883063294065966,1.883063294065966,12.55146614499101
-1.88219049272636,1.9839305193602172,12.57114107430948
-1.881396832250822,2.084791084386046,12.589031988370316
-1.8806038406459924,2.1855666256156128,12.606907824562562
-1.8792030587020676,2.2855172335565688,12.638484638766073
-1.874900748246963,2.3816306802056015,12.735468511577878
-1.8744937504699637,2.4824376695413033,12.744643168091187
-1.877682239831809,2.58815660084925,12.672767358579556
-1.8770786091016107,2.688788277902307,12.686374569536028
-1.8764753660440383,2.7893552738492455,12.699973041468894
-1.8758725105447684,2.8898576513797782,12.713562776955257
-1.8753283047355978,2.9903883778216285,12.725830414897892
-1.9007140627040005,-2.117938527013029,9.705210641701605
-1.900571297733539,-2.009175371889741,9.708612789027008
-1.9004399038905875,-1.9004399038905875,9.711743957757882
-1.9003085282139092,-1.7917194694588285,9.714874693579077
-1.9001771706997366,-1.6830140654769092,9.718004996580362
-1.9000528960752239,-1.5743295424623283,9.720966511439613
-1.899945045420727,-1.4656718921817036,9.72353663641183
-1.7575034855473193,-1.2553596325337995,13.11797695593831
-1.7558423543229222,-1.153839261412206,13.157562388793224
-1.7601221044005622,-1.056073262640337,13.055574203365119
-1.7604448700865376,-0.9556700723326917,13.04788256576154
-1.7607677541707805,-0.8552300520258076,13.040188106679082
-1.7611151832537664,-0.7547636499658998,13.031908730291235
-1.899625452346445,-0.7055751680143939,9.731152669388074
-1.8997859848873442,-0.5970755952503081,9.727327113630977
-1.7885674685551922,1.175344336479126,12.37770960348358
-1.7874900521012949,1.276778608643782,12.403384875892002
-1.786413932942907,1.3780907482702425,12.429029233220675
-1.7854839614022098,1.4794009965904023,12.451190833364343
-1.7846028957829538,1.5806482791220444,12.472186985504273
-1.7837226993202067,1.6817956879304807,12.493162425291004
-1.7828481896259079,1.7828481896259079,12.514002347072143
-1.781976913164913,1.8838041653457651,12.534765219588309
-1.781106488260393,1.9846615154901524,12.555507799167245
-1.7803040745748768,2.085499058787713,12.57462964372916
-1.777249415910558,2.1834778538329713,12.647423402388995
-1.7748156776129835,2.2819058712166926,12.70542037610793
-1.774691749449242,2.3831574921175536,12.708373634666053
-1.7774032005302942,2.488364480742412,12.643758652338377
-1.776722821829767,2.588938968951946,12.659972353562019
-1.7760745711803867,2.6894843506445856,12.675420430256565
-1.7755036405882845,2.7900771494958754,12.689025938531017
-1.7749330767148004,2.890605296364103,12.702622707751608
-1.7743705093671371,2.9910817157903162,12.716028916508762
-2.192803035475497,3.8217424332572945,2.7446115936021585
-1.7917690658419978,-2.0089531950349673,9.713621161167978
-1.7916452076150027,-1.9002297656522755,9.716751637464803
-1.791521366510527,-1.791521366510527,9.719881680995535
-1.7914174727136596,-1.6828467167916192,9.722507562831332
-1.7913157918265983,-1.5741866049385256,9.725077514093421
-1.6590829436049956,-1.3574314993131782,13.067219631435535
-1.659387096541949,-1.2571114367742038,13.059532265139062
-1.6559667228603163,-1.1541586250238567,13.14598109455001
-1.6569766890186253,-1.0544397111936705,13.120454529251212
-1.660300224830478,-0.9559304324781538,13.036453245419892
-1.6606618492253988,-0.8554924677827811,13.027313306764874
-1.6610366557784706,-0.7550166617174866,13.017840193361323
-1.6614116315552356,-0.6544954912187291,13.008362802884122
-1.7915914594227729,-0.5971971531409241,9.718110105495995
-1.6884020586816584,1.0744376737065098,12.326188558908832
-1.6871860825744578,1.17591757270341,12.356921958485508
-1.686165502655808,1.2773981080725818,12.382716783115747
-1.6851498914504464,1.3787590020958198,12.408386025137936
-1.6841355030628804,1.4799978663279858,12.434024360839103
-1.6832943142024357,1.5812764769780454,12.455285134973074
-1.682463755016396,1.682463755016396,12.476277247552822
-1.6816340151269686,1.7835512281649668,12.497248652677868
-1.6808109583459185,1.8845456199636055,12.51805114441806
-1.679989625655939,1.9854422848661095,12.538810060318674
-1.6765842866613176,2.083028962215576,12.624878892918254
-1.6746748224931947,2.182152041430526,12.673139977086578
-1.6748838481019246,2.283932520138988,12.667856922989692
-1.6770197522624606,2.3884826774647165,12.613872641855778
-1.6763541157392683,2.489131868824974,12.630696387913744
-1.6757122204057524,2.589737067899799,12.646920083144707
-1.675070816228138,2.690265250305797,12.663131364570418
-1.6744796392714967,2.7907993987858273,12.678073169365263
-1.673941400594814,2.8913533283001334,12.691676976397446
-1.6734035077712104,2.9918426351061034,12.705272042105847
-2.066446412643324,3.8197948839770537,2.771240793726683
-2.066150188846867,3.944468542344018,2.778727753582828
-2.067169424303484,4.071697350900802,2.752966909792029
-1.6828849665114065,-1.9000314138032013,9.721478442721278
-1.682789443760313,-1.7913565046480755,9.72404851080713
-1.6826939318525969,-1.6826939318525969,9.726618287148689
-1.6825984307864117,-1.5740436933163207,9.72918777179563
-1.5589568687178077,-1.3578011437219617,13.055800846903253
-1.559242743788345,-1.2574538256357621,13.048109292933972
-1.557562672102849,-1.1556110147859848,13.093312122327113
-1.5563182793075552,-1.0542801246922149,13.126792881338375
-1.5582865789114626,-0.9550788709457352,13.073835193902703
-1.560538682034881,-0.8557792772449347,13.013241688195471
-1.5608910091871535,-0.7552698431550744,13.003762221163065
-1.56124349551512,-0.6547150142482762,12.994278471461165
-1.561622871568892,-0.554124244750252,12.984071245672801
-1.5869954798273316,1.0750614540765795,12.301413658936106
-1.5858518730666844,1.1765997767914111,12.332182739648935
-1.5847425791125276,1.278018208961716,12.362028624077254
-1.5837875938778974,1.3794279043452655,12.38772278641963
-1.5828337589216288,1.4807154518944272,12.413386000179877
-1.5819051743625663,1.5819051743625663,12.438369844478174
-1.5811243317118977,1.6831323531126656,12.459378648701104
-1.5803442595652248,1.784259647896222,12.480366722284394
-1.5795653354798196,1.885287658475914,12.501323906937138
-1.5759960417665684,1.9827046977063283,12.59735681801289
-1.574467372076361,2.082360072746155,12.638486131601987
-1.574952857680234,2.1846120283951636,12.625423996745376
-1.5765814936045177,2.288586039103332,12.581605061836534
-1.5759168624627942,2.389293307604882,12.59948716077794
-1.575252791334967,2.48991570243269,12.617354192378578
-1.574639322145368,2.590535659013348,12.633859763750792
-1.5740364193902725,2.691094523473692,12.650081042053685
-1.5734339781105868,2.791576412776848,12.666289904223149
-1.572897441616473,2.8921017474883537,12.68072557849586
-1.572391886778474,2.992616816771935,12.694327682077642
-1.936518465727583,3.810568593851051,2.8973935584679396
-1.9382970914834583,3.9391198955954154,2.8495391024401613
-1.9418203125624762,4.0715587198890635,2.754745789319017
-1.5739901311275761,-1.6825411746536156,9.73072826511197
-1.573973127081096,-1.573973127081096,9.731217315700974
-1.458776247984207,-1.3581709895025376,13.044375841740944
-1.459043825224121,-1.2577964010552767,13.036680096676108
-1.45935979898186,-1.157423288847682,13.0275924273081
-1.4569551651977257,-1.0550364989362842,13.096751704767414
-1.4567243225963766,-0.9544055906665916,13.103390930923787
-1.4603483585503247,-0.8560662791501903,12.999160627866715
-1.460689934717877,-0.7555292765782122,12.989336611793618
-1.4610456430014986,-0.6549514951386028,12.979106144250544
-1.4614015245720031,-0.5543247162169667,12.968870692831885
-1.4866635410307922,0.9740209406753466,12.24231398511931
-1.4854710864547205,1.0756859591568664,12.276609975397868
-1.4844000179355312,1.1772827728454214,12.307414801224269
-1.4833304928357038,1.278733183479055,12.338175237019819
-1.4823268971239556,1.3800974559429933,12.36703948850947
-1.4814337337449082,1.4814337337449082,12.392727613809711
-1.4805416461214451,1.5826479665436137,12.418384799480215
-1.4797043333799125,1.6838014828116246,12.442466613764765
-1.4789740082549194,1.784968630652489,12.463471374775835
-1.4752435132963224,1.8822072411022046,12.570763527786589
-1.4741923293677839,1.9825345119083992,12.600996456166051
-1.4749910586770054,2.0853321864054215,12.578024333643363
-1.476073326064444,2.1886604489921067,12.54689741900593
-1.4753674963451477,2.2893633563976428,12.567197671675558
-1.4747453224899847,2.3901044881734235,12.585091911771926
-1.4741236728563056,2.490760688619275,12.602971074820275
-1.4735040692427899,2.591334742461458,12.620791392618628
-1.4729397157229875,2.69192430804546,12.637022671542951
-1.4723757940854987,2.7924368508518076,12.65324152917097
-1.4718123040826596,2.8928724597486757,12.669447972625697
-1.810589267578759,3.683612647832647,2.9259393478043876
-1.8144446643010979,3.816590500771275,2.81505491567372
-1.8159952652731977,3.94509316249005,2.77045833570147
-1.8178752948830015,4.074548074737763,2.7163871127676344
-1.4654243019265794,-1.5739742502174372,9.731185013361063
-1.3585565028743796,-1.3585565028743796,13.032466844816412
-1.3588630875247258,-1.2582065625228944,13.022996056188141
-1.359169810579863,-1.157811320123587,13.013520992060371
-1.3594766721335345,-1.057370744992749,13.004041649537257
-1.356721188441391,-0.9547297251994974,13.089162035008101
-1.3578118262955763,-0.8549185572972146,13.055470848657762
-1.3604446408237334,-0.7558025782354074,12.974139869218838
-1.3607760571707495,-0.6551884719711016,12.96390199799145
-1.3611076350316307,-0.5545253327906643,12.953659137395945
-1.361469259169609,-0.4538230863898696,12.942488109199324
-1.385076486928158,0.9746834537642592,12.213230907483592
-1.3839072654542977,1.0763723175755648,12.249349641497346
-1.3828303122594046,1.1779665622950481,12.28261809136869
-1.3818333908833218,1.2794753619290016,12.313414256868874
-1.3808379057164115,1.3808379057164115,12.344166056046461
-1.37993528432901,1.4821527127978256,12.372049175314743
-1.3791039137842684,1.5834156047152708,12.397731265700287
-1.3781096980196355,1.6843562975795545,12.428443851431801
-1.37441761609459,1.7816524653078019,12.542496944014388
-1.3737298311372572,1.8825186574843895,12.56374349352442
-1.3761641818971246,1.9877927071847357,12.488543311559276
-1.3754881898634057,2.0887042883110976,12.509425562704308
-1.3748159176637091,2.189521646649611,12.53019290345928
-1.3741443026407265,2.290240504401211,12.55093994319219
-1.3735050622472793,2.3909162194674862,12.570686889564584
-1.3729258920390304,2.4916062485152772,12.588578191741384
-1.3723472099147462,2.5922113965056317,12.606454416385574
-1.3717806475066965,2.692754604364997,12.623956247626303
-1.3712552932140456,2.793297819510093,12.640185107926484
-1.3707303410940874,2.893764053420851,12.65640154460219
-1.6873272812994047,3.687122577654254,2.876320586037224
-1.6886006275779826,3.814986603046553,2.836985304765392
-1.6900288092626221,3.943400554946118,2.7928669614539956
-1.2586284280899607,-1.2586284280899607,13.008921536868364
-1.258912621419516,-1.1581996117059548,12.999440117146918
-1.259206425881245,-1.0577333977402457,12.98963804535994
-1.2577237885722388,-0.9558700793149014,13.039102635691272
-1.2569709391283237,-0.85474023860726,13.06421962762061
-1.260126796188982,-0.7560760777133891,12.958932126961152
-1.2604338853696457,-0.6554256203922157,12.948686842814823
-1.2607979445168858,-0.5547510955874296,12.936540894196625
-1.26116545003086,-0.4540195620111096,12.92427996592859
-1.2844462468620026,0.8734234478661617,12.147572762592752
-1.2833511430627813,0.9753468687277137,12.184108239252978
-1.2822670569553507,1.0771043278424945,12.220276137404603
-1.2811848007424755,1.1786900166830774,12.256382985571875
-1.2802184023917662,1.2802184023917662,12.288624517755338
-1.279295586516201,1.381639233437497,12.31941202658087
-1.2783740997537185,1.4829139557143134,12.350155192778743
-1.275876800189302,1.5820872322347341,12.433471523170624
-1.273878269765832,1.681519316090898,12.500147633410911
-1.2735033992226155,1.7829047589116616,12.512654277979244
-1.2753616640996575,1.8875352628674928,12.450657786786394
-1.2747323157872426,1.9885824126280984,12.471654463627189
-1.274103588333352,2.0895298848666974,12.492630427032303
-1.2734787921735413,2.190383522538491,12.513475232365273
-1.2728564367208337,2.291141586097501,12.534238609437772
-1.2722346894030425,2.39180121607772,12.554981697566838
-1.2716593789169415,2.492452382677205,12.574175533669191
-1.2711231982442448,2.593091324418259,12.592063898650586
-1.270587469515665,2.6936454353732096,12.609937185614939
-1.2700724178375573,2.7941593192426257,12.627120633044939
-1.5605677840491397,3.5580945476320385,2.9354487753877976
-1.5617283248881344,3.6856788467359967,2.89673015093733
-1.5629379050234373,3.8135684882571868,2.8563754495533615
-1.5641954205255297,3.9417724597243344,2.8144215011612133
-1.158326530515719,-1.2590505766475208,12.994837576258547
-1.1586067922455527,-1.1586067922455527,12.984674259462572
-1.1588889683738868,-1.0581160146022446,12.974441519565381
-1.1591712819824516,-0.9575762764202861,12.964203794131507
-1.1569822627119721,-0.8551608028740665,13.043585650268604
-1.1573826992163743,-0.7548148038367658,13.029064356000823
-1.1600981546358347,-0.6557076526202544,12.930591997003674
-1.1604363553635806,-0.5549913003912778,12.91832759993899
-1.1607747533385795,-0.45421620782813976,12.906056049966502
-1.1825124027894347,0.8740309064095821,12.117769265680387
-1.1814917310005442,0.9760149082178408,12.154782563005611
-1.1804885091330284,1.0778373344258085,12.191163062270604
-1.1794914784203587,1.1794914784203587,12.227319047585475
-1.1784961303005945,1.2809740546745594,12.263414015919011
-1.177635344677809,1.3824414915782977,12.294629255270415
-1.1748771303455332,1.4813668165226288,12.394652209052843
-1.1732461615835297,1.5813317830038875,12.45379710986549
-1.1732117504780757,1.6833038159033262,12.455044982581597
-1.174516360600461,1.7873075052615712,12.407735041345894
-1.1738093410913941,1.8883019834948516,12.433374158237989
-1.1732198244448047,1.9893727457977124,12.454752190976706
-1.1726409354254523,2.090359928367111,12.475744827027604
-1.1720626174013895,2.1912475020982503,12.496716756698
-1.1714888371964507,2.2920433771234907,12.517524128426984
-1.1709163794023483,2.3927421666047985,12.538283544695652
-1.1703444808075423,2.4933425895465033,12.55902268234972
-1.1698304421198769,2.5939718499179882,12.57766360785616
-1.1693372369793134,2.694559719995809,12.595549032640811
-1.4341259910874407,3.429431717817793,2.9933390069928763
-1.4351968293836552,3.5567921423855804,2.954506488374804
-1.43626374516793,3.68432873760469,2.915816214406064
-1.4373685709737818,3.812151427365248,2.875751184207637
-1.4384532971022086,3.94011120510605,2.8364150419286887
-1.0579833829113616,-1.2595040272754305,12.979709298149814
-1.0582410828866171,-1.1590259479234377,12.969474139404404
-1.0584989084318164,-1.0584989084318164,12.95923399335426
-1.0587568596387618,-0.9579228730064988,12.948988856353232
-1.0589375631002211,-0.8572351701287505,12.941811794686664
-1.056964543627069,-0.7549746740193349,13.020174889194003
-1.0581169460316735,-0.6550247761148456,12.974404525661697
-1.0599878162934013,-0.5552317132965435,12.900098526594938
-1.0603233679525412,-0.45442430055108907,12.886771305685528
-1.0804366718009464,0.8746392105055281,12.087924283760763
-1.0795034569971167,0.9766936039497723,12.124989097799983
-1.078571339360975,1.078571339360975,12.162010335251942
-1.0776597672044292,1.1802940307477081,12.198215560808862
-1.0767497345493664,1.2818449220825792,12.23435964145471
-1.0737989793689222,1.380598687760043,12.351555802070251
-1.0725824856005421,1.4811853372578918,12.399871704389675
-1.0727361840509582,1.583562938360938,12.393767210055245
-1.0735517215593728,1.687009848164729,12.361376225720932
-1.072904776295963,1.7881746271599384,12.387071173747302
-1.0722586104069662,1.889217551669417,12.412735167091448
-1.0716266117245095,1.990163707488375,12.43783647661008
-1.0710976405661212,2.0911906315814752,12.458845806442078
-1.0705691914111646,2.1921178681276228,12.479834403683867
-1.0700414100586975,2.2929458786972092,12.500796477583975
-1.0695183194316773,2.393683857775659,12.521572248324645
-1.0689957401583825,2.4943233937028926,12.54232770945314
-1.0684736713124876,2.594864630330327,12.563062897760652
-1.0680182478345517,2.6954746254872015,12.581151109016538
-1.3089204211975651,3.42812491266029,3.0131564515149734
-1.3099176227094405,3.5554906902113386,2.9735502553363347
-1.3108910502019622,3.682979617234084,2.93488830007918
-1.3118925213857202,3.8107354192632825,2.895112523870637
-0.957802727514869,-1.1594454069916835,12.954263017300583
-0.9580545068262556,-1.058902349650072,12.943210379424187
-0.9583337224365676,-0.9583337224365676,12.930953339664967
-0.9586131008409218,-0.8577064586471406,12.918689153553693
-0.9573356370100065,-0.7557912923763209,12.974767411316584
-0.9569933799726004,-0.6547849441917792,12.989791851070052
-0.9594966861889248,-0.5554980814777986,12.879901419841246
-0.9598193439495682,-0.45465126818663765,12.865737351448331
-0.9601422187887138,-0.35373660692215775,12.851563753717755
-0.9782187574407606,0.8752483619206806,12.058037730155917
-0.9773732442418251,0.9773732442418251,12.095154168182852
-0.9765291914114149,1.0793217378757742,12.132206498780214
-0.9756893844950714,1.1810976759677179,12.169072441741605
-0.9726350401723873,1.2797829475952465,12.303152408687808
-0.9717264824817643,1.3808744751056652,12.343036381238882
-0.9725028279241368,1.4843464215684194,12.308956277539025
-0.9725557369939002,1.5868014656216265,12.3066336689607
-0.9718549877666403,1.6879586629631123,12.33739524110264
-0.9711945493737814,1.7890425909517027,12.36638724348655
-0.9706093555238222,1.8901340081253382,12.392076152060774
-0.9700248665250697,1.9911036733935643,12.417734118993685
-0.969473607592388,2.0920219953309425,12.441933348570991
-0.9689951067720411,2.1929889258525144,12.462938633960512
-0.9685170780796152,2.2938562375569833,12.483923193822932
-0.9680404153117899,2.394626290508112,12.504847792166302
-0.9675672331874503,2.495304969799214,12.52561959681183
-0.9670945134411807,2.595885272921064,12.546371103930369
-1.182894143242891,3.299652083782801,3.0731735289466826
-1.1838096766867354,3.4268174851458126,3.0329833339588106
-1.1847255497571412,3.5541766492714233,2.99277823000412
-1.1856101390886336,3.6816314845383884,2.9539464233061636
-0.8575777718573163,-1.0593607770002142,12.925002862340456
-0.8578278127381981,-0.9587487318838684,12.912735206050101
-0.8580779994686537,-0.8580779994686537,12.900460394000106
-0.8583485096751979,-0.7573663320663512,12.887188459325998
-0.8567708823565086,-0.6551777335667419,12.964590960995778
-0.8571134776619417,-0.5546028384871388,12.947782343785171
-0.8592148739111923,-0.45487846265886656,12.844682375393006
-0.8595231764744709,-0.35392130796007626,12.82955624935154
-0.8766847717862358,0.773545386870208,11.98756372422308
-0.8758881833810301,0.8758881833810301,12.026646424321903
-0.8751007962107916,0.97805383105912,12.065277687889129
-0.8731987151235083,1.0786572363290396,12.158598735762972
-0.8715112651719744,1.179103476409142,12.24138942158843
-0.8709057846609595,1.2807438009719994,12.271095871083602
-0.8721038923329127,1.3851061819405086,12.212313590895924
-0.8713676841709695,1.4864507553504775,12.248433879134502
-0.8706868770321627,1.5877231287057085,12.281836049009492
-0.8700591626692705,1.68893837459329,12.312633349136284
-0.8694323526628962,1.7900077848941982,12.343386279178937
-0.868861432999134,1.891051354174586,12.371397083571175
-0.8683379615552747,1.992069441215042,12.39707995482182
-0.8678151205020818,2.092965878857962,12.422731897465923
-0.8673402672944818,2.193860676097807,12.446029431527833
-0.8669122173842941,2.294767634252543,12.467030674023789
-0.8664845897682187,2.3955750423003694,12.488011197671675
-0.8660588656877887,2.4962873187471555,12.508898328907286
-1.0573145046425534,3.1719435139276597,3.12539898265576
-1.0579980366109094,3.2984644670810708,3.0918631255523294
-1.0587943259399488,3.425511054511599,3.052795098908504
-1.0596141308141633,3.5528238503769005,3.012573338424538
-0.7572348165230528,-0.9591641009292002,12.894501286758505
-0.7574898792161272,-0.8584885297782775,12.880318708698567
-0.757744604002032,-0.757744604002032,12.866154919724373
-0.7579995001606369,-0.6569329001392187,12.851981601694142
-0.7565198969478898,-0.5547812577617859,12.93425387683395
-0.7573247509431689,-0.4543948505659013,12.889500547849195
-0.815442045367069,-0.38053962117129886,9.657930086233861
-0.7741121813828683,0.7741121813828683,11.956047521979407
-0.7734082793484854,0.8765293832616168,11.995187489604042
-0.7713600387505715,0.9770560490840572,12.109078438591126
-0.7701775332947978,1.0782485466127167,12.174830806099926
-0.7699284299264835,1.1805569258872746,12.18868202018195
-0.7706846308029361,1.2844743846715603,12.146634012964547
-0.7700272055656046,1.3860489700180882,12.183189671632775
-0.7693767259183918,1.4874616701088907,12.219359125745399
-0.7687273443017464,1.5887031782236092,12.25546752465607
-0.7681451018895025,1.6899192241569054,12.287842696273373
-0.7675913918947864,1.791046581087835,12.318631343283926
-0.7670384795980857,1.892028249675278,12.349375634868615
-0.766552363986931,1.9930361463660207,12.376405744675168
-0.7660905859263122,2.0939809348652534,12.40208258244455
-0.7656293638892804,2.1948041764826036,12.427728502921276
-0.7652265851565399,2.2956797554696196,12.450124725391603
-0.931653553712681,2.9191811349664003,3.196072537768835
-0.9321068976557665,3.0448825323421707,3.170864673054041
-0.9326276597467426,3.170934043138925,3.1419080705932956
-0.9332303922429612,3.297414052591796,3.108393562556678
-0.9338742598958011,3.4242056196179376,3.0725917636475515
-0.9345970656981982,3.551468849653153,3.0324006655645377
-0.6570401535205895,-0.7581232540622187,12.845100354780882
-0.6572738480789647,-0.6572738480789647,12.830106795250074
-0.6565648578023746,-0.5555548796789322,12.875594751806382
-0.6563235475233854,-0.4543778405931129,12.891076926738378
-0.6577180688654268,-0.35415588323522984,12.801606128170157
-0.6714253909328829,0.7747216049225573,11.922160963270962
-0.6692841574279909,0.8752177443289111,12.059539908883416
-0.6685494685163401,0.9771107616777278,12.106676658707826
-0.668580472374778,1.0800146092207952,12.104687488739962
-0.6689691518953452,1.1835608071994568,12.079750281940846
-0.6683912275005457,1.2853677451933572,12.116829210427582
-0.667814300787009,1.386998932403788,12.153844128894086
-0.6672469479545005,1.4884739608215778,12.190244798761334
-0.6666833845939266,1.5897834555701327,12.226402340703658
-0.6661207724123356,1.6909219607390058,12.262498856155673
-0.665632159649563,1.7920865836719004,12.293847658614219
-0.6651524125306085,1.8931260972025012,12.324627652114224
-0.6646733564585965,1.9940200693757892,12.35536330888025
-0.6642673338292873,2.0949969759231366,12.381413228509217
-0.663867220176902,2.195868497508214,12.407084035342876
-0.8069632606041758,2.793334363629839,3.226215573167657
-0.8072396172024876,2.91848169296284,3.208484868878571
-0.8076323269979097,3.044152617145967,3.1832890845311326
-0.8080254190609005,3.1699458747773788,3.158068774359954
-0.8085421884874305,3.2963643069102937,3.124913474492253
-0.555898331332204,-0.45482590745362145,12.849552866198358
-0.5559663890446888,-0.3537967930284383,12.844392456730567
-0.5983101565047364,-0.27195916204760745,9.633717714294384
-0.5683799288041469,0.6717217340412646,11.903147948727721
-0.5672007631238273,0.7734555860779464,11.992557032851415
-0.5667107628642195,0.8758257244265211,12.029710823165289
-0.567480916248754,0.9801943098842114,11.971314696229733
-0.5669650872791265,1.0823878938965144,12.010426923212421
-0.5664501952146069,1.1843958627214508,12.049468110281893
-0.5659554336728494,1.286262349256476,12.086982920156771
-0.5654665854505652,1.3879634370150238,12.124049358367628
-0.5649785809920618,1.4894889862517993,12.16105181901527
-0.5645005559167047,1.590865203037986,12.19729760269874
-0.5640238516558291,1.6920715549674874,12.233443236916315
-0.5635544497717789,1.7931277947283877,12.269035175555075
-0.563148038235471,1.8942252195193117,12.299850932700203
-0.5627422124437192,1.995176935027732,12.330622276337394
-0.6823339531889833,2.5432447346134834,3.262695531815183
-0.6824956774342881,2.6679376481522175,3.2504329491309676
-0.6827063243652368,2.792889508766878,3.2344608516692404
-0.6829270419935847,2.9179609976089527,3.2177251534294626
-0.6832174197950909,3.043423051814496,3.1957075407090016
-0.4551991875450978,-0.35404381253507605,12.81495958005518
-0.45561192888260177,-0.2531177382681121,12.776709270120556
-0.49014847704164,-0.16338282568054668,9.57607596514557
-0.46572299163227787,0.5692169897727841,11.83967861968376
-0.46491798681304286,0.6715482031743952,11.914281478754802
-0.464729246595764,0.7745487443262733,11.931772752712732
-0.5564258634579134,1.0510266309760588,3.4338984274894813
-0.4646498267293575,0.9809274119841992,11.939132893868901
-0.4642202411172591,1.083180562606938,11.978944226810704
-0.46379834881848864,1.185262446980582,12.018042591138816
-0.4633769518059543,1.2871581994609842,12.057095055407203
-0.46297642799087824,1.3889292839726348,12.094213121059418
-0.4625765959708241,1.4905245870171,12.131267075435161
-0.46217857460231254,1.5919484236301875,12.168153229844208
-0.5577394432257328,2.04504462516102,3.312163993166074
-0.5578146927943597,2.169279360866955,3.3051903293701628
-0.5579368802160747,2.2937405075549737,3.2938667561633324
-0.5580733611131489,2.4183178981569786,3.2812185522184336
-0.5582080559782749,2.5429478105676973,3.268735866648747
-0.5583403449167803,2.6676260923801727,3.256476147451842
-0.35479386154384634,-0.35479386154384634,12.725589714994257
-0.3544729468897123,-0.2531949620640802,12.763827348803083
-0.35499854234069383,-0.15214223243172595,12.70120158171106
-0.36280790711330435,0.46646730914567697,11.770699884116702
-0.36228573899801053,0.5693061612825879,11.832917277190035
-0.36227714877360156,0.6728004191509743,11.833940819901642
-0.43344263002681255,0.9288056357717412,3.3544289717059996
-0.2535832561684067,-0.2535832561684067,12.699054903506074
-0.25356775152774835,-0.15214065091664905,12.70164127676722
-0.272595993368434,-0.0545191986736868,9.527486068147681
-0.2605511626812277,0.2605511626812277,11.536718575430065
-0.25956604235962605,0.3633924593034765,11.701049301626895
-0.2592677657468816,0.4666819783443869,11.750805672808163
-0.25957455663887874,0.5710640246055332,11.699629010458438
-0.15230412613129277,-0.15230412613129277,12.656191666622284
-0.1523979022115418,-0.0507993007371806,12.630119908297772
-0.15630791998713667,0.15630791998713667,11.543051241969167
-0.15603435549664812,0.2600572591610802,11.619108028126618
-0.15588218945220236,0.36372510872180547,11.661413446794697
-0.05071416300349824,-0.05071416300349824,12.701130247319249
-0.05071410957210641,0.05071410957210641,12.701174812532386
-0.05211286569150404,0.15633859707451214,11.53452235479422
-0.05210795269106251,0.26053976345531255,11.538620112766814
0.052161626330450184,-0.2608081316522509,11.493852849597062
0.05216052218408271,-0.15648156655224812,11.494773778596375
0.05071413913505428,-0.05071413913505428,12.701150155134783
0.05071408570371275,0.05071408570371275,12.701194720305978
0.1845813154966857,-3.26093657377478,3.6824418756931365
0.1845604404758665,-3.1375274880897304,3.6882455784750334
0.18454477624192944,-3.0142313452848475,3.6926005709257907
0.18453572458030082,-2.8910596850913794,3.6951171266806284
0.18453171958586834,-2.767975793788025,3.6962306008912904
0.18453493163980603,-2.6450006868372196,3.6953375811173075
0.18454651609913997,-2.5221357200215793,3.692116853365924
0.18455845648819677,-2.399259934346558,3.6887971695300976
0.18457103539039765,-2.276376103148238,3.6852999653678182
0.18458758054410881,-2.153521773014603,3.680700058356841
0.18461592549932684,-2.0307751804925953,3.6728195538593127
0.18464983928613,-1.9080483392900096,3.663390794936433
0.18540829305416232,-0.5562248791624869,3.452524406749397
0.15604643544795715,-0.3641083493785667,11.615749542996248
0.15616139043347402,-0.26026898405579,11.583789595506076
0.15642093985761463,-0.15642093985761463,11.511629297896185
0.15237569833018974,0.05079189944339657,12.63629306276254
0.152290837857597,0.152290837857597,12.659886091249817
0.30780875643639,-3.632143325949402,3.6535447845629108
0.3077549948893974,-3.5084069417391306,3.662512901314777
0.3077015870957634,-3.3847174580533976,3.6714220074615014
0.3076495999503026,-3.261085759473208,3.6800941312408355
0.30760780419054967,-3.137599602743607,3.687066200948003
0.3075816959339072,-3.014300620152291,3.691421393587632
0.3075613484794246,-2.8910766757065915,3.694815610413798
0.3075546734102473,-2.7679920606922255,3.6959290977120247
0.30755299172738393,-2.644955728855502,3.696209624019424
0.307572298503242,-2.522092847726585,3.6929890057581787
0.30759175108752845,-2.399215658482722,3.689744064777777
0.3076127151507419,-2.27633409211549,3.686246989693281
0.3076336820725128,-2.1534357745075896,3.6827494377646843
0.3076804155972365,-2.0306907429417613,3.674953685421343
0.3077276677694485,-1.9079115401705806,3.6670714160135347
0.3078296937572301,-1.7854122237919348,3.650052170449868
0.30793941515251033,-1.662872841823556,3.631749232046957
0.30805176125932954,-1.5402588062966478,3.6130084580377826
0.3085156007864906,-0.8021405620448756,3.5356340656252385
0.2594220105663245,-0.5707284232459139,11.725075655230278
0.2595170969739342,-0.4671307745530816,11.709214020797084
0.25987510686085963,-0.36382514960520346,11.649493372045825
0.26059586644498295,-0.26059586644498295,11.52926141329408
0.25407937459856506,0.05081587491971301,12.616295975363158
0.25345546213373615,0.1520732772802417,12.720372590351559
0.2536236630886624,0.2536236630886624,12.692314510070474
0.43104618957501717,-3.756259652010864,3.639969726109001
0.4309526442068375,-3.6323151440290586,3.651115847007155
0.4308773709205886,-3.508572877496221,3.6600848121762226
0.43080193416898804,-3.3848723398991916,3.6690732545744495
0.43072914550486585,-3.2612349588225555,3.6777461719631788
0.4306608244115341,-3.1376717207126053,3.6858867692047994
0.4306242711720058,-3.0143698982040403,3.690242162047113
0.4305884184180974,-2.8910936665215115,3.694514090602958
0.43057907321140804,-2.768008327787623,3.695627590988977
0.43056972841148533,-2.6449283316705525,3.6967410429079166
0.43059389849325885,-2.5220499768890874,3.6938611285005223
0.43062093045222916,-2.3991737553767054,3.690640215603821
0.4306498534711762,-2.27629208263336,3.687193979064304
0.43067920607775406,-2.1533960303887705,3.683696556284751
0.43073467232987955,-2.0306063124122895,3.6770876395207495
0.4308008198706251,-1.9078322022841965,3.669206025490972
0.43091999539633646,-1.7852399809276798,3.65500601918891
0.43107357570765936,-1.662712363443829,3.636706612698873
0.4312296162665295,-1.5401057723804625,3.6181140627092105
0.43138790259252163,-1.417417394232571,3.5992539249988837
0.43157658257967274,-1.294729747739018,3.5767723207380655
0.4315675824585906,-1.1713977238161746,3.5778447034720386
0.43132869798206674,-1.047512552242162,3.606308274761986
0.36265672536112903,-0.7771215543452765,11.788713497405425
0.362394594192156,-0.6730185320711469,11.819946959386513
0.3626903371121654,-0.5699419583191171,11.784708588900173
0.3633982426986629,-0.46722631204113796,11.7003601983265
0.35465863856532587,0.15199655938513967,12.741701807940458
0.35432929654042744,0.25309235467173385,12.780943580117885
0.554731589996971,-4.006394816644791,3.5909131946241786
0.554491139188211,-3.881437974317477,3.6131966858168028
0.554263777051907,-3.7566767111295927,3.6342671999398064
0.5541081831404466,-3.63248697836515,3.648686679639347
0.5540113940448081,-3.5087388289504515,3.657656493346046
0.5539146387443008,-3.3850339034373937,3.6666231751293736
0.5538199537060803,-3.261384171824695,3.6753979978307
0.5537263913384087,-3.1377828842509827,3.684068778381288
0.5536725023461805,-3.014439179440316,3.68906287630049
0.5536255111409779,-2.891155447069551,3.6934177300548257
0.553604919014844,-2.76802459507422,3.69532608072209
0.5535929041302926,-2.6449438752891763,3.6964395457815797
0.5536113162824661,-2.5220071075090122,3.6947332215944897
0.5536460704779874,-2.399132972071279,3.691512418080457
0.5536824506031311,-2.2762500747017613,3.6881409334828064
0.553720188275221,-2.1533562877369707,3.684643639845156
0.5537786969736281,-2.030521888903303,3.679221416179651
0.46318153923873456,-1.5954030796000855,12.075204681417716
0.4635362878312286,-1.493616927456181,12.042328779784434
0.4638915802408327,-1.391674740722498,12.009402480550733
0.4642510855559442,-1.2895863487665118,11.976085755336541
0.4646097026318518,-1.1873359067258435,11.942851346628494
0.4649688741733559,-1.084927373071164,11.90956555348427
0.4653558806353584,-0.982417970230201,11.873700192365327
0.46506897031411915,-0.8784636105933362,11.9002892633249
0.46505087389036476,-0.7750847898172746,11.90196632775828
0.46563923251546907,-0.6725900025223442,11.847440895682482
0.4883180520140824,0.16277268400469416,9.745708415918656
0.4551166767647684,0.25284259820264915,12.822606167963315
0.45500979045358575,0.35389650368612224,12.83251172904724
0.6783824198662348,-4.131965648276157,3.562316680198208
0.678085604145779,-4.00686947904324,3.5848224418247483
0.6777866781652995,-3.881869156764897,3.607488211853102
0.6775087293790326,-3.7570938629200903,3.6285634066524324
0.6772848336497895,-3.632709562303417,3.6455400812834284
0.6771570659148167,-3.5089047961040505,3.6552279447916263
0.6770387982556756,-3.385193991278378,3.6641954743438703
0.6769220260999345,-3.2615333984815025,3.6730496088138693
0.676807661631654,-3.1379264312013047,3.6817211827376397
0.6767263898464223,-3.014508463861336,3.6878835363440317
0.6766689535113282,-2.891221892275675,3.692238590262157
0.6766322108460495,-2.7680408625520205,3.695024566911293
0.6766175258138469,-2.644959419090493,3.6961380451115673
0.6766245520841253,-2.5219642395862856,3.695605285041566
0.6766670279916943,-2.3990921901523707,3.692384590904645
0.564783809586215,-1.8997273595172688,12.175820170317287
0.5651213303762106,-1.7981133239243068,12.150227986614965
0.5654588520644298,-1.6963765561932898,12.124635734805715
0.5657967771667989,-1.5945181901973422,12.099012894513216
0.5661852784908232,-1.492670279657625,12.069555161692797
0.5666189742862383,-1.3907920277934942,12.036670602293263
0.5670533350005716,-1.2887575795467539,12.003735626067247
0.5674933137820317,-1.1865769288169754,11.970374665397543
0.5679317399585752,-1.084233321739098,11.937131429476722
0.5672085948662033,-0.9797239365870786,11.991963198647603
0.5674459550937233,-0.8769619305993905,11.973965591607175
0.5683957352035122,-0.7750850934593349,11.901949443959367
0.5562347256580702,0.25283396620821375,12.824046095536616
0.5553163576673211,0.35338313669738625,12.893680449988942
0.5560015502915265,0.4549103593294308,12.841726389587599
0.8018292604639201,-4.1325046500832805,3.5556067976329615
0.8014688507854802,-4.007344253927401,3.5787302456359384
0.8011096135758926,-3.8823004350216332,3.601778469458864
0.8007810556677925,-3.757511107364257,3.622858346494368
0.8004755206675902,-3.632927363029832,3.6424611016724455
0.8003143881836873,-3.509070778959244,3.652799166480378
0.8001746040983129,-3.3853540942620928,3.661767543921826
0.8000353642326994,-3.261682638794851,3.6707010048832274
0.7999001938572585,-3.138069991286168,3.6793733722890636
0.7997859340627588,-3.0145777514673213,3.686704142173994
0.7997180516375963,-2.891288340535925,3.6910593962708163
0.7996609487305192,-2.768057130221028,3.694723049556522
0.7996435934880369,-2.644974963075814,3.695836540872449
0.6663590633409991,-2.1015939689985355,12.247210399079869
0.6667488033945232,-2.0002464101835695,12.222205149772051
0.6671440976902159,-1.898794739579845,12.196843547020741
0.6675398609586766,-1.797222702581052,12.171451855545214
0.6679392193519491,-1.6955380183549478,12.145829505220547
0.6683381905395861,-1.593729531286705,12.120231997539996
0.6687376386183107,-1.4917993476870008,12.094603893105457
0.6692161348556047,-1.3899104339308712,12.0639041546562
0.6697288194281134,-1.2879400373617564,12.031010934069982
0.6697646806403025,-1.1849682811328428,12.028710122174559
0.6692523097527827,-1.0810998849852642,12.061583217112208
0.6698065763667368,-0.9789480731513845,12.026022143161498
0.6713149277420641,-0.8778733670473146,11.929248147666776
0.6723861557862313,-0.7758301797533438,11.860519455124859
0.655916075630066,0.35318557918542015,12.917219829389133
0.6554582163640232,0.45377876517509297,12.946595524783469
0.6565350870684958,0.555529689057958,12.877504805997596
0.6561470267143732,0.6561470267143732,12.90240228782831
0.9257163065539523,-4.2582950101481805,3.5262089064977715
0.9252937919980838,-4.1329789375914405,3.5497025252541548
0.9248813403085998,-4.007819141337266,3.5726366055445737
0.9244767537808639,-3.8828023658796282,3.595133349158658
0.9240807650392541,-3.7579284444929666,3.6171520190434734
0.9237018867170977,-3.633227421087251,3.638219276330034
0.9234833625048058,-3.509236777518262,3.650370158379694
0.9233220579212809,-3.38551421237803,3.659339384022587
0.9231599696509291,-3.261831892766616,3.668352186009251
0.9230039895603136,-3.138213564505066,3.6770253470438377
0.9228511353852523,-3.014647042258491,3.685524693786647
0.9227728059094984,-2.8913547918497615,3.6898801480903813
0.7676846931641113,-2.303054079492334,12.313443393139814
0.7681054625224389,-2.201902325897658,12.29004681484065
0.7685266933825978,-2.100639628579101,12.266624575063247
0.7689483865205685,-1.9992658049534782,12.243176630659775
0.7694039330604103,-1.8978630348823455,12.217846292132549
0.7698601348461441,-1.796340314641003,12.192479519127595
0.7703168777838186,-1.6946971311244012,12.167082655757206
0.7707782187783334,-1.5929416521418889,12.141430120734974
0.7712386647005837,-1.4910614184211284,12.115827355563873
0.7716996610178513,-1.3890593898321322,12.090193986072698
0.7714204186583787,-1.2857006977639647,12.10572105713559
0.7710411669788138,-1.1822631227008475,12.126809074693
0.7718992577061164,-1.080658960788563,12.079095555417446
0.7740600196862982,-0.9804760249359776,11.958947935695058
0.7746581912397965,-0.8779459500717695,11.925687035606273
0.7577720918847859,0.35362697621290007,12.864626475724357
0.7555162921720847,0.4533097753032508,12.990058600380998
0.7554068054178991,0.5539649906397927,12.996146532798903
0.7564739409160471,0.6556107487939076,12.936809229014543
0.7560596496023072,0.7560596496023072,12.95984560029192
0.7556458118226173,0.8563985867322996,12.982856753133824
1.049290634471839,-4.258885516385699,3.5190709335210357
1.0487866668307566,-4.13345333398004,3.543796897453241
1.0483230831125896,-4.008294141312843,3.566541521037294
1.0478644430936541,-3.8832623479353066,3.5890435938721907
1.0474078666185371,-3.758345874337104,3.611444423877458
1.0469783757598197,-3.633630833519374,3.6325163630580306
1.0462453327412833,-3.5079990568384205,3.668481361124506
1.0453518344474801,-3.382020640859494,3.712318712543791
1.0446746608615902,-3.2569268838626044,3.7455426108571857
1.0443400730659116,-3.1330202191977348,3.7619583588015146
1.0440061180740634,-3.009194105037006,3.7783430597432
0.8692457349768486,-2.4032087967006994,12.352542228486342
0.869679478039904,-2.3020927359879813,12.33126166509556
0.8701246144423024,-2.2009034365305293,12.309422114828052
0.8706015762578464,-2.099686154504218,12.286021126973239
0.8710790612567114,-1.9983578464124556,12.262594470383242
0.8715634634953685,-1.896932244078155,12.238828436008504
0.8720799850153677,-1.7954587926786982,12.213486546108022
0.8725971191188399,-1.6938649959365717,12.188114601268246
0.8731170121715834,-1.5921545516070048,12.162607295197688
0.873638335157591,-1.4903242187982435,12.137029832880124
0.8729304415298896,-1.3864189365474717,12.171760936386683
0.8726026954698566,-1.283239258043907,12.187841010976186
0.8736601779615174,-1.1820108290067588,12.13595816807858
0.8760300285955245,-1.0821547412062362,12.01968712897903
0.8767074578660035,-0.9798495117325922,11.986450686114331
0.8773845192015947,-0.8773845192015947,11.953232295092697
0.8580463682498154,0.3533132104558064,12.902012303909338
0.8563516147435025,0.45336261957008955,12.985161321138087
0.8549829483046189,0.5532242606676945,13.052311658271613
0.8559933941716982,0.6545831837783574,13.00273655457805
0.8561684633095739,0.7554427617437417,12.994147207096411
0.8557141217522586,0.8557141217522586,13.01643838621846
0.8552602621486096,0.9558791165190342,13.038705919439465
1.171463979574208,-4.37757592367204,3.574936200399499
1.170730378884799,-4.251599797002691,3.6071398898974962
1.1701105482004657,-4.12617930154901,3.6343492903080516
1.1695626652667057,-4.001135433807151,3.6584003198869297
1.168976378522402,-3.87607957089007,3.6841372044658556
1.1684584934028905,-3.751366741977702,3.706871386460442
1.1680391003642647,-3.627068785341664,3.7252819514837725
1.1677760969744873,-3.503328290923462,3.736827305275817
1.1677217813149405,-3.3802472617011436,3.739211660498178
1.1676829274954963,-3.2572207977505947,3.740917270041983
1.1683310294780889,-3.136046447546449,3.712466812849442
0.9706464842884097,-2.503246196322741,12.390446269178327
0.9711088909819018,-2.402216730323652,12.370147485665726
0.9715932623871764,-2.3011419372327864,12.348884492647365
0.972078117224826,-2.1999662652982908,12.327600277857641
0.9725838382024348,-2.098733545594728,12.305400078797504
0.9731170136509146,-1.997450712230825,12.281994680140329
0.9736507740057915,-1.8960567704323308,12.258563605193224
0.9741995592575213,-1.7945781354743815,12.234472965553799
0.9747769656563493,-1.693033677192607,12.20912591142686
0.9753550567775854,-1.5913687768476392,12.18374879927498
0.9742817075513793,-1.4870615536310527,12.230866810071149
0.9741661370666679,-1.384341352673686,12.235940136825754
0.9755288808195183,-1.283590632657261,12.17611825100191
0.9777227608457519,-1.1835591315501208,12.079811047122924
0.9784715137231162,-1.0814685151676546,12.046942205092812
0.979221414101157,-0.979221414101157,12.014022989942802
0.9799795477943473,-0.8768238059212581,11.980742347754294
0.9582091941469117,0.35302443994886223,12.936419897196451
0.9576844153521429,0.4536399862194361,12.959456698559713
0.9551483567504399,0.5529806275923599,13.070784897860818
0.9545279353291242,0.6530980610146639,13.098020230513036
0.9561369607709976,0.7548449690297351,13.02738704208705
0.955629970383492,0.8550373419220718,13.0496429658524
0.9551235173730237,0.9551235173730237,13.071875299777261
0.9546263589351184,1.0551133440861833,13.093699619460637
1.296730032408892,-4.384182490525301,3.4973263250143347
1.2965421364707947,-4.260067019832611,3.504789052754745
1.2958574854405944,-4.134402453548563,3.531981573717758
1.2953082827808267,-4.009287541940654,3.5537944450637795
1.294727546359656,-3.8841826390789675,3.5768597536810063
1.2941442829213248,-3.759181012295277,3.6000254287098414
1.293613499511412,-3.634437927198729,3.621106736360325
1.2930996408909516,-3.5098418824182973,3.6415158363142197
1.2928343237981492,-3.3859946575665814,3.6520535267428187
1.2926085121354836,-3.2622976734847917,3.6610221663853153
1.0719421833152771,-2.603288159479959,12.425302810963252
1.0724220887062381,-2.502318206981222,12.406242243128936
1.0729024239953941,-2.40125780608493,12.387164600879814
1.073422897652738,-2.3001919235415813,12.36649276922585
1.0739583473425038,-2.1990575683679845,12.345226129329987
1.0744943315686646,-2.0978222663959647,12.32393825906788
1.0750623699006956,-1.9965444012441493,12.301377284833997
1.0756517801668108,-1.8951959936272385,12.277967474127273
1.0762418371242097,-1.7937363952070167,12.254531978559918
1.0768565652989472,-1.6922031740412031,12.230116607749459
1.0754845776084987,-1.5876200907554026,12.28460831576983
1.075598305834324,-1.4853500413902572,12.280091332623051
1.0773305872595937,-1.3851393264766205,12.21128971414494
1.0794219447851885,-1.285026124744272,12.128226546418084
1.0800669663366598,-1.1829304869401511,12.102608003121873
1.0807831588061965,-1.0807831588061965,12.074162739940526
1.0816109455665468,-0.9786003793221137,12.041285247844812
1.0824400012418043,-0.8762609533862225,12.008357357818348
1.058208423220126,0.35273614107337536,12.970771294636094
1.0576293512557127,0.453269721966734,12.993770495450555
1.0570680961826278,0.5537023360956622,13.016062056650703
1.054029621913462,0.6524945278511908,13.136742186549434
1.0538733613482183,0.7527666866772987,13.142948441281632
1.0553878980676088,0.8543616317690167,13.082795064342669
1.0548536017907473,0.9543913540011524,13.10401589374063
1.0543255863994476,1.0543255863994476,13.124987263041739
1.0537980993483211,1.1541598230957804,13.14593764807406
1.4194920891698888,-4.135042172799241,3.524017887900648
1.4188338029976126,-4.009747704123688,3.5478897555125
1.4182029811051213,-3.8846429482444633,3.5707656677500808
1.4175825696219584,-3.759675510736499,3.593264060416793
1.4169721524683148,-3.6348416085056767,3.6154000220904265
1.4163911663334794,-3.5101868035221013,3.6364687072295183
1.4160283860752254,-3.3861548362668437,3.649624448094144
1.1731349580727197,-2.703310990341485,12.457829756455723
1.173597710034018,-2.6023253570319533,12.441048675487487
1.1741222617290243,-2.501390905422704,12.422026509830467
1.17464795331242,-2.4003675567688583,12.40296300764556
1.1751741158867945,-2.2992537049959028,12.383882425602721
1.1757544488713654,-2.1981496218029877,12.362837426084411
1.1763409943611691,-2.0969556856003453,12.341567138372746
1.1769281255786466,-1.9956607346768358,12.320275610030379
1.1775602149953286,-1.8943359980359638,12.297353732723266
1.1782058812727638,-1.7929219932411624,12.27393950871933
1.1766005926521024,-1.6881660677182342,12.332153153552142
1.176825635780042,-1.5861562917035346,12.323992265501658
1.1789764544507684,-1.4865355295248819,12.245995703023155
1.1809338181486793,-1.3863136126093194,12.175014526397177
1.1816396971792043,-1.2843909751947873,12.149416767434076
1.182345451010704,-1.182345451010704,12.123823548646165
1.1830520483444138,-1.08017795718403,12.098199741378757
1.1838706858392347,-0.9779801317802373,12.068512947516922
1.1580537124595056,0.35245112987898003,13.004730958186244
1.1574393246942238,0.4529110400977398,13.027010908780426
1.1568255884914143,0.5532644118871982,13.049267231332983
1.15461498224966,0.6526084682280687,13.129431910111848
1.152761528243041,0.7518009966802442,13.196644940757274
1.1540429441703974,0.8529882630824677,13.150176105983192
1.1544534919316787,0.9536789715957346,13.135288140507996
1.1538760521423148,1.0535390041299397,13.156228222171634
1.1532998540479569,1.1532998540479569,13.177123275426588
1.152734648334766,1.252972443842137,13.1976197046803
1.2305576009918189,1.4445676185556138,10.375474410987323
1.5423876815185402,-4.010207971948205,3.5419837103953284
1.5417076850491573,-3.885103366323876,3.5646701398952914
1.5410331649923512,-3.7601209225813372,3.587173862199805
1.5403582116514003,-3.635245379497304,3.6096920399767356
1.5397265647041134,-3.510576567525378,3.630765405183311
1.2742282262678144,-2.8033020977891914,12.488472185275889
1.274730493116668,-2.702428645407336,12.471715272600996
1.2752331560821046,-2.6014756384074933,12.454945144459053
1.2757470871851229,-2.5004642908828405,12.43779908229341
1.276318067722433,-2.399477967318174,12.418749704408704
1.2768895595911152,-2.2984012072640074,12.399683267195549
1.2774615635697146,-2.197233889339909,12.380599744679657
1.2781035491509132,-2.0960898206074976,12.359181456080208
1.278741207983508,-1.9948362844542726,12.337907518931942
1.2793795037434934,-1.8934816655403703,12.31661233224932
1.2775723251269093,-1.788601255177673,12.376904454524869
1.27791298536387,-1.6868451406803084,12.365539153678135
1.2804550670844188,-1.587764283184679,12.28072877548793
1.2822333337854133,-1.4873906671910795,12.221401229006915
1.2829935433773203,-1.3856330268475059,12.196038683628345
1.283754654720348,-1.283754654720348,12.170646053515298
1.2845228189909876,-1.1817609934717084,12.145018119614306
1.2852901002157762,-1.0796436841812518,12.119419646391925
1.286058298625279,-0.977404306955212,12.093790573530733
1.257758215894112,0.35217230045035136,13.037954051771038
1.2570914590415845,0.45255292525497043,13.060198773632912
1.2564254087305036,0.5528271798414215,13.08241992345664
1.255788720220651,0.6530101345147385,13.103661488144937
1.2525790837320843,0.7515474502392505,13.21074320870806
1.251740992165229,0.8511838746723556,13.238704096892135
1.2539048051523363,0.9529676519157755,13.166513735627959
1.253284734345826,1.0527591768504938,13.187200891032823
1.2526706762703348,1.1524570221687078,13.207687446280907
1.2520572196266693,1.2520572196266693,13.228153936217872
1.336342668422974,1.4432500818968117,10.41617478914197
1.3355122436101832,1.5491942025878125,10.44387989471037
1.665263922579303,-3.8856158193517065,3.557885715379655
1.6645130144152938,-3.7605664399752934,3.5810822207902717
1.6637716861948224,-3.6356492402035006,3.6039827895967065
1.6630893559399609,-3.5109664180954723,3.6250608364303147
1.3757812515871204,-2.802517364344134,12.50037251442808
1.376259729420427,-2.701546876269727,12.485591727400937
1.376802251143603,-2.6006264743823615,12.468832543401874
1.37734520075969,-2.4996264754527706,12.452060141248182
1.377912851040671,-2.3985890369967233,12.434524704233077
1.378529604926971,-2.297549341544952,12.415472394581528
1.3791469112044175,-2.196419154881109,12.396403020866984
1.379782100004526,-2.0952246703772435,12.376781233350634
1.3804702030060585,-1.9940125154531956,12.355524859051961
1.3784320702467823,-1.8889624666344795,12.41848536453599
1.378829166627466,-1.7873711419244929,12.406218553779958
1.3817721672293684,-1.688832648835895,12.315305533177018
1.383372109208508,-1.5883161253875462,12.265881296559805
1.3841311833443484,-1.4866594191476334,12.242432533924081
1.3849531090004963,-1.3849531090004963,12.217042208124234
1.3857743025133649,-1.2831243541790416,12.191674499158715
1.3865964704402731,-1.181174771115788,12.166276689307857
1.38742706499023,-1.0791099394368455,12.14061857038525
1.3882558989159934,-0.9769208177556991,12.11501483937662
1.3565972563925213,0.45219908546417376,13.09299045315555
1.3559180222161906,0.5524110460880776,13.113972858197215
1.3552394678766821,0.6525227067554396,13.134934262217328
1.354561592347661,0.7525342179709228,13.155874696920698
1.350781995709395,0.8504923676688783,13.272631229971815
1.350513071355945,0.9503610502134427,13.280938644272041
1.35255857834133,1.05199000537659,13.217750339592271
1.3518963641035984,1.1516154212734355,13.238206977147676
1.3512347979672412,1.2511433314511493,13.258643594029763
1.4419321342999136,1.4419321342999136,10.456887861695513
1.441053974989995,1.5477987138781428,10.484015316370062
1.4401768846546703,1.6535364231220286,10.511109749063849
1.439300861343248,1.7591454971973033,10.538171220036197
1.7880221282905053,-3.7610120629558907,3.574989135675146
1.787212585311651,-3.636053190806462,3.5982722683747
1.4768506457096329,-2.9027754070844507,12.524541056315329
1.4773102134738287,-2.8017952324503645,12.511323503303693
1.4777700673751577,-2.7007521920994257,12.498097720748945
1.4783050602276475,-2.5997778645382765,12.482710879156592
1.4788878477340062,-2.4988105013436654,12.465949423371512
1.4794710947393368,-2.3977634983706495,12.449174752011935
1.4800943356562515,-2.296698107052804,12.431249822327722
1.480756876975225,-2.195605024480506,12.412194580232452
1.4814200117923244,-2.0944213959822515,12.393122268635025
1.4791545232347723,-1.9892078071088317,12.458279613078247
1.4796359255247593,-1.8878113532557275,12.444434080855245
1.4828971652098477,-1.7897034752532646,12.350638101720925
1.4843560162430902,-1.6890947771042062,12.308680326676125
1.4851696852840284,-1.5875951808208577,12.285278524982424
1.4859842469596272,-1.4859842469596272,12.261851050369799
1.4868126620514097,-1.3842738577720022,12.238025139928851
1.4876938198292,-1.2824946722665518,12.212682305755216
1.4885760223230076,-1.1805947763251439,12.187309424675746
1.4894630925098418,-1.0785767221622993,12.161796544676328
1.4559980494758644,0.45186146363044066,13.12427915289927
1.4552695903775492,0.5519988101432083,13.145230245423441
1.4545418598341886,0.6520360061325673,13.166160384098184
1.4538223299470345,0.7519770672139834,13.18685466504619
1.4514527548859049,0.8508516149331166,13.255005624329307
1.44874147267146,0.9491754476123359,13.332984366945524
1.4499314860597472,1.0499503864570583,13.298758587268026
1.4509814250505069,1.1507783715917812,13.26856146433962
1.4502910445406694,1.2502509004660942,13.288417384832542
1.5473588126521798,1.4406444117796156,10.496667243304557
1.5464172879108096,1.5464172879108096,10.523746281806325
1.5454769083192554,1.6520615226861004,10.550792384842246
1.544576475055,1.757621506097069,10.576689598117348
1.5436869933185342,1.8630705091775412,10.602271836299778
1.578308787277218,-2.9020516411226267,12.53513171080457
1.5787868663790041,-2.8010734726079107,12.522268850093901
1.579278181041054,-2.7000562450056735,12.509049882689872
1.5797698017719128,-2.598976125495728,12.495822680413333
1.5803642215006217,-2.4979950597913056,12.479829640463485
1.58098728570235,-2.396980723484208,12.46306591243043
1.581610840977563,-2.29588670464485,12.44628897191891
1.582291544660692,-2.1947914974325733,12.42797443646105
1.5797949099683708,-2.089406171248491,12.49514713690489
1.5803338400704434,-1.9881619278305582,12.480647061896704
1.5844658743244533,-1.8911366887098315,12.369473448863943
1.5852561896221409,-1.7898053753798369,12.348209780249931
1.5860472940507473,-1.6883729259249893,12.326924879833378
1.5868748904948475,-1.5868748904948475,12.304658150864611
1.5877448386372301,-1.485309687757409,12.281251936831907
1.5886157411966393,-1.3836330649132023,12.257820043924667
1.5895133539301278,-1.2818656080081678,12.233669505823663
1.590455472880914,-1.1800153508471298,12.208321514682517
1.5913987092188484,-1.0780442868901878,12.182943459907143
1.6618229354885745,0.4824647232063604,10.288158664295949
1.5544733786299065,0.5515873279009346,13.176430483887714
1.553711554318953,0.6515564582627869,13.196927594012756
1.5529504762916992,0.7514276498185641,13.217404625152454
1.552190143520105,0.8512010464465093,13.237861604966533
1.5483948266741363,0.9490161840905997,13.339975735787448
1.5470885163927675,1.0480277046531652,13.375122403214192
1.5499486102468276,1.149961872118614,13.298170725705688
1.5492116639082363,1.2493642450872875,13.317998486570197
1.6525973557736762,1.4393589872867505,10.536375635932075
1.6516064137195843,1.5450511612215467,10.563037227217919
1.6506550040698729,1.6506550040698729,10.588635187382458
1.649704689910206,1.7561372505495743,10.614203673060878
1.648755469349587,1.8614981105559856,10.639742735130987
1.6478655246588532,1.9668072391089542,10.663686962256449
1.679787774718788,-3.003256930557833,12.543911776931068
1.67997778805246,-2.901779815726976,12.53910925188633
1.6802112507175917,-2.800352084529319,12.533208559157885
1.6807339936994934,-2.699360656547671,12.519996400758096
1.6812570620515146,-2.598306368625068,12.50677601873464
1.6817804564296237,-2.49718916257732,12.493547396508134
1.6824372160512597,-2.396198459224521,12.476948011242222
1.6831005677565536,-2.2951371378498457,12.46018201321155
1.68029310951783,-2.189472839674748,12.531139604676213
1.6809708798202927,-2.0884789718979393,12.51400918130404
1.6852586401997696,-1.991669302054273,12.405637435962028
1.6860134743842377,-1.8903787440065696,12.386559248102891
1.6868340836368443,-1.7890664523421076,12.365818616845964
1.6876755315046412,-1.6876755315046412,12.344551296385632
1.6885178194416453,-1.5861834061421514,12.32326274345003
1.6894130842613282,-1.4846357407145003,12.300635217080625
1.6903393327151914,-1.3830049085851566,12.277224589461134
1.691266597397097,-1.2812625737856795,12.253788277009278
1.6922349694282286,-1.1794364938439168,12.229312989710941
1.767425245362615,0.48202506691707675,10.328903285204305
1.7663147522003575,0.5887715840667858,10.356970637745789
1.6527428730035707,0.6510805257286794,13.227462848373847
1.6519338760458355,0.7508790345662888,13.247909982664687
1.6511300701944818,0.8505821573729148,13.268225913434577
1.6503444521560204,0.9501983209383147,13.288082153164702
1.6460331702370887,1.047475653787238,13.397048397746005
1.6452121567617435,1.1466630183490938,13.417799245600833
1.6479920773407761,1.248478846470285,13.34753765950476
1.7576887449131537,1.4381089731107621,10.574990158967552
1.7566764986192438,1.5437460139381234,10.600574353950101
1.7556654175519018,1.6492614528517862,10.626129098211145
1.7546554995929997,1.7546554995929997,10.651654445285644
1.7537663934319583,1.860055265761168,10.674126313566248
1.7528822332839233,1.965352807015308,10.696473172981023
1.7519989641841551,2.070544230399456,10.718797511441423
1.7814262530840894,-3.0029756837703214,12.547887673332582
1.781627744631678,-2.9015080412573035,12.543086047783227
1.781829281767183,-2.8000174427770013,12.538283335855276
1.7821375457307929,-2.6986654263923433,12.530937280195225
1.7826920294216266,-2.5976369571572273,12.517723708268889
1.7832468584082415,-2.4965456017715377,12.504501907803629
1.7828388864293019,-2.3940979332050625,12.51422404603197
1.7807117377108193,-2.2894865199139103,12.564914865355092
1.7816122352985313,-2.1888378890810527,12.54345564150158
1.785931901554773,-2.0920916561070197,12.440516237298787
1.7867331503570516,-1.9909312246835718,12.42142215237832
1.7875331386524367,-1.889677889432576,12.40235810584992
1.7883338436687943,-1.7883338436687943,12.383276979569175
1.789219847093475,-1.686978712973848,12.36216315751718
1.7901124450600099,-1.5855281656245799,12.340892184850034
1.7910059340615951,-1.4839763453653216,12.319599978455145
1.7919706030493547,-1.3823773223523592,12.29661152403245
1.7929531729885178,-1.2806808378489412,12.273196482655386
1.7939368210406188,-1.1788727681124065,12.249755749408408
1.8728198038113426,0.48158223526577376,10.369942178990982
1.871654797535389,0.5882343649396936,10.397704752492096
1.8704912397659714,0.6947538890559323,10.425432807493173
1.7507888817252926,0.7503380921679825,13.277988696636676
1.74995604023748,0.8499786481153474,13.297835648105881
1.7491239907299612,0.9495244521105503,13.317663726362497
1.7482927320735882,1.0489756392441527,13.33747295831457
1.7488937407038776,1.1492730296054052,13.323150678153844
1.8637140220776423,1.3312243014840301,10.586936662097955
1.8626410046887045,1.4368944893312863,10.61250710299877
1.861569222032371,1.5424430696839644,10.638048119719315
1.8605556535677508,1.6479207217314362,10.66220186856878
1.8596174034752313,1.7533535518480754,10.684560749970231
1.8586800991964307,1.8586800991964307,10.706897092245988
1.8577437393019125,1.9639005244048788,10.729210929460102
1.8568224609929989,2.0690307422493417,10.75116536635381
1.8559329250157315,2.1740928550184284,10.772363370571043
1.8830502837733365,-3.0027018038547797,12.55175942660766
1.883258662360494,-2.9012363176904907,12.54706209883355
1.8834716759960641,-2.799755194048203,12.542260286515528
1.8836847378491746,-2.6982511109731417,12.537457387264354
1.8840747441074948,-2.5969678905265465,12.528665758267003
1.8832921057610188,-2.494089545467295,12.546308208444486
1.8811308377500748,-2.3895445776825275,12.59502811001201
1.8821939985271774,-2.2891548630735943,12.571062045577328
1.8866247162299101,-2.192563859402328,12.471183581056714
1.8873686753978491,-2.0914085321976166,12.454413047625096
1.8881324791308034,-1.9901936942189549,12.437195172517512
1.888977554347169,-1.888977554347169,12.418145253141482
1.8898233864975593,-1.7876707710112048,12.399078270749207
1.8906699764679875,-1.6862732222552321,12.379994205367929
1.89162316937535,-1.584873466233401,12.358507067083181
1.8925669348106875,-1.4833632732299982,12.337232445481582
1.8935116424398153,-1.381751739077703,12.315936584686838
1.8945474522926955,-1.280099629927497,12.292587072354515
1.9780321179869655,0.48114294761845106,10.410652636446393
1.9768027850328451,0.587698125280035,10.438364600078472
1.975578941999646,0.6941223309728486,10.465952808393979
1.974376028248199,0.8004227141546753,10.493069223048686
1.97317457850899,0.9065937252608872,10.520152635534401
1.971974590095892,1.012635600319512,10.547203106402549
1.966931895640333,1.1163667515796483,10.660876920231225
1.9656080767984652,1.2218644801720187,10.690718810890985
1.9685485680861052,1.330100383841963,10.624433442593975
1.9674161492731026,1.4356820548749667,10.64996074083895
1.966409987446306,1.5412402604308884,10.672641919163112
1.9654185899910455,1.646702061884389,10.694990274938519
1.9644281916902246,1.7520575763723627,10.717316107498057
1.963438791454113,1.857306964889026,10.739619441406745
1.9624875212574409,1.9624875212574409,10.761063237415058
1.9615475751999283,2.0675771738593838,10.782251761544835
1.9606085290978312,2.1725662079192185,10.803419998630588
1.9596703816592687,2.277454767874285,10.824567977794281
1.9846878283221703,-3.0024764582309755,12.55494506603383
1.984872614220408,-2.900967666937519,12.550993186302527
1.98509503242333,-2.799492994443158,12.546236492223677
1.9853195690428693,-2.6979983886992835,12.541434493130915
1.9837079567292792,-2.5940796357229035,12.575900857163795
1.98161420810687,-2.4897204153137595,12.62067831487169
1.9828457067055538,-2.3895832875682315,12.594341162536544
1.9872592038087196,-2.292991389010061,12.499952954818689
1.9879555654187335,-2.191848443923219,12.48506038261204
1.9887392272220372,-2.0907258542590648,12.468300785552891
1.989523506733229,-1.989523506733229,12.451527978030683
1.990346805169485,-1.8882777382377165,12.433920701533467
1.9912376972895702,-1.7870081898752552,12.414867848768594
1.992129387373324,-1.6856479431620432,12.395797930543218
1.993050096366081,-1.5842193073679105,12.376107406311597
1.994044054833081,-1.4827507074399833,12.35485034959374
1.9950390052806648,-1.3811808498096911,12.333572078118685
2.083043681710718,0.48070238808708876,10.451480964234364
2.0817749216660557,0.5871672855981181,10.478614999635411
2.080507706258323,0.6935025687527743,10.505716001025569
2.0792420326675907,0.7997084741029195,10.532784028712584
2.0779864556100858,0.9057889678300373,10.559636129289366
2.0767893377142577,1.011769164527459,10.585238006887316
2.0755935981923854,1.1176273221035922,10.610810406217986
2.0698169693221318,1.2206612896002316,10.734350907767968
2.0694400687053376,1.3265641466059857,10.742411403305951
2.0722144828353684,1.434610026578332,10.683077054357838
2.0711699881486414,1.5401007604182206,10.705414891937984
2.0701265463237215,1.645485203488086,10.727730212739132
2.0690965806782065,1.7507740298046364,10.749757328429624
2.0681053203789177,1.8559919541862082,10.770956681424472
2.0671150094084076,1.9611091114900279,10.792135731824828
2.0661256464035724,2.0661256464035724,10.813294508782398
2.0651690124480866,2.171075115650553,10.833753333698262
2.064284198197556,2.2760056544229466,10.852676203549223
2.086482449105579,-3.0024991340787603,12.554624504784385
2.0864795831935763,-2.9007155180983863,12.554682806118834
2.0866986207516875,-2.799229857105922,12.550226918457014
2.084377092635714,-2.6944386807242156,12.597453835054104
2.08244765281246,-2.5903617144740356,12.63670448766733
2.083535617980136,-2.490079153195772,12.614571979393645
2.0879818579503437,-2.3935401786260035,12.524121985357894
2.0886316048188376,-2.292400541874334,12.510904165183135
2.089281756342411,-2.1911979395786263,12.497678113097862
2.09004362173722,-2.09004362173722,12.482179462355163
2.0908675827192975,-1.988874042098844,12.465417599204727
2.09169219350255,-1.8876246624291306,12.448642517129365
2.092576859665694,-1.7863460997146168,12.430645726646581
2.093513582788936,-1.6850231276106074,12.411589939851872
2.094451144919037,-1.5836094022558571,12.39251708511528
2.095437398003371,-1.482138647368238,12.372453708825766
2.1879105299403174,0.4802730431576306,10.491269992200273
2.1865790861325785,0.5866431694502039,10.518355593804294
2.185249261828425,0.6928839122870616,10.545408249797951
2.183962204763105,0.7990105627182091,10.571590890560017
2.1827043728636357,0.9050237643580927,10.597179002890279
2.181447988975671,1.010914921720433,10.622737658278751
2.1801930506269356,1.1166842454430643,10.648266907019028
2.1770410738961203,1.2212669438929453,10.712387664875862
2.1728151819970516,1.324887306095763,10.79835511144367
2.174560444935563,1.4320276100795173,10.762851174760776
2.1757751978736377,1.5389629448374509,10.738139419043598
2.174717518163048,1.6442986112940114,10.759655829348851
2.1736758900582998,1.7495440090713146,10.78084570135153
2.1726352592965807,1.8546886359848862,10.802015284374846
2.171595624835804,1.9597326370469452,10.823164599618003
2.170640799081994,2.0647558820536043,10.842588648773237
2.1697109817875235,2.1697109817875235,10.861503950084625
2.168781960746414,2.274576202734044,10.88040305318983
2.167853734936291,2.379351660295929,10.899285978887058
2.1882786074841682,-3.002521810268975,12.554303938694112
2.1882586488618334,-2.90071495314243,12.554691072953212
2.1850385247982294,-2.7948167177651766,12.617151313078026
2.1834411130337337,-2.6912181160648343,12.648136057894632
2.184934107917596,-2.5914334768324974,12.619176670893005
2.1890272411601606,-2.4944729027173924,12.539782808997117
2.189274882509265,-2.392928359951987,12.534979348688026
2.189951776968935,-2.2918099991535366,12.521849733289649
2.1906332918819924,-2.1906332918819924,12.508630495683462
2.191315231103172,-2.0893935924472107,12.495403027839338
2.1921455143106785,-1.9882250013515457,12.479298155018263
2.193009785537402,-1.8870084201135784,12.462534021932754
2.1938747385248583,-1.7857119964737218,12.445756664841511
2.194822646323733,-1.6843987750856555,12.427370246317118
2.1958052144808065,-1.5830223639280232,12.408311526274787
2.292590219243459,0.479844464492817,10.53098800750648
2.2912009530668613,0.5861211740403599,10.557935385083738
2.289880952686633,0.6922895903471216,10.583539224900278
2.288562472357149,0.7983357461710985,10.609113580531542
2.2872455094777435,0.9042598525842241,10.63465850242224
2.285978659991569,1.010083593949763,10.659231382704334
2.284825798313672,1.1158451573159793,10.681593259392884
2.2836740993556086,1.2215000996553256,10.70393258298764
2.2784676063258207,1.324690468794082,10.804922109610011
2.276377235529696,1.4293531478907393,10.845468703249544
2.2802912127372656,1.5378708178925744,10.769549902793706
2.279199261968112,1.6431436539770106,10.790730300163077
2.278108356896327,1.7483157157576468,10.811890414305005
2.2770460155177705,1.8534095475144643,10.832496482980787
2.276070395575007,1.9584791775877965,10.851420429602697
2.275095611299699,2.0634588102485645,10.870328166914362
2.274121661618621,2.16834856107822,10.889219715732992
2.2731713987849105,2.2731713987849105,10.90765181449779
2.272358910433717,2.378050022546913,10.923411523289055
2.2900763034928318,-3.0025444868017126,12.553983367761688
2.286498891028516,-2.89623192863612,12.620289852278887
2.2846669942241067,-2.7923707707183527,12.654243621465483
2.286696795381846,-2.6932206701163963,12.616621742417117
2.2903688572978713,-2.5957513716042544,12.548560952947128
2.290627909664012,-2.4942392794119237,12.543759479290976
2.2908870206710366,-2.392704221589749,12.538956918740048
2.2912197608435663,-2.2912197608435663,12.532789659214302
2.291932606518247,-2.1900689351174356,12.519577235105302
2.292645896124309,-2.088855149802148,12.506356582834307
2.2933596298450465,-1.987578345865707,12.493127699004013
2.2942612459813474,-1.8863925800291081,12.47641645953179
2.295165838492825,-1.7851289854944195,12.459650053657455
2.296071144619962,-1.6837855060546392,12.442870421087513
2.395742745475743,0.5856260044496261,10.59548113487304
2.394363682121517,0.6917050637239938,10.621041744351913
2.39298620551664,0.7976620685055468,10.646572943811051
2.3917399046636514,0.9035461862062683,10.669672832078554
2.390533990021012,1.0093365735644273,10.692024171595257
2.389329290912172,1.1150203357590136,10.714352981483671
2.3881258053974013,1.2205976338697828,10.736659297696242
2.386961019177672,1.3260894550987068,10.758248331729838
2.3811671047407548,1.428700262844453,10.865637150250883
2.3798225209630335,1.5336634023983993,10.89055868902475
2.383534333514912,1.641990318643606,10.821761131025262
2.382478416473686,1.74715083874737,10.84133230087047
2.3814578272370017,1.8522449767398903,10.86024867830686
2.380438112011498,1.9572491143205653,10.87914885615502
2.3794192697870504,2.062163367148777,10.89803285313738
2.3785033108650016,2.167080794343668,10.915009932713474
2.377653316072019,2.2719798353577065,10.930764382932118
2.3768039285794704,2.3768039285794704,10.946507576982434
2.375955147736737,2.481553154302814,10.962239526923504
2.3881341323323664,-2.997870506544885,12.62005794037573
2.3862529907259753,-2.8939663930080974,12.653440768921854
2.3883866448590862,-2.7949205418563774,12.61557684104934
2.3918100906676143,-2.697147549050714,12.554824208671867
2.3919475798636536,-2.59551758666056,12.552384318850322
2.392209548855975,-2.494005699871123,12.547735404634949
2.3924801252123027,-2.3924801252123027,12.542933743727957
2.3927507627916853,-2.2909315813962947,12.538130996353722
2.393179740616536,-2.189504869074703,12.530518335441634
2.393924348202265,-2.088316984601976,12.517304493759497
2.394669419298569,-1.9870661138860466,12.50408242659661
2.395446639560963,-1.885777141782035,12.490289838801026
2.500108048004509,0.5851316708095659,10.632963499520343
2.4987115403706017,0.691132979251443,10.657745990507564
2.497451351871054,0.7970589420865065,10.680109355643545
2.49619243395426,0.9028781144089877,10.702450172957448
2.4949347845913605,1.0085906576007628,10.724768478453527
2.49368535115455,1.1141998377499054,10.7469409837339
2.492490603378699,1.2197294442065973,10.768143034670203
2.4912970003179886,1.3251579788925472,10.789324771437101
2.4901045399872896,1.430485586801209,10.810486229262779
2.483702955974083,1.5324975685797533,10.924089044069731
2.4831741164577976,1.6378382470253556,10.933473855314453
2.486803119357617,1.7460532540170504,10.8690733970042
2.485738509298993,1.85108186862691,10.887966017812104
2.48468818411159,1.9560311236623158,10.906605138614943
2.483800073293273,2.0610255927327157,10.92236559549768
2.4829125971292423,2.1659450315382753,10.938114789775206
2.482025754939445,2.2707895204765136,10.953852733515802
2.481127260899695,2.375547377457155,10.969797451540636
2.48025261987298,2.48025261987298,10.985318872860027
2.4880005637969362,-2.9957557808983513,12.649953144380184
2.490106644584297,-2.8966546681898966,12.614104028698982
2.4936308198009463,-2.7989733691643273,12.554116507906485
2.493608076053199,-2.697167918996317,12.554503645593186
2.493585332720327,-2.5953643258925854,12.554890776217988
2.4937775973770058,-2.4937775973770058,12.551618101228478
2.494054201480529,-2.3922560708078544,12.546909823861057
2.4943363027050003,-2.2907170126882654,12.54210797604469
2.494618467753347,-2.1891549819059986,12.537305041836234
2.495150627682516,-2.087779096632309,12.528246764976124
2.604426231281771,0.5846671131448874,10.668188129964378
2.6031130364027226,0.6906218259843958,10.69054096439195
2.6018011651255453,0.7964697444261873,10.712871268840203
2.6004906154501106,0.9022110298500383,10.73517907735475
2.5992180255902464,1.0078600507390751,10.756840744549464
2.597972995031556,1.1134169978706667,10.77803330505948
2.5967291567473962,1.2188728694936757,10.799205571007278
2.5954865089246537,1.3242278106758436,10.820357573255173
2.594328088436086,1.429527722199476,10.84007588147552
2.5916842219793237,1.5338539272938856,10.885079033787108
2.586289709045664,1.636224101641134,10.976902917924455
2.5870042800594057,1.7422681886114366,10.964739690811903
2.589987297474072,1.8499909267671943,10.913963606143554
2.589061703661143,1.9550057762339248,10.929718804079272
2.58813677117798,2.059945593386556,10.945462745045454
2.5872124993531256,2.1648104586424113,10.961195440471442
2.586281403473383,2.269593884680724,10.977044293043242
2.5853737543932747,2.3743228356672934,10.992494040776577
2.5845212323550926,2.479030569809987,11.007005431484366
2.5956112912034337,-2.3920339350306157,12.550851855944302
2.5959028153920913,-2.2905024841694925,12.546084210837407
2.7073602186117247,0.690111428273577,10.723287462704775
2.7060000045254045,0.7958823542721779,10.745532676945253
2.7047034940528794,0.9015678313509597,10.76673606949678
2.703408225475296,1.0071520840006003,10.787919151849103
2.7021141968987874,1.1126352575465595,10.8090819549749
2.7008362003601754,1.218024168789883,10.829982566934405
2.699678938032257,1.3233720284471846,10.848908667373955
2.698522667146785,1.4286296473130038,10.867818553564689
2.6973673863333527,1.533797141248377,10.886712247918531
2.692938034089568,1.6368839030740507,10.959150763737846
2.689149959892966,1.7400382093425077,11.021101689632324
2.6918362675849354,1.8473386150092697,10.977169274342181
2.6933258558217124,1.953981503243203,10.952808249272337
2.6923500605241135,2.058855928636087,10.968766601467223
2.6914009375302235,2.1636752635046896,10.984288749452595
2.6904849359285996,2.2684480832339173,10.999269223539493
2.689597890221107,2.373174609018624,11.013776147120659
2.6887114292340417,2.47783210145098,11.028273508066569
2.8114885391647246,0.6896103963988948,10.755433060326332
2.810141787893634,0.7953231475170662,10.776626967374085
2.8087963262387485,0.9009346706803534,10.797800579652801
2.807452152348597,1.0064451112193082,10.818953926299223
2.806189815998166,1.111886530867198,10.838819390582287
2.804987652034299,1.2172587923922429,10.857737918341101
2.8037865176721137,1.3225408102226952,10.87664024319534
2.8025864115541874,1.427732700225718,10.895526386506837
2.801481323172004,1.5328860070186439,10.912917229904785
2.8004801231639544,1.638016675812879,10.928673175610804
2.7945437218176195,1.7399989211317255,11.022094686347856
2.792478262880299,1.8440894188832164,11.054598939856419
2.797471899052272,1.9529520804704543,10.976013782276915
2.796485913683321,2.057791521389614,10.991530294277723
2.7955637576276686,2.1626059257119703,11.006042320474798
2.794642209543231,2.267351226610546,11.02054477899172
2.7937212688289588,2.372027492401946,11.035037679287235
2.7928009348697618,2.4766347912996003,11.049521031041046
2.9141373289153925,0.7947647260678343,10.80767759143287
2.9127493841921663,0.9003043551139424,10.828725501593269
2.9115012853160196,1.0057913531091704,10.847652676845158
2.9102542556249413,1.1111879885113412,10.866563638114677
2.909008293711014,1.2164943773700605,10.885458406752619
2.907751882445389,1.3217054011115406,10.904511637764536
2.9067125051561313,1.4269315934402829,10.920273590990028
2.9056738707078282,1.5320825863732186,10.936024279177786
2.9046359782669304,1.6371584604777243,10.951763714968429
2.9035988270214497,1.74215929621287,10.96749191067559
2.897042543065328,1.843572527405209,11.066916674057921
2.8957446683576245,1.9480464132587658,11.086598690056157
2.9006102344317735,2.056796348051621,11.01281333254557
2.8996542052480017,2.16156040754851,11.027311328059383
2.8986988059781,2.2662554301283326,11.041799771052602
2.8977689304989314,2.3709018522263983,11.055901150753378
2.8969099443159765,2.4755412251427433,11.068927508147375
3.0167706335008275,0.8997386099914749,10.856482429524021
3.0154787740217146,1.0051595913405715,10.875385829398553
3.014188020484522,1.1104903233364027,10.894273046350179
3.0129853886736453,1.2157660340262078,10.911870803993637
3.011908575355688,1.3210125330507405,10.927627496628304
3.0108325314624205,1.4261838306927255,10.943372930497752
3.009757256156189,1.5312800075180613,10.959107117859098
3.0086722821623617,1.636295451702337,10.974983223264054
3.0076073197168807,1.7412463429939837,10.990566505566633
3.0066155235455545,1.8461674267384984,11.005079167294738
2.999484502917783,1.9470338001396135,11.109425295197802
2.9989883638474595,2.051939406842999,11.11668515231952
3.0036440554495365,2.1605158995338773,11.048559786155856
3.0027267200742647,2.265214894091112,11.061982884951192
3.0018367443847813,2.369871113987985,11.075005637509747
3.0009472960972987,2.4744653143258426,11.08802067274992
3.1193257231935134,1.004528622723335,10.903084164100008
3.118183775656341,1.1098620218437825,10.919227513305664
3.117069551302571,1.2151288081349005,10.934978948683252
3.115956122958615,1.320320391084159,10.950719131123208
3.114843489771765,1.425436851251486,10.966448072680016
3.113727223777245,1.5304760930430528,10.982228370083654
3.1126580965442785,1.6354644236080105,10.997342281804855
3.1116318165442154,1.7404042363721886,11.011850475819458
3.11060621283345,1.8452748720198437,11.026349109347315
3.1080786967674587,1.9491340979728133,11.062079800248618
3.10180742035535,2.050347277862011,11.150734840686425
3.102637471311443,2.156070107182528,11.139000674267656
3.10673451395637,2.264230238985151,11.081082085212941
3.1058141118819456,2.3688412717743654,11.094093516660863
3.1053111416511454,2.473722434874641,11.10120384687442
3.222195450538288,1.1092804010049844,10.94232794864265
3.221044662736307,1.2144922498841813,10.958062882279876
3.21988255317326,1.319623997202156,10.97395262044207
3.2187475933654244,1.4246915577191221,10.9894711349992
3.2176765306350834,1.529715071941269,11.004115973043369
3.2166157878358432,1.6346735970969037,11.018619704768255
3.215555744177409,1.7395629435713853,11.033113877012092
3.214496398968799,1.844383179736196,11.047598499222815
3.21350763585625,1.9491767627324796,11.061118039430056
3.2089831074588933,2.0516449375556856,11.122982749804628
3.204301586772475,2.1537109025847783,11.186994044671728
3.207593106672014,2.26109022273601,11.14198848665687
3.2103434257537034,2.368286133752732,11.104382867135122
3.3226626367479706,1.4239982728919875,11.010887582461784
3.3215674526482317,1.5289754940761702,11.025386850593463
3.3204729902787005,1.633883534899043,11.039876563655994
3.3193932819121525,1.7387298143349375,11.054170946777816
3.3184092749872516,1.843560708326251,11.067198327517701
3.317425851484522,1.94832946833218,11.080217984264422
3.3164430106918688,2.053036149475919,11.093229926445488
3.310160226581967,2.154231258569217,11.17640842716024
3.3082901582037083,2.2580393143295154,11.201166477288439
3.313403834218547,2.366717024441819,11.133465932973245
3.424296849847464,1.6331261899272518,11.060253155825947
3.423281885770891,1.7379738804682985,11.073276928745209
3.422267523188216,1.8427594355628856,11.086292983440615
3.421423763432941,1.9475796807233665,11.097119904023081
3.4208929809064927,2.0525357885438957,11.103930776696842
3.420362362902959,2.157459336600328,11.110739538252446
3.4135084760308576,2.258167145681952,11.198686952645609
3.412434066619249,2.3624543538133262,11.212473513689574
0.0,0.0,55.0
