-3.438694213934082,-2.1114789032928574,9.682598747608246
-3.4445932156988492,-1.9942381775098603,9.596280389440892
-3.443918818813245,-1.8730084804072034,9.60614864075525
-3.443244685948442,-1.7518262437281549,9.616013028730855
-3.323991814296919,-2.2361399477997455,9.592314513358922
-3.3169959458917417,-2.110815601931108,9.698405488901443
-3.318597659258494,-1.9911585955550966,9.674115819088257
-3.3220400704749653,-1.8724225851767986,9.621912326537753
-3.32150951737826,-1.7513413818903554,9.629958060440487
-3.321061185175582,-1.6303391272680128,9.636756930572759
-3.320661913297589,-1.5093917787716313,9.642811810480389
-3.3202627374123286,-1.3884735083724284,9.648865234677018
-3.2021171433322473,-2.2354402698734557,9.608086846787813
-3.2003424366683215,-2.113433684592288,9.636015514003248
-3.1948512908842437,-1.9892470301732084,9.722430010749278
-3.2004499332103618,-1.8719612816890796,9.634323834352479
-3.2000651431355296,-1.7509790405835919,9.640379299273093
-3.199680445576191,-1.630025887369003,9.646433308271739
-3.1992958404985745,-1.5091018115559314,9.652485861879875
-3.1989300051598084,-1.3882149078995396,9.658243034960769
-3.1986645121724893,-1.2673953727475902,9.662421114325426
-3.1983990632503274,-1.146595890599174,9.666598500234016
-3.0803187165614525,-2.23474102966223,9.623849313122605
-3.079856894286792,-2.113627280392896,9.631402047316556
-3.0749566254816334,-1.9896778164881157,9.71154202712048
-3.073561310806088,-1.8682431497056613,9.734361283443839
-3.078716377648859,-1.7506426461140572,9.650054285380264
-3.078346339178242,-1.6297127678002457,9.656105968816632
-3.0780628285149882,-1.5088543277034256,9.660742559120294
-3.0778073794984557,-1.3880307789894997,9.664920223619909
-3.0775519728779295,-1.2672272829497357,9.669097194766714
-3.077296608656247,-1.1464438345974255,9.673273472514325
-3.077038009947972,-1.0256793366493242,9.677502647705005
-2.9592516882308257,-2.355322772265351,9.628448852563793
-2.9588366467684892,-2.2342235904170225,9.635513571773558
-2.9584809142546207,-2.113200653039015,9.641568750719095
-2.9581252672588754,-1.9922068126437327,9.647622473999164
-2.952196163997908,-1.8677159404884722,9.74854600455118
-2.9536078807383603,-1.748053643702295,9.72451615866811
-2.9572076536534566,-1.6294817683396599,9.663241835083845
-2.956962246614474,-1.5086542074563642,9.667419084780185
-2.9567168803325083,-1.3878466989315856,9.671595640722032
-2.956468295174371,-1.267057840789016,9.675826987470074
-2.956223287025894,-1.1462906623161633,9.679997447364237
-2.955978319482635,-1.0255434985960163,9.6841672160878
-2.9557333925345,-0.9048163446534183,9.688336293812569
-2.8378636713890852,-2.354823046471794,9.639136119577145
-2.837522507640878,-2.2337943145257975,9.645190427702524
-2.8371814259112074,-2.112794678870048,9.651243280323044
-2.836835330112621,-1.991820550930138,9.657385112849369
-2.8365998849108305,-1.870948860260335,9.661563334614634
-2.8310377479661994,-1.7468105253408466,9.760269281759626
-2.835502919818375,-1.6289059326616198,9.681030129393989
-2.8358905505685925,-1.5084524205152088,9.674151215637714
-2.835655527101791,-1.3876612153902381,9.67832195327378
-2.8354205425867405,-1.266890029666416,9.68249199967022
-2.835185597015102,-1.1461388583678072,9.686661354975016
-2.8349468050929767,-1.0254062912038426,9.690898967798752
-2.8347033721683292,-0.9046925655856368,9.695218940074298
-2.834459981046583,-0.7839995692256506,9.69953817051357
-2.7165814979461147,-2.3543706315532993,9.648811583795961
-2.7162549772968814,-2.2333652035552136,9.654863565944765
-2.7159840724659676,-2.1124320563624193,9.659884722201078
-2.715758668618122,-1.991556356986623,9.664062528617414
-2.7155333021886108,-1.8707007192854872,9.66823964149387
-2.712114350085954,-1.7478070256109486,9.731609101102194
-2.709974696462354,-1.6259848178774123,9.771267069334982
-2.714854737717135,-1.5082526320650749,9.680816671699532
-2.7146297748567605,-1.3874774404823444,9.684986304518546
-2.714404849285507,-1.2667222629999033,9.68915524619262
-2.7141713347741776,-1.1459834524602084,9.693483381817025
-2.7139382846421043,-1.0252655741981282,9.69780291028298
-2.7137052745279173,-0.9045684248426391,9.702121697026968
-2.713472304420821,-0.7838919990549038,9.70643974224911
-2.5953602155210738,-2.3539313582632992,9.658205997697742
-2.595144815264979,-2.233031585228005,9.662384082595366
-2.594929450759929,-2.1121518785255233,9.666561474035603
-2.594714121997024,-1.9912922331605067,9.670738172191065
-2.594495918539851,-1.8704505459240786,9.674970630339224
-2.5942809040719146,-1.7496313073973375,9.67914123216461
-2.5899668334067134,-1.626258244232122,9.762820582506862
-2.5894197526270304,-1.5054766003645523,9.773432222366608
-2.593630980174948,-1.3872909893959025,9.691747703799102
-2.593408272460231,-1.266548226085229,9.696067530322587
-2.593185602988786,-1.1458261966694636,9.700386615047336
-2.5929629717498113,-1.025124895808065,9.70470495818288
-2.5927646274017193,-0.9044527770005997,9.708552212314864
-2.592585327076146,-0.7838048663253465,9.712030072536571
-2.592406051547566,-0.6631736410935635,9.71550745177489
-2.474112229524668,-2.2327354266442128,9.66906017134405
-2.4739069364364172,-2.1118717750066973,9.673236454840278
-2.473699040851761,-1.9910260572709297,9.67746568099951
-2.473494047399838,-1.8702028163267068,9.68163586898487
-2.473289087920385,-1.7493995987729554,9.685805365867253
-2.4730823075097272,-1.6286151781161617,9.690011906008145
-2.4682286331429415,-1.5050174592335008,9.788750350282164
-2.469569633964535,-1.3853683312483978,9.761470330056575
-2.47244532529547,-1.266374434907436,9.702970054436136
-2.4722396178518156,-1.1456720180288902,9.707154767176874
-2.4720686475755143,-1.0250040733849695,9.710632820672714
-2.471897700944828,-0.9043528174188395,9.714110393145091
-2.4717267779548533,-0.7837182466686121,9.717587484693766
-2.4715635195220944,-0.6631024076766594,9.720908655923452
-2.35310914725453,-2.2324368832927592,9.67579001818526
-2.3529141404975262,-2.1115896132670104,9.679960483885402
-2.352719166059027,-1.9907623712807154,9.684130258413518
-2.3525242239309985,-1.869955152355409,9.688299341941438
-2.3523232973214214,-1.7491634774954161,9.692596411162853
-2.3521213134179106,-1.6283916785200923,9.696916091949895
-2.3519193641974336,-1.5076406180752782,9.701235030996486
-2.347297175015258,-1.3843034621884855,9.800086382303697
-2.3515452707739484,-1.2662166842628955,9.709235491161387
-2.3513826539671143,-1.1455453955224404,9.712713256883916
-2.351220059647909,-1.02489079523114,9.716190541680113
-2.351057487781727,-0.9042528799160487,9.719667346290066
-2.3509195819501056,-0.7836398606500353,9.722616636609352
-2.3507860938494334,-0.6630422315985581,9.72547144817478
-2.350652620907137,-0.5424582971324163,9.728325935559205
-2.2321412156760725,-2.2321412156760725,9.682455039417576
-2.231956258265414,-2.111309974034851,9.686624400549945
-2.231768332642749,-1.9904960804651548,9.690860671938722
-2.2315766936648638,-1.8696993919894804,9.695180650808446
-2.2313850875952164,-1.7489234470340889,9.699499887851552
-2.2311935144258355,-1.6281682402566908,9.70381838324775
-2.2310151961131655,-1.5074427000764632,9.707838083996101
-2.227627897148652,-1.384741665795108,9.784195514585555
-2.226892939434442,-1.2639122088681969,9.800763134756338
-2.2305524019078695,-1.1454188009797168,9.718270519036025
-2.230410488984226,-1.0247831976414012,9.721469559430858
-2.2302838406485828,-0.9041691245872633,9.724324501258977
-2.230157206694947,-0.7835687482982248,9.727179118883903
-2.230030587121775,-0.6629820664416086,9.730033412340454
-2.229977925112934,-0.5424270628653083,9.731220533916343
-2.1110237561191973,-2.1110237561191973,9.69344508991847
-2.1108424946282156,-1.9902229235066033,9.697764624988949
-2.110661264262329,-1.8694428340609197,9.702083418335747
-2.11048006501352,-1.748683482439774,9.706401470149913
-2.1103324686540215,-1.6279707615331023,9.709918751441577
-2.1101865344382658,-1.5072760960273326,9.713396423171652
-2.110040620395553,-1.3865981219742205,9.716873614169906
-2.1059390896777592,-1.2635634538066556,9.814614759750093
-2.10819769557645,-1.1444501775986442,9.76079126234351
-2.1096562947823,-1.0246902003228315,9.72603224988417
-2.1095365140541014,-0.9040870774517578,9.728886673366056
-2.1094381995063562,-0.7835056169595038,9.731229549034921
-2.1094391410919338,-0.6629665872003221,9.731207110667555
-2.109440082678351,-0.5424274498315761,9.731184672280179
-2.3867556582595975,2.5231416958744317,3.122641689303393
-2.3882928793709346,2.6612406370133272,3.0860090848515114
-2.3901357807141155,2.7998733431222496,3.0420919961186854
-2.3919872227039645,2.938727159322014,2.997971380301273
-2.3937658046370056,3.07769889167615,2.95558704927835
-2.3955375891680557,3.2168647625971034,2.913364703110176
-2.397372938380363,3.3563221137325083,2.8696275847284056
-1.9901206983010067,-2.110734073955613,9.700348333724513
-1.9899498415082988,-1.9899498415082988,9.704666683443378
-1.9897973292013194,-1.8692035516739665,9.708521382267648
-1.9896597264288711,-1.7484888504980989,9.711999247468675
-1.9895221426867165,-1.6277908440164042,9.715476631685235
-1.9893845779709074,-1.507109528765839,9.718953535017114
-1.989262838896484,-1.3864559180187614,9.722030450423752
-1.9867703239465253,-1.2643083879659707,9.785027952968669
-1.9853107734898479,-1.1430577180699124,9.821917614798174
-1.9889240151023926,-1.0245972199012325,9.730594111328138
-1.9888994049149247,-0.9040451840522383,9.731216125790944
-1.9889002926960857,-0.7835061759105793,9.731193687411604
-1.9889011804780394,-0.6629670601593465,9.731171249012235
-1.9889020682607288,-0.5424278367983806,9.73114881059427
-2.2473099545568544,2.2473099545568544,3.199973751910612
-2.2483998524496913,2.384666510173915,3.172426938087554
-2.2496484386544635,2.5223330978853076,3.1408693289289857
-2.2510968894323664,2.660387232965524,3.104260207860868
-2.2526920640474843,2.798799231089298,3.063942689654162
-2.2544285298774174,2.937588690446332,3.0200540820683983
-2.256141487440239,3.0765565737821436,2.9767596382677866
-2.2578173892848055,3.2156793120116927,2.934401765662102
-2.259535269175906,3.355067520897557,2.8909829116194175
-2.261232350772588,3.4946318148303632,2.848089727685789
-2.2630875959759797,3.634655835961422,2.8011990101701087
-1.869126220738796,-1.9897150091735571,9.710601994124573
-1.8689969682232357,-1.8689969682232357,9.714079571575553
-1.8688677335823989,-1.7482956217383734,9.717556668101764
-1.8687440895925451,-1.6276158199677007,9.72088334649716
-1.868637976353457,-1.5069661099624654,9.723738354818678
-1.8685318751820252,-1.3863301009415026,9.726593038456322
-1.8684257860587474,-1.2657077905559257,9.729447397934784
-1.8648671835116002,-1.142983112474852,9.825192660000326
-1.8661689737306573,-1.0233829855942316,9.790167606197144
-1.8683613799253378,-0.9040458289961312,9.731180264148485
-1.868362213902613,-0.7835067348623862,9.731157825741349
-1.8684737586847153,-0.6630068175978022,9.728156680136323
-1.8687117945586642,-0.5425292306783219,9.721752254008287
-1.8689498910899234,-0.4220209431493376,9.715346195877238
-1.765260630974718,1.765260630974718,12.505136640744695
-1.76437928381515,1.8782102053516114,12.528849548731905
-1.7634988162822771,1.9910470506412807,12.55253879010074
-2.112647477304595,2.521546989040968,3.158590012029663
-2.1139888630412025,2.659534376084093,3.122499629026535
-2.115353761675329,2.797725942860919,3.085776624508334
-2.116983735819823,2.936461310975884,3.041921684385912
-2.1186233467208733,3.075420987175461,2.9978074644564003
-2.1201986548733522,3.2144947348079858,2.9554233291407073
-2.121767958689101,3.353762257282773,2.91320074229413
-2.1233936454205504,3.4933250295628415,2.869461156297419
-2.125048070017407,3.6331467003523414,2.8249483694674566
-2.126821093136808,3.7733922620169174,2.7772446540437272
-2.1289910175940188,3.914596387189002,2.718862189841694
-1.7482233058865593,-1.8687904304304597,9.719636532442571
-1.7481205690885502,-1.7481205690885502,9.722591328622208
-1.7480213086251188,-1.6274681149268346,9.725446142513817
-1.7479220594333131,-1.5068293615804422,9.728300632224062
-1.7478228215112128,-1.3862043067157894,9.731154797808152
-1.7478208424360222,-1.2656633686605678,9.731211717664777
-1.7464625210517912,-1.1442340655166907,9.770278175979868
-1.7445551707839886,-1.022670272528545,9.825135163872737
-1.747837614371332,-0.9040539384679301,9.730729342787043
-1.7480602703000778,-0.7836132246172762,9.724325572177271
-1.748282982964047,-0.6631418211242937,9.71792016981506
-1.748505752384928,-0.5426397162573914,9.711513135076629
-1.748729516373383,-0.4221071246418511,9.705077495743495
-1.655686144859217,1.3131303907504135,12.381082627483117
-1.6546674700581832,1.4264374741880887,12.410380566183946
-1.6536748117488533,1.539628273007553,12.43893024883841
-1.6528411924628212,1.6528411924628212,12.462905836255715
-1.65200841321012,1.765940027914266,12.486857263612315
-1.6511787701219758,1.8789275660008689,12.510718492255009
-1.6503544778057826,1.991807128386289,12.534425828224137
-1.6462320061070106,2.1003649733089444,12.652991559902134
-1.9769687156236442,2.6586820658386934,3.14072735969053
-1.9782416029707173,2.796824335234462,3.104118055691103
-1.9796443976385059,2.935334796498474,3.0637725085694854
-1.981170391653243,3.0742299180826183,3.0198836452578277
-1.9826754958181745,3.213301665636352,2.976595591486621
-1.984148250916939,3.3525263549975866,2.934237923896191
-1.9856579885542296,3.4920192212505414,2.890816607587226
-1.9871493722474738,3.6316867837626243,2.8479231660495117
-1.9863347052675013,3.7671865099900885,2.871353669303936
-1.9868382205972588,3.9051647784153016,2.856872147574734
-1.9889963642901867,4.046578810107621,2.794802131158491
-1.6275052434859074,-1.8686171314097455,9.724299194241453
-1.6274128348498493,-1.747961933727616,9.727153814192398
-1.6273204367069942,-1.6273204367069942,9.730008109994998
-1.627281182158178,-1.5067418353316464,9.731220732786504
-1.6272819085243229,-1.3862031072614602,9.731198294415186
-1.6272826348910523,-1.2656642715819297,9.731175856025807
-1.62728336125843,-1.1451253282929694,9.731153417616405
-1.6247013332149964,-1.0229600986909237,9.810915538140023
-1.6251568076597953,-0.9028648931443307,9.796845354954428
-1.6278358123926524,-0.7837727985594253,9.71408750151867
-1.628043249939565,-0.6632768796050079,9.707679492643614
-1.6282538873304468,-0.5427512957768157,9.701172636530629
-1.6284652331498817,-0.4221946900758953,9.694643896161296
-1.5433569549316348,1.200388742724605,12.32374653587324
-1.542226936555708,1.3137488718807884,12.358654236478507
-1.5412776218457453,1.427108909116431,12.387979771692365
-1.5403294751143826,1.5403294751143826,12.41726922656617
-1.5394455771510842,1.6534785828659795,12.444573955520795
-1.538669632987315,1.7666206897261767,12.468543854712067
-1.5378944703713078,1.8796487971204874,12.492489610901906
-1.5340091568644685,1.9885303885280148,12.612511872082479
-1.5337317923366924,2.1017806043132454,12.6210800140706
-1.53558995884769,2.2180743850022187,12.563678894210554
-1.841220705262225,2.7959277376204157,3.1223575680400444
-1.8424103940119125,2.934209146018972,3.0856065739214813
-1.8438300573986401,3.0730500956644002,3.041751371634625
-1.845257898555155,3.212115601188603,2.9976435476688224
-1.8441552848115716,3.3468003316950745,3.031704684429272
-1.8446906792178297,3.484415727411456,3.015165672287928
-1.8461555685192224,3.623935004871066,2.969913384146217
-1.848220101258679,3.7648927988602723,2.9061373497966727
-1.852398562798933,3.9106191881310806,2.7770593741237874
-1.8542899032076101,4.051966825527741,2.718633470496691
-1.5067415651150702,-1.7478202155334814,9.731229747905822
-1.506742237676015,-1.627281616690096,9.731207309544523
-1.5067429102375605,-1.5067429102375605,9.731184871163194
-1.506743582799706,-1.3862040961757296,9.731162432761835
-1.5067942687758498,-1.265707185771714,9.729471418357797
-1.5069862231490883,-1.1453095295933071,9.723067327231213
-1.5071782263777913,-1.0248811939368982,9.716661606160791
-1.5045491325500693,-0.9027294795300415,9.804374931827802
-1.506956351727569,-0.783617302898336,9.724063914609047
-1.5077595495640839,-0.6634142018081969,9.69726717093014
-1.5079552705296786,-0.5428638973906843,9.690737416604122
-1.508151042314609,-0.4222822918480905,9.684205966814488
-1.4309166240490356,1.0874966342772672,12.260944617446818
-1.4298393231340922,1.2010650314326374,12.29688614414222
-1.4287866624058219,1.3144837294133562,12.332005610896154
-1.4277809764414644,1.4277809764414644,12.365557878822194
-1.4269022359907666,1.5410544148700278,12.394874918220374
-1.426024576743659,1.6541885090226445,12.424155885888581
-1.4234895067990605,1.7651269884308352,12.50873233321601
-1.4216454948514332,1.876572053203892,12.570253310060046
-1.4217201131245114,1.9904081583743158,12.567763852735169
-1.4230954745914428,2.1061813023953353,12.52187826014552
-1.4223852120638945,2.2189209308196753,12.545574443115875
-1.704287630903723,2.7950317146821058,3.140585389743123
-1.7036860004080532,2.9303399207018517,3.1606573289951427
-1.7035153439465185,3.066327619103733,3.1663508670613467
-1.7048866643645524,3.2051869290053587,3.1206000942465764
-1.7070946601462726,3.3459055338866945,3.0469356814244506
-1.710477540988102,3.4893741836157277,2.9340740840773734
-1.7117791128419333,3.6289717192248983,2.890650302586458
-1.7130647963843113,3.768742552045485,2.847756595991342
-1.7144713962287013,3.9089947834014387,2.800828810861276
-1.7160553127492557,4.049890538088244,2.7479852857912164
-1.3862038475758487,-1.6272827775890397,9.731171447904025
-1.3862044663333533,-1.5067439851449491,9.731149009490679
-1.3863563676370194,-1.3863563676370194,9.725640511873834
-1.3865329925044738,-1.265964906199737,9.71923544728277
-1.3867096623824604,-1.1455427645768153,9.712828750444956
-1.3868863772881863,-1.0250899310390944,9.7064204207364
-1.3854165069907691,-0.9035325045591972,9.759723301192182
-1.3846517679238222,-0.7826292601308561,9.787455540653703
-1.3874265899805571,-0.6635518473820056,9.686830329955782
-1.3876112055761853,-0.5429782978341594,9.68013549229471
-1.3878688062574707,-0.42239485407836064,9.670793948116284
-1.3184495284557347,0.9745061732064126,12.188191212687677
-1.3173119063355534,1.0882141834945878,12.229445557361785
-1.3161937095150886,1.201742082600733,12.269995469522065
-1.3152241698941434,1.3152241698941434,12.305154527163545
-1.3142560577143323,1.4285391931677525,12.340261820561423
-1.3133681799370558,1.5417800373174133,12.372459520661003
-1.3105453427125608,1.6524267364636638,12.474825937199782
-1.3090818031090035,1.7644146041903959,12.527899243509744
-1.3095543561908767,1.8789258154043014,12.510762738012374
-1.3104077406307806,1.9940987357424922,12.479815892659452
-1.3097479621441797,2.1069858521449847,12.503741877054388
-1.3090940212952167,2.2197681230658017,12.527456167327948
-1.5647620756615843,2.789358482701085,3.255996119322525
-1.5658617580828231,2.9274806781548435,3.2161176070880586
-1.5694653953214603,3.070693164759379,3.08543652231846
-1.5706747452709882,3.2096396968581065,3.041581063845591
-1.5718908781932475,3.3488110013682224,2.9974796299385105
-1.5730596444157872,3.4880887767480497,2.955095886046095
-1.5742239795864217,3.627559605133928,2.9128728283247085
-1.5754302708910006,3.7673332564784796,2.8691282875201196
-1.5766587674876147,3.90737172812148,2.8245785014983653
-1.2660613996425218,-1.3866386757989524,9.715402983954775
-1.2662227315150154,-1.2662227315150154,9.708995310364479
-1.2663859451093922,-1.1457777598608787,9.702512899777517
-1.2665503164441203,-1.0253026371214307,9.695984506817965
-1.2667147304656008,-0.9047962360468575,9.689454418453948
-1.2646541546076981,-0.7828811433285751,9.77129502007476
-1.265270328352681,-0.6627606481847376,9.746822235052583
-1.2673253073595543,-0.5431394174398089,9.665203925493323
-1.267560647598866,-0.4225202158662887,9.655856836087708
-1.2056628034897918,0.8611877167784227,12.114274846514064
-1.2045997977136422,0.9751522171967579,12.156494613339369
-1.2035571729032333,1.0889326802457824,12.197904902323096
-1.202518896284441,1.202518896284441,12.23914249268158
-1.2015336671885966,1.3159654450160818,12.278273176285879
-1.2006487422686103,1.4293437407959646,12.313420044363149
-1.197577841151346,1.5397429386231591,12.435388082565211
-1.1965413985251776,1.652366693201436,12.476552831606483
-1.1982508183993055,1.7688464462084985,12.408659213235367
-1.1975241630751123,1.8818236848323195,12.43752003322161
-1.1969204718261,1.9948674530434998,12.46149704664866
-1.1963173885690737,2.10779730366932,12.485449912248434
-1.428051904347185,2.652096393787629,3.2815702711023604
-1.430807984187299,2.7934822548418694,3.1721060980825513
-1.4316051844845006,2.931382044420644,3.1404434190867505
-1.4325269397210914,3.0697005851166246,3.1038337486296186
-1.4335441679771757,3.2084083759489173,3.063432143348095
-1.4346492108889204,3.3475148254074805,3.0195427731183386
-1.4357429538056687,3.486804316385195,2.976102208684914
-1.4368052594952128,3.6262227977736323,2.933910247440643
-1.4378986420250826,3.7659250148275967,2.8904839966171068
-1.4389786228743326,3.905799119230331,2.847590024962237
-1.14601546177267,-1.14601546177267,9.69207823324718
-1.1461642404210335,-1.025515373008293,9.68554713061193
-1.1463293169555295,-0.9049968291754179,9.67830058145097
-1.1465421330395738,-0.7844761962902346,9.66895835591918
-1.1445998970914433,-0.6626630983160986,9.754218858408365
-1.146968002357182,-0.5433006326955072,9.650263494438022
-1.0925574684978177,0.7475393205511384,12.038783520555384
-1.0915743808760872,0.8617692480600687,12.081939216803477
-1.0906113149843584,0.9758101239333733,12.124215996788962
-1.0896521264031913,1.0896521264031913,12.166322570138561
-1.0887114920957217,1.203312701790008,12.207614645795303
-1.087772480477396,1.3167772132094793,12.248835488452805
-1.0846365773578677,1.427153391260352,12.386495733072302
-1.0839639535427061,1.5403698287185823,12.416022652560152
-1.0853138291408955,1.656531633951893,12.356765654505772
-1.0846420201195002,1.7696790854581317,12.386256806080873
-1.083974757884718,1.8826930005366158,12.41554836228152
-1.0833456714077434,1.995636763119527,12.443164074568003
-1.082799603894516,2.1086097549524783,12.467135410602438
-1.29361522726021,2.6553154664814835,3.2127263373727004
-1.2942279367055416,2.792807652890905,3.185829545950874
-1.2948557659999242,2.9304630493682495,3.158269021613947
-1.2956803019901901,3.068716504713608,3.1220734435647515
-1.2965187655893524,3.2071779990894504,3.085266469699256
-1.2975177995756355,3.34623011469506,3.041410758061197
-1.2985222856386545,3.485507187766914,2.9973157105162187
-1.299487783603661,3.6248869753154747,2.9549321670914424
-1.3004496311556522,3.7644594586084668,2.9127088699273074
-1.0259674323462493,-0.9052653814819845,9.663367923110584
-1.0261579597898571,-0.7847090280745966,9.654020150923017
-1.0249691158356697,-0.6632153102466096,9.712347929010399
-1.0246753453367157,-0.54247518282532,9.726761074159725
-0.978245418851773,0.7480700261807676,12.0047340907933
-0.9773380681027145,0.8623571189141598,12.049251079715248
-0.9764689190078999,0.9764689190078999,12.091893796068923
-0.9756075862933205,1.0903849493866522,12.134153020467913
-0.9736422310902374,1.2027345207585285,12.230578461119329
-0.9718334043351755,1.314833429394649,12.319324208781282
-0.9714174879665814,1.4285551293626197,12.339730148151894
-0.972332852557455,1.5442933540618402,12.294819979296292
-0.9716169815487387,1.657464262641966,12.329942473874766
-0.9709262147572119,1.7705125092631506,12.36383329022992
-0.9703286281968204,1.883579101793828,12.393152441965299
-0.9697317769537354,1.9965065996106315,12.422435517120135
-1.1568864478372183,2.51792932764571,3.2401403362787136
-1.1572593740521686,2.6548891522373275,3.221843605717936
-1.1577138390708799,2.7921333765827097,3.1995463692585133
-1.1582753098332212,2.929755195460501,3.171999152558584
-1.1589213763557764,3.067733055059408,3.14030144772142
-1.1596675629009852,3.206139732726253,3.1036915940333785
-1.160491604589111,3.3449463896980256,3.063261964433579
-1.161386168409256,3.4841585052277675,3.0193723355191935
-1.1622714400259853,3.6235521365516004,2.9759386062851974
-0.9058984885403305,-0.6643255582629091,9.628164459338372
-0.904379474094423,-0.5426276844566539,9.712628167823446
-0.9052316210288295,-0.4224414231467872,9.665245148887664
-0.8646115520526791,0.6340484715052981,11.923894942435574
-0.8637709452468345,0.74860148588059,11.970636280801855
-0.8629692040928562,0.8629692040928562,12.015216522479314
-0.8621722978439476,0.9771286042231407,12.05952792272906
-0.8601025943673286,1.0894632861986164,12.174612299688533
-0.8588112425451824,1.2023357395632555,12.24641699131032
-0.8587288844576406,1.316717622835049,12.25099645368229
-0.859160041072556,1.4319334017875933,12.227022299432647
-0.8584244021395271,1.5451639238511488,12.26792697453763
-0.8577920389991697,1.6583979420650616,12.3030890732838
-0.8571606070470259,1.7714652545638534,12.338199393977412
-0.8565754716100072,1.8844660375420161,12.37073543016178
-0.8560483422360421,1.9974461318840981,12.400046080825092
-1.0206227231964549,2.5175360505512554,3.249005697369327
-1.0209472980237597,2.654462974861775,3.2309579469552787
-1.0212764570440147,2.791488982586974,3.2126552957810475
-1.021760819802789,2.9290476834346624,3.185722652073572
-1.0222564763744488,3.0667694291233465,3.158162024003069
-1.0229080564727446,3.205111910281267,3.1219313800974646
-1.0235705048009685,3.343663649016497,3.0850964160638625
-1.0243592203957912,3.48282134934569,3.041240451258382
-1.025152121000385,3.6222041608680278,2.997151781986993
-0.7848282628566702,-0.5433426435161562,9.6463701918671
-0.7842178192259209,-0.422271133429342,9.685535515105578
-0.7499220265487059,0.6345494070796741,11.88591199257749
-0.7491480322118927,0.7491480322118927,11.93557053082587
-0.748437871042409,0.8635821588950872,11.981133610450627
-0.7462796241715149,0.9759041239165964,12.119604112998537
-0.745463475120472,1.0895235405606898,12.17196724660294
-0.7462926455504527,1.2055496581968852,12.118768677113188
-0.7457432894551524,1.3193919736514237,12.154014698140642
-0.7450970218026857,1.4328788880820877,12.195478447178985
-0.7444542140244819,1.5461741368200776,12.236720214879405
-0.7438387849409565,1.6593326740990566,12.276205398723583
-0.7432909270349376,1.7724629798525433,12.31135529774317
-0.7427438756052862,1.8854267611518805,12.346453454216807
-0.8842265476786784,2.38060993605798,3.2690967495562973
-0.8844355572801785,2.5172396630282003,3.2556869469302114
-0.8846789780963082,2.6540369342889245,3.2400693624941326
-0.8849641576679064,2.7910408049526274,3.2217725869360905
-0.8853122481293122,2.9283405130431097,3.199439524962031
-0.8857416097080824,3.0660286489895157,3.1718922066321085
-0.8862362065126211,3.204084746622553,3.140159475308984
-0.8868068226037233,3.3425795621217262,3.1035494387267875
-0.6639350109501526,-0.42250409787736987,9.657777327252795
-0.6641845047660001,-0.30190204762090916,9.638859702747808
-0.6350511348170228,0.6350511348170228,11.847868977737
-0.6337619385655757,0.748991381941135,11.945621022272718
-0.6323794056466956,0.8623355531545849,12.050450228304591
-0.6319584307860728,0.9766630293966582,12.082370235268478
-0.6325677706409251,1.0926170583797798,12.03616763689601
-0.6319969234614854,1.206539581153745,12.079451565812988
-0.6314393011244597,1.320282175078416,12.121732733991891
-0.6308832745085643,1.4338256238831009,12.163892908177196
-0.6303386415115472,1.547194847346525,12.205189172357521
-0.6297949480949563,1.6603684995230668,12.246414193771216
-0.6292929072962126,1.7734618296529627,12.284480946185724
-0.7479204596341983,2.243761378902595,3.289662844372714
-0.7481029602585382,2.3803276008226213,3.275824913073862
-0.7482804540033116,2.5169433452838663,3.262366623519867
-0.7484573502502659,2.65362151452367,3.248953638653461
-0.7486956215431608,2.790592771206327,3.230886950972277
-0.7489370054285321,2.927662839402444,3.212584254011645
-0.7492926776233801,3.065288226641101,3.1856157577940394
-0.5434302146884556,-0.30190567482691977,9.638254638183895
-0.5444890916874927,-0.18149636389583093,9.540124478406966
-0.519160559022031,0.6345295721380377,11.887415957622402
-0.5183158748314247,0.7486784858676134,11.965696054990289
-0.5181732638930624,0.8636221064884372,11.978912353181826
-0.5184042077348158,0.9792079479435409,11.957509908788978
-0.5179229003131359,1.0933927895499536,12.002114498589506
-0.5174424858510112,1.207365800319026,12.046636334430985
-0.5169809655252743,1.32117357856459,12.089407178774614
-0.5165249185321292,1.4347914403670257,12.131670788564804
-0.5160723021373891,1.5482169064121674,12.17361647174981
-0.5156268744165158,1.6614643731198844,12.214895953179777
-0.6117443457221804,2.107119413043066,3.307324228459521
-0.6118605790550626,2.243488789868563,3.2965524433159104
-0.6120098614647637,2.3800383501407474,3.282717874495205
-0.6121574020443926,2.5166470972936144,3.2690447276936965
-0.6123021012646848,2.6533091054803006,3.255634900471293
-0.4231146769528558,-0.30222476925203984,9.585025588436864
-0.42293654544276293,-0.18125851947546984,9.606250320199663
-0.404431444235986,0.5199832854462677,11.811170769997709
-0.4038841423872411,0.6346750808942359,11.876382898535972
-0.4043464278502964,0.7509290802934077,11.821300645283458
-0.40392689897008693,0.8655576406501863,11.87128836471922
-0.40350987957758794,0.9799525646884278,11.92097707358976
-0.40311512426416274,1.0941696230027274,11.968012972151556
-0.40274093767976527,1.2082228130392958,12.01259806481108
-0.40236796981805484,1.3220661865450374,12.057037944183456
-0.4020127873639408,1.4357599548712172,12.099358656063629
-0.30224088070344013,-0.18134452842206408,9.582337991347828
-0.30257258156957356,-0.06051451631391472,9.527006025275696
-0.2893436340856641,0.4050810877199298,11.733764427453572
-0.28906093949976674,0.5203096910995801,11.780921516363179
-0.3393578554547354,0.7465872820004179,3.3907497341965396
-0.18156601356681185,-0.18156601356681185,9.52076037847472
-0.18147836535525846,-0.06049278845175282,9.545128458086566
-0.17426319925977574,0.17426319925977574,11.551099130064529
-0.1739435397797852,0.28990589963297525,11.639971310329685
-0.17382185137123918,0.40558431986622473,11.67380329360389
-0.05726937636821783,-0.05726937636821783,12.233661203293437
-0.057269285722320186,0.057269285722320186,12.233736807795033
-0.0580985301537506,0.17429559046125181,11.542093682465506
-0.05814947079966765,0.29074735399833823,11.499605911413965
0.058162565755824853,-0.29081282877912423,11.488683876776975
0.05814457218601538,-0.17443371655804615,11.503691669880133
0.05726941788917573,-0.05726941788917573,12.233626572147301
0.05726932724314665,0.05726932724314665,12.23370217675852
0.20254924795117596,-3.1732715512350897,3.6869719082928896
0.20253208334697417,-3.0379812502046124,3.6917440358044757
0.2025203547370112,-2.9027917512304935,3.69500484051742
0.20251596561034044,-2.7677181966746525,3.696225111715698
0.20252021225515926,-2.6327627593170697,3.6950444535232023
0.20253291002645693,-2.497905890326302,3.6915142012066866
0.20254624346757746,-2.3630395071217367,3.687807219067899
0.2025600314204874,-2.228160345625361,3.6839738729192533
0.2025852679402107,-2.093381102048844,3.6769575800497876
0.20261634374843854,-1.958624656234906,3.668317839940123
0.20336641595920837,-0.6100992478776252,3.4597817041452714
0.17395051914909063,-0.40588454468121143,11.638030896214424
0.17407491391871352,-0.2901248565311892,11.603446486609876
0.17438078047208877,-0.17438078047208877,11.518409035289963
0.18120424993663123,0.06040141664554374,9.621338414063523
0.18118444158806174,0.18118444158806174,9.626845559119495
0.3377616021983987,-3.580272983303026,3.6570252855742567
0.33770272066018303,-3.4445677507338672,3.6668474826423605
0.337645146890433,-3.3089224395262438,3.676451527128549
0.337589980691128,-3.1733458184966037,3.6856539579327077
0.33756137167843114,-3.0380523451058803,3.69042630881124
0.3375359446911897,-2.9028091243442313,3.6946678569620204
0.3375286293925099,-2.7677347610185814,3.6958881427667407
0.33752784347503645,-2.6327171791052844,3.6960192438985615
0.33754900569440727,-2.497862642138614,3.6924891138211677
0.3375707271611596,-2.362995090128117,3.688865694095469
0.33759370621876833,-2.228118461043871,3.6850324920577577
0.33762781355102833,-2.0932924440163756,3.6793429508352062
0.3376796021774641,-1.9585416926292922,3.670703942579749
0.3377633807486343,-1.8239222560426256,3.656728600544625
0.33788365037718165,-1.6894182518859082,3.6366660813119864
0.33800598609953514,-1.5548275360578618,3.6162589110878613
0.3383696292349637,-0.8797610360109057,3.555598564111854
0.28929204688919263,-0.6364425031562237,11.74236983460306
0.28929288276807574,-0.5207271889825363,11.742230399266212
0.2896856113230494,-0.40555985585226917,11.676718230628659
0.3020273846962387,0.06040547693924774,9.617951868286731
0.30138782967497296,0.18083269780498382,9.724637862660039
0.4731570199077653,-3.8528500192489457,3.6223786348131526
0.47298157020179626,-3.716283765871256,3.6432838241595675
0.4728890120826606,-3.580445377197287,3.6543123123259704
0.47280656998907405,-3.444733581348968,3.6641354554713104
0.4727252234626604,-3.3090765642386226,3.6738280595595185
0.4726455009311787,-3.1734769348236282,3.683327161348231
0.47259698007429524,-3.038123443334755,3.689108520141609
0.472556932371797,-2.9028497274267533,3.6938802853548296
0.47254290924208453,-2.7677513255607806,3.695551169784359
0.47253266814393585,-2.6326820082304994,3.696771417460077
0.47256042616592847,-2.497819395448479,3.693463992677387
0.4725901349608478,-2.362950674804239,3.6899241293324323
0.4726223044320972,-2.2280765780370295,3.6860910713975272
0.4726589211113696,-2.093203793493208,3.6817281195806544
0.472731419046972,-1.9584587360517414,3.673089843086416
0.40242233877057976,-1.5522004495436648,12.050559772898858
0.4027375709613822,-1.438348467719222,12.012999216154626
0.4030549722814511,-1.3243234803533392,11.97518020324609
0.4033731771976936,-1.2101195315930808,11.937265440218887
0.40369188494005964,-1.0957351162658762,11.899290764436273
0.4040501681816491,-0.9812646941554336,11.85660058742112
0.4044174686134693,-0.8666088613145769,11.812835993848225
0.40401545438800335,-0.7503144152920063,11.860736806544935
0.40430835605065496,-0.6353417023653148,11.825836977652145
0.40515537595334294,-0.5209140547971551,11.724912833333562
0.421516955585341,0.180650123822289,9.775397339282662
0.42132169042808576,0.3009440645914898,9.798663579956205
0.608675278852732,-3.990204605812354,3.591746330874564
0.6084134723110044,-3.853285324636361,3.6160089390847148
0.6081646480834255,-3.7165617382876004,3.6390684268542017
0.6080294356461918,-3.58061778769424,3.6515990778000997
0.607923428461145,-3.4448994279464884,3.6614231669205566
0.6078178842813318,-3.3092307033094728,3.671204347584613
0.607715374327975,-3.1736247326016476,3.6807043349398754
0.607638908978294,-3.03819454489147,3.687790669791248
0.6075874166638815,-2.902917657394101,3.6925626584596003
0.6075588051880805,-2.7677678903012555,3.6952141927684607
0.6075456379049071,-2.6326977642545972,3.696434454992307
0.6075671716838479,-2.4977761502558193,3.6944388377771062
0.6076052658146313,-2.3629093670568992,3.6909085097562553
0.6076458263467496,-2.2280346966047486,3.687149610940793
0.6076871911768169,-2.093144769609036,3.683316174774596
0.5167489835384114,-1.6650800580682148,12.110905832024159
0.5170819731593626,-1.5512459194780877,12.080046417061226
0.5174867731697058,-1.4374632588047385,12.042532060125701
0.5178922074711821,-1.3235023079819102,12.004958921017852
0.5183009755415372,-1.2093689429302534,11.967076828865395
0.5187102342786374,-1.095054939032679,11.929149264759019
0.5187915188081026,-0.9799395355264161,11.921616318183482
0.5185067210715167,-0.8641778684525279,11.948009607886334
0.5190772616795798,-0.7497782668705041,11.895135439234679
0.5205593299236545,-0.6362391810177999,11.757786536837493
0.5421479029833893,0.1807159676611298,9.75709134217918
0.5408050909200427,0.30044727273335703,9.881534844537263
0.7443611830402888,-4.127821105950693,3.559541510039203
0.7440260963632281,-3.990685425948224,3.584949129509539
0.743700491445391,-3.853720728398844,3.6096378038628387
0.7433963042506525,-3.716981521253263,3.6327025003152826
0.7431828747690402,-3.5807902147962847,3.6488855819588935
0.7430532979540296,-3.4450652905141377,3.6587106171911117
0.7429231311050775,-3.3093848567407997,3.668580391169712
0.7427978294900707,-3.1737725441848474,3.678081263544108
0.7426871588341966,-3.038265649776259,3.686472757755837
0.7426242208364389,-2.902985590542443,3.6912449698631065
0.7425763172595142,-2.7677844552400077,3.694877211718989
0.7425602237215432,-2.6327135204672896,3.696097488491219
0.7425692424909764,-2.4977329065605574,3.6954136491220666
0.7426158003730773,-2.3628684557325186,3.691883443259691
0.7426642722489795,-2.2279928167469385,3.688208110689807
0.6308940537321707,-1.7779741514270266,12.163075584092638
0.6312790777252434,-1.6642812049120055,12.13388151648973
0.6316645719525815,-1.5504494038836092,12.104651793833682
0.6320948210701868,-1.436579138795879,12.072028575407167
0.6325897422794847,-1.3226876429480134,12.034501658897241
0.6330854390859659,-1.208617656436844,11.996915933489674
0.6325198235562308,-1.0925342406880352,12.039803177685961
0.6326639376954256,-0.9777533582565671,12.028875864069448
0.6336004601219355,-0.8640006274390029,11.957864967286177
0.6351827229501689,-0.7506704907592906,11.837891436274845
0.6357603584000109,-0.6357603584000109,11.79409279339562
0.6605716203508799,0.30025982743221813,9.912803129012666
0.6600237921641019,0.42001514046806493,9.954341665330723
0.880197174763468,-4.26557092385373,3.5276164305281767
0.8798022604403483,-4.128302914373942,3.5529536546999054
0.8794095373845043,-3.9911663619758273,3.5781502898199307
0.879018087673802,-3.854156230569747,3.603265228659488
0.8786585125006686,-3.71740139904129,3.6263351358137683
0.8783610454542332,-3.5810104160826426,3.645420260859858
0.8781961803471543,-3.4452311690542206,3.6559978062452814
0.8780430827925445,-3.309547004371898,3.665820359731427
0.8778928681699025,-3.17392036953734,3.675457947797831
0.8777448206764875,-3.038347456187841,3.684956495480492
0.8776673453341732,-2.9030535268745727,3.6899272195111905
0.8775954454854035,-2.767801020377042,3.6945402266358727
0.8770066455027508,-2.631019936508252,3.732316919653549
0.87630546861966,-2.4941001799174938,3.7773035783560047
0.8761549170413832,-2.3588786228037235,3.786962785087404
0.7447918192798777,-1.8906253874027663,12.215059871010546
0.745243280009037,-1.7771185907907803,12.186094697984977
0.7456993287216662,-1.663483117917563,12.156835165502514
0.746154475839739,-1.5497054498209963,12.12763347823369
0.7466101788124996,-1.435788805408653,12.09839612800203
0.7471461627211806,-1.3218739801990118,12.064008050255424
0.7463693371165447,-1.20567354457288,12.113848239214654
0.7468075896039503,-1.0914880155750044,12.085730490966142
0.7485360002077075,-0.9788547695023868,11.974837762178247
0.7495012471075884,-0.8648091312779865,11.91290869136072
0.7501346939338492,-0.7501346939338492,11.872267510987605
0.7791330087882993,0.419533158578315,10.011770787888167
0.7791448855734503,0.5394079977046963,10.01100878775246
1.0157553160247732,-4.266172327304049,3.519654381148932
1.015274959521637,-4.128784835387991,3.5463642598858414
1.014825613712814,-3.991647413937069,3.571349811213338
1.0143828685652883,-3.8546549005480957,3.595968337504871
1.0139512831635753,-3.7178213715997765,3.6199663341367696
1.013555360757883,-3.5812289413445204,3.641981315460484
1.0133520775203075,-3.4453970635690463,3.6532847340453003
1.0128084600644867,-3.3085076362106562,3.6835121926712375
1.0119351644318861,-3.1707301818865767,3.7320711697974858
1.011366618016167,-3.034099854048501,3.763684785353881
1.011065646519833,-2.8983881866901884,3.7804200894829165
1.010881223882329,-2.7630753452783665,3.7906747779318337
1.0110738846441576,-2.6287921000748096,3.7799620144900956
1.0116189837939382,-2.4953268266917146,3.7496521673345384
0.8584755665807834,-2.003109655355161,12.26508201248825
0.8589661052411269,-1.8897254315304794,12.23780596220476
0.8594865255126821,-1.77627215272621,12.208868366367675
0.860007576836941,-1.6626813152180862,12.179895681297744
0.8605345607559878,-1.548962209360778,12.150593118550816
0.8610598675950623,-1.435099779325104,12.121383808632565
0.8599897964313881,-1.318651021194795,12.180884347992396
0.8605579488846636,-1.2047811284385292,12.149292638435028
0.8629113620269376,-1.0930210585674545,12.01843278905735
0.863590741099947,-0.9787361732466069,11.980656403106487
0.8642724531884514,-0.8642724531884514,11.942750291502804
0.8649552423606028,-0.7496278767125226,11.904784289435646
0.8993376574890909,0.41969090682824245,9.992974763035434
0.8973498133270393,0.5384098879962237,10.103507411536334
0.8986942991208275,0.6590424860219403,10.028748243541052
0.8981092517395083,0.7783613515075739,10.061279383451435
0.8975249655909242,0.8975249655909242,10.093768195561701
1.1496031479965196,-4.260294019045926,3.59747797958822
1.1489950416133106,-4.122864561083055,3.6273132612064742
1.1484509486948613,-3.9858003513527533,3.654007875663183
1.1478756115120115,-3.848759403304979,3.6822354150374466
1.1473138417338546,-3.7118977232565884,3.7097973022313937
1.146755091857157,-3.5751776393193717,3.7372110252011552
1.146570437399263,-3.439711312197788,3.7462706534265138
1.1465323242426422,-3.304710816934674,3.748140584071102
1.1464987842541101,-3.1697319329378337,3.7497861431886506
1.1469602850525988,-3.0360713427862906,3.7271437130643434
1.1477725570775263,-2.903189409078449,3.6872915337689207
1.1476752921011582,-2.767922763302793,3.692063606619435
1.1476136777929127,-2.6327607902307992,3.695086564919123
0.9719657032742248,-2.1154547659497833,12.312833278553747
0.9725103654049655,-2.002227222892576,12.286110737060774
0.9730556383045162,-1.8888727096499434,12.259358229660599
0.973620995162984,-1.7754265205913236,12.231620350972037
0.9742109576310155,-1.6618892806646735,12.202675257047794
0.9748016357444124,-1.5482143626528901,12.173695051699617
0.9735289175634209,-1.4316601728873835,12.236137917617533
0.9742088491302903,-1.3180472664703926,12.202778705580265
0.976599955301184,-1.2063881800779332,12.085464814528365
0.9773644045554801,-1.0923484521502425,12.047958944807966
0.9781300514210286,-0.9781300514210286,12.010394317163012
0.9789012995538198,-0.863736440782782,11.972554876771113
0.9796741673620893,-0.7491625985710094,11.934635970885402
1.0188541915211309,0.4195281965087009,10.012362028575971
1.0164264856195224,0.5381081394456295,10.131471597659164
1.0156044624074045,0.6571558286165557,10.171802195573392
1.0168643134664586,0.7776021220625859,10.109990624141481
1.016207906271199,0.8966540349451754,10.142195669290764
1.0155567605982074,1.0155567605982074,10.174142570465662
1.0149064488474526,1.1343072075353882,10.206048557245545
1.0142520954437138,1.2528996473128227,10.238152838038296
1.2863121381685048,-4.265140247611359,3.5333182027850754
1.2863152669795839,-4.1297490150397165,3.533180853867691
1.285771604569588,-3.992659193137141,3.5570466103970944
1.2851946387480921,-3.8555839162442758,3.5823743240083985
1.2846285532312562,-3.7186616014588996,3.607224412723795
1.2841030937905022,-3.581971787941927,3.6302910931647077
1.2837097868726695,-3.445747322658218,3.647556526583948
1.2834791010797701,-3.3100250501530915,3.6576831987005036
1.2832535029014112,-3.1743639282298064,3.667586534114541
1.2830370652526508,-3.0387719966510147,3.6770877395209425
1.2828346452107486,-2.9032573549506417,3.6859735983699053
1.2827259322051796,-2.76798753791644,3.6907458946971587
1.282634728120735,-2.6327765471951925,3.694749582341956
1.0858708431227493,-2.114590589239038,12.332313789101839
1.0864447366786014,-2.0013455675658443,12.307120942169746
1.087053622595828,-1.8880405024032803,12.280391996435164
1.087663191335859,-1.7746083648111384,12.25363307606466
1.0883055865024573,-1.661098000451119,12.225433137353036
1.0868103590510654,-1.5444147207567769,12.291070808184962
1.0876931033812482,-1.431175136027958,12.252319993571867
1.0902949428729178,-1.3198307203198478,12.138104137012576
1.0909606787120907,-1.2057986448923108,12.108879586706223
1.0916766729769456,-1.0916766729769456,12.07744878610773
1.092531343384026,-0.9775280440804444,12.039930363878725
1.0933873530340135,-0.8632005418689579,12.002353151406787
1.1376053321009112,0.41911775393191464,10.061267096476513
1.136865235893983,0.538515111739255,10.09375592696788
1.1338432300225147,0.6564355542235611,10.226416296772427
1.1341233632126755,0.775979143250778,10.214118976984892
1.1346706377990066,0.8957926087886893,10.190094652713135
1.1339442839354434,1.0145817277317126,10.221980220196308
1.133228075680066,1.133228075680066,10.253420414575977
1.1325328619756285,1.2517468474467472,10.283938987684856
1.1318385007487781,1.3701202903800997,10.314420138632173
1.421932892711626,-4.130376497876628,3.5246011654313847
1.4212818671156475,-3.9931252457058664,3.550458173432858
1.420649481277939,-3.8560485920401204,3.575574859730054
1.4200130733691239,-3.7190818588238956,3.6008512920118037
1.4194321712031535,-3.582376432084149,3.6239231835723658
1.4189237116120594,-3.4459575853435727,3.6441178484158954
1.4186504697589997,-3.3101844294376654,3.6549702892792766
1.4184031493462026,-3.1745213342510246,3.6647931993647234
1.4181596503687142,-3.0389135365043876,3.67446433218678
1.4179204883444287,-2.903360999943354,3.6839632127435493
1.4177828933365597,-2.7680523155618544,3.689428121099546
1.1990805769292332,-2.2268639285828615,12.375703407687688
1.199691963272067,-2.1137429829079277,12.351420765566857
1.2003039733807463,-2.000506622301244,12.32711334912294
1.2009511997306743,-1.8872090281482023,12.301407237086444
1.2010499935972543,-1.772978561976899,12.297483407033624
1.1998622032778343,-1.6569525664312952,12.344659284576728
1.2009489635437494,-1.5440772388419635,12.301496052493349
1.2037490460587887,-1.4330345786414151,12.190284210065968
1.204485008468497,-1.3191978664178776,12.161053737356205
1.2052201162745637,-1.2052201162745637,12.13185720723385
1.2059561216752392,-1.0911031577061687,12.102625027037021
1.2067919013904365,-0.9769267773160676,12.069430075998511
1.2077368533308843,-0.8626691809506315,12.031899094058488
1.25612681350425,0.41870893783475005,10.109978366021735
1.255315952675411,0.5379925511466046,10.14218360506132
1.253291294446397,0.6564859161385888,10.222597653834889
1.2511532266030467,0.7745234259923622,10.307516031352904
1.252899937607695,0.8949285268626391,10.238141308296797
1.2521310715783764,1.0136299150872572,10.26867862540837
1.2513631486290313,1.132185705902457,10.299178485887566
1.2505961669334875,1.2505961669334875,10.329640962265088
1.2498233863087793,1.3688541850048535,10.3603337567111
1.2490561258758106,1.486971578423584,10.390807303799015
1.5568237688653852,-3.9935914070894665,3.54386819818734
1.5561369778362757,-3.8565133798551177,3.5687737563083886
1.5554580395244901,-3.7195735727759542,3.5933945461383203
1.5547918274748618,-3.582781167659464,3.6175538350918615
1.5541541392261822,-3.446167873936317,3.6406787465532062
1.55383485620519,-3.3103438240893173,3.652257118283977
1.5535639553738279,-3.174674169676953,3.6620809746166287
1.5532948235445347,-3.0390550895436546,3.6718406804552117
1.5530328597837446,-2.9034962161174356,3.6813404458764722
1.5528461759390908,-2.7681170962392487,3.688110285822276
1.3127844817031422,-2.2260258602792407,12.39362655644588
1.313421872529708,-2.112896055808661,12.370512430599703
1.3140916321622302,-1.9997046576381765,12.346224493297221
1.313890160075315,-1.8851467514124087,12.353530609070084
1.3127551756047082,-1.7693656714672152,12.394689302910102
1.3141498205669035,-1.6569715128887046,12.34411436862591
1.3169607809768553,-1.5459974385380475,12.242178648881875
1.3177639197024518,-1.4323520866330997,12.213053897157117
1.3185627254683,-1.3185627254683,12.184086274422505
1.3193699655856017,-1.2046421424912017,12.154812791212954
1.3201752935891573,-1.0905795903562603,12.12560864825106
1.3209816052721823,-0.9763777082446565,12.09636883346883
1.3744293968584145,0.4183045990438653,10.15815615541647
1.3735489987997476,0.5374756951825098,10.190082613524439
1.3726697279063849,0.6564942176943579,10.221968196490167
1.3691976026937946,0.7738942971747536,10.347880173526107
1.3686901166387992,0.8926239891122603,10.366283476572598
1.3701206071645429,1.0126978400781403,10.314408650868025
1.3692748974358981,1.1311401326644377,10.345077183081685
1.368434048113426,1.2494397830600847,10.375569459166051
1.3675942308608133,1.3675942308608133,10.406024308617319
1.366755443777431,1.485603743236338,10.43644180035924
1.3659224721504168,1.6034742064374456,10.466648402353862
1.691657140202625,-3.856978279661985,3.561971014142628
1.6909189859095648,-3.7200217690010424,3.586597738079597
1.6901820729711636,-3.5831859946988667,3.6111830472354143
1.6894907758475382,-3.446561182728978,3.634246495598447
1.6890322622968434,-3.3105032341018132,3.649543685820703
1.6887377764999623,-3.1748270198199293,3.659368488699087
1.688442586560456,-3.0391966558088206,3.6692167835847727
1.6881578167946267,-2.9036314448867584,3.6787174347014897
1.6879157804566074,-2.7681818799488362,3.686792388861015
1.4264262980884095,-2.2252250250179184,12.410753429586741
1.427079369338814,-2.112077466621445,12.388965294577453
1.4266993797568455,-1.9973791316595835,12.401642723432147
1.4255282340843325,-1.881697268991319,12.440715152378381
1.4272663973171944,-1.769810332673321,12.382725560641923
1.4300464542145204,-1.6588538868888438,12.289975719066561
1.4308481960568302,-1.5453160517413764,12.263227551095582
1.4316702445531715,-1.4316702445531715,12.235801900967246
1.4325376848390354,-1.3179346700519126,12.206861864104205
1.4334061770714865,-1.2040611887400487,12.177886731599997
1.434284901624187,-1.0900565252343821,12.148570222599858
1.4925102048703394,0.41790285736369503,10.206024493786828
1.491547890360359,0.5369572405297293,10.238129778549954
1.4906325731988024,0.6558783322074729,10.268667111007879
1.4890805250023391,0.7743218730012164,10.320447426899158
1.4855979912450068,0.891358794747004,10.436633701570045
1.4878853285753293,1.0117620234312241,10.360322250814889
1.4869719228746818,1.1300986613847583,10.390795812025303
1.4860596379515656,1.248290095879315,10.421231981217382
1.4851449730150579,1.3663333751738533,10.451747553771746
1.484252310226968,1.484252310226968,10.481529078119394
1.4833607198839278,1.602029577474642,10.511274822944486
1.4824702000544443,1.7196654320631557,10.540984852686591
1.8256029180622804,-3.583590913233365,3.604810819515066
1.8248561484542278,-3.446950502635764,3.6278794796840828
1.8242613288319902,-3.3106964856580565,3.646254212103969
1.8239246146045989,-3.1749798846820796,3.656655741574383
1.823606650238487,-3.039344417064145,3.666478064053237
1.8232953611356553,-2.903766686253081,3.6760941791844743
1.8229917073354636,-2.768246666694593,3.6854744301348674
1.539986376299885,-2.224424765766501,12.427867984028559
1.5392839542699446,-2.1093891225180723,12.449566691272679
1.538160276682274,-1.993911469773318,12.484278516887976
1.5401656501438523,-1.882424683509153,12.4223299876518
1.5429658406671167,-1.7715533726178008,12.335828551475025
1.5437701466068552,-1.6581234907999558,12.31098252105857
1.5446352653123567,-1.5446352653123567,12.284257907191218
1.5455013541158882,-1.4310197723295262,12.257503325765533
1.5464041192085314,-1.3173072126591194,12.2296157672601
1.547341197641229,-1.2034875981654005,12.200668226167743
1.610377485002711,0.41750527388959174,10.253397373446141
1.6093895485491776,0.5364631828497259,10.28391598329501
1.6084028235135175,0.655275224394396,10.314397170909594
1.607410034900699,0.7739381649521884,10.345065670111794
1.6035649243227004,0.8908694024015001,10.463846011839273
1.602565577187289,1.0090227708216266,10.4947171121212
1.6044524139919567,1.1290591061424882,10.436430330532978
1.6034745696426764,1.2471468874998595,10.466637182483701
1.6025110729947538,1.3651020251436792,10.496400815745226
1.6015487335442449,1.482915494022449,10.526128701711187
1.6005886456740777,1.6005886456740777,10.555787033505176
1.5996785178659174,1.7181732228930227,10.58390203562957
1.59876942450454,1.835624154060768,10.61198508238106
1.9591244715680936,-3.175132764265531,3.6539427332047794
1.6506777387058997,-2.1060371149006305,12.525128574550642
1.6530718919325567,-1.9950867661254992,12.456270726684181
1.6557511936091263,-1.8841306685896952,12.379211771067048
1.6565953645454299,-1.7708433207209766,12.354932709368704
1.657440396647227,-1.657440396647227,12.330628879830996
1.6583221213065953,-1.5439550784578644,12.305269741669377
1.65925154551365,-1.4303892633738362,12.278538724648321
1.6601820121162199,-1.3166960785749329,12.251777727461004
1.7280737184972033,0.4171212423958766,10.299155507076279
1.727014552152426,0.535970033426615,10.329618016418586
1.7259473812018737,0.654669696317952,10.360310744913349
1.724887830084004,0.7732255790031742,10.390784320651385
1.7238295790687896,0.8916359891735117,10.421220504350416
1.7191728575839131,1.007790985480225,10.555151706410463
1.7205642770502843,1.1272662504812205,10.515133319589168
1.720698824472067,1.2460232866866692,10.51126362328202
1.719665821268119,1.3638728927298875,10.540973658826545
1.7186620405267417,1.4816052073506392,10.569843231922981
1.7176850514075863,1.5992240133794768,10.597942255571489
1.7167091724141292,1.7167091724141292,10.626009351077052
1.7157406027746902,1.8340675408970823,10.6538662234518
1.7148865778952649,1.9514226576049565,10.67842869279039
1.7692443249667802,-2.1116787104442216,12.397954166667994
1.768478535636386,-1.9966693144281775,12.418557956822745
1.7692880783997638,-1.883435696361039,12.396776967514164
1.7701338377843754,-1.7701338377843754,12.37402155921803
1.771036424105798,-1.6567760096473596,12.349737205251422
1.8455452827933543,0.41673603159849937,10.345054157136566
1.8444119630712106,0.5354744408916418,10.375546462012728
1.8432800343992946,0.6540671089803948,10.406001340267956
1.8421494942205205,0.7725143040279603,10.436418860701394
1.8410267747514897,0.8908194071378175,10.466625962608468
1.8373903499025481,1.007601159623978,10.564465056896381
1.8352474510265682,1.1248290828872516,10.62212038978123
1.8377132837115693,1.244902547030418,10.555776426523948
1.8366683217058402,1.362689399975301,10.58389144070761
1.8356245473990334,1.4803423769347044,10.611974499497812
1.834581958700566,1.5978617059650093,10.640025659142303
1.833611137797684,1.7153136450365432,10.666145884858345
1.832698668838418,1.832698668838418,10.690696134141348
1.8317871075803105,1.9499669209725887,10.71522196145417
1.9628038474977747,0.4163523312874068,10.390772829683584
1.9615996302675953,0.5349817173457078,10.421209027478149
1.9603922527493318,0.6534640842497772,10.451725100523468
1.9592139368793142,0.771811550891851,10.481506649886441
1.9580370368597177,0.8900168349362352,10.511252414091736
1.9568615499192175,1.0080801923826272,10.540962463183682
1.9520233407764291,1.123892226507641,10.66324662151569
1.9513273617517184,1.2417537756601844,10.680837264404772
1.9534970628640753,1.3615282559355677,10.625998776334846
1.9523948456217417,1.479087004258895,10.653856957699062
1.9514230238423549,1.5966188376891994,10.678419436259574
1.9504521690473922,1.714033724314375,10.702957474604112
1.9494822797943143,1.8313318385946586,10.727471109192365
1.9485254309881066,1.9485254309881066,10.7516551507385
1.9476041208738006,2.065640734260091,10.77494096343608
2.0798466844631984,0.41596933689263976,10.436407390864503
2.0785790875989334,0.5344917653825828,10.466614739820749
2.0773301096486056,0.6528751773181332,10.496378392483358
2.0760826317702747,0.7711164060861022,10.526106297820014
2.0748380234870387,0.8892162957801595,10.555765819538166
2.0736582271680732,1.0072054246244928,10.58388084578111
2.072479771696906,1.1250604474926063,10.611963919075528
2.06687417758632,1.2401245065517923,10.745547507185506
2.0687541054426233,1.359466983576581,10.700748061581947
2.069176304670875,1.4779830747649108,10.690686882214592
2.0681471222359074,1.5954277800105572,10.715212718329475
2.0671189632589546,1.7127557124145627,10.739714165023493
2.066129376591674,1.8300003049811968,10.763296417886139
2.0651526912907974,1.9471439660741807,10.786571225938857
2.0641769289364444,2.0641769289364444,10.809824039800453
2.195375356757398,0.5340102219139617,10.511241204989318
2.1940573859545265,0.6522873309594538,10.54095126753576
2.1927766474186883,0.7704350382822419,10.569822030015843
2.191530142866555,0.8884581660269816,10.597921080562053
2.190285054658645,1.0063471872755936,10.625988203484837
2.1890491773422247,1.1241063343108721,10.653847691942829
2.1853195916655843,1.2403165249993857,10.737921044314426
2.182513041330977,1.3566972959624992,10.801187078584114
2.1857835722353904,1.4768807920509393,10.727461865917427
2.184710721599563,1.594248364410492,10.751646361828847
2.1836777371634,1.7115311993983406,10.774932182835684
2.1826457291059795,1.8287031784401448,10.798195994042729
2.181614696141875,1.9457644587211318,10.821437824426411
2.1806600525393347,2.062786536185857,10.842957664683283
2.179738140308282,2.179738140308282,10.863739665306696
2.311962865000552,0.5335298919232043,10.555755212547837
2.3106482341061234,0.651721296799163,10.583870253984387
2.30933509740485,0.7697783658016166,10.611953340213866
2.308023452361714,0.8877013278314283,10.640004525450813
2.3068019749256523,1.0055290659932332,10.666127362571281
2.305654029307994,1.123267347611587,10.690677628919161
2.3045072257737336,1.2408885061858566,10.71520347037167
2.299465680498529,1.3560951449093892,10.823023281177392
2.2980630031334144,1.4731173097009067,10.853021307550776
2.3011705521020365,1.5931180745321791,10.7865624494871
2.3000832738000816,1.710318331800061,10.809815268694443
2.299019933452095,1.8274261009491013,10.832556144533818
2.298047776932657,1.9445019650968638,10.853346939077483
2.297076442231957,2.0614788584132944,10.874120157989871
2.2961059283083407,2.1783569063438106,10.894875823548062
2.4284528407934034,0.5330750138326983,10.597910495683621
2.4270731478638514,0.6511659665000576,10.625977630630302
2.425703597936188,0.7691255310529377,10.653838426183142
2.424496182182407,0.8870107983594171,10.678400921338586
2.423289967953613,1.0047787672002786,10.702938973834925
2.422084953338397,1.122429612522672,10.727452622555994
2.420896096510768,1.2399711713835642,10.75163757291606
2.419751437673049,1.3574215382068324,10.774923402232147
2.414083663716093,1.4720022339732273,10.890223099063121
2.4134338626465457,1.5893344949135788,10.903442021851546
2.4164074710816554,1.7091662600333661,10.842949815622788
2.415385892337293,1.8262673820111242,10.863731822881448
2.4143651770086585,1.9432695327142864,10.884496265647883
2.4133410599410263,2.060169197510632,10.905329910093513
2.4124898826082593,2.1771250160123317,10.922645436288235
2.5433975268537905,0.6506365766370161,10.666118099089402
2.5421318428985433,0.7685514873879317,10.690668371751364
2.5408674180143342,0.8863490993073257,10.715194222410396
2.5396042503233573,1.0040295873371412,10.73969568748997
2.53838842560506,1.121613490383631,10.763278848372764
2.537188497320941,1.239092056831157,10.78655366862138
2.535989702961943,1.3564596085610392,10.80980649430272
2.534817254531462,1.4737309619368963,10.832548292151287
2.528651242998887,1.5877577572318593,10.952149448296154
2.5299061787272223,1.7062157949555687,10.927807657301521
2.5316043757054434,1.8251101313225289,10.894867997541894
2.530618754585393,1.9421027651469296,10.913985935427036
2.529726371112352,2.0590796043937747,10.931295357333958
2.528834616787847,2.1759739725848917,10.94859257574565
2.6583864231001,0.7679783000066956,10.727443379191087
2.657081555741748,0.8856938519139159,10.75162878362979
2.655825222680346,1.0033117507903528,10.77491461648112
2.6545700771073872,1.1208184770008969,10.79817843951811
2.6533161173400432,1.2382141880920203,10.821420283931616
2.6521549649090606,1.35554587095352,10.842941966559785
2.6510337194799036,1.4727965108221688,10.863723982452541
2.647848293761487,1.588708976256892,10.922765086374916
2.643405837149266,1.7035282061628603,11.0051049573053
2.6465971523507648,1.8232113716194156,10.945954693222426
2.646921540858486,1.9410757966295562,10.939942229806675
2.6459886384118687,2.057991163209231,10.957233353558735
2.6450447549186475,2.174814576266444,10.974728008383572
2.7732065268652173,0.8850659128293246,10.786544885929018
2.7718962162843255,1.0026007590815647,10.809797719907849
2.770614650927783,1.1200357099495293,10.832540439766248
2.7694430767424745,1.2374107364168503,10.853331251061022
2.7682724928149205,1.3546865390370886,10.874104489194508
2.767102898030495,1.4718632436332417,10.894860173946938
2.7660255183092834,1.5889933828585243,10.913979405795345
2.761147076292326,1.703686493882499,11.000552470189334
2.758782242340171,1.8196223300541552,11.042518926141732
2.763101392191156,1.9400499136661309,10.965871087164281
2.7621219194897684,2.0568993017476997,10.983252856375557
2.7611920684696973,2.1737043943272085,10.999754036866712
2.8879025337309714,1.0019253688454393,10.842934122441044
2.886681621418905,1.1193255266726367,10.8637161489305
2.885461740995508,1.2366264604266464,10.88448061090083
2.8842376439973734,1.3538258328967263,10.905316846222135
2.8832203827413214,1.4710308075210825,10.922632381630407
2.882203838823189,1.5881531356780838,10.93993570671406
2.8811880114627324,1.70519290474325,10.95722683475421
2.875366986543715,1.8191097261807174,11.056310686122757
2.874034570013653,1.935574302254093,11.078990706095581
2.878221435073278,2.05587245362377,11.00772306490876
2.8772852029777725,2.1726439287791344,11.023659344702807
3.002601495396393,1.11861624338297,10.894852350349481
3.001432344672807,1.2358839066299794,10.91397287599846
3.000373935826449,1.3531098141962417,10.931282306755023
2.9993162731800815,1.4702530750882752,10.94857953400713
2.9982593559448536,1.587313776676687,10.965864570655818
2.99719651855264,1.7042882164318935,10.983246426740358
2.996187505198794,1.8212120129639726,10.99974803369588
2.9897986872917057,1.9345756211887508,11.104232044349736
2.9892877595076284,2.0514719918189606,11.112587859902987
2.993265118094365,2.17158449744101,11.047541339092028
3.116387447039388,1.3523945524887913,10.957220315947957
3.1152757511417017,1.4694696939347651,10.974715142221143
3.1141919869400607,1.5864751631581442,10.991770405686871
3.1131786682229854,1.7034373844993695,11.00771706425735
3.112166008731065,1.8203235145408116,11.023653348561275
3.1111540078237585,1.9371336275129065,11.039579268678892
3.1040411999443904,2.0498385282651634,11.1515139609118
0.0,0.0,60.0
