-1.2910672985366978,1.4269691194352976,3.3245756126795456
-1.2912267876539605,1.5630640061074257,3.31757434061862
-1.2913950540011252,1.699204018422533,3.3101877646853026
-1.291565094474325,1.8353819763582513,3.302723307958267
-1.1548172220776707,1.1548172220776707,3.341661936729693
-1.1549467504451316,1.290822838732794,3.3353069379540585
-1.1550845651449482,1.4268691687084654,3.3285453901497704
-1.1552251409459777,1.562951661279852,3.321648375534835
-1.1553720674897126,1.6990765698378125,3.3144397769564193
-1.1544573978634793,1.8335499848419965,3.359315849038275
-1.1537559185710968,1.968171861091871,3.3937322485622516
-1.0188253855273817,1.0188253855273817,3.348945369002365
-1.0188905978837854,1.1547426776016236,3.3453192827095393
-1.0190048728649501,1.290739505628937,3.3389651043656485
-1.019120879987546,1.4267692319825644,3.3325146115401765
-1.0192449000840305,1.5628421801288468,3.3256185630503268
-1.0176722962352467,1.6961204937254113,3.413062071835938
-1.017805615738772,1.8320501083297898,3.4056489364892073
-1.0196351920463353,1.9712947046229152,3.303916658491751
-0.8829330023433843,0.8829330023433843,3.3520890499563336
-0.8829595112007488,1.0187994360008639,3.350388273807539
-0.8829985828977165,1.1546904545585523,3.3478814811011617
-0.8830805464570455,1.290656183283374,3.34262279850838
-0.8818699872903872,1.4245592102383178,3.420290806942326
-0.8818140462607954,1.5601325433844841,3.4238799155772526
-0.8825953328444668,1.6972987170085898,3.3737535156116607
-0.8835024074091359,1.8349665384651284,3.3155567112923663
-0.8836175451850379,1.971146831566623,3.308169611185143
-0.7471156419198236,0.8829548495416099,3.350687360206031
-0.7471005577172014,1.0187734877961836,3.351831105112872
-0.7462145231529891,1.1532406266909834,3.4190138091300852
-0.7459309525104257,1.2884261906998264,3.4405152756831825
-0.74643510932419,1.4250124814370901,3.4022880784998577
-0.7473415609634068,1.5626232638325779,3.3335572697446167
-0.7474325056853051,1.6987102401938752,3.3266614751785752
-0.7475234725403707,1.8348303416900007,3.3197640023867763
-0.6113300161346175,0.7471811308311991,3.34572172756927
-0.6107168811425732,0.882146606094828,3.402543279825906
-0.6102515343371538,1.017085890561923,3.445668738598748
-0.610434776069253,1.153043465908589,3.4286870301802637
-0.6113026207030053,1.2905277548174559,3.348260566436956
-0.6113530873777622,1.4264905372147785,3.3435836276973347
-0.6114216565410904,1.5625220111605642,3.3372290624746697
-0.6114928535980095,1.6985912599944708,3.3306309603556485
-0.6115672705985962,1.8347018117957885,3.3237344538073685
-0.4747288462746689,0.7460024727173368,3.4350923259629127
-0.47467221050712605,0.8815341052275197,3.4418405928677913
-0.47544031725015573,1.0188006798217621,3.3503191120388394
-0.4754244465554615,1.154602227348978,3.3522101375940423
-0.47544548380830437,1.2904948846225404,3.3497035061261897
-0.47546652292300684,1.4263995687690205,3.3471966528139703
-0.4755194777282026,1.5624211411069513,3.340886980060148
-0.47557281437581483,1.6984743370564817,3.334531810005693
-0.33940550160811933,0.4751677022513671,3.3828017436674926
-0.339179491492796,0.6105230846870329,3.420503134618933
-0.3393578554547354,0.7465872820004179,3.3907497341965396
-0.3396353403901557,0.8830518850144049,3.3444616819186592
-0.3396086299007825,1.0188258897023474,3.3489173347150967
-0.33959403120193815,1.15461970608659,3.351352585242388
-0.33959526739526663,1.2904620161020135,3.3511463723129182
-0.33961029456881836,1.4263632371890371,3.3486396466995245
-0.20396176786663195,0.20396176786663195,3.294261125686866
-0.2037057238629455,0.3395095397715758,3.3654468413493746
-0.20368946790503492,0.47527542511174814,3.3699663457352713
-0.0634049395327678,-0.0634049395327678,7.116207383958134
-0.06340503864235743,0.06340503864235743,7.116124720193724
-0.06797256438564665,0.20391769315693994,3.3065148387473897
0.06794223177408587,-0.3397111588704293,3.331814185314144
0.06793913309950218,-0.20381739929850656,3.334398678971503
0.06340501277345624,-0.06340501277345624,7.116146296519098
0.06340511188327484,0.06340511188327484,7.1160636325637086
0.20284934181783235,-1.555178287270048,3.6035393874906205
0.20292876933739254,-1.4205013853617476,3.581456836281525
0.20303082150727314,-1.2858618695460633,3.5530841478245776
0.2031343165861214,-1.151094460654688,3.5243102997778024
0.20324008805075658,-1.0162004402537828,3.494903567738305
0.20335274647237542,-0.8811952347136268,3.4635821141878154
0.20336641595920837,-0.6100992478776252,3.4597817041452714
0.2034016362361647,-0.47460381788438427,3.449989712984106
0.2035922693096858,-0.3393204488494763,3.3969896365434877
0.20399502506355066,-0.20399502506355066,3.2850149128113344
0.3377991823747558,-1.8241155848236816,3.6507564293381662
0.33791548535944077,-1.689577426797204,3.631355597264104
0.3380356224650012,-1.5549638633390055,3.6113151845682907
0.33815548577178633,-1.4202530402415028,3.591320445025886
0.3383185223782315,-1.2856103850372798,3.564123844421566
0.3384887138641931,-1.1508616271382566,3.5357337179899915
0.33866488727132626,-1.0159946618139788,3.5063457302529173
0.3383696292349637,-0.8797610360109057,3.555598564111854
0.33843747996713397,-0.7445624559276947,3.544280190258405
0.33874591842461255,-0.6097426531643027,3.492828692818904
0.47274800053908783,-1.9585274308047926,3.671114124572604
0.4728555508425426,-1.8238714103926643,3.6582992871491484
0.473018331427857,-1.6893511836709176,3.6389036492988467
0.473184629986855,-1.5547494985282377,3.6190888377282775
0.47335239234368864,-1.420057177031066,3.5990996116680876
0.47330229956397996,-1.2846776702450886,3.6050682682635156
0.4730740317723358,-1.1488940771613871,3.6322668399547737
0.47319606684718335,-1.0139915718153927,3.617726112556568
0.4736105690100276,-0.879562485304337,3.568337336719658
0.4745534147991595,-0.7457267946843935,3.45599534311296
0.6076935356875525,-2.093166622923792,3.682728204828365
0.6077837970192455,-1.9584144570620134,3.674363343840014
0.6078757671076087,-1.8236273013228264,3.6658401258704174
0.6075701366426612,-1.6876948240073923,3.6941640637643047
0.6073642670349326,-1.55215312686705,3.713242783500398
0.6074367290754968,-1.4173523678428261,3.7065274505346295
0.6081259004410677,-1.2838213453755873,3.6426593182788025
0.6085374496374555,-1.1494596270929716,3.6045194885966794
0.6093500129108091,-1.0155833548513487,3.529216158827893
0.609667272155158,-0.8806305042241173,3.499814537707614
0.7419037988003835,-2.0908197966192623,3.7458702659527816
0.7416451952208932,-1.9552464237641733,3.765478629373824
0.7416255094194384,-1.82035352312044,3.7669712860103743
0.7420195866793208,-1.6864081515439109,3.737090763308501
0.7429126898794863,-1.5533628970207443,3.6693720868854385
0.7436343685211365,-1.4196656126312606,3.614651509905883
0.7438980365870896,-1.2849147904686093,3.594659136753414
0.7442382840521188,-1.1501864389896383,3.568860205584194
0.7446126424044016,-1.0153808760060021,3.54047484975991
0.7449980102272669,-0.8804521939049518,3.5112547115993493
0.8764720601549494,-2.090048758831033,3.766615267429742
0.8774581868147148,-1.9574067244328253,3.7033465765329296
0.8779388381232656,-1.8234114330252438,3.672508571324677
0.8781098651847817,-1.6886728176630417,3.661535682413394
0.8784121372138128,-1.554113781224438,3.642142275509592
0.8787194689601857,-1.4194699113972231,3.62242424327561
0.8790309907547975,-1.2847376018723964,3.6024373826266896
0.8793823635175939,-1.1499615522922382,3.5798937321749236
0.8798246139912403,-1.0151822469129694,3.551519477976427
1.0129479198779092,-1.8233062557802366,3.675757629797893
1.0130981528954992,-1.6884969214924987,3.667404030635794
1.0134167720842568,-1.5539057171958606,3.6496874392304335
1.0137656942265587,-1.4192719719171825,3.630285873833351
1.0141266806350595,-1.2845604621377424,3.6102134835694955
1.01448628460911,-1.1497511225569914,3.5902179625814696
0.0,0.0,60.0
