-3.5864046984141296,-2.356780230386428,9.534517023996244
-3.5828651164716,-2.1497190698829605,9.618866701651186
-3.584472299389443,-1.9458563910971263,9.58056687888859
-3.5837086971688916,-1.7406585100534617,9.598763830451205
-3.3799928992993418,-2.3557526267843896,9.571781694254312
-3.3753995820483707,-2.1479815522126,9.687876289880478
-3.3785305526307026,-1.9452145606055562,9.608742029429294
-3.377880249882724,-1.740120128727464,9.625178219319125
-3.377413125152767,-1.5351877841603487,9.636984644538245
-3.3770085969573658,-1.330336720013508,9.647208962759379
-3.1740180840701804,-2.354916643019811,9.60209752738912
-3.1734003486370574,-2.149722816818652,9.618717883314773
-3.169346421252382,-1.942502645283718,9.727790007750698
-3.172493301626668,-1.7397543912146243,9.643122253447402
-3.1721133450571903,-1.5348935540599307,9.653345098183834
-3.1718020716529294,-1.330110546177035,9.661720001891155
-3.171539563016315,-1.1253850062315955,9.66878287499209
-2.9683537333296353,-2.354211581606262,9.627665636566107
-2.9679584208888223,-2.1492112702988027,9.639035152771726
-2.96575809465384,-1.9430828896007917,9.702318374354235
-2.965428707467426,-1.7383547595498705,9.711791825142043
-2.967022266239617,-1.5346666894342846,9.665959742934433
-2.9667767180272313,-1.3299343908397934,9.673021914755381
-2.9665294262034387,-1.1252352995944077,9.680134234297725
-2.9662842357056682,-0.920570969701759,9.687186117947377
-2.7630729589188916,-2.3537288168568336,9.64517245452977
-2.7627420451216933,-2.148799368427984,9.65539480135601
-2.762491436350842,-1.943975455209852,9.663136424083831
-2.759342497568261,-1.7373637947652014,9.760411136237508
-2.762032452084105,-1.5344624733800583,9.6773150301199
-2.7618041561921283,-1.329757556685099,9.684367379724378
-2.7615729567987217,-1.1250852786957755,9.691509422169972
-2.761336426997638,-0.9204454756658794,9.698816127668152
-2.761099937712308,-0.7158407245920798,9.70612158158336
-2.557947072001101,-2.3533113062410127,9.660312918612348
-2.557735364486683,-2.148497706168814,9.66737602528525
-2.557521963227752,-1.943716692053092,9.674495639627281
-2.557310564196242,-1.7389711836534445,9.681548454517724
-2.5542700340145283,-1.532562020408717,9.782988354158022
-2.556880528888588,-1.329577875022066,9.695895537376018
-2.5566615423407617,-1.1249310786299351,9.70320149130724
-2.5564653149606356,-0.9203275133858289,9.709748140923281
-2.5562888987160868,-0.7157608916405043,9.715633840150858
-2.3529996364909764,-2.3529996364909764,9.671615205254284
-2.3528034583536983,-2.148211853279464,9.67872934302396
-2.3526089905965843,-1.9434596009276135,9.685781456144525
-2.3524106297462644,-1.738738291551587,9.692974747083383
-2.3522091483325,-1.5340494445646737,9.700281201081978
-2.3497998641281694,-1.3281477492898353,9.787650670451526
-2.351850662133364,-1.1247981427594351,9.71328122363576
-2.351688372661265,-0.9202258849544082,9.719166434287146
-2.3515500244575356,-0.7156891378783803,9.724183446861417
-2.3514167423244574,-0.5111775526792298,9.729016745159129
-2.1479267281324437,-2.1479267281324437,9.6900537567697
-2.1477427542496668,-1.943195825273508,9.697360710887025
-2.1475588118828184,-1.7384999905718053,9.704666413275362
-2.1474011461553335,-1.5338579615395238,9.710928477320635
-2.145265121293771,-1.3280212655628103,9.79576571302681
-2.147116062100083,-1.1246798420524242,9.722251259010406
-2.146994364203165,-0.9201404418013562,9.727084776331083
-2.146890042556868,-0.7156300141856227,9.731228155116312
-2.146890999987888,-0.5111645238066399,9.731190128498469
-2.0751991620875834,1.8775611466506708,12.578599566282719
-2.07431020247965,2.07431020247965,12.613906681451937
-2.073487820580633,2.270962851112121,12.646569506807054
-2.072693787577468,2.4674926042588896,12.678106389293845
-2.069563269813633,2.660867061188956,12.802442242397376
-2.318130329478677,3.201227597851506,2.9300186535815556
-2.3198717157446214,3.4245725327658696,2.8608554150079613
-2.321732762068417,3.648437197536084,2.7869395966703223
-1.94309592321187,-2.1476323361815406,9.701746223359464
-1.9429403498532345,-1.9429403498532345,9.70857560098682
-1.9428062698616044,-1.7383003467182776,9.71446146025697
-1.9426728353630054,-1.533689080549741,9.720318983597991
-1.9425627227566356,-1.3291218629387507,9.725152719766115
-1.9403087717182086,-1.1233366573105417,9.824096928016047
-1.9424248441965575,-0.9200959788299481,9.731205329041543
-1.9424257104441345,-0.7156305249004705,9.73116730240335
-1.9425341975447539,-0.5111932098801983,9.726404922878189
-1.8801190340801675,1.4843045005896056,12.466313122527211
-1.8791781171054451,1.6813698942522404,12.507617606744304
-1.8782445869420872,1.8782445869420872,12.54859782384581
-1.8773897738899246,2.075009750088864,12.586122507925452
-1.87658745199731,2.2716584945230593,12.621342928898628
-1.873695541665337,2.4653888706122853,12.748292349382297
-1.875151190598096,2.6646885340078206,12.684392101024542
-2.0965928358384343,3.20006274943761,2.9635206675623067
-2.0981569432764857,3.4233086969247926,2.894859294960426
-2.099755489081587,3.6469437441943344,2.824686142864209
-2.1016281536284342,3.871420282999747,2.742479693945583
-1.7382283429966854,-1.9427257951139427,9.717994150211524
-1.7381218173629684,-1.7381218173629684,9.72322057501033
-1.738023302307647,-1.5335499726243944,9.728053979987322
-1.7379587613040055,-1.3290272880560041,9.731220529579218
-1.7367529524829182,-1.1237813221948294,9.790380648183884
-1.7379683588176031,-0.9201008958446134,9.730749650586773
-1.738189909984373,-0.7157252570523888,9.719879773808728
-1.7384115176437447,-0.5112975051893367,9.709007125356607
-1.685048761428011,1.0903256691593013,12.327122809689172
-1.6839147649832924,1.2876995261636943,12.382759626233891
-1.682883795065582,1.484897466234337,12.433341693260573
-1.6820321265672122,1.6820321265672122,12.475126766063397
-1.6811919137647022,1.8789791977370203,12.51634979261651
-1.6791424826526997,2.074234831512159,12.616900216147869
-1.6779463475645697,2.270162705528535,12.67558571623998
-1.6789127407542037,2.468989324638535,12.628171951538917
-1.8737755470043802,2.9759964570069566,3.0676955909452346
-1.8752121184405048,3.1988912608690963,2.9972136579398097
-1.8751977552952308,3.4194782596560094,2.9979183512237597
-1.8759469787763736,3.641544135271784,2.9611594975558546
-1.8780287284710446,3.8665297350874446,2.8590234402570474
-1.5334977992543304,-1.7379641724882413,9.730955042799224
-1.533493435189411,-1.533493435189411,9.731197703498182
-1.5334941190692513,-1.3290282365266846,9.73115967685031
-1.5336188308735386,-1.1246538093072618,9.724225166444313
-1.5321192868183335,-0.9192715720910001,9.807606237822938
-1.534011271449887,-0.7158719266766139,9.702403789743329
-1.5342104760682818,-0.5114034920227606,9.691327159851951
-1.4876661064131766,1.0909551447029961,12.279393442409102
-1.4865755837389745,1.2883655059071113,12.340031173339398
-1.4856132908290605,1.4856132908290605,12.393538780221746
-1.4847318193538073,1.6826960619343152,12.442552369213132
-1.4825512087168906,1.8778981977080615,12.563803659253338
-1.482121498915294,2.074970098481412,12.587697364486374
-1.4825144746261048,2.2731888610933604,12.56584623201752
-1.4818793073758258,2.4697988456263764,12.601164251284132
-1.650969148089687,2.9717444665614368,3.199044967743575
-1.6526762676943036,3.1951741175423205,3.104121806859908
-1.6552147916982631,3.4207772361764106,2.9629690008214453
-1.6564497620497853,3.6441894765095277,2.894299360424199
-1.6577128801230616,3.8679967202871435,2.8240645861527156
-1.3290685982601187,-1.5335406903001367,9.7285701169683
-1.3292380283558634,-1.3292380283558634,9.717699687444735
-1.3294075016551228,-1.1248832706312577,9.70682648603605
-1.3295800621858562,-0.920478504590208,9.695755211598978
-1.3284966643146623,-0.7153443577078951,9.765264705488065
-1.3299729395002842,-0.5115280536539554,9.670548679435228
-1.2912593419029217,0.893948775163561,12.154366164375404
-1.2901473163420099,1.0916631138278545,12.225712376128172
-1.2891091991892516,1.2891091991892516,12.29231671402141
-1.2881643747453249,1.4863435093215285,12.352935504825382
-1.2858308815599373,1.6814711528091488,12.502649598440115
-1.2866301253177028,1.8804594139258732,12.451371087956176
-1.2859852048125395,2.07736071546641,12.492748405656826
-1.2853452268016095,2.274072324341309,12.53380861891982
-1.2847285867207374,2.4706318975398798,12.573371498885507
-1.4319307004123059,2.974009916240943,3.1290623543337546
-1.4328961311033699,3.1964606001536713,3.0671214916967386
-1.4339943533834403,3.4195249965297423,2.996660881707456
-1.4350502706490373,3.6428199178014022,2.928914510155593
-1.4361285298935917,3.8664998881750545,2.8597347043215535
-1.1251169813924884,-1.1251169813924884,9.689105596206701
-1.1252781504363443,-0.9206821230842815,9.676885111129195
-1.124506699054558,-0.7155951721256278,9.735379657436525
-1.1256963905729982,-0.511680177533181,9.645172461934848
-1.0933592408301815,0.8945666515883304,12.097105205510346
-1.0924019203413105,1.0924019203413105,12.169693095025266
-1.0914633296154816,1.2899112077273873,12.24086081858097
-1.0892943990130852,1.4854014531996618,12.405317859626763
-1.0898329308300805,1.684287256737397,12.364484211452776
-1.0891655375737697,1.8812859285365113,12.415088652196772
-1.0885707488867942,2.078180520602062,12.460187922500495
-1.0880252608876229,2.274961909128666,12.501549016382711
-1.2106680579315408,2.751518313480774,3.2022789128860865
-1.2112530197062548,2.973075593824443,3.157924758590852
-1.2120246144326257,3.195337619867831,3.099419343320619
-1.212917960727617,3.4182233438687386,3.0316822344702103
-1.213831456285381,3.6414943688561427,2.9624173274822425
-0.9211370955067124,-0.7164399631718874,9.634721085895066
-0.9203009227728296,-0.5112782904293498,9.712212394188342
-0.8951944678362076,0.8951944678362076,12.038923085423903
-0.8941509633611516,1.0928511774414076,12.135628614921956
-0.8925142371319243,1.2891872314127797,12.287310261167192
-0.8928520514723839,1.4880867524539734,12.256003721092767
-0.8921814474657688,1.6852316229908968,12.318151145558545
-0.8915651245538239,1.8821930407247396,12.375268134480137
-0.8910192179916481,2.0790448419805125,12.425859372384352
-0.8905536765022736,2.2758593955058104,12.469002873259953
-0.9903555364492045,2.7509876012477905,3.219984836667251
-0.9907877924677765,2.9723633774033296,3.179926026998544
-0.9913418208188826,3.194323644860844,3.1285821120165025
-0.9920112086756765,3.416927496549553,3.06654739278126
-0.7168511164598967,-0.5120365117570691,9.585731335306662
-0.7165004363566235,-0.3070716155814101,9.627515582925966
-0.6960362648179738,0.8949037690516805,12.065863247688782
-0.6955026443209184,1.0929327267900146,12.129445215344163
-0.6955138494482909,1.291668577546826,12.12811010162551
-0.6949102899967378,1.489093478564438,12.200025437971306
-0.6943195658876467,1.6862046600128562,12.270411417154534
-0.6938105448519827,1.8832000503125246,12.33106230894765
-0.6933490593662585,2.0800471780987757,12.38604924327393
-0.7699412279871888,2.529806891957906,3.2599365568530345
-0.7701536623587458,2.750548794138378,3.2346245693717464
-0.7704281672191801,2.971651502131123,3.2019167568838753
-0.7708004186462921,3.1933160201060677,3.1575622421511866
-0.5117496096176832,-0.30704976577061,9.633590298195628
-0.4979453109869226,0.6971234353816916,11.936324663620837
-0.4980715005039579,0.8965287009071241,11.915274630931307
-0.49759381137857295,1.0947063850328607,11.994959314263383
-0.4971390891042193,1.2925616316709703,12.070812831771718
-0.49670272570284024,1.4901081771085207,12.143603853398133
-0.496273625461846,1.6873303265702766,12.215183286557306
-0.5496577413998208,2.088699417319319,3.310026883732931
-0.5497602885364122,2.3089932118529317,3.2929207038522037
-0.5498936342339501,2.52951071747617,3.2706769283142307
-0.29595925696501274,-0.29595925696501274,12.716989225805904
-0.29617539007616606,-0.09872513002538869,12.656899592874453
-0.2993312166985317,0.4988853611642194,11.779512216542798
-0.098758902234156,-0.098758902234156,12.62873140128248
-0.10009422811445168,0.10009422811445168,11.51498383762626
-0.09999818138947646,0.2999945441684294,11.595092976164509
0.10946793215845547,-2.736698303961387,3.696712511130272
0.10947426268665204,-2.517908041792997,3.6914324439499637
0.1000366163078,-0.30010984892340004,11.563035785276611
0.10014029327100112,-0.10014029327100112,11.476562537902012
0.09875921116913562,0.09875921116913562,12.628473729663924
0.32855539973789066,-3.614109397116797,3.6545635578871725
0.32849824880281586,-3.394481904295764,3.6704527416036683
0.3284437674449107,-3.1749564186341366,3.685599725703696
0.32841593160382626,-2.955743384434436,3.6933386855704953
0.3284057394134776,-2.736714495112313,3.696172332731493
0.3284171633582823,-2.5178649190801643,3.6929962314563056
0.32843863939256174,-2.299070475747932,3.6870254340630453
0.3284695079712845,-2.0803068838181353,3.6784433081931667
0.32852805165954685,-1.8616589594040986,3.6621669092676825
0.3286453530518519,-1.6432267652592591,3.6295546104470873
0.32896042616415194,-0.7675743277163545,3.5419575386071926
0.29946919088685825,-0.49911531814476373,11.74115243776427
0.2960829241726007,0.09869430805753356,12.682607094026253
0.2960363576984962,0.2960363576984962,12.6955535709493
0.5477897204934906,-3.8345280434544344,3.6216367707252317
0.5476183561924196,-3.614281150869969,3.650222537785069
0.5475229752719419,-3.3946424466860403,3.666133300748456
0.5474299848477141,-3.1750939121167416,3.681645298224936
0.5473725412969362,-2.9558117230034555,3.691227620513544
0.5473461372909648,-2.736730686454824,3.6956321479409553
0.5473525647487784,-2.5178217978443804,3.694559965399449
0.5473875542712008,-2.2990277279390434,3.688723263523684
0.4965998506238769,-1.8870794323707323,12.16076473827981
0.4969009667454053,-1.689463286934378,12.11053470055215
0.49724785064916144,-1.4917435519474844,12.052670008737081
0.4976361221884555,-1.2938539176899844,11.98790132757739
0.4980262535930801,-1.0956577579047764,11.92282239698551
0.4979228878851185,-0.8962611981932133,11.940065125087571
0.4983854093766795,-0.6977395731273514,11.862910597946865
0.5103848625542076,0.30623091753252457,9.861247642276524
0.7673236185858214,-4.055853412525057,3.571830041474726
0.7669908856658251,-3.8349544283291253,3.611475845700454
0.7667090143585327,-3.614485353404511,3.645061385315472
0.7665685887712291,-3.3948037502725863,3.661793379680745
0.7664372148375426,-3.175239890041248,3.677446851105671
0.7663392760417869,-2.9558800647326064,3.6891164578361355
0.7662891258368986,-2.7367468779889235,3.6950919567585174
0.7662804672434341,-2.5177786780855693,3.6961236457821514
0.6944857258563868,-2.083457177569161,12.250613118895075
0.6948993045427231,-1.8861552551873915,12.201334377162524
0.6953198685749854,-1.6886339665392502,12.151223317254093
0.6957415282998745,-1.4908747034997312,12.100981703340423
0.6962499169937469,-1.2930355601312444,12.040406156358003
0.6959255513575366,-1.0935972949904147,12.079054981700821
0.6973406529869518,-0.8965808395546523,11.910442744114278
0.7142322308960724,0.3060995275268882,9.897776877280918
0.7137793045452283,0.5098423603894489,9.951743973276194
0.9871314499518615,-4.2775696164580665,3.518773197739037
0.9866759030226087,-4.0563342679818355,3.5609904647059665
0.9862408049243399,-3.8353809080390997,3.6013126607122814
0.9858389231727754,-3.614742718300177,3.63855657150485
0.9856350200817734,-3.3949650691705533,3.6574530466546946
0.9854645838795183,-3.1753858813895595,3.673248017906573
0.9844787004337601,-2.9534361013012806,3.764613587412441
0.9841974565795768,-2.733881823832158,3.7906775253130434
0.8920277348443263,-2.279626433491056,12.332396278955144
0.8925073241980429,-2.0825170897954335,12.287950909048803
0.8930048072478793,-1.8852323708566343,12.241847262250204
0.8935442320933943,-1.6878057717319672,12.191856709687286
0.8940856689326101,-1.4901427815543502,12.141679698013888
0.8935208911226227,-1.2906412871771218,12.194019806244526
0.8953108373370409,-1.0942688011897166,12.028138681078246
0.8960118074172124,-0.8960118074172124,11.963177117054627
0.9161682889668306,0.5089823827593504,10.095199290731586
0.9166409643186763,0.7129429722478594,10.051394667681478
0.9160359671970539,0.9160359671970539,10.107462052527282
1.205360485289914,-4.273550811482422,3.6047204159997364
1.2048366134198059,-4.052632245139347,3.644442488042941
1.2043536334501896,-3.8320342882506035,3.681063971736208
1.2039213741435366,-3.6117641224306096,3.7138396107806813
1.204019828418251,-3.393146789178708,3.706374411718997
1.2045120947515902,-3.1755318861632835,3.669048798581372
1.2043091104155228,-2.9560314528381015,3.6844398872826076
1.2042010571989863,-2.7368205845431506,3.6926329167172156
1.0898085587697108,-2.2786906228821224,12.366332199086926
1.0903611898075773,-2.0815986350871936,12.324429491283752
1.090957788696426,-1.8843816350210993,12.279192964193925
1.0915771057244277,-1.6869827997559337,12.232233856428152
1.0909435315201206,-1.4876502702547096,12.28027400063938
1.0928972675210626,-1.2916058616158015,12.132133879722375
1.0935796169607974,-1.0935796169607974,12.080395401002008
1.0944306377445518,-0.8954432490637243,12.015867582633774
1.119984476436081,0.5090838529254913,10.078272763358612
1.1179600584886096,0.7114291281291151,10.231772273722527
1.1185190005071501,0.91515190950585,10.18939104198381
1.117791594700289,1.117791594700289,10.244545875662553
1.117095024883138,1.3202032112255266,10.297362600588613
1.4255378799074205,-4.057300119736504,3.539217967182296
1.4249171341631364,-3.836315361208444,3.5790442615347473
1.4243062167115923,-3.6155465501140416,3.6182399845409634
1.4238303480152747,-3.395287752959501,3.6487711431468455
1.4235823497067766,-3.17568370319204,3.664682413943467
1.423339837585927,-2.956167354986156,3.680241697592095
1.286869541904657,-2.4747491190474173,12.436010410009203
1.2874550705661516,-2.277805124847806,12.398443600990845
1.2880796404667851,-2.0807440346001913,12.358371953403477
1.2887328758617518,-1.8835326647210218,12.316461162454132
1.2879980822055475,-1.6843051844226389,12.363604632562101
1.2901932822072577,-1.4886845563929896,12.222763261943527
1.2909705472343678,-1.2909705472343678,12.172894880171128
1.2917546802562154,-1.0930231909860284,12.122585856183221
1.3223340052306218,0.5085900020117776,10.16065344062612
1.3202722181543218,0.710915809775404,10.292935199702072
1.3206317954081928,0.9142835506672102,10.269865159050212
1.3198090681511168,1.116761519204791,10.322650342378182
1.318981780329113,1.318981780329113,10.375728126022622
1.3181587702676267,1.5209524272318768,10.4285314537387
1.6443300654470057,-3.83677015270968,3.568206395043063
1.6436130000456928,-3.615948600100524,3.60807830224212
1.6429809481700186,-3.3954939595513722,3.643223093338875
1.6426730714947704,-3.1758346048898893,3.660342354987506
1.6423907053504772,-2.956303269630859,3.676043121864268
1.4843566412601528,-2.473927735433588,12.463413877948483
1.4849778224194357,-2.276965994376468,12.428873545237735
1.4856535490670244,-2.079914968693834,12.391300249782063
1.4847640561226196,-1.8807011377553182,12.440759866810808
1.487156080370794,-1.6854435577535665,12.307753074590138
1.4879848217574076,-1.4879848217574076,12.261671504347632
1.4888549166028744,-1.2903409277224913,12.213290504693632
1.4897546288437642,-1.0924867278187604,12.163262651015401
1.524300759170866,0.5081002530569554,10.242349858449728
1.523350842027843,0.7108970596129933,10.29516931969279
1.5204670612016349,0.9122802367209809,10.455519883636356
1.5214468217361672,1.1157276692731892,10.401041002018829
1.5204956494229895,1.317762896166591,10.453930256097863
1.5195660195257847,1.5195660195257847,10.505621659591782
1.5186388525616465,1.7211240329031994,10.55717611345952
1.8629685627794952,-3.6163507395131376,3.597914359726971
1.8622093961522779,-3.3957936047482717,3.635161050016052
1.8617846157172766,-3.175985520929472,3.656001883551312
1.8614617164872918,-2.956439196773934,3.671844160045879
1.6817252718589064,-2.4731253997925093,12.490181856572192
1.6817944646795921,-2.2753689816253306,12.486787076730835
1.6813428992932393,-2.07695299324459,12.508942049681124
1.683886310743556,-1.881990582595739,12.384155665281028
1.6847364248992136,-1.6847364248992136,12.342446852576472
1.6856219778040948,-1.4873135098271424,12.298999322613767
1.6865614170275776,-1.2897234365505006,12.252907989633627
1.7259488430721457,0.5076320126682782,10.320458371104209
1.7248670761387075,0.710239384292409,10.373532671910127
1.7232884031448603,0.9123291546061024,10.450986477124289
1.7215715365627682,1.1139580530700264,10.535220419394989
1.7216703769810606,1.316571464750223,10.530371051263941
1.720646610696579,1.518217597673452,10.580599689298609
1.7196512238798758,1.7196512238798758,10.629435956792975
1.7187218584365662,1.920924430017339,10.675033043903099
1.8785163251864585,-2.6694705673702304,12.536669026377652
1.8778947437452829,-2.470914136506951,12.56395528171835
1.8778683899818573,-2.273209103662248,12.565112162330266
1.880471371792722,-2.0784157267182715,12.450846160108355
1.8812971483907561,-1.8812971483907561,12.414596121713188
1.8821678369946795,-1.6840449067847132,12.376374530791864
1.8831221497598516,-1.4866753813893565,12.334481996587286
1.9272159570863652,0.507162093970096,10.398846847346562
1.926010114163672,0.7095826736392475,10.45178108204179
1.9248325233807007,0.9117627742329633,10.503475100978804
1.921434803461125,1.1124096230564409,10.652628610334546
1.9225423301371243,1.3154236995675062,10.604010273820506
1.921431299896121,1.5169194472864111,10.652782410243901
1.9204582378341843,1.7183047391147965,10.695498003286929
1.9194861608671092,1.9194861608671092,10.73817035251966
1.9185548059873392,2.1205079434596907,10.779055078765921
2.0740854469076204,-2.6666812888812257,12.622833375978615
2.0752867575452836,-2.4705794732681943,12.575120507295438
2.077003297830511,-2.2748131357191306,12.506944085102305
2.0777415594767947,-2.0777415594767947,12.477622292820925
2.0785739773587033,-1.8806145509435888,12.44456086487395
2.0795082114762216,-1.6834114092902743,12.407455566401623
2.128124088589878,0.5066962115690185,10.476562017374661
2.1268233038497524,0.7089411012832507,10.528225733273658
2.1255557586774563,0.910952468004624,10.578569261799629
2.1243261038655143,1.112742244881936,10.627407885822777
2.1207074316758696,1.3128188862755383,10.77113193652113
2.1220967215814963,1.5157833725582115,10.715953030456518
2.1210396069858652,1.7170320627980813,10.757938815234496
2.12001893564786,1.9181123703480638,10.79847717058749
2.1190281255812313,2.1190281255812313,10.837829515532164
2.328691620155694,0.5062373087294987,10.553112906863419
2.327344043264354,0.7083221001239338,10.60198098050931
2.3259980250869985,0.9101731402514343,10.650792529477243
2.3248141551543053,1.1118676394216243,10.6937239892179
2.323637380993722,1.3133602588225388,10.736398130273216
2.3201977785800545,1.51317246429134,10.86113071150389
2.321390167451842,1.7158101237687526,10.817890323830682
2.3203616809020184,1.9168205190060155,10.855187013009271
2.3193635213110473,2.1176797368492175,10.891383935585907
2.3184669228111967,2.3184669228111967,10.923897881026093
2.5276385461676596,0.7077387929269447,10.671483219528923
2.5263587690231883,0.9094891568483477,10.714179873513118
2.5250976651842403,1.1110429726810658,10.756253538043154
2.5238825311074504,1.3124189161758744,10.796793533186232
2.52034879529481,1.5122092771768858,10.914688039988178
2.5206278598755594,1.7140269447153802,10.905377728505457
2.520543534360813,1.915613086114218,10.908191044355561
2.5196396682529354,2.116497321332466,10.938346340238766
2.5187364502352487,2.3172375342164284,10.968480014167895
2.727805601958102,0.7072088597669153,10.734625833477295
2.7264764130042662,0.908825471001422,10.775686165801773
2.7251646731779653,1.1102522742576895,10.81620747244952
2.723951552137371,1.3115322288068825,10.8536823197486
2.722779758093705,1.5126554211631695,10.889880523705912
2.7188511033631255,1.7118692132286348,11.011241650248706
2.7207432827539058,1.9145971249008968,10.952789829400544
2.7197657008614353,2.1153733228922276,10.982988573727596
2.718847580950868,2.316055346735925,11.011350462030094
2.926381615238415,0.9081873978326115,10.834818833771422
2.925122457404138,1.10952920798088,10.871033265507506
2.9238740815957196,1.3107021745084262,10.906937597168124
2.9228255659235653,1.5118063272018443,10.937093784263809
2.9217778022064342,1.712766297845151,10.967228344504534
2.9172745834375533,1.9113178305280523,11.096744680152767
2.919780661852078,2.1143239275480568,11.024667770334545
2.9188141520710293,2.3149215688839195,11.052465399460317
3.1238629003631524,1.310007022732935,10.951537692271913
3.122739878694058,1.511003167110028,10.981752924961768
3.1216827387588255,1.7118905341580657,11.010195589967978
3.120650032937963,1.9126564718006869,11.037980847845233
3.116219559816334,2.110987443746549,11.157184047552022
3.1187393823749043,2.3139034127297675,11.089387470656305
3.3204625288320004,1.9117814559941821,11.0763923948153
3.3195487426850887,2.11244010898142,11.099488041690577
0.0,0.0,95.0
