-3.4807774135587235,-2.76061656937416,9.88993230207305
-3.4826019039623164,-2.521884137352022,9.837458433130308
-3.481332273081743,-2.280872868570797,9.873974078431402
-3.4799341122529754,-2.039961376148296,9.914186352469756
-3.4785454132399094,-1.7992476275378841,9.954126496780205
-3.2420837052860803,-2.7617750082066603,9.847923067168011
-3.237768632881415,-2.5182644922411,9.981221125678402
-3.239565910471731,-2.279694529591218,9.925700941791249
-3.2382863971956435,-2.038921064900961,9.965226729436509
-3.2370945558064252,-1.798385864336903,10.00204422131992
-3.23616106914879,-1.5581516258864543,10.030880807925897
-3.2352615578249453,-1.3180695235583109,10.05866785338705
-3.000464624598736,-2.760427454630837,9.89679029530788
-2.999248701209361,-2.5193689090158626,9.937356623946982
-2.99516836033379,-2.2763279538536803,10.073487280174447
-2.997046104532823,-2.0379913510823195,10.010840908746985
-2.996206223276817,-1.79772373396609,10.038861505559794
-2.99543917672821,-1.5576283718986692,10.06445214938175
-2.9948307237167,-1.3177255184353478,10.084751705292945
-2.994418936040993,-1.0779908169747574,10.098490000261393
-2.7590026044553535,-2.7590026044553535,9.948460581253954
-2.7579282717975215,-2.518108422075998,9.987419818222534
-2.7570622537017266,-2.2775731661014267,10.018824806209437
-2.753648835701716,-2.035305661170834,10.142607844699242
-2.755644554384058,-1.7971594919896032,10.070235775860795
-2.661544671341418,-1.5043513359755842,13.482642180384161
-2.754783311663153,-1.3175050620997686,10.101467591264168
-2.7546106454974546,-1.077891122151178,10.107729098830603
-2.5178499375083048,-2.7576451696519526,9.997686138896242
-2.517116724124176,-2.517116724124176,10.026807427609484
-2.5164114492162337,-2.276753215957545,10.054819074233748
-2.515877686068325,-2.036662888721977,10.076018729165327
-2.430395180038282,-1.7359965571702014,13.471156886648089
-2.4289336333955625,-1.5036255825782054,13.529205638446427
-2.431539876675046,-1.2736637449250239,13.42569257575326
-2.4321524226185076,-1.0423510382650747,13.401363877374578
-2.515559494766285,-0.8385198315887618,10.088656442787737
-2.2766010182978818,-2.51624323075029,10.061500265029878
-2.2761385669530396,-2.2761385669530396,10.08180100865269
-2.275793009215951,-2.036235850351114,10.096970342909728
-2.1997022013173897,-1.7366070010400447,13.437213593213428
-2.1998492848582,-1.5051600370082423,13.43075690260926
-2.200364513900006,-1.2738952448894771,13.40813931742673
-2.201427147401898,-1.0427812803482677,13.36149170675904
-2.2020746859460436,-0.8112906737695951,13.33306598345385
-2.4034775308439222,2.150479896018246,4.491860168436844
-2.4028758235257013,2.4028758235257013,4.518273987186475
-2.402366338792546,2.655247006033866,4.540639408031069
-2.401969274068345,2.9076470159774703,4.558069802076986
-2.4016289535698028,3.1600380968023725,4.573009231419235
-2.401504348021855,3.4126640735047413,4.578479180444347
-2.399495003934332,3.662387111268191,4.666685603943407
-2.0364271920961525,-2.5155865314128945,10.087582618974935
-2.036175158896222,-2.2757251775898952,10.099948023622389
-2.036001100951866,-2.036001100951866,10.108487759318535
-1.9689113519455879,-1.7372747223049305,13.400085431319667
-1.9694416686053429,-1.5060436289334975,13.374066715964062
-1.9680810609330337,-1.2734642158978453,13.440821669038357
-1.9706285195864306,-1.0432739221339926,13.315836718323226
-1.9712961471418318,-0.8117101782348719,13.283081173106979
-1.9719994356849604,-0.5799998340249883,13.248576007033236
-2.151788095353701,1.898636554723854,4.427676504749357
-2.1509055815926827,2.1509055815926827,4.470974926405475
-1.9874655247634718,2.2212849982650567,12.48976942987602
-1.9861602809207486,2.4534921117256308,12.553808089399098
-1.984749838290061,2.6852497812159646,12.623008075215523
-1.9834646253136865,2.916859743108363,12.686063968309767
-2.1470811976683,3.4100701374731823,4.658609153821629
-2.1487366109850745,3.665491865798068,4.577390268665511
-1.7964982946719434,-2.2755645065844616,10.107001178349492
-1.7965921500247926,-2.0361377700280983,10.101782418788531
-1.7379938838555724,-1.7379938838555724,13.360096969241027
-1.738510941665263,-1.5067094827765615,13.331346340683595
-1.7390998358687777,-1.2753398796371036,13.298601300984842
-1.737984879029467,-1.04279092741768,13.360597676136322
-1.7403277620699074,-0.8121529556326235,13.230323345516538
-1.740994885642386,-0.580331628547462,13.193228417880292
-1.9002843186372698,1.6469130761523005,4.336053774491631
-1.7565755597221628,1.7565755597221628,12.326876213646287
-1.7552608757806702,1.989295659218093,12.399978271025262
-1.7541272562138241,2.2218945245375106,12.463012373752221
-1.7530042166775477,2.4542059033485666,12.525458181469745
-1.7517760163558542,2.6860565584123095,12.593751379215348
-1.750600325959791,2.9176672099329855,12.659124800218237
-1.749605624380465,3.1492901238848368,12.714434467912454
-1.7489459184510308,3.3812954423386596,12.751116942828816
-1.7485833720803927,3.6137389689661443,12.771276073668162
-1.5575177197216101,-1.7971358304480116,10.071551458905603
-1.5074885905157667,-1.5074885905157667,13.2813597327373
-1.5080279633458895,-1.2760236612926754,13.246754225899778
-1.507924577675538,-1.0439477845446032,13.253387325163288
-1.509183803833674,-0.8126374328335169,13.172596901560667
-1.5097980274195093,-0.5806915490075035,13.133189060986737
-1.5104249923394666,-0.3485596136168,13.092963751863309
-1.648398206627877,1.3947984825312805,4.240769603771582
-1.5240262162526272,1.5240262162526272,12.220325715908828
-1.5228556847104737,1.7571411746659311,12.295425600484606
-1.521708935449557,1.989927069434036,12.368999642730188
-1.520663360110446,2.222507987853729,12.43608248881739
-1.519685458815968,2.454876510395025,12.498823450249915
-1.5186705028382517,2.686878581944599,12.56394179523339
-1.5176070644553539,2.9184751239526037,12.632170712552565
-1.5166355630830355,3.1499354002493813,12.694501062738667
-1.514659677500953,3.3788562036559724,12.821271486093792
-1.5141039534472305,3.610555581297241,12.856926067613017
-1.27626439430259,-1.5083124659939702,13.228500880933893
-1.2767567399996995,-1.2767567399996995,13.191169250116019
-1.2772738934538328,-1.045042276462227,13.151956595391425
-1.276504235986052,-0.8123208774456695,13.210315119924303
-1.278331283172551,-0.5810596741693413,13.071781054421834
-1.2788689937770155,-0.34878245284827697,13.031009673884597
-1.2911057525021767,1.2911057525021767,12.1031694148611
-1.2900234609964185,1.5245731811775858,12.185233109471397
-1.2889851523792548,1.7577070259717114,12.26396184458281
-1.2880144659649861,1.990567811036797,12.337563192315017
-1.2870705100409603,2.2231217900707496,12.409137726775185
-1.286239158299242,2.455547484025826,12.472174159273393
-1.284140922659218,2.6850219291965467,12.631270823958715
-1.2832982357957035,2.91658689953569,12.695166730977903
-1.2836528212082023,3.1507841975110424,12.66828063896871
-1.2829731192395986,3.382383677995306,12.719818375780605
-1.2825214202018513,3.6143785478415804,12.754068013417282
-1.0452675822660618,-1.2775492672140756,13.131076649421217
-1.0457016538680028,-1.0457016538680028,13.090849582734677
-1.0461384732450465,-0.8136632569683695,13.050367869276059
-1.0455744409922532,-0.5808746894401405,13.102638883885206
-1.0470748713807145,-0.34902495712690484,12.963588291712767
-1.1432113855131467,1.1432113855131467,4.054251795791501
-1.056737106549048,1.2915675746710589,12.068152200709662
-1.055852680741698,1.5251205388491194,12.15011530488988
-1.0549664598397492,1.758277433066249,12.232244767315606
-1.0535186491383268,1.9899796705946173,12.36641889290955
-1.052312425447652,2.221548453722821,12.47820423115023
-1.052668179376708,2.456225751878985,12.445235161153164
-1.0519922533824513,2.688424647532931,12.507875794460062
-1.0512779458657482,2.9202165162937455,12.574073389466548
-1.0505521934687498,3.1516565804062497,12.641331625069654
-1.0498949650784681,3.3829948874750637,12.702239480285073
-0.8141869221481057,-0.8141869221481057,12.987972097929259
-0.814147190854908,-0.5815337077535058,12.992706162330705
-0.8150613430608823,-0.3493120041689496,12.883783067522543
-0.8229122641350036,1.0580300538878618,11.948329852073982
-0.822205351940925,1.2920369816214534,12.032559877920306
-0.8207942985699825,1.5243322687728247,12.200689757275299
-0.8200641367233295,1.757280292978563,12.287690026517723
-0.8201735284220673,1.991849997596449,12.274655783100727
-0.8195558969124387,2.224508863048048,12.348247833790012
-0.8189680124481908,2.456904037344572,12.418295463514085
-0.8184398134604851,2.689159387084451,12.481231447302633
-0.8179109067111429,2.921110381111225,12.544251762329793
-0.8173255345700773,3.152541347627441,12.614000043636409
-0.8167931499569139,3.3838573355357857,12.677434753212168
-0.582098196738109,-0.34925891804286546,12.89854214730039
-0.6361995389086469,0.8906793544721057,3.873743194160056
-0.58742714364294,1.057368858557292,12.009605338737273
-0.5870581835358062,1.2915280037787737,12.071152624904698
-0.5870048210785289,1.5262125348041753,12.080054168364654
-0.5865132684583925,1.7595398053751776,12.16205146073564
-0.5860269318872235,1.9924915684165603,12.243178649124502
-0.5855856027772094,2.2252252905533956,12.316798014749324
-0.5851446604761072,2.4576075739996504,12.390352855678003
-0.584760797633383,2.6898996691135615,12.454386109608137
-0.5843858843268014,2.9219294216340073,12.51692646592852
-0.5839825796742907,3.15350593024117,12.584202863514037
-0.3499058568938732,-0.11663528563129107,12.71867929390092
-0.35327602389695595,0.5887933731615932,11.781700702086596
-0.35305287403766883,0.8237900394212273,11.84374114124796
-0.3529394724686895,1.0588184174060684,11.875269205677583
-0.3526320747488008,1.2929842740789361,11.960732354074906
-0.3523299462368851,1.5267631003598356,12.044730549826866
-0.3520342031945223,1.7601710159726112,12.126953448311895
-0.35173878723765645,1.9931864610133863,12.209085410024898
-0.35146448475954417,2.225941736810446,12.28534737254418
-0.3511998188977122,2.4583987322839853,12.358930149389892
-0.35095335832087693,2.6906424137933898,12.427451467179068
-0.11673618612671612,-0.11673618612671612,12.634521799007999
-0.11810833960561135,0.11810833960561135,11.490057652365707
-0.11800269514286478,0.3540080854285944,11.578171920750663
0.11802114132135888,-0.35406342396407664,11.562786622929565
0.11811024672663112,-0.11811024672663112,11.488466990924394
0.11675778852403235,0.11675778852403235,12.616504011938105
0.35209960757830605,-2.2299641813292714,12.108769629124254
0.3522528683350876,-1.996099587232163,12.066159856985877
0.35242306693318554,-1.7621153346659275,12.018841002273732
0.3526257462563538,-1.5280449004441998,11.962491810486398
0.35287170236349774,-1.2938629086661582,11.894110746073537
0.3534171031567063,-0.5890285052611771,11.74247764696375
0.34993722367880964,0.11664574122626986,12.70995865603561
0.5860065063271316,-2.930032531635658,12.246585894969797
0.5862357690112682,-2.6966845374518336,12.208341933752195
0.5864725452527229,-2.463184690061436,12.168844614641841
0.5867165881552151,-2.229523034989817,12.128135123110354
0.5869675967199844,-1.995689828847947,12.086263669618148
0.5872265755065766,-1.7616797265197301,12.043062680726678
0.5875377786783851,-1.5275982245638013,11.99114999341667
0.5879197642131464,-1.293423481268922,11.927429898573891
0.5878066440688833,-1.0580519593239899,11.946299791973331
0.5886546443031264,-0.824116502024377,11.8048424580289
0.5826061090469734,0.3495636654281841,12.813815848664802
0.8200353444481538,-3.162993471442879,12.291120684670929
0.8202636444630976,-2.9295130159396345,12.263918273507969
0.8205793601141795,-2.696189326089447,12.22630011148803
0.8209032260445049,-2.4627096781335145,12.187710827117854
0.8212422087992389,-2.2290859953122197,12.147320342370435
0.8215898737967937,-1.9952896935064988,12.105895350730464
0.8219484021167337,-1.7613180045358579,12.063175972131333
0.821647498265994,-1.525916782493989,12.099029278011969
0.8221495235615689,-1.2919492513110367,12.039211942880442
0.8234126354799854,-1.058673388474267,11.888709588519887
0.8151739474196423,0.3493602631798467,12.870366029129073
0.8155437145385156,0.5825312246703683,12.826307524776325
0.8152793111416876,0.8152793111416876,12.857811727328254
1.0539806904183202,-3.396160002459032,12.323599769753116
1.0542197207785033,-3.1626591623355105,12.30144791693391
1.0544591584519452,-2.9290532179220703,12.279258316845485
1.0548394695779413,-2.6957008666991835,12.24401343798526
1.055253144767061,-2.4622573377898087,12.205676584468776
1.0556805869395096,-2.228659016872298,12.166063892233566
1.055241800563596,-1.9932345121756812,12.206727894960522
1.0556839133005922,-1.7594731888343202,12.165755625697614
1.0570477280163817,-1.5268467182458847,12.039365727637446
1.057606623303707,-1.2926303173711975,11.987570775160734
1.0583044819586795,-1.0583044819586795,11.922897558747081
1.0482864199395159,0.34942880664650533,12.851309477685433
1.046960914279417,0.581644952377454,12.97414912981597
1.0476584456868285,0.8148454577564223,12.909506240678738
1.047362267529015,1.047362267529015,12.936954197311195
1.287782963336762,-3.6292065330399654,12.355116652619373
1.2880633471981067,-3.3958033698859182,12.333856820634523
1.2883539321544633,-3.162323288015501,12.311823500600198
1.2886471828082013,-2.9287435972913674,12.2895880566698
1.2885200590709056,-2.6941783053300754,12.299227089684166
1.2882145646977303,-2.4593187144229396,12.322390901662772
1.289243745771452,-2.226875560877963,12.24435425360329
1.2905601604187844,-1.9945020661017578,12.144538400827543
1.2911077109867561,-1.7606014240728494,12.103020914683867
1.2916725583932256,-1.5265221144647212,12.060191912682726
1.292312271016702,-1.292312271016702,12.011686328843226
1.2805462032077375,0.3492398736021103,12.90383690962652
1.2793565123543997,0.581525687433818,12.994044054697468
1.2798474963546536,0.8144484067711433,12.956815673211509
1.2795175618061199,1.0468780051140982,12.981832637576659
1.2792258195441666,1.2792258195441666,13.003953709175647
1.5217804763358431,-3.6288611358777794,12.36440966620323
1.5221016781596146,-3.395457589740679,12.343801746619633
1.5210167228394122,-3.159034732051087,12.413411164548833
1.521534525725761,-2.926027934088002,12.380189559152143
1.523131567164382,-2.694771234213906,12.277725316725594
1.5236971088023121,-2.4613568680652733,12.241440850906557
1.5242960877646223,-2.2278173590406016,12.203011086895216
1.5249153025863078,-1.9941200110744024,12.163283014680573
1.525552695252604,-1.7602531099068506,12.122388673994791
1.5262087317077846,-1.5262087317077846,12.080298170418146
1.5126275643506026,0.3490678994655237,12.951649402057896
1.5122376001104083,0.5816298461963109,12.976669034910671
1.5103676577562035,0.8132748926379557,13.096642269212225
1.5115558863170107,1.0464617674502381,13.020406965375741
1.511232691681064,1.2787353544993618,13.041142741372369
1.5109102694404777,1.5109102694404777,13.061828961419181
1.5638790494550605,1.8044758262943006,9.663416255772475
1.7542091169504215,-3.625365508364204,12.458460566222712
1.7560939686214372,-3.3951150060014452,12.353654741296424
1.7564768741936974,-3.161658373548655,12.332363551657096
1.756873640768181,-2.9281227346136354,12.310301630933353
1.7572737223677268,-2.6944863742971807,12.28805538061934
1.7578003064771592,-2.4609204290680227,12.258775048999183
1.7584801790035829,-2.2274082267378716,12.22097122492525
1.7591806785673683,-1.9937381023763505,12.182020449237172
1.7599047981184772,-1.7599047981184772,12.141756301099548
1.7445528436812865,0.3489105687362573,12.99539071369685
1.7441799156463078,0.5813933052154359,13.016127109533784
1.7438068520604058,0.8137765309615227,13.036871042582547
1.7429226593452332,1.0457535956071398,13.086035944167378
1.7430628939329158,1.2782461222174715,13.078238300527133
1.742754953778782,1.5103876266082779,13.095361091873642
1.8045154990556571,1.8045154990556571,9.661210280339489
1.8045727652985242,2.0451824673383276,9.658026031989124
2.167322944668131,-3.9521771343948267,3.665496371485176
1.9900449174153736,-3.3947825061791668,12.363217714093295
1.9904704596710276,-3.161335435948103,12.342339503654344
1.9909144394009977,-2.927815352060291,12.32055670274616
1.991366381224797,-2.694201574598255,12.298383260795148
1.9918186807617315,-2.460481899764492,12.276192268506875
1.9925794259802267,-2.227000534919077,12.238868128421771
1.9933646000827723,-1.9933646000827723,12.200345443714568
1.9764019695803787,0.34877681816124334,13.032576237534784
1.9759798029377074,0.5811705302757962,13.053288831616527
1.9755582795040578,0.8134651739134356,13.073969868189863
1.973319114411503,1.0446983546884427,13.183829134546485
1.974851594667778,1.277845149490915,13.108641665243681
1.9745271907798678,1.5099325576551932,13.124557764171598
2.045219422798199,1.8046053730572345,9.656212900959673
2.0453299136287146,2.0453299136287146,9.650791933287422
2.0454561391701644,2.286098037896066,9.644598979750754
2.422206796715631,-3.44208334270116,3.669680648480636
2.4209990854745933,-3.18552511246657,3.7226968988346982
2.4199775734987456,-2.9294465363405866,3.767539351907061
2.4190953806475552,-2.6737369996630873,3.806265957630359
2.4182435067169337,-2.4182435067169337,3.843661619806298
2.207647050769989,0.5809597502026287,13.08844965586502
2.207265773440517,0.8132031796886117,13.105187012997035
2.2068956426526145,1.04537162020387,13.121435057933951
2.2049158221072482,1.2765302127989333,13.208345453500883
2.2062066501551985,1.5095098132640832,13.151680531764
2.2860372855178945,1.8047662780404432,9.647265894805685
2.286288554064378,2.0456266010049697,9.636235678547195
2.286715762744255,2.286715762744255,9.61748202158337
2.287171005089706,2.5279258477307276,9.597497739465183
2.438898257038471,0.8129660856794904,13.133437246453994
2.4385175574722133,1.0450789532023772,13.148557622352712
2.4360076706023697,1.2760040179345746,13.248243664310536
2.437756346130078,1.5090872618900486,13.178790915614869
2.5272193334057618,1.8051566667184016,9.625558612442589
2.5276954763716915,2.046229671348512,9.606647478140133
2.528230514594132,2.2874466560613573,9.585397180633862
2.528809813863023,2.528809813863023,9.562388951889119
2.767161219997191,0.8421795017382756,9.6525993003808
2.670009646865548,1.044786383556084,13.175671164494744
2.6696791686370207,1.2768030806524882,13.187655515453741
2.6669830258448903,1.5074251885210252,13.285427527850445
2.766003435173959,1.803915283809104,9.694584818514386
2.7693481362732992,2.0469094920280906,9.573293706521909
2.7701527471088925,2.28838705195952,9.544115570697002
2.771038197333958,2.530078354087527,9.512005902531612
3.0086724457301495,1.0831220804628536,9.622956292000353
3.0092496462091187,1.324069844332012,9.603699400879492
3.0098866338175863,1.565141049585145,9.582447857492852
3.010621333929208,1.8063728003575246,9.557936373924363
3.009357022886186,2.046362775562606,9.60011703902336
3.0125591351003913,2.2895449426762973,9.493286347586874
3.013606498002691,2.5314294583222603,9.458343629920336
3.014665824889868,2.773492558898678,9.423001762976284
3.2503812839609334,1.0834604279869777,9.591600339767368
3.2510693963921695,1.3245097540856985,9.570343674173188
3.2520626315520933,1.5658079337102673,9.539661380564638
3.2531021649043206,1.8072789805024003,9.507548877085227
3.25146867558101,2.0472210179584134,9.55800943370518
3.2553463296932392,2.2907992690433905,9.438223780936966
3.2565511086324954,2.532873084491941,9.401006631726801
3.4935918031881417,1.3251555115541227,9.521379745879258
3.4947276435607972,1.566602047113461,9.488712027409917
3.495953993012314,1.8082520653511966,9.453441192183732
3.497196772322807,2.050080866534059,9.417697820481067
3.495200531772189,2.289958969092124,9.475111367203496
3.4998792109037415,2.5343952906544334,9.340548644872527
3.7392030655023842,1.8092918058882508,9.395627165557173
3.7406400068857666,2.051318713453485,9.356965829400067
3.7411347239616566,2.2929535404926287,9.343655319037694
3.743610546645214,2.53599424127579,9.27704257189204
0.0,0.0,110.0
