-1.9718848927457684,1.9718848927457684,3.2541957817018243
-1.972467115521423,2.2045220702886494,3.225630417226384
-1.9732643811052628,2.437561882541795,3.1865144929815585
-1.9743178461282036,2.6711359094675697,3.1348287575539047
-1.9756168648940295,2.9053189189618083,3.071095516502737
-1.9771161461203612,3.140125643838221,2.997536878001867
-1.7392712878173486,1.7392712878173486,3.2890678383885614
-1.73968465401819,1.971642607887282,3.266082907350196
-1.7401208646311812,2.204153095199496,3.2418277291634183
-1.7406781508585527,2.4369494112019736,3.210840228301734
-1.7415082274728058,2.670312615458302,3.1646844136842844
-1.7425654506535437,2.9042757510892394,3.1058982771981647
-1.7420821248720662,3.135747824769719,3.132773260527003
-1.743427221402949,3.3706259613790346,3.0579801329337357
-1.5069616775407717,1.5069616775407717,3.3151658303763156
-1.507177271381194,1.7390506977475315,3.3013335909638073
-1.5075399733869805,1.9713984267368208,3.2780630700175095
-1.5078928873022226,2.2038434506724793,3.2554205410933434
-1.5083311937407535,2.436535005273525,3.2272993314060585
-1.5074138359035207,2.666962940444691,3.2861558980254415
-1.5088403568355053,2.9016160708375107,3.194632044563221
-1.5107039552002883,3.137615906954445,3.0750658329314433
-1.5118527632289356,3.372594625664549,3.0013597026443364
-1.1903096437170884,-0.7574697732745108,9.745935753909222
-1.1914926879993428,-0.5415875854542468,9.656232578588273
-1.2748762322314036,1.2748762322314036,3.333756911932369
-1.275034479282769,1.506858930061454,3.3217579840768394
-1.2752015402635146,1.738911191268429,3.3090907486487993
-1.2754489438368795,1.9711483677479045,3.290331614735166
-1.2745026569911209,2.2014136802573905,3.3620828890553582
-1.2760666310678357,2.4361272047658677,3.2434960847359093
-1.2764719050989943,2.6689867106615335,3.2127665778059082
-1.277072960136753,2.9024385457653477,3.16719216758446
-1.277837496945803,3.136510219776062,3.109221911990261
-0.9749808628704436,-0.7583184488992338,9.644814326942281
-0.974145983155722,-0.54119221286429,9.722185806230854
-0.9753612860230365,-0.3251204286743455,9.609559066151135
-1.043017647578019,1.274799347039801,3.339586656368283
-1.0431417767641296,1.5067603442148534,3.3280831324678815
-1.0422569040021628,1.7370948400036046,3.410087657632758
-1.0429526822021113,1.9700217330484322,3.345607244900833
-1.0436678801213077,2.2032988580338717,3.2793271329079374
-1.0439126295669539,2.435796135656225,3.2566452706818296
-1.0442112800766217,2.6685399379735886,3.2289681917974917
-1.0446152839262453,2.901709122017348,3.191527618104672
-1.0451554125895846,3.1354662377687537,3.141471840066444
-0.7585721996082024,-0.7585721996082024,9.61457941381731
-0.7587223437415296,-0.5419445312439497,9.596689434924954
-0.7584454278653187,-0.32504804051370795,9.629684524846837
-0.8111414428796498,1.0428961408452642,3.350847147539639
-0.8105635613313361,1.2737427392349567,3.419702909483334
-0.8106373919058336,1.5054694421108337,3.410905846354055
-0.8113801085649706,1.7386716612106512,3.322409645666582
-0.8114860329992926,1.9707517944268533,3.309788533857457
-0.8116387217608138,2.2030193876364943,3.291595357339787
-0.8118322859322453,2.435496857796736,3.2685317925870834
-0.8120284001655423,2.668093314829639,3.2451643827760677
-0.8122862928938447,2.9010224746208735,3.2144359396222626
-0.5416825592535505,-0.32500953555213025,9.640389728667287
-0.579247169225256,0.8109460369153584,3.3741301656579594
-0.5788175819100282,1.0418716474380507,3.445790849057076
-0.579399115873863,1.2746780549224985,3.348783512501754
-0.5794506485376305,1.506571686197839,3.340187202107913
-0.5795193032829677,1.7385579098489032,3.328734708528458
-0.5795922802757741,1.9706137529376322,3.316561208540108
-0.5796693032720323,2.202743352433722,3.3037127831940865
-0.5798079114233288,2.435193227977981,3.280591162758597
-0.32528336848935924,-0.10842778949645308,9.564258308567773
-0.34739436085763575,0.578990601429393,3.4169289703200576
-0.10847699655146846,-0.10847699655146846,9.523216463691725
-0.11595432505134717,0.11595432505134717,3.2866441615409343
-0.11591173768753954,0.3477352130626186,3.322164758709917
0.11548259951821435,-2.1941693908460724,3.680093559170203
0.11550109717282449,-1.9635186519380163,3.6646653269615825
0.11583511921295293,-0.34750535763885876,3.3860694883800875
0.11593666542507461,-0.11593666542507461,3.3013734242822466
0.10839348538499215,0.10839348538499215,9.592870141174927
0.3463940628016242,-2.8866171900135353,3.6950332491462916
0.3463904087500943,-2.6556598004173897,3.696049153715336
0.3464118921200787,-2.4248832448405513,3.690076316838997
0.3464352202628769,-2.1940897283315532,3.6835905936185753
0.34648367331347707,-1.9634074821097036,3.6701196080326923
0.34658666075846,-1.7329333037923,3.641486893070393
0.34671114433506833,-1.502414958785296,3.6068777932222815
0.3468623582077962,-1.2718286467619195,3.5648370986805133
0.3470447775884922,-1.0411343327654767,3.5141206047240274
0.3469020810296423,-0.8094381890691654,3.5537933036275575
0.3472232330108956,-0.5787053883514927,3.4645061760526232
0.3247991152684169,0.10826637175613898,9.69889107324235
0.5774702219724763,-3.3493272874403623,3.670547797148899
0.5773776438609403,-3.1178392768490775,3.685991015571105
0.5773293089073198,-2.886646544536599,3.6940539068291116
0.5773150011478703,-2.6556490052802033,3.6964406249274475
0.5773417720310542,-2.4248354425304273,3.691974897667464
0.5773796761851689,-2.1940427695036417,3.6856519977790185
0.5774449266389268,-1.963312750572351,3.674767383772405
0.5775796809295725,-1.7327390427887175,3.6522886368068157
0.5773007509495426,-1.5009819524688106,3.698817741091105
0.5774199158067056,-1.2703238147747524,3.678939511919154
0.5781072479159899,-1.0405930462487818,3.5642836854375304
0.5402462525370931,0.3241477515222559,9.879984142244169
0.540504488019587,0.540504488019587,9.836907146026093
0.8086422012978878,-3.581129748604931,3.648636865684736
0.8085030877258684,-3.349512792007169,3.6652125307601437
0.8083665132494552,-3.1179851225336126,3.6814856574293344
0.8082825402016142,-2.8867233578629077,3.6914912168881813
0.8082465053604307,-2.6556670890414154,3.6957848415132446
0.8082625473685862,-2.424787642105758,3.6938734036106524
0.8075873167847565,-2.192022716987196,3.774328501152624
0.8076279127606742,-1.9613820738473515,3.769491408046221
0.8083404498439298,-1.732158106808421,3.68459116521295
0.8088061315343074,-1.502068529992285,3.6291042445667756
0.8090997072295864,-1.2714423970750641,3.59412410331538
0.7561391406291641,0.3240596316982131,9.904483340226633
0.7555471371530575,0.5396765265378982,9.975021758592092
0.7554246167884512,0.7554246167884512,9.989620309252174
1.039757049065858,-3.581385391226844,3.64175872475559
1.0389793930361213,-3.3478224886719463,3.713827067461068
1.0384567066800872,-3.1153701200402617,3.7622664005257036
1.0381932631121913,-2.8838701753116425,3.7866807181785873
1.0383469640489498,-2.653553352569538,3.7724366676461187
1.0391742186709918,-2.4247398435656473,3.6957718347042174
1.0392389326779186,-2.193948857875606,3.6897745414914027
1.0393089102406212,-1.963139052676729,3.6832894545407413
1.0394583465757192,-1.7324305776261986,3.669440620867931
1.039777011125116,-1.5019001271807229,3.6399087647826747
1.0401509720571045,-1.2712956325142388,3.605252382559101
0.9714794240006176,0.3238264746668725,9.969305987501187
0.9698172692582318,0.5387873718101287,10.123344190798292
0.9702701340098794,0.7546545486743506,10.081375491433846
1.2706438144787913,-3.349879147262268,3.6546758474184884
1.2704246681246505,-3.1183150944877784,3.671292405328714
1.2702258785792246,-2.886876996770965,3.6863654281333424
1.270119542496971,-2.655704497948212,3.6944282575408494
1.2700917391140902,-2.424720592854172,3.6965364218475116
1.2701555561825393,-2.1939050515880223,3.6916975550650903
1.270239258991123,-1.9630970366226446,3.685350871491295
1.2703877925230793,-1.7323469898041992,3.6740884617421585
1.2706961064139108,-1.501731762125531,3.6507108625956306
1.1854170380266655,0.5388259263757571,10.116912793913073
1.1859037291424968,0.7546660094543162,10.0800099161887
1.5017520901459935,-3.3500623549410626,3.649406641448735
1.501493740375272,-3.11848699924095,3.6659820495113564
1.5012404929776555,-2.887000948033953,3.682230095501751
1.5010903110246636,-2.6557751656590205,3.6918655875230115
1.5010277310977802,-2.4247371040810295,3.695880639759082
1.5010633391238986,-2.193861803334929,3.69359607197498
1.5011597229865432,-1.9630550223670182,3.6874122002048466
0.0,0.0,100.0
