-3.0409194143394886,-1.8824739231625407,9.740918475858884
-3.045066461719264,-1.7883723664065516,9.686015239107668
-3.047379323864356,-1.6929885132579754,9.655394991423933
-3.0470754145176357,-1.5960871218901902,9.659418482183952
-2.9445278679897475,-1.882566997567216,9.7389279622058
-2.943504607925824,-1.7854044343156636,9.7529191855849
-2.9501951604758183,-1.6927349281418629,9.661438027903799
-2.9499507080606646,-1.5958749732131465,9.664780470814023
-2.9497062961526828,-1.4990310685366093,9.668122359862217
-2.949461924742413,-1.4022032101234425,9.671463695177735
-2.949213284550695,-1.305389486604406,9.674863398328483
-2.8538236166741764,-1.983165564129512,9.656403017076705
-2.8535610591558473,-1.8862522255436958,9.660114709222775
-2.8466394828239836,-1.7851806926184304,9.757962832837606
-2.8474672947881774,-1.6891755138573932,9.746260318335324
-2.8528518175214526,-1.5956628809865752,9.67014103267681
-2.852615481984871,-1.4988318634157796,9.673482033005243
-2.8523751789781144,-1.402014918480768,9.676879120197924
-2.8521391888198533,-1.305216238951458,9.680215238022868
-2.8519032377074693,-1.2084335752997752,9.683550803868648
-2.851667325631276,-1.1116669235511754,9.68688581787223
-2.756692164820239,-1.9828838378531541,9.662134183227664
-2.756463749992303,-1.8860015131526284,9.665476510237333
-2.7525877415071345,-1.7867674813291925,9.722193002624365
-2.7495402991953504,-1.6883142188041624,9.766785329843863
-2.751459725276774,-1.5929503672655008,9.738698932419531
-2.7555467541628373,-1.4986306908604905,9.678894640558724
-2.755318786461306,-1.4018288562697871,9.68223042489921
-2.7550908564696424,-1.3050430372750936,9.685565657442282
-2.754862964122285,-1.208273229878195,9.688900339147303
-2.7546267703668903,-1.1115160652357627,9.69235649291501
-2.75439063769248,-1.0147754980972294,9.695811752902642
-2.7541545454982255,-0.9180515151660751,9.69926642055605
-2.6596125905945596,-1.9826202948068534,9.667495447380247
-2.659392248902016,-1.8857508674032477,9.67083688603529
-2.659168011547616,-1.7888948441320325,9.674237401640148
-2.6543553487364355,-1.689135221923186,9.747220491518952
-2.6524842796554413,-1.591490567793265,9.775594888036075
-2.657006079554479,-1.4975852448397973,9.707022677309247
-2.6582881512009293,-1.4016428433604902,9.687580311642868
-2.658063407855224,-1.3048674911289284,9.690988500506869
-2.6578355450724898,-1.2081070659420408,9.694443995023072
-2.6576077213535307,-1.1113632289296584,9.69789889714476
-2.657379936688304,-1.0146359758264434,9.701353207024233
-2.657152191066768,-0.9179253023685199,9.70480692481378
-2.6569457854618275,-0.8212377882336558,9.707937025427078
-2.5625588184317745,-1.982356821805712,9.672855286602037
-2.5623429013877597,-1.8854976066815592,9.676253186317524
-2.5621309035825357,-1.7886574232557324,9.679589408732674
-2.5619189408540772,-1.6918332628281638,9.68292507914262
-2.5562458293971067,-1.5916247617000852,9.772203180802158
-2.5554721761443586,-1.4947101407636814,9.784378209315513
-2.5612738988670607,-1.4014517559838633,9.693076144308243
-2.5610543447463425,-1.3046880624179482,9.696531280922052
-2.560834828263052,-1.2079409567278547,9.699985825233377
-2.560615349394438,-1.1112104346428693,9.70343977760023
-2.560399538873192,-1.014497930496925,9.7068360009604
-2.560222811156483,-0.9178157247542108,9.709617175837373
-2.5600461078348187,-0.821146864777206,9.712397966808041
-2.559869428903148,-0.7244913478027777,9.715178373951886
-2.465527470722486,-1.9820907117572928,9.678268771356272
-2.465323493226782,-1.8852473771734215,9.681604660270978
-2.465119549479131,-1.7884200653083893,9.684939997263236
-2.464915639471159,-1.6916087721860895,9.68827478247001
-2.464705698408943,-1.5948095695587279,9.691708200748685
-2.4587149844236365,-1.4945130297477005,9.789681539943487
-2.459586594635867,-1.3985884557733361,9.77542705155063
-2.4640719568360074,-1.3045086830308275,9.70207253766067
-2.463860782047445,-1.2077748931605123,9.705526132547682
-2.4636779476374593,-1.1110704469737562,9.708516243193912
-2.463507903073453,-1.0143856071478923,9.711297186131354
-2.463337881980986,-0.9177141128948773,9.714077745210517
-2.463167884355201,-0.8210559614517335,9.716857920510861
-2.4629979101922514,-0.7244111500565447,9.719637712095277
-2.368525759435797,-1.9818276762626053,9.683619710371055
-2.368329833067014,-1.884997214073746,9.686954713995618
-2.368130943030796,-1.788180508002846,9.690340164334955
-2.367927931476079,-1.6913770939114847,9.693795770004662
-2.3677249547063584,-1.594590275618568,9.697250783573928
-2.3642032538339954,-1.4957204258949766,9.757196186772894
-2.3617609590805544,-1.3977768941497157,9.798768242160861
-2.3638533863852658,-1.302531457804126,9.763151532226807
-2.3669644227290974,-1.2076349095556618,9.710196345299629
-2.366801060203754,-1.1109474364221703,9.712977056326551
-2.3666377202266777,-1.014273308668576,9.715757383543206
-2.3664744027965785,-0.917612523533367,9.718537326971557
-2.36632295655593,-0.8209691890092001,9.721115202347022
-2.3661888736231123,-0.724343532741769,9.723397524372992
-2.366054805884513,-0.6277288260509932,9.725679587767232
-2.2715497901673003,-1.9815647105714747,9.688969229369974
-2.271354893468055,-1.8847412945798758,9.69242787547774
-2.2711601882463075,-1.787934616279008,9.695883123616724
-2.270965516402764,-1.69114453349142,9.699337779424496
-2.2707708779288427,-1.5943710419500385,9.702791843053369
-2.2705762728159637,-1.4976141373892526,9.70624531465559
-2.2659360000595377,-1.3981307234409912,9.78859181600815
-2.2649400429259305,-1.3011357693404282,9.806266118738755
-2.270102281539516,-1.207501213584849,9.714656786423717
-2.2699456215688327,-1.1108244531081521,9.71743688172522
-2.269789262781049,-1.0141611599660005,9.720211632220618
-2.2696606468509137,-0.9175223891524971,9.722494056642802
-2.2695320454958057,-0.820894569647419,9.724776222415855
-2.2694034587132474,-0.7242776995893343,9.727058129583746
-2.2692748865007624,-0.6276717771172321,9.729339778190422
-2.2691683434568795,-0.5310819527239504,9.731230496121832
-2.174588867779457,-1.9812920795323943,9.694515370834225
-2.174402467194027,-1.8844821382348236,9.697970261108999
-2.174216098561487,-1.787688792150556,9.701424559144591
-2.1740297618736224,-1.6909120370128174,9.70487826509327
-2.1738616335615335,-1.5941651979451248,9.707994483151325
-2.173711590354551,-1.4974457622442463,9.71077549811114
-2.173561567861668,-1.4007396770664085,9.713556129140073
-2.1683154765059185,-1.3009892859035512,9.810791177859087
-2.1696048134059174,-1.205336007447732,9.786893626751983
-2.1731280894207705,-1.1107099123706163,9.72159054837929
-2.1730049549397696,-1.0140689789718926,9.723872816538034
-2.1728818344121485,-0.9174389967517961,9.726154826074229
-2.1727587278355363,-0.8208199638489805,9.728436577031808
-2.172635635243928,-0.7242118784146427,9.730718068780682
-2.1726085727377193,-0.6276424765686744,9.731219665861488
-2.1726095399476426,-0.5310823319872016,9.731201738856853
-2.0774766996260214,-1.8842230531491824,9.703511122767786
-2.0773023238732664,-1.7874461856583919,9.706893461824883
-2.0771589414185745,-1.6907107662709324,9.709674628752879
-2.0770155787593403,-1.5939886999780983,9.712455411711495
-2.076872235888128,-1.4972799840123714,9.715235810844959
-2.0767289128008413,-1.4005846156098696,9.718015826232737
-2.073093047737016,-1.3017095881139404,9.78854012916711
-2.0716139722168854,-1.204426728033073,9.817229524459137
-2.0763558801429096,-1.1106089591462076,9.725251482042438
-2.0762382397030548,-1.013976814738701,9.727533335156359
-2.0761206126276504,-0.9173556195331478,9.72981492904212
-2.076047825856676,-0.8207630939433369,9.731226762593629
-2.076048750079166,-0.7242030523531974,9.73120883559531
-2.076049674302479,-0.6276429247891214,9.731190908581034
-2.076050598526615,-0.5310827112509945,9.731172981550799
-2.420521670191454,2.7582688799856103,3.0495217695929213
-2.422393970957102,2.8730719190421437,3.0132050460449094
-1.9806010158988634,-1.88398633219648,9.708573699208316
-1.9804643138001097,-1.7872482831854648,9.711354634133059
-1.980327630570552,-1.6905235870724222,9.714135185201187
-1.980190966206283,-1.5938122410928621,9.716915352492158
-1.9800543207033976,-1.4971142424830568,9.719695136085448
-1.9799377821601096,-1.4004437971376384,9.722065883192208
-1.979825595614159,-1.3037875873556657,9.724348097485667
-1.975074823432465,-1.2043139167271129,9.82099319949966
-1.9758794434149527,-1.108420175574242,9.804624790888177
-1.9794871130102176,-1.0138836432491358,9.731233859323268
-1.9794879942453047,-0.9173237046502631,9.731215932331274
-1.9794888754811764,-0.820763680077561,9.731198005323307
-1.9794897567178324,-0.7242035695309144,9.731180078299396
-1.9794906379552735,-0.6276433730102087,9.731162151259511
-1.979514411358828,-0.5310892323157832,9.730678528192797
-1.9797656687393825,-0.4345827077720596,9.725567191709644
-2.302486967096224,2.4148034045155518,3.1604380697601044
-2.3039181974708467,2.528690704541173,3.131322507011383
-2.3054050147374157,2.6427813583575257,3.1010761384405185
-2.307044124086229,2.757199075127445,3.0677316874397818
-2.308827956022588,2.8719567257841954,3.0314431404684967
-2.3106197106259665,2.9868986503213715,2.994993422442704
-2.3123454261741427,3.1019267912092157,2.959887138911938
-2.314062526751206,3.217111317678506,2.9249561099987744
-2.315843336592637,3.332555045340624,2.888729041595923
-1.8837777496916697,-1.8837777496916697,9.71303449941508
-1.883647744778333,-1.78705042453329,9.715814818621716
-1.883517757807783,-1.6903364493146769,9.7185947540992
-1.8833976993536192,-1.59364420714537,9.72116235571874
-1.8832909805407547,-1.496974881968292,9.723444672267405
-1.8831842738559932,-1.4003165113288154,9.725726729441284
-1.8830775792624823,-1.3036690933355646,9.728008528028496
-1.8801585827882958,-1.205229860761728,9.790434952945724
-1.8785334403765859,-1.1078530545810634,9.825190675209043
-1.882149845979465,-1.0134653016812503,9.747849275575696
-1.8829289489437095,-0.917324359741807,9.731187175045491
-1.8829297871937176,-0.8207642662126461,9.731169248010751
-1.8829306254447087,-0.7242040867095033,9.731151320954993
-1.8830971135265613,-0.6276990378421871,9.727590763128596
-1.8833361511054143,-0.5311973759528091,9.722478642713028
-1.883575249378129,-0.43467121139495285,9.717365224282595
-2.1876035779881278,2.1876035779881278,3.2153355724745296
-2.1885741355073316,2.3008087065589895,3.1945789745696587
-2.1896367205879192,2.414214845776424,3.17185425107715
-2.19082265511011,2.527872294357819,3.146491544043762
-2.1922360290890555,2.6419254709534767,3.116264757078838
-2.193651228148577,2.756125902032827,3.0859989384615787
-2.195350068999891,2.8708423979229343,3.0496670820209317
-2.1970481917694435,2.9857321580456544,3.0133505826653533
-2.1987206744213026,3.100759925465939,2.977582429598044
-2.2003611847280387,3.215912500756364,2.9424980454971887
-2.2019957325633714,3.3312243133651003,2.9075411763750765
-2.203702061791365,3.446816045365981,2.871049171544854
-2.2053639702544436,3.5625110288725628,2.8355071608548243
-1.786853285214067,-1.786853285214067,9.72025878770792
-1.7867520346364139,-1.690170843574986,9.722541206247378
-1.7866507955477124,-1.5934993581912031,9.724823365799708
-1.786549567930969,-1.4968388271854065,9.727105266747984
-1.7864483517842342,-1.4001892486957512,9.729386909136153
-1.7863665846813601,-1.3035648050377493,9.73123012579569
-1.7863673799424398,-1.2070049864475945,9.731212198800364
-1.7823849461317636,-1.1079690205683936,9.820985323777379
-1.7825776250194636,-1.0117332466326685,9.816641902972862
-1.786369765730396,-0.9173250148345277,9.731158417708059
-1.78643827196499,-0.8207959627947252,9.729614131210838
-1.7866650284178882,-0.7243236601694142,9.724502524501695
-1.7868918424434623,-0.6278268635612164,9.719389619973356
-1.7871187140636422,-0.5313055636405423,9.714275417131482
-1.787345643300368,-0.43475975107306253,9.709159915481479
-2.0738018024814058,1.961704407752681,3.2517859072416044
-2.0744141973777257,2.0744141973777257,3.237981132027201
-2.0750829175494565,2.1872495617413192,3.222906656868197
-2.075833868102974,2.3002483403303224,3.205978521688202
-2.076841470535516,2.4136265738655993,3.1832648688306904
-2.077850051696838,2.527114927739398,3.160529153198169
-2.0791403212018555,2.6410701377428976,3.13144354097345
-2.080482076193168,2.755233019823385,3.1011973286696204
-2.0819602073471093,2.869728934451421,3.067876887169888
-2.083569996934756,2.9845732388524886,3.031588564825128
-2.0851871897614953,3.0996025793751953,2.9951333566161225
-2.0867445499500934,3.2147145769501435,2.960026912292939
-2.0882941193075037,3.329982514571425,2.9250960910422705
-2.0899010972180587,3.445512619737881,2.8888711503005453
-2.091476586863493,3.561162837091894,2.853356026744592
-2.0931697529693656,3.6771901065678048,2.815188207854078
-2.094924408889138,3.7935117674478986,2.775634268563209
-1.6901129865944076,-1.7866908715426595,9.723919961631807
-1.6900172264450455,-1.6900172264450455,9.726201964948025
-1.6899214771464213,-1.5933545355951975,9.728483709686742
-1.689825738696691,-1.4967027971313551,9.730765195891905
-1.6898066832249694,-1.4001255375292605,9.73121929553514
-1.6898074354994213,-1.3035657359566966,9.731201368528907
-1.6898081877747515,-1.207005848410537,9.731183441501749
-1.687736842056218,-1.1090842104940863,9.780544452634437
-1.6858665021565644,-1.0115199012939387,9.8251154133305
-1.6875934735004552,-0.9161221713288185,9.783960983643134
-1.690218152630717,-0.8209631027063482,9.721413812203153
-1.6904327393501406,-0.7244711740072032,9.716300123381615
-1.6906473805631446,-0.6279547413520251,9.711185135955894
-1.690862076260119,-0.5314137953960375,9.706068850154985
-1.6910811928956262,-0.4348494496017325,9.700847211590336
-1.961008450579962,1.848950824832536,3.2683708497951685
-1.9614717485991515,1.9614717485991515,3.257330269520068
-1.9619663007991825,2.0740786608448505,3.2455448894007546
-1.9625986692807487,2.1868956600556917,3.2304752912263623
-1.9632314455841415,2.29978540768428,3.2153959744919334
-1.9641011767458354,2.413038588573455,3.194669927086764
-1.9650547750342506,2.526498996472608,3.1719452919331985
-1.9661178199270064,2.6402153581876946,3.146612499673381
-1.9673862259211172,2.7543407162895646,3.1163858688237553
-1.9686562700345713,2.8686134220503754,3.0861202009237587
-1.9701798616229194,2.9834152190289926,3.049812393549452
-1.9717038086033658,3.098391699233861,3.0134961170368513
-1.9732049853020022,3.213505261777547,2.9777224656031436
-1.9746772448247096,3.3287416412759394,2.942637922235839
-1.9761441382237306,3.4441369266185022,2.9076812557790177
-1.9776753696931753,3.559815665447716,2.8711913869301355
-1.9791668174077928,3.675595518043044,2.835649581143521
-1.9773263856478813,3.7851676525259443,2.879507818702372
-1.9781063403073453,3.8996953566059096,2.860921181868001
-1.5933902725534013,-1.786528487408359,9.72758046972205
-1.593300000823113,-1.6898636372366347,9.729862058267251
-1.593246020542074,-1.593246020542074,9.73122639226741
-1.5932467298292896,-1.4966863219608477,9.731208465264338
-1.5932474391172082,-1.4001265374060312,9.731190538243496
-1.5932481484057583,-1.3035666668774386,9.731172611206688
-1.59324885769494,-1.2070067103749544,9.731154684153928
-1.593351925540852,-1.1105180087102906,9.72854967795918
-1.590540040435907,-1.0121618439137587,9.799619157023976
-1.5900379156783564,-0.9154763756935991,9.812310196526944
-1.593958838401369,-0.8211303106916142,9.713210153325399
-1.5941612454230019,-0.7246187479195463,9.708094381859055
-1.5943663535375006,-0.6280837150299243,9.702910341151366
-1.5945725702893014,-0.5315241900964338,9.69769827999739
-1.5947788403925163,-0.4349396837434135,9.692484870403831
-1.8482813766015527,1.7362643234741857,3.28529093552455
-1.8487316160994614,1.8487316160994614,3.273911279039119
-1.8491683363617215,1.961239144626068,3.2628733168260524
-1.84960526299582,2.0737998403286464,3.251830138632073
-1.8501508155101614,2.186541872875645,3.2380414767381183
-1.8507472400696923,2.299413237662345,3.222967040491497
-1.851415799064857,2.412450889690571,3.2060694299074513
-1.8523144680120893,2.5258833654710307,3.183355865324323
-1.8532140099765524,2.639426014209029,3.160620235515374
-1.854363605865416,2.753448990527436,3.13156457431041
-1.8555603002924081,2.8676841004519034,3.1013185129131955
-1.8568776833394314,2.982258097484541,3.0680220860015552
-1.8583134327579396,3.0971890545965657,3.031733987650199
-1.8597560111208353,3.2123058373905335,2.99527328995638
-1.8587879140780839,3.323287482745665,3.019741627013083
-1.8590900364820329,3.436499764406182,3.01210558177614
-1.8598722230326084,3.550665153062252,2.9923360717833063
-1.8613669801007622,3.666328900198471,2.9545565743297004
-1.8633386416884465,3.7831420907007853,2.904723470664692
-1.8665833335992992,3.9028560611621703,2.8227149407199548
-1.4966860581937294,-1.6898068398961459,9.731215561997267
-1.4966867244942663,-1.5932471583326064,9.731197634982742
-1.496687390795397,-1.496687390795397,9.73117970795225
-1.4966880570971206,-1.4001275372844033,9.731161780905808
-1.496709942423054,-1.3035860788845954,9.730572949689304
-1.49689991851189,-1.2071773536386212,9.725461586402503
-1.4970899428247277,-1.1107441511280238,9.720348925634575
-1.4972800153706851,-1.0142864620253027,9.715234967140177
-1.4939742387089603,-0.9156616301764595,9.804177873411277
-1.4948197729595387,-0.8197398754939406,9.781428522413385
-1.4978551153061916,-0.7247686041804153,9.699761731984125
-1.4980488643485694,-0.6282140398881098,9.694548856257875
-1.4982426635206925,-0.5316344935073425,9.689334631775878
-1.498436512842019,-0.43502995534123134,9.68411905801463
-1.7360518210005558,1.7360518210005558,3.291008377907538
-1.736475182287796,1.8485058392095894,3.2796177163042373
-1.7368915562922254,1.9610065958138028,3.2684150496273006
-1.7373019051900371,2.0735538868397216,3.2573744902395205
-1.7377393385772848,2.1861882001456165,3.2456052145917482
-1.7382994349296728,2.299041188132793,3.2305356553108595
-1.7388598925866614,2.4119669477814982,3.215456375022022
-1.7396290903764897,2.525268034417485,3.1947608792504028
-1.740473702780442,2.638782710667122,3.1720363308107267
-1.7414141449236018,2.752557841976016,3.1467334546784897
-1.7425375844303161,2.8667553808369717,3.1165069799429546
-1.7436624750433634,2.9811003605580084,3.0862414627590837
-1.7419053373693991,3.090477211461837,3.1335177755391683
-1.74254576618843,3.204035763636791,3.1162868473025753
-1.74393957292574,3.3191108000844736,3.078786061653041
-1.7460212249381184,3.4357191845556523,3.02277859388618
-1.7485008881547113,3.5534050307660268,2.9560625160546437
-1.7516500416981766,3.672814603560693,2.8713336014571382
-1.7529710306297501,3.788679324264299,2.8357920005720985
-1.754462740918357,3.905094487850537,2.795657090697709
-1.4001272905339461,-1.5932482961248353,9.731168877655186
-1.4001279138487972,-1.4966884596314727,9.731150950599101
-1.4002553712771928,-1.4002553712771928,9.727485168427677
-1.4004331180756173,-1.3038515237255748,9.722373021941657
-1.400610910005717,-1.2074231982807904,9.71725957743093
-1.400788747084683,-1.1109703856188866,9.712144834401073
-1.4009666293297158,-1.0144930764111735,9.707028792357377
-1.3991673473295503,-0.916695848250395,9.758777646547998
-1.3980579227069514,-0.8195511960695921,9.790685625967043
-1.3996539734909434,-0.7239589518056605,9.74478187141716
-1.4016913958916715,-0.6283444188479906,9.686183900265192
-1.4018727671919495,-0.5317448427279808,9.680967510076435
-1.4021276844521113,-0.43514307448513806,9.67363587661066
-1.6235249319876268,1.6235249319876268,3.3060659904757372
-1.62384973372833,1.7358393705371804,3.296724420939128
-1.6242456844450748,1.8482795719547402,3.285336547384233
-1.624641398918267,1.960774102142736,3.2739554683913568
-1.625025182665179,2.073307991676263,3.262917527058171
-1.6254091477331727,2.1858950607446115,3.2518743707791344
-1.6258880124495778,2.298669258980438,3.2381018212932844
-1.6264121418086614,2.411576624061119,3.2230274228511604
-1.626998601993147,2.5246530030928143,3.2061603377734684
-1.6277883383017786,2.6381397206959862,3.183446861464226
-1.6275450960744364,2.7499899899188756,3.190442711227945
-1.6263720143941887,2.86017147358978,3.224181520830463
-1.6271611352002309,2.9737772470900774,3.2014857468901354
-1.6287582457763674,3.0890242592310413,3.1555515118323925
-1.6315108275729624,3.206762661091685,3.0763849587147476
-1.6343261746920006,3.325008424373381,2.995413222463469
-1.6355468195344158,3.4402881376413577,2.960306456563032
-1.6367613326745012,3.5557228951204682,2.925376043546578
-1.63802070770249,3.6714257241607533,2.8891553651378032
-1.6392555365317854,3.7872455499182625,2.85364065591952
-1.6405815049444687,3.9034525462471845,2.8155046961072117
-1.303786007059672,-1.496939489587031,9.724396914832873
-1.3039515208413819,-1.400540522385188,9.719283984228333
-1.304117076651906,-1.304117076651906,9.714169755300425
-1.3042826745072553,-1.2076691430622735,9.709054227554539
-1.3044499135276915,-1.111198074486552,9.703888002137973
-1.3046186281373102,-1.01470337744013,9.698676193900361
-1.3047873864113688,-0.9181837163635558,9.69346303681283
-1.302373262308452,-0.8200127947868031,9.768038391695413
-1.302081291301011,-0.7233784951672283,9.777057746362814
-1.3053336513138591,-0.6284939802622285,9.676588221258037
-1.305575102438605,-0.5319009676601725,9.669129489831192
-1.3058166429036224,-0.4352722143012075,9.661667998570074
-1.5112524876971598,1.5112524876971598,3.315494240324007
-1.5114556744954302,1.6234153540876841,3.3092175424648786
-1.5116751047017465,1.7356269720649682,3.3024390651329796
-1.512043658252033,1.848053360085818,3.2910539786029958
-1.5124123916154308,1.9605345817237065,3.279663337417965
-1.512775085953746,2.0730621548255037,3.268459249375816
-1.513132485922375,2.1856358129989863,3.2574187111270447
-1.5135129549747648,2.298297450146865,3.245665539627069
-1.5140007795710302,2.411186426724233,3.2305960192395418
-1.5126099289934798,2.521016548322466,3.2735611573134804
-1.5119850636316425,2.6319739996550817,3.2928640407305068
-1.5127345827445002,2.7453331316474263,3.2697104448714143
-1.514192043833997,2.8601405272419944,3.224687623614855
-1.5176901047660716,2.9791694649111777,3.1166280855425867
-1.5186698431659342,3.0935867175602363,3.0863627239675253
-1.5198436282793206,3.208558770811899,3.050103013341662
-1.5210192300756733,3.3237086879431383,3.0137871830752445
-1.5221776366471282,3.438993919832401,2.9780025351111306
-1.5233133901304743,3.5543979103044405,2.9429176697650092
-1.5244449803768962,3.6699601379443796,2.9079614120868698
-1.525626078050142,3.785812860346649,2.871475807213912
-1.207608439357281,-1.4008257896544458,9.711079459133977
-1.207762163690687,-1.304383136785942,9.70595082037
-1.207918364944804,-1.207918364944804,9.700739545166549
-1.2080746066208086,-1.111428638091144,9.695526921385053
-1.2082308887211002,-1.0149139465257242,9.690312948945476
-1.2083872112613694,-0.9183742805586407,9.685097627324339
-1.2085537899677752,-0.821816577178087,9.679540133647208
-1.2059455168935578,-0.7235673101361346,9.766558825477446
-1.206817246806472,-0.6275449683393653,9.737475675633618
-1.2092246374917848,-0.5320588404963853,9.657158936473522
-1.209448418864184,-0.43540143079110627,9.649693014874032
-1.399213433414324,1.5111505080874699,3.3186445197873695
-1.3994015439469012,1.6233057909784054,3.3123686690621597
-1.3995897050535666,1.7354912342664226,3.3060911310554246
-1.3998690936230977,1.847827203582489,3.2967700104744395
-1.4002104297855036,1.9602946016997047,3.2853821590180416
-1.4005516055856102,2.072816376266703,3.2739996576600063
-1.400882453017447,2.1853766267072174,3.262961737206652
-1.3992932450554156,2.2948409218908816,3.3159817983609656
-1.398748099194048,2.4058467306137628,3.334169265072866
-1.3992098163092364,2.5185776693566253,3.3187651957073996
-1.400579212696296,2.6330889198690364,3.273078613509817
-1.4032630814425493,2.750395639627397,3.183537855814002
-1.4039445474398373,2.8640468767772678,3.1608023990871104
-1.4048136579542188,2.9782049548629437,3.1318066391089943
-1.4057202356152139,3.0925845183534704,3.1015608788463425
-1.4067168134666936,3.207314334704061,3.0683124809696096
-1.4078044890770243,3.3224185942217774,3.032024827777839
-1.4088976804704991,3.437710340348018,2.995553153887329
-1.4099499653188863,3.553073912603593,2.9604462274521453
-1.4109969533374904,3.668592078677475,2.9255160168689542
-1.4120825575816554,3.784381254318836,2.889297469774945
-1.1115154954310529,-1.2081690167728836,9.692377156120727
-1.111659297438185,-1.111659297438185,9.687162368660275
-1.1118031366588206,-1.0151246030363144,9.681946231701886
-1.11199371766456,-0.9186035058968103,9.675035066421579
-1.112199414098659,-0.8220604365077044,9.667575760347951
-1.1107027727532197,-0.7243713735347084,9.721849457055285
-1.1100040237319746,-0.627393578631116,9.7471886557679
-1.1121998256029186,-0.5319216557231349,9.66756083769635
-1.1130425205195593,-0.43553837759461017,9.637001633607845
-1.2870323205018561,1.3989481744585393,3.3274942401470966
-1.287193908525799,1.5110537187041988,3.3216344665749347
-1.287362537279528,1.623196242656796,3.3155193703537122
-1.2875356221435523,1.7353740994108746,3.3092426792524634
-1.2877219804776328,1.8476011024244297,3.302484643512244
-1.288035932889019,1.9600546804832895,3.2910995792094084
-1.2868879745565647,2.0702110895040384,3.332728752797415
-1.2860411799735276,2.180678522563808,3.363436625804667
-1.2863369985917565,2.2930355192287832,3.352709159257614
-1.2877650798247409,2.407560801411472,3.300921703332648
-1.2897027032318455,2.523331375888393,3.2306563819510856
-1.290118524615484,2.6363291589968583,3.215577175614321
-1.2906875347939075,2.7497256176044114,3.194942782517238
-1.2913141779767423,2.8633488294266893,3.1722184055965172
-1.2920102754199463,2.977241069445963,3.146975362815212
-1.2928437867360565,3.091582968281874,3.116749189717325
-1.293678374393264,3.2060724930615674,3.0864839845491048
-1.294677602322012,3.321129501608639,3.0502483201318356
-1.2956790346881164,3.4363661354771784,3.013932714742147
-1.2966659770875533,3.551737241587646,2.9781425686140395
-1.2976334753312229,3.6672250389795424,2.943057538789226
-1.0154120653369463,-1.0154120653369463,9.670528992420543
-1.0155999171034786,-0.9188761154745759,9.663068019057405
-1.0157878383882233,-0.8223044405999903,9.655604284615471
-1.0159758292297771,-0.7256970208784124,9.648137787561758
-1.0139421483979765,-0.6276784728177949,9.72891019016027
-1.0141465733778612,-0.5312196336741177,9.720790972769692
-0.9566579462125919,0.7744373850292411,12.004086593999013
-0.9557551424134196,0.8647308431359512,12.0399435636837
-0.9548782153817406,0.9548782153817406,12.07477277687424
-0.9540211352439818,1.044880290981504,12.10881372413779
-0.9531655923234129,1.1347209432421583,12.142793617216348
-0.9529906924217293,1.2252737473993662,12.149740176898831
-1.1753386514316246,1.6230867091198626,3.318669646425626
-1.1754966641088744,1.7352569803511957,3.3123938024569384
-1.1756547192484688,1.8474574159618795,3.306116271996686
-1.1736438043615178,1.9560730072691963,3.385984471716256
-1.1737792886988052,2.068087318183609,3.3806033935912936
-1.1748094347119955,2.1817889501794205,3.339688729298082
-1.176740147409176,2.29744504970363,3.2630059475949977
-1.1770181899837076,2.4100848652047344,3.2519628348221445
-1.1773641427403905,2.5229231630151223,3.238222509936392
-1.177743682855745,2.6359025282961914,3.223148184348851
-1.1781668237286202,2.7490559220334476,3.206342152445856
-1.1787386974011964,2.8626511222600484,3.183628848669514
-1.1793111266132152,2.9763566528809724,3.1608934803416346
-1.1800404254729897,3.090582066714973,3.131927666141493
-1.1808019468057822,3.205033855615695,3.1016820608735287
-1.1816384675884182,3.3198414089388897,3.068457676604112
-1.1825521094844416,3.435032318026235,3.032170246490942
-1.1834705284747622,3.5504115854242873,2.995693082876919
-0.9195090820422924,-0.7259282226649677,9.63528197809039
-0.9191680771043351,-0.6289044738082293,9.650251453034727
-0.9177265303052234,-0.5313153596503926,9.713532644268092
-0.9186833766199575,-0.43516580997787463,9.671528892006329
-0.8669642649720408,0.684445472346348,11.941900548776765
-0.866138318263265,0.7749658637092371,11.978158054713312
-0.8653203811198384,0.8653203811198384,12.014063955806456
-0.864503987444627,0.9555044071756403,12.049902101550039
-0.8637216666543538,1.0455578070026388,12.08424451177607
-0.8607497557448953,1.1325654680853887,12.214705807036026
-0.8598549549898526,1.2218991465645275,12.253985876008116
-0.8630818403506463,1.317335440535197,12.112331682241852
-1.0616811810807654,1.7322166638686172,3.3941944234956694
-1.0614649705740142,1.843597054154867,3.4036856577953927
-1.0620299261725517,1.9563709166336478,3.378885170366587
-1.0640286449229286,2.0720557822183348,3.2911451791694546
-1.0642881230264165,2.1845914104226445,3.2797545788103193
-1.064543417119747,2.297172636942612,3.2685476486220253
-1.0647949198032831,2.4097990290284828,3.257507154187607
-1.0650619236189005,2.522515082255291,3.2457861892306994
-1.0654052059028378,2.6354760356543885,3.2307167430842085
-1.0657487096372986,2.748509830117244,3.2156375756765456
-1.0662180655989382,2.861953755028729,3.195033732372025
-1.0667357253766467,2.975631233945383,3.172309442458463
-1.0673100809017253,3.089581813136573,3.1470963159468255
-1.0679986303015638,3.2039958909046917,3.1168702932664303
-1.0686880687163338,3.3185576870665106,3.0866052445038363
-1.0695129701079618,3.4336995356097724,3.050393626022604
-1.0703402352007914,3.5490228851394665,3.014078245507527
-0.8218142861729695,-0.5317621851707449,9.679652536320091
-0.8215632838032336,-0.4349452678958296,9.691967365755687
-0.7771098993536901,0.5942605112704689,11.872966086633234
-0.7762933200677279,0.684964694177407,11.913029591363681
-0.7754950641530298,0.7754950641530298,11.952194103817519
-0.7747622262874263,0.8659107234977117,11.988149036547249
-0.7727463381651513,0.9545690059687163,12.087053753714606
-0.7712158491849168,1.0434096783090052,12.162143525833017
-0.7705381528538069,1.1331443424320689,12.195393071387237
-0.770826851767078,1.224254411630065,12.181228751429153
-0.7712247197567497,1.3156186395850435,12.161708312495264
-0.949720241850186,1.731842793962104,3.4042535047511038
-0.9515920253360496,1.8472080491817433,3.3124189360455034
-0.9517199745854567,1.9594234770877046,3.3061414129108826
-0.9519091252461056,2.071802213770936,3.29686118927804
-0.9521412330160947,2.1843240051545703,3.2854733780749044
-0.9523732904610974,2.2969002887591174,3.274088035946555
-0.9525982658362208,2.4095132606445584,3.2630501585959593
-0.9528233474944807,2.522179449250096,3.2520070667181002
-0.9531030761079913,2.6350496810044466,3.23828285300943
-0.953410322104893,2.748065046067045,3.2232085648638744
-0.9537522425256395,2.8612567275769183,3.2064330592522268
-0.9542151861329748,2.974906168532216,3.1837198411713246
-0.9546785794076221,3.0886659922011304,3.160984561241939
-0.9552683538715405,3.202958598275165,3.1320486912887233
-0.955884820337114,3.3174826117582192,3.101803242274471
-0.9565615144163816,3.432367787023487,3.068602869803769
-0.7251563086059118,-0.43509378516354713,9.678203705553415
-0.7256545082482007,-0.33863877051582697,9.650501671865044
-0.6869461416202564,0.5037605038548546,11.80285262784485
-0.68620631048939,0.5947121357574713,11.843990407103
-0.6854847043706478,0.6854847043706478,11.884114797637068
-0.6847646143135279,0.7760665628886649,11.924154888652296
-0.6826216074702928,0.8646540361290375,12.043315246722756
-0.6815777333979289,0.9542088267571005,12.101359115614727
-0.6811817880524759,1.044478741680463,12.123375372487374
-0.6821574802261096,1.1369291337101826,12.069122709158869
-0.6815450977183296,1.2267811758929932,12.103173799165177
-0.6809338135755221,1.3164720395793426,12.137163815375196
-0.8394734441080388,1.7349117844899469,3.3216813999790915
-0.8395833595563488,1.8470833910239672,3.3155696303319573
-0.8396962407195337,1.9592912283455786,3.3092929542368736
-0.8398170435412231,2.071548707401684,3.3025758000038508
-0.8400217943623287,2.184056665342055,3.2911907774897244
-0.8402266450966512,2.2966194965975135,3.2798001993728505
-0.840428218614714,2.409227560028847,3.2685918485149443
-0.840626772978,2.521880318934,3.257551375592378
-0.8408372758610768,2.6346234643647075,3.245846513799009
-0.8411082875357133,2.747620405949997,3.2307771040615236
-0.8413794739943912,2.86069021158093,3.215697975582806
-0.8417494687876719,2.9741814563831075,3.195124680546108
-0.8421581459709303,3.087913201893411,3.1724004789664377
-0.8426110465985706,3.2019219770745684,3.14721726448893
-0.6292337430942678,-0.4356233606037239,9.629125934853185
-0.6288133577356259,-0.33859180801149086,9.65609734978257
-0.6298267619232691,-0.24224106227818046,9.591078565768775
-0.5958206668704914,0.5041559488904158,11.772868394890239
-0.5951735131236404,0.5951735131236404,11.814388994669947
-0.5943561477113107,0.6857955550515125,11.866830168539778
-0.5923364734590383,0.7745938499079732,11.996410019884294
-0.5916642587724662,0.8647400705136045,12.039538499172288
-0.5916041389448848,0.9556682244494293,12.043395714419788
-0.5921540318556628,1.047657133283096,12.008115251962117
-0.591595271892724,1.1376832151783154,12.043964613735895
-0.5910554759414475,1.2275767577245449,12.078597267513636
-0.7274064790910582,1.6226759918185143,3.3304822192958525
-0.7274977997514819,1.734802445561226,3.3246231964415074
-0.727589810480528,1.8469587496813404,3.3187198996210014
-0.7276876276258316,1.9591589974541619,3.3124440701732
-0.7277854710641412,2.0713894176440943,3.3061665537980076
-0.7279297969870225,2.183789390961068,3.296906777568701
-0.7281072908351363,2.2963383787877376,3.28551898746975
-0.7282847686668366,2.408941927128767,3.274132224964461
-0.7284568083182464,2.521581259563161,3.2630943695132757
-0.7286289292606524,2.634273821173128,3.252051298530347
-0.7288425882867593,2.747175909696247,3.2383431944585155
-0.7290775405014546,2.860227274274937,3.223268945223019
-0.7293385332852697,2.9734570972399457,3.206523964644738
-0.7296925476327955,3.0871607784464423,3.18381083331942
-0.5324075204375454,-0.33880478573298345,9.630720621051232
-0.5324370726605338,-0.24201685120933353,9.628479852654301
-0.5045520152514876,0.5045520152514876,11.742837050536622
-0.5031101564950169,0.5945847304032018,11.852164580164896
-0.5020552456512881,0.6846207895244839,11.932152162863524
-0.5015294919033069,0.7750910329414742,11.972016926455417
-0.5018053814509701,0.8667547497789483,11.951097871408642
-0.5018696336763996,0.9581147552003992,11.946226009273872
-0.5013952957946453,1.0483719821160766,11.982192215109627
-0.5009218537797756,1.1384587585903991,12.018090492715281
-0.5004493050157685,1.2283755668568863,12.05392104044816
-0.6154590069426062,1.622573745575962,3.3334229066905436
-0.6155362685337583,1.734693120413319,3.3275646221270208
-0.6156135495240096,1.846840648572029,3.3217048666457885
-0.6156941322430928,1.9590267844098406,3.315594760805979
-0.6157769116701854,2.071249611981533,3.309318091730404
-0.6158652308263673,2.183522182020757,3.3026213781162
-0.6160153811631747,2.2960573297900146,3.2912363757209704
-0.6161656047416714,2.40864736399017,3.279845819846301
-0.6163134440496838,2.5212822711123426,3.268636048948551
-0.616459050307287,2.633961396767499,3.2575955969134682
-0.6166132067264456,2.7467315572359854,3.2459068372431332
-0.4368429960411145,-0.3397667746986446,9.516097679022167
-0.43578330113767416,-0.24210183396537452,9.614303637111696
-0.4362040744623288,-0.1454013581541096,9.575308972371808
-0.4135958204988877,0.4135958204988877,11.670501875539394
-0.41229240797898803,0.5039129430854298,11.79129407231892
-0.4115331667704336,0.5944367964461817,11.861655843490105
-0.41127402137915625,0.6854567022985937,11.885671832764238
-0.41179566210912466,0.7778362506505688,11.837329401844968
-0.41136254733110117,0.8684320443656579,11.877467796019026
-0.4109303426656321,0.9588374662198081,11.91752184660033
-0.4105126201907685,1.0490878071541863,11.956233777483767
-0.41012472962839525,1.1392353600788756,11.992181071547442
-0.5035277304501927,1.622478242561732,3.336169653202596
-0.5035888477868575,1.7345838090436203,3.3305056771057338
-0.5036520697188819,1.8467242556359,3.324646660150421
-0.5037157515108862,1.9588945892090015,3.3187450262213147
-0.503783470992087,2.0711098251896907,3.3124692042738246
-0.5038512086841328,2.1833552376312424,3.306191694658054
-0.5039509060051642,2.2957763495790813,3.296952364640454
-0.3392923874892831,-0.2423517053494879,9.57262187996308
-0.3391796458414555,-0.1453627053606238,9.586055276628208
-0.3211862421849105,0.41295373995202783,11.7300059224781
-0.32068733560878,0.5039372416709399,11.789451655844104
-0.32058170958483223,0.5953660320861169,11.802037211450141
-0.32088436390905795,0.6876093512336955,11.765975333093017
-0.32053577084175805,0.7784440149014124,11.807510906130886
-0.32019177289881684,0.8690919550110742,11.84849896075454
-0.31985510290293157,0.9595653087087946,11.88861387558078
-0.3195191401558952,1.0498486033693701,11.928644520268065
-0.24238613565182182,-0.14543168139109308,9.566878463182775
-0.24261940516729444,-0.048523881033458886,9.527966111019666
-0.23034056717636828,0.23034056717636828,11.576234043023696
-0.22978845063358808,0.3217038308870233,11.668334175800219
-0.22949986857999227,0.41309976344398613,11.716473369962479
-0.22949243485900853,0.5048833566898188,11.717713410128958
-0.2296351554368725,0.5970514041358684,11.693905784106704
-0.22938321221504065,0.688149636645122,11.735933150405145
-0.22913382593303136,0.7790550081723066,11.777533986290337
-0.2288849813294951,0.8697629290520814,11.819044463246883
-0.14559158434081002,-0.14559158434081002,9.522422019179942
-0.1455450429183984,-0.0485150143061328,9.535361531195932
-0.13896641657882342,0.0463221388596078,11.364360520886727
-0.13835264071449763,0.13835264071449763,11.535003353873805
-0.13812517121351112,0.2302086186891852,11.598244745923537
-0.13797674596898563,0.3219457405942998,11.639510142112506
-0.13800144776183737,0.4140043432855121,11.632642514763376
-0.04577062704406772,-0.04577062704406772,11.8243568034042
-0.04577074945816781,0.04577074945816781,11.824254702181022
-0.04613347529891143,0.1384004258967343,11.521718049993979
-0.04612285253422798,0.23061426267113994,11.5305781181317
0.04616068690507552,-0.2308034345253776,11.499021822417141
0.046176674974539395,-0.13853002492361818,11.48568674543278
0.04577063429695292,-0.04577063429695292,11.824350754032032
0.045770756711091806,0.045770756711091806,11.82424865277649
0.16655270899182975,-2.9424311921889923,3.694780528300761
0.16654910451362853,-2.831334776731685,3.6957826504229274
0.16654550019145506,-2.7202431697937666,3.6967847291660476
0.1665553090366302,-2.60936650824054,3.694057660171808
0.166565733269335,-2.498485999040025,3.691159500267105
0.1665767067339272,-2.3875994631862896,3.688108642137081
0.1665880257063055,-2.276703017986175,3.6849617254441895
0.16660323552575573,-2.165842061834825,3.6807330699510885
0.16662873712030934,-2.055087757817149,3.673643080602787
0.1382020661972057,-0.4146061985916172,11.576866293913938
0.13814244537932177,-0.32233237255175085,11.59344215793866
0.1382478669482345,-0.23041311158039082,11.564132704402283
0.13847764304177132,-0.13847764304177132,11.500250030232785
0.1389004660910099,-0.046300155363669965,11.382696168688291
0.14530784820475168,0.0484359494015839,9.60130674060995
0.1452523928875214,0.1452523928875214,9.616724506257626
0.2776752083570131,-3.276567458612755,3.680207751702028
0.2776363338062351,-3.1650542053910797,3.686692526221293
0.2776128317030144,-3.0537411487331583,3.6906129789870263
0.27758954285884785,-2.9424491543037874,3.694497857402638
0.2775835353218345,-2.8313520602827116,3.6954999917596467
0.27757752804484326,-2.720259774839464,3.696502082741624
0.27758728161063173,-2.6093204471399383,3.6948750626569833
0.2776046547184232,-2.498441892465809,3.6919770050724736
0.277622523886402,-2.3875537054230573,3.6889961982754826
0.27764138811726374,-2.2766593825615624,3.6858494022053208
0.2776602549096896,-2.165749988295579,3.6827021788333525
0.2777025720551428,-2.0549990332080568,3.675643135292759
0.2777450840550301,-1.9442155883852108,3.66855158752913
0.27782428255776803,-1.8336402648812693,3.6553402597519664
0.2779229527449872,-1.7231223070189203,3.6388808048365107
0.2780226447345577,-1.6125313394604344,3.6222509001610206
0.2289608872978304,-0.9616357266508876,11.806382372509653
0.22918403698455792,-0.87089934054132,11.769158137797994
0.22941682940871344,-0.7800172199896257,11.730325370596113
0.22965009522896554,-0.6889502856868966,11.691413634843265
0.22989166960113636,-0.5977183409629545,11.651115925884383
0.2296016172511123,-0.505123557952447,11.699500384380848
0.22974131117979266,-0.41353436012362677,11.67619764232797
0.23006460239866983,-0.3220904433581378,11.622268513463005
0.23064475684234892,-0.23064475684234892,11.525491298593352
0.24208109393659097,0.048416218787318194,9.61776334037495
0.24167402709657426,0.14500441625794455,9.685667319172012
0.24204968007740982,0.24204968007740982,9.62300357568295
0.38896488524604655,-3.6118167915704316,3.6540427339962704
0.3888971075631194,-3.5000739680680746,3.6621185827828313
0.3888293135947205,-3.3883697327539926,3.670196372016484
0.3887637740777459,-3.276723238655287,3.678005538777171
0.38870014909289846,-3.1651297854707443,3.685586585140591
0.388667244577022,-3.053814064533744,3.689507225137959
0.38863434563032384,-2.9425171883438805,3.6934272015564105
0.38861932173163233,-2.8313693440447496,3.6952173296454376
0.38861091144116683,-2.7202763800881677,3.6962194328616746
0.388615334333155,-2.609274387665469,3.6956924362847374
0.38863965582537213,-2.4983977874488206,3.6927944810149995
0.38866408478827086,-2.387507949413664,3.6898837203949455
0.38869049369919245,-2.2766157488095558,3.6867370449405783
0.38871690619764077,-2.165708477386856,3.683589942025108
0.38876681658966833,-2.0549103162596754,3.6776430172928727
0.3888263282503948,-1.9441316412519738,3.6705520818653383
0.38891504941528887,-1.833456661529219,3.6599807746015287
0.38905316001015733,-1.7229497086164107,3.643524616293803
0.3891915645893925,-1.6123650532989118,3.627033429150792
0.3893339028387777,-1.5017164823781426,3.610073537207967
0.31973985977965297,-1.1419280706416177,11.902345328134118
0.32003196546930046,-1.0515336008277016,11.867540341043842
0.32033626793960485,-0.9610088038188144,11.831282082728976
0.3206411496271243,-0.8703116918450516,11.794954809504738
0.320960035801842,-0.7794743726616163,11.756958873144477
0.320862553292432,-0.6875626141980685,11.768574112428716
0.3207811255351278,-0.5957363759938087,11.778276395342765
0.32107186726265585,-0.5045415056984591,11.743633927113436
0.3216327042397625,-0.41352776259398033,11.676809060499224
0.33799860140295573,0.1448565434584096,9.726779123824173
0.3378471737386089,0.24131940981329206,9.744822038048348
0.5002249252939863,-3.723896666077453,3.6422531718599416
0.5001222949795592,-3.6119943526301492,3.6517643135334765
0.5000351436768293,-3.5002460057378055,3.659840956306361
0.49994717652401144,-3.388530863107188,3.667993207010639
0.4998629034169679,-3.276879033511234,3.6758031164397877
0.4997786587124093,-3.1652648385119253,3.683610393702594
0.49972696098815655,-3.0538869838165117,3.688401418482279
0.4996846603240633,-2.942587444130595,3.69232158194783
0.4996564637678478,-2.8313866280178037,3.694934664080229
0.49964565040523246,-2.720292985539599,3.6959367795309674
0.4996394674117746,-2.609228329817045,3.696509781056612
0.4996707367977955,-2.4983536839889773,3.6936119280962103
0.49970201009963494,-2.3874651593649223,3.6907137122420153
0.4997353426968423,-2.276572116730059,3.687624653651909
0.49976930032370315,-2.16566696806938,3.6844776711860234
0.4998214719659222,-2.0548216069710135,3.679642726625481
0.4998979803517058,-1.9440477013677446,3.672552403454752
0.4999835713478415,-1.8332730949420855,3.6646203602298115
0.5001611065511947,-1.7227771447874483,3.6481674975395038
0.5003387678894473,-1.6122026965326637,3.631702945448211
0.41052203926987246,-1.2315661178096173,11.95536087559028
0.4108612247857116,-1.14128117996031,11.92392726347709
0.411200971194764,-1.0508469263866191,11.892441671256023
0.4115925848050921,-0.9603826978785481,11.85614934817481
0.41198406473180316,-0.8697441366560288,11.819869414062964
0.4114509502614232,-0.777185128271577,11.869275160155617
0.41162023778367046,-0.6860337296394508,11.85358664144998
0.4122080257410263,-0.5954115927370379,11.799114095325422
0.413383972474179,-0.505247077468441,11.690134637920664
0.4344882010447757,0.14482940034825856,9.734325489658133
0.43364278249928284,0.240912656944046,9.812673642487056
0.4341820628319318,0.33769715998039135,9.762696482481203
0.6116903485108387,-3.8369667315679883,3.6191777453728022
0.611439926517363,-3.7242250069693927,3.6381657480384106
0.6112906345021276,-3.612171931148936,3.649485669040139
0.6111841057702562,-3.500418060320558,3.657563105916452
0.6110776141404761,-3.3887031329608224,3.6656377295629667
0.6109725978815217,-3.2770348431827077,3.6736004846599997
0.6108696223439474,-3.165415315782273,3.6814085040548363
0.6107919813163422,-3.053959906581711,3.6872955590162135
0.6107402780356543,-2.942657703262698,3.6912159096926658
0.610694961455307,-2.831403912201878,3.694651995063957
0.6106817449618648,-2.720309591193762,3.695654122749417
0.6106685290422458,-2.60922007863505,3.6966562069252973
0.6106978978432924,-2.498309582086196,3.694429346317648
0.610736119417513,-2.38742301226846,3.6915312328448238
0.6107759353549449,-2.2765284863229764,3.6885122283412812
0.6108174375302876,-2.1656254603346565,3.6853653664977983
0.6108665394257257,-2.054732905341077,3.681642263312959
0.6109600416013552,-1.9439637687315845,3.6745525523197244
0.611053572428021,-1.8331607172840632,3.6674606688896887
0.6107987368657622,-1.7213418948035117,3.686783326090442
0.610406867823532,-1.6092544697165843,3.7164964128491604
0.5014653186032498,-1.230869418389795,11.976882804151025
0.5018794095823557,-1.1406350217780812,11.9454847607686
0.5022941849746712,-1.0502514776743126,11.91403482242412
0.5023850819730918,-0.9590987928577207,11.907142646444079
0.5019747714610595,-0.8670473325236482,11.938254039609113
0.5023150293253846,-0.7763050453210489,11.912454319923455
0.5031876051718086,-0.6861649161433754,11.846292110015781
0.5046878571408399,-0.5964492857119017,11.732536972171623
0.5052009826453061,-0.5052009826453061,11.693629732789965
0.5295585902956935,0.24070845013440614,9.846737961927651
0.5292244686572198,0.33677920732732175,9.872072408291238
0.7233039161229265,-3.9503521572867535,3.593697685326511
0.7229902972843153,-3.837410039432135,3.6138190897759515
0.7226942756543233,-3.7246551129876666,3.6328114786554764
0.7224775379357006,-3.612387689678503,3.6467171079064684
0.7223439954546786,-3.5005901318188273,3.655285031580071
0.7222181293492923,-3.3888696838697565,3.6633604482998265
0.7220928589785371,-3.2771906676718228,3.6713976434079356
0.7219711490440004,-3.165565807346771,3.679206405244983
0.7218623059415397,-3.054032832829591,3.6861896467359685
0.721801199146223,-2.9427279657499863,3.690110184636751
0.7217401026576546,-2.8314419411954144,3.6940300612690677
0.7217191951358891,-2.7203261970506594,3.6953714625169667
0.7217035761305495,-2.6092360060104482,3.696373558962854
0.7217211391694477,-2.498265481740396,3.6952467356808256
0.7217663085251339,-2.3873808666600587,3.692348724583958
0.7218122719182133,-2.2764848575882115,3.6893997690106346
0.721861318063602,-2.165583954190806,3.6862530277867336
0.7211929421069274,-2.0526260659966398,3.7291352188186266
0.7207361451922617,-1.94044346782532,3.7584427550366186
0.7206593219714718,-1.8293659711583516,3.763371639740953
0.720837229590651,-1.7189195474853984,3.7519573025920963
0.5918213619499406,-1.3202168843498676,12.029458949779617
0.5923063598476428,-1.2301747473758735,11.998342072681268
0.5927945893227698,-1.1399895948514807,11.967017861493353
0.5922560987428265,-1.0478377131603853,12.001566764229018
0.5922260616899809,-0.9566728688838153,12.003493905122248
0.592803245485075,-0.8664047434012634,11.96646249261471
0.5942644081301306,-0.7771149952470939,11.872716068841946
0.5954441757280404,-0.6870509719938929,11.797023610126772
0.5960342151217436,-0.5960342151217436,11.759167397998773
0.596639792014759,-0.5048490547817192,11.720314318752791
0.6260856910395702,0.2408021888613732,9.831101137940287
0.6245714241235594,0.3363076899126859,9.928254667353173
0.6247089431825463,0.43249080681868596,9.919431611258602
0.8350491667703865,-4.063905944949214,3.5676901672501273
0.8346843000235772,-3.9508390201115993,3.5879783209417724
0.8343159673356892,-3.8378534497441703,3.608459195800542
0.833974324993907,-3.725085318306118,3.6274559731124327
0.8336798783711098,-3.612612806274809,3.6438284663295732
0.8335148143416924,-3.5007622202351083,3.653006733264192
0.8333695699551815,-3.389036251151071,3.661082943174115
0.8332236882154301,-3.2773465069806917,3.6691945926537173
0.8330832403203013,-3.165716313217145,3.6770040971014595
0.8329428397370288,-3.0541237457024386,3.6848109708073764
0.8328674240356702,-2.9427982315927013,3.6890044067762844
0.8327969247300543,-2.8315095440821842,3.692924470087064
0.8327580009521314,-2.7203428031102956,3.6950887988335595
0.832739978802223,-2.6092519335802984,3.6960909075496673
0.8323310966879681,-2.4969932900639042,3.718826504170366
0.8314591382004836,-2.3835161961747193,3.7673111303017492
0.8312825971108824,-2.2721724321030785,3.777127570933949
0.8311415044305983,-2.1609679115195557,3.784972928197668
0.8313217281755235,-2.050593596166291,3.7749517161582062
0.8316263638523499,-1.940461515655483,3.758012667901653
0.8325949024657538,-1.8317087854246585,3.7041577731575757
0.8333514486958017,-1.72225966063799,3.662090562801275
0.6824876426945257,-1.3194761092094163,12.05076426196954
0.6830466275161693,-1.2294839295291047,12.019682311991978
0.6820816071442964,-1.1368026785738274,12.073341577439805
0.6822562834444735,-1.046126301281526,12.06362882708568
0.6831832007287282,-0.9564564810202194,12.012088256488738
0.685302708937924,-0.868050097988037,11.894234523105524
0.6859505549402085,-0.7774106289322363,11.858211510929692
0.6866029506366761,-0.6866029506366761,11.821935516272887
0.6872565884790303,-0.5956223766818262,11.785590452985204
0.7203125025002319,0.33614583450010826,9.947540068990008
0.7194958509802324,0.4316975105881395,9.992949390873001
0.7204986851774403,0.5283657024634562,9.937187514796022
0.9469243644005666,-4.1776074900025,3.541426528062111
0.9465057591687738,-4.06440708348944,3.5619643900583995
0.9460921415534356,-3.9513260029584667,3.582257546612297
0.9456673675822233,-3.838296962539612,3.6030980630172422
0.9452800834508223,-3.7255156230120643,3.6220992303222985
0.9448960794738148,-3.612837950929292,3.6409394647169506
0.9446965640432099,-3.5009343255718957,3.6507282109357817
0.9445319375563559,-3.3892028347610417,3.6588052147836834
0.944367368328803,-3.2775102783176107,3.66687940934127
0.9442058976806158,-3.1658668333997118,3.674801579531824
0.9440467618945211,-3.054268935541098,3.6826091953121747
0.9435977565175442,-2.941804770319403,3.704638567540634
0.9426141381875616,-2.8278424145626846,3.7528974424516974
0.9421045068518162,-2.715477696219941,3.777901281982551
0.941870036303371,-2.6039936297799082,3.7894050172453433
0.9418027320143263,-2.493007231802628,3.7927071408099167
0.9420832586735766,-2.3829164778213996,3.7789437729005186
0.942552310523981,-2.2732143959696014,3.7559308685193358
0.9439363100895107,-2.1655009466759365,3.6880282482915874
0.944000451135319,-2.0545892171768707,3.68488132167181
0.9440886926610345,-1.9437120143021298,3.6805519627917818
0.9442332028485847,-1.832923276117841,3.673461916935807
0.9443777573204848,-1.7221006162902959,3.6663696983743748
0.7730522345978821,-1.3187361649022695,12.072045678699212
0.7718800678935746,-1.2259271666545006,12.129555227508746
0.7722619746697181,-1.1356793745142915,12.110817887245958
0.7737063453613606,-1.0467791731359586,12.039953302469044
0.7755953745176298,-0.9580884038158957,11.947272616295422
0.7762363305968968,-0.8675582518435905,11.915825643104746
0.7769044960062075,-0.7769044960062075,11.883043709376047
0.777642914962455,-0.6861555132021662,11.846814953815816
0.8147490809601922,0.4313377487436312,10.026289889642307
0.8142691138170738,0.5268800148228124,10.049838326688594
0.8156337146399062,0.6237198994305164,9.982887459258379
0.8150932970205813,0.7191999679593365,10.009401753975915
1.0584536329019198,-4.178106445665473,3.535877713726883
1.0580056367235289,-4.0649690253061905,3.5555439027496973
1.0575274508670864,-3.9518131058717447,3.5765353618166316
1.0570445069453027,-3.838740577853994,3.5977356909965224
1.0566115599361123,-3.725946027143133,3.6167412498166556
1.0558429383948107,-3.6120942629296153,3.6504822887972566
1.0550141981330075,-3.4982049727568145,3.686862426453743
1.0541132797326946,-3.384258424404967,3.7264110485387008
1.0536521045257112,-3.2718670614219456,3.7466557721114597
1.0533142149155008,-3.159942644746503,3.7614884900313044
1.0529773478825544,-3.048092322817921,3.7762763187339417
1.0528020698461247,-2.9367636685181377,3.7839706946287492
1.0529263144683796,-2.826275896730914,3.778516589562244
1.0530617446308919,-2.7157908151007217,3.7725714603316263
1.054073470417772,-2.6074449005071205,3.7281586025355864
1.0547940233738862,-2.4981963711486777,3.696527683971084
1.0548333566656096,-2.387254438769538,3.694801026496677
1.054899374694025,-2.276361808550264,3.6919029593069297
1.054967422071537,-2.165459445304734,3.688915807511421
1.055039106379121,-2.0545498387382883,3.68576900133111
1.0551124029236663,-1.9436281106488587,3.682551420982719
1.0552739003600418,-1.8328441427305988,3.6754619874927528
1.0554354472893943,-1.7220262561037485,3.6683703813542508
0.8627316393748099,-1.3168009232562887,12.1277048459405
0.8619759116177712,-1.224913137562096,12.160879872060356
0.8638659017624359,-1.1366656602137317,12.077912862007409
0.8656381635845353,-1.0478777769707532,12.000113903729428
0.8663514108498301,-0.9575462962024438,11.968803691241277
0.8670669627537144,-0.8670669627537144,11.937392309456797
0.8677836976366118,-0.7764380452538105,11.905928997120213
0.911021010251146,0.4315362680137008,10.007892353659898
0.9088222181886341,0.5261602315828935,10.104415186686168
0.9090044481665532,0.6219504119034311,10.096415633644767
0.9100874854520713,0.7184901200937406,10.048872335279455
0.9095076162335962,0.8137699724195335,10.074327502553437
0.9089284854808382,0.9089284854808382,10.099750252572363
0.9083500918194801,1.0039658909583729,10.125140645666171
1.1676264997505703,-4.170094641966323,3.6249758330907653
1.1670822501412432,-4.057000202871941,3.646591982425136
1.1665136238201113,-3.943927013867996,3.6691763100248096
1.1659284927526976,-3.8309079047588637,3.6924161623216847
1.1654127513750734,-3.7182216353395203,3.712900040390835
1.1649936093146311,-3.6059326002595724,3.7295472500820637
1.1647727083408923,-3.4943181250226774,3.738320850199756
1.164723202481486,-3.383243588160507,3.740287091482273
1.1646844095953115,-3.2722085793392086,3.7418278419142226
1.1651372820175332,-3.1625154797618764,3.723840951817472
1.1657750571836418,-3.0532203878619195,3.69851021570652
1.166097925176828,-2.9430090492558043,3.685686756329801
1.165999212046423,-2.831712372112742,3.689607379756133
1.1659005155408142,-2.7204345362619002,3.693527342889695
1.1658573205668252,-2.609299717459085,3.6952429325607596
1.1658320897291028,-2.4982116208480774,3.6962450344395563
1.1658478670099401,-2.3872122991155917,3.6956184027381696
1.165920831726953,-2.2763216238478603,3.6927204379219205
1.1659942783592014,-2.1654179455242315,3.6898033327121382
1.1660735053511324,-2.054510461809138,3.686656646964373
1.166152743082755,-1.9435879051379248,3.683509534664587
1.1663050102937955,-1.8327650161759645,3.677461885357772
1.1664835467455432,-1.7219519023386591,3.6703708915628823
1.1667557301735645,-1.6112341035730176,3.6595604885315964
0.9538447209617167,-1.226371784093636,12.115820430995832
0.955438211402576,-1.137426442145924,12.052531221886262
0.9562207175962893,-1.0472893573673645,12.02145215366371
0.9570045065895292,-0.9570045065895292,11.990322136050182
1.0068271369039776,0.4314973443874191,10.011499554184219
1.0040517123345163,0.5259318493180799,10.121732048487587
1.0029397145373078,0.6208674423326191,10.165897648300628
1.0042947064112397,0.7173533617223142,10.112080968983236
1.0042601208667876,0.8129724787969232,10.113454614973755
1.0036252287387848,0.9080418736208054,10.138670844466482
1.002995775068634,1.002995775068634,10.1636710728541
1.0023671104651013,1.097830644795111,10.18863996161086
1.0017392334453856,1.192546706482602,10.21357756962967
1.2808079120456464,-4.176547539279281,3.553214087967902
1.2804103869113612,-4.063911228023016,3.5676298052922135
1.2804805134891455,-3.9527876720751887,3.565086758739753
1.2799209880681048,-3.839762964204314,3.5853771997957438
1.2793517026541137,-3.726807133818505,3.606021573942577
1.2788277958775958,-3.6140785535671185,3.6250203524931592
1.2783453709170018,-3.5015547116422225,3.642514848469169
1.2780846184976218,-3.3897026838415187,3.6519706862143053
1.27786190039994,-3.2779935705911507,3.660047260152112
1.2776372813393453,-3.166318479840986,3.6681927699675043
1.2774219185742566,-3.054704587894961,3.6760026126062257
1.2772066283590249,-2.94312831752297,3.6838098243214077
1.2770772494478893,-2.831779987906189,3.6885015774957424
1.2769691481164065,-2.7204994894653876,3.692421727701692
1.2768991458213252,-2.609315645808795,3.69496026730814
1.276871511708313,-2.4982268707336552,3.6959623814572495
1.2768584581821902,-2.3871701609493123,3.6964357501236336
1.276938369096988,-2.276281440564196,3.693537887675461
1.2770182900217164,-2.165378839602041,3.690639662230531
1.2771036482960725,-2.054471086389334,3.6875442585735527
1.2771904291517453,-1.9435506530570035,3.6843972669077445
1.2773265338915212,-1.8326858964530521,3.679461610553247
1.277522056931178,-1.7218775549941965,3.6723712290226445
1.1016292408903856,0.4310723116527596,10.050888954653288
1.100927364869197,0.5265304788504855,10.076341549836648
1.097604634097846,0.6203852279683477,10.196835937268851
1.097014365093769,0.7154441511481101,10.218241253245623
1.0988364836029516,0.8121834878804424,10.152164562505014
1.0981475484866197,0.9071653661411204,10.17714787308158
1.0974594767092998,1.0020282178650128,10.202099875823535
1.0967722666562063,1.0967722666562063,10.227020629288944
1.0960974299284343,1.1914102499222112,10.251492680660277
1.0954395439680102,1.2859507690059249,10.275350035124582
1.0947824472701142,1.3803778682971006,10.299178768038892
1.3926114514506942,-4.066425438236028,3.538903602182046
1.3920220596533477,-3.9533426494155073,3.5585672270101227
1.3913899573964514,-3.8402362824142053,3.5796557825152036
1.3907603867282776,-3.727237836431784,3.6006598777154792
1.390190791257722,-3.614496057270077,3.6196630462142565
1.3896216620281845,-3.501846588311025,3.638650659714642
1.3892907102325198,-3.3898693329673484,3.6496920620134574
1.389048601563774,-3.2781546996905067,3.6577694293118768
1.3888065771571305,-3.1664789959182573,3.665843985410042
1.3885681058933828,-3.0548498329654414,3.673799999531255
1.3883340725376998,-2.9432682337799236,3.6816079536360036
1.3881605916201316,-2.8318476069050686,3.687395722813058
1.3880430845768363,-2.720564445770599,3.6913160597169963
1.3879423267834972,-2.6093315743529746,3.69467759860445
1.3879122893363416,-2.498242120805415,3.695679725024121
1.387882253192758,-2.3871574754915437,3.69668180795329
1.387951987011704,-2.2762412586991947,3.6943553085690723
1.3880388545150415,-2.165340613043465,3.6914571854478027
1.3881295354586405,-2.054431712478788,3.6884318361605963
1.3882238588600362,-1.9435134024040503,3.685284965121845
1.3883384723946803,-1.832606783560978,3.6814611631015097
1.1970113108908618,0.3351631670494413,10.064626894569372
1.1962489266221739,0.43064961358398257,10.090061992753292
1.1954875128703295,0.5260145056629449,10.115464712001518
1.1934266767230683,0.6205818718959955,10.184219501284822
1.1907419896117022,0.7144451937670213,10.273787561743625
1.1916660776526622,0.8103329328038102,10.24295761021164
1.192487564705855,0.9062905491764497,10.215550691269392
1.1917397763905444,1.0010614121680572,10.240498830943686
1.1910242874508208,1.0957423444547552,10.2643693804537
1.1903096571167617,1.1903096571167617,10.28821128467252
1.1895958838437701,1.2847635545512717,10.31202459513188
1.1888829660397358,1.3791042406060934,10.335809364948659
1.1881651380230043,1.4733247711485251,10.35975795207802
1.5035633159340451,-3.9538146456043415,3.553022506702085
1.5028864111283646,-3.8407097173280427,3.5739329545304983
1.502229826843148,-3.7277554962404045,3.594215675713386
1.5015795192465806,-3.6149136574454714,3.614304502024453
1.5009647176703815,-3.502251007897557,3.63329650234126
1.5005218017892463,-3.3900677744127417,3.6469787355698173
1.500246233983759,-3.278315844631177,3.655491374528019
1.4999848219281429,-3.166634624070524,3.663566724421841
1.4997248632695517,-3.0549950918453828,3.6715971770385067
1.4994720832113213,-2.9434081633407416,3.67940587358688
1.4992492389529355,-2.8319152291333225,3.6862898153165418
1.4991223253020298,-2.7206294051777578,3.690210338931834
1.4989954330990043,-2.6093624205797483,3.694130199994909
1.4989544226380156,-2.4982573710633593,3.6953970651400923
1.4989219832069065,-2.3871720473295177,3.6963991603034003
1.4989616856786618,-2.276201078252783,3.695172700604296
1.4990554992700604,-2.1653023878345317,3.6922746798012582
1.4991511670835187,-2.0543923400774147,3.689319379727465
1.499253032452359,-1.9434761531789837,3.686172629308828
1.2915049931382068,0.3348346278506462,10.103773008383563
1.2906840951338419,0.43022803171128066,10.129131588716675
1.289874410288384,0.5255043893767489,10.154143780351774
1.2890657406914545,0.6206612825551447,10.179124609672392
1.2853061731287918,0.714058985071551,10.29526241917931
1.2843754579978586,0.8086808439245776,10.32401338981088
1.2866618884548942,0.9054287363201107,10.253382653577496
1.2858896609641968,1.000136402972153,10.27723774002449
1.285118359866998,1.0947304547015169,10.301064209001545
1.2843479833273537,1.1892110956734758,10.324862117223319
1.2835732992598547,1.2835732992598547,10.34879309044289
1.282802608609372,1.3778250240619179,10.37260070194678
1.2820328428887886,1.4719636344278684,10.396379741193186
1.2812640004340474,1.565989333863836,10.420130259586927
1.6144103594301578,-3.841183268988996,3.568208715319784
1.6137049653948288,-3.728214920050122,3.588496437354358
1.6129939887642395,-3.6153313541267433,3.6089447194946302
1.6123334937502476,-3.5026555209057104,3.627941108148299
1.6117720004109295,-3.390279035347128,3.644090125891317
1.6114547992720243,-3.278477005415498,3.6532130957675193
1.611173995756485,-3.1667902675213675,3.661289239574053
1.6108921922046109,-3.055140364525986,3.6693941452614354
1.6106206618870251,-2.943548106207322,3.6772035841441593
1.6103492230806702,-2.8319934612797995,3.6850103910873884
1.6102068706719486,-2.720694367687086,3.6891045653424186
1.6100705725379996,-2.6094247210098613,3.693024613594744
1.6099979116381615,-2.498272621507492,3.695114401805114
1.6099630688608475,-2.387186619345395,3.69611650920276
1.6099674653054061,-2.2761608992248843,3.695990063782645
1.6100682244943572,-2.1652641639751704,3.6930921452924252
1.6101689962960473,-2.054353546998405,3.6901938640492986
1.3858209299840476,0.334508500340977,10.142631764532808
1.384951857136168,0.4298126453181212,10.16762702602145
1.3840838736270933,0.524997331375794,10.192590957215579
1.383216977409959,0.6200627829768782,10.217523616984728
1.3815041512140127,0.7145711126969032,10.266785929984984
1.377936894904423,0.8077561108060411,10.369383203013072
1.37810659860283,0.9028974266708196,10.364502382806087
1.3798657115210202,0.999213101446256,10.313908824986981
1.379038805125,1.0937204316508622,10.337691344076823
1.3782060198377482,1.1881086377911623,10.361642944992141
1.3773787772632846,1.2823871374520235,10.385435132854994
1.3765525271670964,1.3765525271670964,10.409198776213117
1.3757272677641768,1.4706050103686028,10.4329339264048
1.3749045883399063,1.564546600524721,10.45659487425415
1.3740969576542807,1.6583928799275802,10.47982300780211
1.7244342087348905,-3.615749147347351,3.6035836981954645
1.72372799918101,-3.503060127367859,3.6225844767071536
1.7230360655905739,-3.3904903226137098,3.6412011561678455
1.7226742990410164,-3.278638182045806,3.650934592997338
1.7223741002537611,-3.1669459262730446,3.6590115308336664
1.7220700942131928,-3.0552856510234068,3.6671909039550172
1.7217798100722337,-2.943688062381561,3.675001085277991
1.7214896237576545,-2.832128090698077,3.682808634553055
1.7212967210665904,-2.7207593332988043,3.6879987389449838
1.721151016103499,-2.6094870244149826,3.6919189743999468
1.7210427563616069,-2.498287872137816,3.6948317350191147
1.721005510179406,-2.387201191539176,3.6958338546513403
1.7209682656093068,-2.2761193190316638,3.6968359309094723
1.4799649801596901,0.33418564068122036,10.18110114971789
1.4790377631413425,0.4293980602668414,10.206048199925696
1.4781117072222307,0.5244912509498237,10.230964010412535
1.477208225820805,0.6194744172796924,10.255272446773375
1.4763216784054678,0.7143491992284522,10.279125269191837
1.472258592767426,0.8073676153885885,10.388443799163916
1.4708428226713435,0.901484310669533,10.426535515526744
1.4736622075070271,0.998287301859599,10.350679126289755
1.47277742461518,1.0927058311661013,10.37448447367786
1.4718937035284438,1.1870110512326162,10.398261252883003
1.4710110423305434,1.2812031659007959,10.42200951546316
1.4701294390931392,1.3752823785064852,10.445729313300866
1.469259626126138,1.469259626126138,10.469131890399652
1.4683968439525963,1.5631321242076026,10.49234530190509
1.4675350744744262,1.6568944389227391,10.515531466539748
1.8339047348805928,-3.278799374483484,3.6486558667633844
1.833585137031891,-3.1671016003278116,3.656733598167669
1.8332656505346634,-3.0554427508911055,3.6648085151997662
1.8329495292746572,-2.9438280318653582,3.6727983769584966
1.8326405918875937,-2.83226273291719,3.680606668671274
1.83239187686599,-2.7208243020131366,3.6868928597357282
1.8322367641754402,-2.609549330795324,3.6908132824067437
1.8320889568331797,-2.498303122954336,3.6945490647820307
1.573927474366335,0.333863403653465,10.21949634703352
1.5729468745307713,0.4289855112356649,10.244280688101362
1.5720026084504324,0.5240008694834775,10.268146705354418
1.57105947534859,0.6189022175615657,10.291984086945448
1.5701174732457692,0.7136897605662588,10.31579288290503
1.5691766001087604,0.808363703086331,10.339573144621873
1.5643484261167124,0.9006854574611374,10.461603667791401
1.5639079236866653,0.9952141332551504,10.472737223061912
1.5663474468542495,1.091696705383265,10.411079070535756
1.565408447702872,1.185915490683994,10.434811967876875
1.5644737959141193,1.2800240148388247,10.458434987045344
1.5635548533975354,1.3740330529857128,10.481660959482575
1.562636989786364,1.4679317176780993,10.504859662937335
1.561720203181649,1.561720203181649,10.528031145405123
1.560804491619773,1.6553987032330924,10.551175456515736
1.5599311629623782,1.7490137281699392,10.573248553536757
1.6677364441587164,0.3335472888317433,10.257162071047134
1.666735598464229,0.42858915389080177,10.281012631108474
1.6657359533087484,0.5235170138970352,10.304834581836893
1.664737506533455,0.6183310738552833,10.328627974677914
1.663733033205353,0.7130284428022943,10.352564982724083
1.6627341797750532,0.8076137444621687,10.376368066319351
1.6590281865893366,0.9006153012913541,10.464683391598484
1.6563248614324473,0.9937949168594683,10.529104729847596
1.658272633745155,1.089722016461102,10.482688523247582
1.6587643453105216,1.1848316752218013,10.47097083660794
1.6577903270058199,1.278866823690204,10.494182089056835
1.6568174519073953,1.3727916030089848,10.517366098435069
1.655845717876976,1.4666062072624646,10.540522915698538
1.6548958425787397,1.5603303658599548,10.563158830481562
1.6539765134623772,1.6539765134623772,10.585066817323806
1.6530582051918663,1.747518674059973,10.606950476994108
1.761407255670051,0.3332392105321718,10.293870227099546
1.7603511717996965,0.42819352827560186,10.317676761943993
1.7592900820417312,0.5230321865529471,10.341596140892186
1.7582335670987275,0.6177577397914448,10.365412393095568
1.757178320302285,0.7123695893117372,10.389200058388255
1.756124339410329,0.80686793972907,10.412959187311706
1.7550716221463014,0.9012529951562087,10.436689831184722
1.7499296437557235,0.993203311320816,10.552601730950379
1.7489603658793413,1.087191578789861,10.57445146105779
1.7519661037306842,1.183760880899111,10.506695286666798
1.7509382868050292,1.2777117228036698,10.529864620221815
1.7499091395703665,1.3715504066902873,10.553063941970606
1.7489367798892486,1.4653254101774784,10.574983142973167
1.747965500216515,1.5589962569498648,10.596877998127866
1.746995298753802,1.6525631204427855,10.61874854797393
1.746026173706737,1.746026173706737,10.64059483296058
1.8537857789202437,0.4277967182123639,10.354450660085178
1.852672876605829,0.5225487600683106,10.378251481150023
1.8515613097299197,0.6171871032433065,10.402023742176397
1.850451075890248,0.7117119522654799,10.42576749453984
1.8493379437496353,0.8061216677883025,10.449573230728085
1.8482514340814709,0.9004301858345626,10.4728096117314
1.8454022875635312,0.9936781548419013,10.533742207146716
1.8411916196986884,1.0858309552069187,10.623792655525307
1.8420202478836298,1.180782210181814,10.606071395623488
1.843945646852087,1.2765777555129831,10.56489430781162
1.8429213416840755,1.3703774079189277,10.586800367044198
1.8418981738799287,1.46407290744302,10.608682102314567
1.840876141546345,1.557664427462292,10.630539554113383
1.8398527480630509,1.651149902107866,10.65242611581725
1.8389577066905618,1.7446521832705328,10.671567705583328
1.838063535724179,1.838063535724179,10.690690680615909
1.9470510212549985,0.4274014436901217,10.391082253800647
1.945883207440005,0.5220662263863428,10.414839125518952
1.9447167936618879,0.6166175199415742,10.438567516244788
1.9435592875076617,0.7110582759174373,10.462114698908707
1.9424177833722658,0.805392739447037,10.485336352020141
1.9412776191800372,0.8996164576687977,10.508530746627244
1.9401387927142053,0.9937296255365441,10.531697927825839
1.9348704811394988,1.0854151479563043,10.638871349346864
1.9330931124810848,1.1787153124884664,10.675028413659646
1.93684957864189,1.2754863078861227,10.59861050906678
1.93577458507831,1.3692064138358777,10.620479135606466
1.9347007842662896,1.462822544201341,10.642323497965137
1.9336963368297482,1.5563897345215048,10.662757002511256
1.9327558898114592,1.6499135644731968,10.681888544615411
1.9318163571152813,1.7433464686162294,10.701001486637232
1.930877737408478,1.8366885794861134,10.72009585568862
2.040144072728032,0.42700689894307653,10.427646216472326
2.0389187299814875,0.5215838611580549,10.451413997052406
2.037720894730649,0.6160551542208937,10.474648219063589
2.0365244659926964,0.7104155113928011,10.497855159165482
2.035329441374184,0.8046651279851423,10.521034863783392
2.0341358184047644,0.8988041988300122,10.544187380834224
2.032978813017395,0.9928501179852394,10.566629632403846
2.031849550273456,1.0868032478206857,10.588533764281145
2.0258983417380425,1.1778478731035131,10.703968420465998
2.0249884014014983,1.271504345066057,10.721618390093624
2.0284774248515816,1.3680429144347874,10.653942350851402
2.027490660398608,1.4616793133106243,10.673082465785477
2.026504855513279,1.5552246565567025,10.69220396813683
2.0255200087965934,1.6486790769274595,10.711306885041672
2.02453611885227,1.742042706919395,10.730391243583448
2.023558825491135,1.8353207952128898,10.74934764923838
2.1318228222077353,0.5211122454285575,10.487173798356373
2.130571538828789,0.615498444550539,10.51036603655097
2.129321723481441,0.709773907827147,10.533531065130951
2.1280805175132724,0.8039415288383475,10.556536520926706
2.1268981260464956,0.8980236532196314,10.57845186400418
2.1257170478956784,0.9920012890179833,10.6003428650844
2.124537280766872,1.0858746101697347,10.622209566685179
2.121174087696937,1.1784300487205206,10.684545545956333
2.116834133374789,1.2701004800248734,10.764985561452804
2.1168250545859064,1.3641761462886952,10.765153834633615
2.1202046425236194,1.46058542040516,10.702513980408895
2.119174529348541,1.5540613215222636,10.721606881765837
2.1181454164972737,1.647446435053435,10.740681242360168
2.1171498150995847,1.7407676257485476,10.759134476176406
2.116171939599108,1.8340156809858936,10.777259164726829
2.224559058500349,0.5206414817766775,10.522868991708606
2.2232545220222493,0.6149427401338136,10.546019358184274
2.2219953432925323,0.7091474499869784,10.568364803896735
2.220761141623048,0.8032540299487619,10.59026700550865
2.219528310260795,0.8972561254245766,10.612144889583178
2.218296846924905,0.9911539103281489,10.63399849659669
2.2170875651238986,1.0849577446350993,10.655458469035665
2.2160090917268165,1.1787282402802215,10.67459710930816
2.2107839163439937,1.270024803006124,10.767323320527765
2.2081210529237247,1.3624576709529366,10.81457862161652
2.209957667836535,1.4576316532538849,10.781985965895487
2.211715915317795,1.552906919265686,10.75078402234741
2.2106941440573933,1.6462615966384844,10.768916423801642
2.2096733164393534,1.7395300576224697,10.787032079333578
2.208653431157048,1.8327124215984014,10.805131012130701
2.31585385993138,0.6144102077368967,10.580185991120743
2.314567910202772,0.7085411970008485,10.60207506624917
2.3132833878085854,0.8025677059744071,10.623939845691936
2.3120002903737427,0.8964899085122674,10.645780369876945
2.3108248865485623,0.9903535228065267,10.665787763683433
2.309701110741088,1.0841454193274493,10.684916359871991
2.3085784272052154,1.1778461363291914,10.704026363720082
2.3074568345515862,1.271455806793731,10.723117798877006
2.301396867888205,1.362051207525672,10.826268849512637
2.2996825548222426,1.454901208152847,10.855449405066011
2.30419184725051,1.5518026726380985,10.778693495762127
2.30312811043878,1.6450915074562713,10.796800125026735
2.3020653553861634,1.738294247944654,10.814890043063436
2.301027961787542,1.8314304185655947,10.832548265552859
2.406982330998696,0.7079359797054988,10.635727739758806
2.4056831705603403,0.8018943901867801,10.656974470383517
2.4045130021454395,0.8957989615835951,10.676111639560567
2.4033439714796043,0.9896122235504252,10.695230201760985
2.4021760769844507,1.0833343092282817,10.71433018279798
2.4010093170044318,1.1769653514727607,10.733411609746703
2.399859234474263,1.2705137123687273,10.752220290332467
2.3987505850821913,1.3639954307330109,10.770351365059774
2.3920724040092116,1.4540047945938346,10.879567679020369
2.391110850380753,1.5471893737757816,10.895293120099012
2.3954307749010355,1.6439230808144358,10.824644207238272
2.3944133857068617,1.737123436689292,10.841282794368013
2.3934242153530816,1.8302655764464746,10.857459884916828
2.4981519506209993,0.8012940218973016,10.686430100986719
2.4969377129353405,0.8951286140711597,10.705538633643144
2.4957246550473156,0.988872033131955,10.724628599752123
2.4945021718039304,1.0825198104054792,10.743866893254342
2.493349555595214,1.1761082809411387,10.762005684962688
2.492198004320602,1.2696103040878537,10.780127717737962
2.491047516299968,1.3630259994848881,10.798233018020404
2.487783371627481,1.455118575857583,10.849601062190182
2.482627210133386,1.5457867534792782,10.93074389069519
2.4824841722030344,1.639376340134079,10.932994887345615
2.486729665005857,1.7360188227399378,10.866183307682483
2.4857030103066617,1.8291022151313172,10.882339835418485
2.5892241999749426,0.8944592690822528,10.734921618829759
2.5879887846834917,0.9881411723336968,10.753656450001422
2.5867932702112455,1.0817499129974302,10.771786193056897
2.5855988597584036,1.1752722089810927,10.789899193874128
2.5844055517963813,1.268708179972769,10.807995475633788
2.5832133447994154,1.362057945439692,10.82607506147378
2.5821260194229043,1.4553801200383643,10.84256413806088
2.5771328031391665,1.5462796818835,10.918285286023654
2.5732006574075292,1.6374913274411549,10.977915506674464
2.5744131632875895,1.7318779462116514,10.95952809224405
2.577829718476445,1.8279156185560248,10.907716701293317
2.677717100768172,1.174437324898321,10.817753072147383
2.6765307897537047,1.2678303740938601,10.835112012376264
2.6754248981566944,1.361181088535862,10.851294198917586
2.6743199200706034,1.4544546933717315,10.86746301832224
2.6732158543423994,1.5476512840929681,10.883618487462222
2.6667449600035327,1.6374749754407656,10.978305181496026
2.6642411562933215,1.7294196979447876,11.014942604920712
2.666694806096267,1.8245806568027092,10.979039068872822
2.7663966496727643,1.4535304430484013,10.892330248716469
2.7652163594596826,1.5466464383418563,10.90901563613889
2.76405638799376,1.639694467453925,10.925413783893866
2.7569895664553963,1.7289595586245703,11.02531519280653
2.7684608273078233,1.8299995299153409,10.863149625876495
0.0,0.0,50.0
