-1.3010843740098428,1.4249971715345895,3.3243834387247517
-1.3012446232129031,1.549100741920123,3.3180187658895193
-1.3014142298598912,1.6732468669627174,3.3112824402283465
-1.301583880726335,1.7974253590982723,3.3045443582878065
-1.1768148441353794,1.1768148441353794,3.3400433174435307
-1.1769468631578208,1.3008360066481177,3.3342479308416486
-1.1770891067831895,1.4248973397901767,3.3280037034157814
-1.1772323880504814,1.5489899842769494,3.321713925462511
-1.1773816833651014,1.6731213395188285,3.3151601421510506
-1.1775351539752617,1.797290498172768,3.308423071224013
-1.1760637922951591,1.918840924271049,3.3730130796159656
-1.1757099779862263,2.0420225933444986,3.388544861836607
-1.0527782655143438,1.0527782655143438,3.34795867881229
-1.0528716171875496,1.176738866268438,3.3433786027983956
-1.0529897242247113,1.3007520122775846,3.3375839642086476
-1.05311121193722,1.4247975220327092,3.3316234608889417
-1.0532393930040362,1.5488814603000536,3.325334564188971
-1.052131294663455,1.6710320562301932,3.379700752350807
-1.051580939949927,1.7938733681498755,3.406702586768972
-1.051931292944383,1.918227651839757,3.389513357147294
-0.9288572338936759,0.9288572338936759,3.3515598951536276
-0.9288983376502176,1.0527514493369132,3.3492743502600106
-0.9289443933248479,1.176662898211474,3.346713457513701
-0.9290485919606659,1.3006680287449321,3.340919567123791
-0.928340956443849,1.4234561332139017,3.3802671323606788
-0.9275671627209809,1.545945271201635,3.4232933771814515
-0.9276727710821958,1.6698109879479526,3.4174211000222243
-0.9293780373374748,1.7967975388524513,3.3226009932988276
-0.9296146926062177,1.9212036980528495,3.309441946862897
-0.8050356639195695,0.8050356639195695,3.34988783940684
-0.8050010599225833,0.92884737683375,3.3521079898991104
-0.8050247205195471,1.0527246345255616,3.350589954684345
-0.805060345113254,1.1766266582424478,3.3483043239438715
-0.8037274099871997,1.2983288930562455,3.4338238255623423
-0.8037447337199469,1.4220099135045212,3.432712355872816
-0.8044503038069057,1.5470198150132803,3.387443834536569
-0.8054035353452857,1.672761188794055,3.326285654745341
-0.8055015764100766,1.7968881319917094,3.3199954588947165
-0.8056056234862528,1.921059563697987,3.313319924635387
-0.6812008784601381,0.8050555836347089,3.348609814634443
-0.681171596705601,0.9288703591440014,3.3508300750256694
-0.6801876429679772,1.051199084586874,3.4254374045717455
-0.6799472580957693,1.1744543548926925,3.4436643523366044
-0.6803500481315583,1.2988500918875203,3.4131231919253935
-0.6812907448008264,1.4245170118562736,3.3417957872686657
-0.6813671716536628,1.5485617537583247,3.336000795921308
-0.6814475570375906,1.6726440036377226,3.3299056528265965
-0.6815305032381364,1.7967622358096325,3.3236163383170947
-0.5567116781835354,0.8041390907095513,3.4074108895437263
-0.5563222566506912,0.9272037610844855,3.443500064465198
-0.5564258634579134,1.0510266309760588,3.4338984274894813
-0.5573210771973583,1.1765667185277564,3.3509355646016203
-0.5573457400475538,1.300473393444292,3.3486499644493506
-0.5573837132193503,1.4244250448938953,3.3451308461579714
-0.5574462362112921,1.5484617672535892,3.3393366026390794
-0.5575089449654137,1.6725268348962414,3.3335251438322757
-0.557576800531374,1.7966363572677608,3.3272367103924196
-0.43378069205999903,0.5577180326485701,3.314148192803799
-0.4328120716544766,0.6801332554570346,3.429561284381265
-0.4327493743715193,0.8036774095471072,3.4370317931774466
-0.43344263002681255,0.9288056357717412,3.3544289717059996
-0.4334756519311061,1.0527265832612576,3.350494344639962
-0.43346090824858546,1.176536750960446,3.3522510844022477
-0.4334800894882363,1.3004402684647087,3.3499656006815144
-0.43349927242555847,1.424354752255406,3.3476799146797873
-0.4335413022247284,1.5483617936597445,3.342671978616359
-0.30945477902501123,0.4332366906350158,3.378967069137502
-0.3092628291780323,0.556673092520458,3.4109867697321974
-0.3093705285507096,0.6806151628115612,3.3930211306778304
-0.3096510859426278,0.9289532578278834,3.346220553182036
-0.3096331269138669,1.0527526315071474,3.349216349911991
-0.3096198173390457,1.1765553058883738,3.3514365579898993
-0.30962074885061114,1.300407145172567,3.351281169892985
-0.18598284124907805,0.18598284124907805,3.2927877058354156
-0.18575765739237046,0.3095960956539507,3.3553936398334017
-0.18571349826225966,0.4333314959452725,3.367670823578038
-0.057410205586765295,-0.057410205586765295,7.1162005883504165
-0.05741029532586067,0.05741029532586067,7.116125740180159
-0.061980909922611495,0.1859427297678345,3.3039395565231686
0.06194692158287096,-0.3097346079143548,3.332288015230752
0.061952099496108616,-0.18585629848832586,3.3279693029685617
0.05741027190278123,-0.05741027190278123,7.116145276533075
0.05741036164208394,0.05741036164208394,7.116070428189886
0.1848766141532585,-1.5406384512771543,3.600342525973325
0.18495176894541096,-1.4179635619148172,3.579447884474938
0.18504473379283662,-1.2953131365498562,3.553601666246152
0.1851387555928581,-1.1725454520881011,3.5274615925633412
0.18523510665001228,-1.0496656043500694,3.5006739355215544
0.18533350753049638,-0.9266675376524819,3.4733163837014303
0.18540829305416232,-0.5562248791624869,3.452524406749397
0.18546932581191786,-0.4327617602278083,3.435555993206677
0.18564811143642462,-0.3094135190607077,3.385849761279964
0.18597987827731008,-0.18597987827731008,3.293611475432641
0.3078688121234382,-1.7856391103159417,3.643526724384401
0.3079760942911686,-1.6630709091723106,3.625630680475325
0.30808522146574124,-1.5404261073287062,3.607426865720825
0.3081944260032109,-1.41769435961477,3.5892101458411645
0.3083476025965757,-1.2950599309056179,3.5636583220973677
0.3085026391930819,-1.1723100289337112,3.53779622593278
0.3086626940829857,-1.0494531598821513,3.5110970139558333
0.30882338132891896,-0.9264701439867569,3.4842923168688316
0.3085156007864906,-0.8021405620448756,3.5356340656252385
0.30857976727012143,-0.6788754879942671,3.524930271762372
0.3088764482368987,-0.5559776068264176,3.475440074828846
0.4308196238776555,-1.9079154771724742,3.6669654898042907
0.4309586613711864,-1.785400168537772,3.6503988896355395
0.4311069678862348,-1.6628411618469057,3.6327278666989713
0.4312598701337654,-1.5402138219063048,3.6145092528890217
0.43141271434326256,-1.417498918556434,3.5962975544288085
0.4316022747448212,-1.2948068242344635,3.5737110470004936
0.4315675824585906,-1.1713977238161746,3.5778447034720386
0.43132869798206674,-1.047512552242162,3.606308274761986
0.43142240554919065,-0.9244765833196942,3.595142827529706
0.4318049205283109,-0.8019234238382916,3.549565389698273
0.5537968856566513,-2.030588580741055,3.677535801728851
0.5538789984758954,-1.9078054391947505,3.669926094388451
0.5540155729752704,-1.7851612906980934,3.657269215962245
0.554206201753634,-1.6626186052609022,3.639602921863947
0.5540077946743834,-1.5389105407621761,3.6579900606963562
0.553716165788548,-1.415052423681845,3.68501641898785
0.5537838731897342,-1.2921623707760463,3.6787417165412677
0.5540837904608661,-1.169732446528495,3.650947242052922
0.5545695197886593,-1.0475202040452454,3.6059328573906555
0.5556570476380525,-0.9260950793967542,3.5051475143150483
0.5559463515276141,-0.8030336188732204,3.4783366222732113
0.6768238305920367,-2.0304714917761104,3.680495187134831
0.6763038367217837,-1.905947176215936,3.719923213632896
0.6759237169608258,-1.781980708351268,3.7487454226335544
0.6759813368043405,-1.659226917610654,3.7443764543689753
0.6763244243020706,-1.5371009643228881,3.718362180498623
0.6767376166147263,-1.4149968347398822,3.6870322776206166
0.6777678721513,-1.2939204831979363,3.6089141594665577
0.6783078228061596,-1.1716226030288213,3.5679729292995503
0.678648846025216,-1.048820943857152,3.5421151773401434
0.6789989513686615,-0.9259076609572657,3.5155687821840544
0.7984083259857565,-2.14956087765396,3.77508980616318
0.7982787046318832,-2.0263997886809344,3.783406155072953
0.7986019368497498,-1.904358464795557,3.7626679678658874
0.7991012163397895,-1.782610405681069,3.73063480111837
0.800305841478809,-1.6621736707636803,3.6533475127032204
0.8005812361943856,-1.5395793003738183,3.6356785216442375
0.8008638235373241,-1.4169129185660347,3.617548060334144
0.8011476434915373,-1.294161577947868,3.5993385161790954
0.8014798590622735,-1.171393640167938,3.578023967943473
0.8018827289652691,-1.048615876339198,3.552176323412368
0.8022909425786848,-0.9257203183600209,3.525985832899501
0.9228569611590977,-2.030285314550015,3.685200755811529
0.9229719684217575,-1.9074754014049653,3.6788058594804696
0.9231088162725856,-1.7846770447936655,3.6711965329133065
0.9233062737762592,-1.6619512927972664,3.660217050082572
0.9236239518797807,-1.539373253132968,3.642552787046604
0.923946321449928,-1.4167176928898895,3.624627658374699
0.9242737157594881,-1.2939832020632833,3.6064231326726173
0.9246037632466764,-1.1711647667791232,3.588071078931982
0.9250684314670331,-1.0484108889959707,3.56223353590385
1.046129658315179,-1.7845741230082461,3.674156649485475
1.0462847806495854,-1.6617464163258122,3.6665459440890302
1.0466337375050052,-1.5391672610367724,3.6494252126815994
1.046993924087131,-1.4165211914120008,3.6317535216591637
1.0473658514685136,-1.293804875343458,3.6135057964724524
0.0,0.0,55.0
