-3.7114422325218053,-2.44412049458753,9.498018540381253
-3.7060903020014053,-2.2598111597569543,9.606893024640655
-3.7091569105721964,-2.0807465595892807,9.54450891384218
-3.7081746293552618,-1.8993089564990364,9.564491490313202
-3.707219181987269,-1.7179796209209295,9.58392818498453
-3.5286593796438153,-2.442918032061103,9.535164132661677
-3.523663498623965,-2.2587586529640804,9.642007355714227
-3.5267430758122833,-2.0798741216328853,9.576146709487531
-3.525931908802082,-1.8985787201241981,9.593494540122293
-3.5252447515531284,-1.7174269302438316,9.608190265446893
-3.524557861998873,-1.5363457347174576,9.622880265782413
-3.5240253114366147,-1.355394350552544,9.634269531916658
-3.3462297225117474,-2.4418433110220854,9.568363628407425
-3.3453759951753845,-2.2603891859293137,9.58760858626664
-3.3404741840886447,-2.0765109792983467,9.698106568210235
-3.3440722086135986,-1.8979869292131233,9.616998903725474
-3.3434999096501374,-1.716932386036557,9.62989982532605
-3.343065740850661,-1.5360031782286818,9.639686978546791
-3.342665002941424,-1.3551344606519287,9.64872052338876
-3.342266598472557,-1.1743098859498173,9.657701467172217
-3.164863399734346,-2.622315388351315,9.580017661983476
-3.1641750200144703,-2.440935015439734,9.596422030753132
-3.1635583879460403,-2.2596845628186,9.611116623800655
-3.160703794439303,-2.0770339220601137,9.679142748365265
-3.1596607090436666,-1.8957964254261999,9.70399989768886
-3.162132183901038,-1.7165860426891348,9.645103646398056
-3.161753162034412,-1.5357086787024288,9.654135891672539
-3.161446532757341,-1.3549056568960034,9.661442992087345
-3.1611847104185826,-1.1741543210126164,9.66768232493392
-3.160920497232482,-0.9934321562730657,9.673978632645287
-2.9830163934018423,-2.6214386487470738,9.60523342579306
-2.9824351333101746,-2.440174199981052,9.619924585059621
-2.9819540854871875,-2.2590561253690815,9.632082911914736
-2.9815820328034452,-2.0780723258933103,9.64148642216901
-2.9775619332947794,-1.894812139369405,9.743093126286155
-2.980891302761893,-1.7162707500750292,9.658944398720465
-2.980644425325812,-1.5354834918345095,9.665184145410066
-2.9803975888147236,-1.3547261767339651,9.671422857733845
-2.980148664777092,-1.1739979588515816,9.677714331610247
-2.9799021880338694,-0.9933007293446231,9.683943950918518
-2.9796539596831755,-0.8126328980954115,9.69021784153442
-2.801392718365843,-2.620657704277724,9.627694041456209
-2.8010145471628265,-2.439593315270849,9.637868850375924
-2.8006787776528843,-2.2586119174620034,9.646902829106935
-2.8003430886335274,-2.0776739044700365,9.65593464221476
-2.8000921656379494,-1.896836628335385,9.662685800190843
-2.7963505427431183,-1.7138922681328788,9.76335527925454
-2.799626315830004,-1.5352789473906474,9.675219628106149
-2.7993947617342916,-1.3545458524520766,9.68144966005903
-2.799163245967639,-1.1738426515348166,9.687678660757129
-2.798925029524753,-0.9931669459603962,9.694087945146237
-2.79868516162025,-0.8125214985349114,9.700541662602305
-2.619801525553054,-2.4391255582735325,9.652318457184265
-2.61952793016329,-2.2582137328993883,9.660187289268833
-2.6193109844856255,-2.0773845739023926,9.666426828284798
-2.619094074739267,-1.8965853644663655,9.672665333886371
-2.6188753790748502,-1.7158149035317984,9.678955203983975
-2.6154835418662152,-1.5332144900595055,9.776507277050797
-2.6184390813715157,-1.354365042088715,9.691503490595792
-2.618214673414046,-1.1736824398062966,9.69795765101604
-2.6179903039696115,-0.9930308049539907,9.704410703769184
-2.61779473991347,-0.8124190572145252,9.710035289479066
-2.6176139965524152,-0.6318378612367899,9.715233619610927
-2.513535087188264,2.34018783979597,12.70863004357787
-2.438749720421329,-2.438749720421329,9.66392856503768
-2.438547756573718,-2.2579145894201096,9.670167484400125
-2.4383440388675677,-2.077107884961262,9.67646058267691
-2.4381423694177964,-1.8963329539916194,9.682690407716777
-2.437940733330883,-1.7155879234550657,9.688919202135637
-2.4356129765878887,-1.5335340963701523,9.760826559748025
-2.4356688651764604,-1.353149369542478,9.759100090374886
-2.437324558828178,-1.1735266394357895,9.707953613893224
-2.437156271221319,-0.9929155179049819,9.713152231474098
-2.436988006851044,-0.8123293356170148,9.718350131247433
-2.436839155136257,-0.6317731142945852,9.722948349475601
-2.3434246829047107,1.8226636422592197,12.60863985531789
-2.3424871076684575,1.9954519806064641,12.637602743302082
-2.3415848167083353,2.1681340895447554,12.665475655252692
-2.340796843394439,2.340796843394439,12.68981715014553
-2.340040435214831,2.513376763749263,12.713183558012545
-2.339387187796542,2.685963067470104,12.733363199144563
-2.3360547034500074,2.8551779708833425,12.836307866522347
-2.3362912033164482,3.028525633928729,12.829002085743227
-2.257613996596166,-2.257613996596166,9.680196033393585
-2.257427284149653,-2.0768331014176806,9.686425240375243
-2.257236535790829,-1.896078690064296,9.692789095762066
-2.257043087376261,-1.7153527464059581,9.69924303194641
-2.256849672144597,-1.5346577770583263,9.705695861063788
-2.2538616975864807,-1.3523170185518882,9.805382370056861
-2.2565327584710495,-1.1733970344049458,9.7162689155372
-2.2563837868000465,-0.9928088661920205,9.721238993271228
-2.2562558335731318,-0.8122521000863274,9.725507841702651
-2.2561278948571344,-0.6317158105599976,9.729776206012573
-2.171554019392305,1.6503810547381517,12.551378007875698
-2.1705789099652693,1.823286284370826,12.583910163948914
-2.1696582761124854,1.9960856140234864,12.614624874887653
-2.168806642741151,2.168806642741151,12.643037552465401
-2.1679686704129875,2.341406164046026,12.670994462540321
-2.1672679279816123,2.5140307964586697,12.694373030640037
-2.1639126926184393,2.6832517388468644,12.806312303782846
-2.1642985475228333,2.85687408273014,12.793439192700816
-2.1654423518868504,3.0316192926415906,12.75527894006072
-2.07672888383036,-2.257314004163435,9.690204551793471
-2.0765508990991215,-2.0765508990991215,9.696658930025919
-2.076372944873405,-1.8958187757539786,9.7031122020164
-2.076210884356383,-1.7151307305552728,9.70898910991815
-2.0760675321832465,-1.5344846977006603,9.714187584750377
-2.075924199801286,-1.353863608566056,9.719385341882088
-2.0735253324090137,-1.1719925791877035,9.806377059494338
-2.075684791597266,-0.9927188133726053,9.728067160204048
-2.0755977151610794,-0.8121904102804224,9.731224870701837
-2.0755986410795657,-0.631703934241607,9.7311912935063
-1.9996079261157897,1.4779710758247142,12.48689293778142
-1.9986210717258637,1.651034798382235,12.522679892362333
-1.9976381844187243,1.8239305162084005,12.558322985991751
-1.9967674426533921,1.9967674426533921,12.589899271536751
-1.9959212442523582,2.169479613317781,12.62058552480103
-1.9951522645475575,2.342135267077567,12.648471545322678
-1.9917892722668888,2.511386473727816,12.770425962542475
-1.9926591441859163,2.6857579769462347,12.738881220810327
-1.9931391728977477,2.859721421983725,12.721473621590832
-1.9926140974223514,3.032238843903578,12.740514781443153
-2.266811090862435,3.646609146170004,2.797127539484464
-1.8957232211672221,-2.076268289849815,9.706907376475897
-1.8955923271600499,-1.8955923271600499,9.712106138877417
-1.8954614512273076,-1.714941313015183,9.717304183410562
-1.8953409723591126,-1.5343236442907102,9.722089284147259
-1.8952334940477977,-1.3537382100341413,9.72635803728511
-1.8097750573485563,-1.120336940263392,13.120540224859823
-1.8114707329775221,-0.9488656220358449,13.053192491411394
-1.8951123096189455,-0.812190989836691,9.731171161017627
-1.8951725041517031,-0.6317241680505676,9.728780394011281
-1.8274413490334185,1.3053152493095845,12.418882028510083
-1.826458838951708,1.478561917246621,12.457904720092785
-1.8255523491094758,1.651690220622859,12.493908089620248
-1.8246529363157136,1.8246529363157136,12.529630377574193
-1.823758455704347,1.997449737199999,12.565156772339833
-1.822984722806181,2.1702199081025966,12.595887388559007
-1.819826189062408,2.3397765287945242,12.721335961994754
-1.821523967051757,2.51543785926195,12.6539047283743
-1.8208641630039843,2.6879423358630246,12.680110393171574
-1.8202756874400194,2.8604332231200305,12.703483079990818
-2.067283683096661,3.445472805161102,2.892981373800012
-2.0688524737088074,3.645121025105994,2.8306731763013744
-2.070638534610854,3.8454715642773003,2.759735579806531
-2.070719801213284,4.042833897606888,2.7565078861455277
-1.7148712483821247,-1.895384011369717,9.72037988892771
-1.7147740016655484,-1.7147740016655484,9.724648836749779
-1.7146767659758522,-1.5341844748204994,9.728917300512578
-1.6387946144558942,-1.293785221938864,13.060000928524033
-1.6369439936176895,-1.1200143114226297,13.141239700123421
-1.6394051956360345,-0.9491293237892832,13.033197563938316
-1.6397763267875174,-0.7767361547940872,13.01690560492311
-1.6401476260115677,-0.6042649148463671,13.00060626783852
-1.6552916221737226,1.1325679520135998,12.335813340016031
-1.6542067288871711,1.3059526807003983,12.383438113333384
-1.6532039432972945,1.47918247558179,12.42745851330801
-1.6523504449912894,1.6523504449912894,12.464925482505919
-1.651530602452767,1.8253759290267424,12.500915026857484
-1.6507181643633904,1.9982377779135778,12.536579529828032
-1.6477541999329903,2.168097631490777,12.666691989614009
-1.6492307431485358,2.34364368763213,12.60187452156869
-1.6485567981391347,2.5162182708439422,12.631459438996941
-1.6479217445115817,2.6887144252557387,12.659337097962563
-1.6473447174471572,2.8611776671450624,12.684667500023167
-1.6468123541811717,3.0336017050705797,12.70803724539752
-1.8688130770365958,3.6392675710712656,2.9626233569165947
-1.8708851225329453,3.8402378830939403,2.8716644595852614
-1.87440414594115,4.0447668412414295,2.7171859553934326
-1.5341373039195179,-1.7146240455571082,9.731231627666219
-1.5341379882942026,-1.5341379882942026,9.731198050463277
-1.466690409994088,-1.294138597053607,13.04035175878903
-1.4669973480598284,-1.121821501457516,13.025292578547578
-1.465516056071463,-0.9482750951050644,13.09796861822096
-1.4676638737734704,-0.7769985214094843,12.992591092555315
-1.4680223201075386,-0.60447977886781,12.975004782631189
-1.4830822550124572,0.9596414591257075,12.236125186153956
-1.481916260488641,1.1332300815501373,12.293331911726895
-1.4808409082512077,1.3066243308098893,12.346091490854022
-1.479904727027424,1.479904727027424,12.392022977890733
-1.4790100187349162,1.6530111974096122,12.435919694995206
-1.4771650295543608,1.8247332718024456,12.526439665356335
-1.4755833663482993,1.9963774956476992,12.60404017816306
-1.4768167464888198,2.171789333071794,12.543527338878917
-1.4761316450017163,2.344444377355667,12.577140200656402
-1.475505496706565,2.5170387884994345,12.607860665424496
-1.4749137117552118,2.6895485332006803,12.636895175123101
-1.4743455911219812,2.861964971001493,12.664768651793622
-1.6722795807914146,3.442928548688206,2.9536120405975907
-1.6735334600521061,3.642396354231055,2.892093461133584
-1.6748054286941692,3.8422006893572114,2.829687369546022
-1.6762559495298472,4.042734937101397,2.7585210426983764
-1.2945516211311534,-1.2945516211311534,13.017385851271058
-1.2948447482362038,-1.12219878180471,13.001086728891565
-1.2936944105811716,-0.9487092344261926,13.065050428918127
-1.2954673450317058,-0.7772804070190235,12.966467680744458
-1.2957838507938637,-0.6046991303704697,12.948868604908952
-1.2961600081819888,-0.43205333606066293,12.927952643207135
-1.3094987698555844,0.9602990978940953,12.186260369913839
-1.3083850457809356,1.1339337063434778,12.248188198070693
-1.3073881103116602,1.3073881103116602,12.303622079612893
-1.3064395384097076,1.4806314768643354,12.356366739691339
-1.3042617060356474,1.6520648276451533,12.477463546418605
-1.3034278949475602,1.8247990529265843,12.523827013774422
-1.3042347407958739,1.9998266025536735,12.478962929230661
-1.303589824937263,2.172649708228772,12.51482301286967
-1.3029486728344215,2.345307611101959,12.550473815569347
-1.302361368857925,2.517898646458655,12.583130431835627
-1.3018089763767802,2.690405217845346,12.613845819449267
-1.301296708641349,2.8628527590109676,12.642330099364017
-1.4750027729954338,3.4416731369893454,2.983529012105109
-1.476091891343863,3.6410266653148624,2.92296936770191
-1.4772065286755105,3.8407369745563273,2.8609907585448298
-1.1223221015914622,-1.294987040297841,12.993174680888174
-1.122597223359327,-1.122597223359327,12.97552320182345
-1.1228714593853928,-0.9501220040953324,12.957928550878648
-1.1216762837785506,-0.7765451195389965,13.034609568766058
-1.1234980280916254,-0.6049604766647213,12.917728662347429
-1.1238265574528556,-0.4322409836357136,12.896650616844482
-1.1356856854231614,0.9609648107426749,12.135783344442103
-1.134710658047752,1.134710658047752,12.198339918711568
-1.1337457505330075,1.3081681736919315,12.260247214990216
-1.1313735588146927,1.4794884999884443,12.412444159558902
-1.1311436289597685,1.6532099192488923,12.427196180280674
-1.1314243319797974,1.8276854593519805,12.40918661484389
-1.130788694083095,2.000626151070091,12.449968371640054
-1.1302274109886679,2.1735142519012842,12.485979614471034
-1.1296694923361905,2.3462366379290107,12.521774998785602
-1.1291139338069354,2.5187926215693173,12.557418960455692
-1.1286198360167123,2.691324224347545,12.58911967562534
-1.2768794533921297,3.2413093816877137,3.0769623768500622
-1.277859026835923,3.440389687635177,3.0141141323448153
-1.2788156672668072,3.6397061299132205,2.952737242143513
-1.2797747208251193,3.839324162475357,2.891205528612133
-0.9502346485404476,-1.123004584638711,12.949387396028698
-0.950509151425506,-0.950509151425506,12.928573483317336
-0.9502210650996231,-0.7774535987178735,12.95041734714043
-0.9500489869855336,-0.6045766280817032,12.963465001795967
-0.9514024386784191,-0.43245565394473595,12.860840851274759
-0.9624987337275034,0.7874989639588664,12.019475134765727
-0.9616377054196291,0.9616377054196291,12.084761763859916
-0.9608020309308659,1.1354933092819324,12.148125964423826
-0.9586303169026981,1.30722315941277,12.312794056005714
-0.9591762094955588,1.4823632328567728,12.271402284202807
-0.9584799736104267,1.6555563180543733,12.324193689060223
-0.9578266246924224,1.8285781016855338,12.3737332315918
-0.9572459095505954,2.0015141745148815,12.417765389102911
-0.9567285895900143,2.1743831581591233,12.456990669016008
-0.9562537496614371,2.3471682946235273,12.492994942060946
-0.9557825176708092,2.519790273859406,12.528725646740554
-1.0793817392624196,3.041893992466819,3.156935587592372
-1.0800748186501687,3.2402244559505062,3.10438352106101
-1.0808567402280382,3.4390896279983036,3.0450950823787366
-1.0816802605964833,3.6383790583699893,2.982652456097483
-0.7780270655129539,-0.9509219689602768,12.897271997605799
-0.7782850996383651,-0.7782850996383651,12.873358993567052
-0.7775958159696035,-0.604796745754136,12.937237533386806
-0.7788402111295332,-0.432689006183074,12.821914699874895
-0.7880788405345389,0.7880788405345389,11.965735766478957
-0.7867676665900738,0.9616049258323124,12.087247243999684
-0.7855482307067483,1.1346807776875254,12.200257006396342
-0.7859776142116089,1.3099626903526813,12.160464403501123
-0.7853083571485231,1.4833602301694324,12.222487001585876
-0.784669431630694,1.6565243556647984,12.281698659981643
-0.7840999452185362,1.829566538843251,12.334475132288304
-0.783583669274123,2.0024915992560923,12.38232038812096
-0.7831086510298606,2.1753018084162794,12.426342135924358
-0.7827021772603046,2.3481065317809136,12.464011606493585
-0.8825092212929613,2.8436408241662083,3.2145131409549066
-0.8829198345068443,3.041168318856908,3.1764600523322457
-0.8834182326692644,3.23920018645397,3.130271598569152
-0.8840032844212994,3.4377905505272754,3.0760526270010047
-0.6053359176828531,-0.4323827983448951,12.872994101356824
-0.6326129353361438,-0.2711198294297759,9.622881964103712
-0.6126573027455333,0.7877022463871143,12.000636178794508
-0.6121263312025531,0.9619128061754407,12.06390251818361
-0.6122810329289922,1.1370933468681286,12.045469492801416
-0.6117438377171821,1.3108796522511046,12.109477394991103
-0.611214043280588,1.4843769622528569,12.172603479759971
-0.6106941104044947,1.6575982996693428,12.234554539535893
-0.6102120574665084,1.8306361723995253,12.291992127635226
-0.6097692489180377,2.003527532159267,12.344753666897205
-0.6859159814780492,2.4496999338501757,3.2717155931911037
-0.6860782092237966,2.6463016641489294,3.252385827299733
-0.6862870649426089,2.8431892690479517,3.2275002435722655
-0.6865516432187939,3.040442991397516,3.1959752037892315
-0.4328905757235878,-0.2597343454341527,12.788290310807426
-0.4383372587671663,0.6136721622740328,11.879713601659859
-0.4384256093990844,0.789166096918352,11.864975581151398
-0.4372659662595451,1.3117978987786354,12.058418955601184
-0.48962611443562193,1.8605792348553634,3.3240735311162553
-0.48969014931924437,2.0566986271408263,3.3133916898255364
-0.2600454742565827,-0.2600454742565827,12.701789836009993
-0.2602289474110268,-0.08674298247034226,12.650780370387224
-0.2642584114005536,0.2642584114005536,11.530503098898933
-0.26350385503128776,0.43917309171881286,11.740285926774405
-0.2936016194278058,0.6850704453315469,3.3724629449420718
-0.0867789351633295,-0.0867789351633295,12.620793514884525
-0.08811558735880592,0.08811558735880592,11.505939719166918
-0.08802685246498336,0.26408055739495007,11.579950320821922
0.09748124611831735,-2.6319936451945685,3.6943786767555338
0.08806746084443295,-0.26420238253329886,11.54608032373477
0.08815926328357425,-0.08815926328357425,11.469511192229064
0.08677832337613657,0.08677832337613657,12.621303784703812
0.29258338143525314,-3.608528371034789,3.655554910272315
0.2925323777605183,-3.41287774053938,3.6697350239838045
0.2924830391168077,-3.2173134302848845,3.6834522234174614
0.2924548372466569,-3.022033318215454,3.6912929472024416
0.29243994596466705,-2.8269194776584476,3.695433042460749
0.2924387650066552,-2.6319488850598964,3.695761374075744
0.29245713251646255,-2.4371427709705213,3.690654813048141
0.292476887959617,-2.2423228076903974,3.685162376830405
0.2925106565534091,-2.0475745958738636,3.6757739846736257
0.2925691084400786,-1.8529376867871643,3.6595231085566837
0.292673586705342,-1.6584836579969378,3.63047591363366
0.26362140519410615,-0.615116612119581,11.707604464424193
0.26364230666279564,-0.43940384443799274,11.701793408568022
0.2642612180447109,-0.2642612180447109,11.529722791724893
0.26011755709058526,0.08670585236352842,12.68174926465673
0.2600777826468609,0.2600777826468609,12.692807411697217
0.48779708569964525,-3.8048172684572332,3.6291790231329486
0.4876619914278032,-3.608698736565744,3.651714483330082
0.487576980231976,-3.413038861623832,3.6658954429944117
0.487493995756159,-3.2174603719906494,3.679738319722304
0.48743592248041967,-3.022102719378602,3.6894256882250147
0.487402773806941,-2.826936088080258,3.694955312846261
0.4873921976679238,-2.6319178674067882,3.696719548713645
0.4874202645213084,-2.437101322606542,3.6920376369739074
0.4874524794274578,-2.242281405366306,3.6866637767399766
0.48749747174080904,-2.047489381311398,3.679158480824185
0.4875724084543368,-1.8527751521264797,3.6666580742415675
0.43741684831337563,-1.4872172842654772,12.033249890531309
0.4377561265889325,-1.3132683797667974,11.976653915214897
0.43809602489091176,-1.1390496647163706,11.91995451152529
0.4877785490538056,-1.0731128079183723,3.6322711738127254
0.43829040254622786,-0.7889227245832102,11.887529821308163
0.4387536147255449,-0.6142550606157628,11.810260078575993
0.4326883569154127,0.2596130141492476,12.822023006062409
0.6832830955164785,-4.0020867023108035,3.5854293110348863
0.682991395629259,-3.805237775648729,3.6201859459404204
0.6827614102157802,-3.6088817397119817,3.6475891757670666
0.6826399954521054,-3.4131999772605273,3.6620559918272733
0.6825227663586441,-3.2176073271193224,3.6760240767675327
0.6824259634227737,-3.0221721237294266,3.687558343482209
0.6823678927889958,-2.826952698697268,3.694477577617647
0.6823530860196613,-2.6319333317901217,3.6962418343021284
0.682376765182211,-2.4370598756507538,3.6934204139188154
0.6108805358551916,-2.0071789035242014,12.21234156787952
0.6112449728523192,-1.8337349185569576,12.168918158374723
0.6116125291256195,-1.6600911504838243,12.125123080769072
0.6119931737860034,-1.486269136337437,12.079768495219454
0.612464723680066,-1.3124244078858558,12.023582366167759
0.6129403496046774,-1.1383177921229723,11.96691056978517
0.6125309242168757,-0.9625485951979476,12.015694437549143
0.6137799758566529,-0.789145683244268,11.866867393988315
0.6058754890208536,0.25966092386608014,12.808703078898304
0.6049597159339694,0.4321140828099781,12.917819304963913
0.8789940447444351,-4.199638213778967,3.540277924461094
0.878610363415174,-4.002558322224681,3.5758351328791207
0.8782288559536477,-3.80565837579914,3.611190880704129
0.8778885957604997,-3.6090975603487214,3.6427240872519207
0.8777214277932557,-3.4133611080848834,3.6582161787320047
0.8775693533652936,-3.2177542956727434,3.672309494506621
0.8774249606907523,-3.0222415312681465,3.685690912968113
0.8773505488572005,-2.8270184352065346,3.692586940667624
0.7841809908269267,-2.35254297248078,12.326964327437679
0.7846013767604215,-2.1794482687789487,12.288005563710314
0.7850343810542868,-2.0061989738053994,12.247877408523522
0.7854983625356268,-1.832829512583129,12.204878479527196
0.7859682410075873,-1.659266286571573,12.161333053976207
0.7864401528767097,-1.4854980665448958,12.117599185774594
0.7865477391874517,-1.3109128986457528,12.107628753068497
0.7865132586405337,-1.1360747069252153,12.110824196525428
0.7881713277546615,-0.9633205117001418,11.957164623941907
0.7771262097077224,0.4317367831709568,12.980757732194178
0.7773466563795598,0.6046029549618798,12.960328100471727
0.7772205833039422,0.7772205833039422,12.97201177200786
0.7767991572717149,0.9494211922209848,13.0110669256416
1.074462264872703,-4.200170671775111,3.5299499204343476
1.0739836728382874,-4.003030053306345,3.566238693233757
1.0732598105925208,-3.8051938739189373,3.621124839859206
1.0724807043080977,-3.6074350963090565,3.6801998116701213
1.0717662611570862,-3.4101653764089104,3.7343717646505468
1.0714211372604308,-3.2142634117812925,3.7605404464771652
1.071173585831725,-3.0187619237075882,3.779310791377398
0.9575800528488893,-2.5245292302379805,12.392429300404643
0.9580451357671715,-2.3515653332466933,12.35716484311996
0.9585261853446083,-2.1784686030559284,12.320689729525185
0.9590481987548763,-2.0052825973965596,12.281108573381204
0.959579762030531,-1.8319250002401044,12.240803308036988
0.9601520008338309,-1.658444365076617,12.19741386060224
0.9599609981966989,-1.4835760881221711,12.21189644870347
0.9601277883157877,-1.309265165885165,12.199249751095579
0.9619582664612396,-1.1368597694541922,12.06045553648704
0.9626996659788707,-0.9626996659788707,12.004239643379321
0.9502019453290956,0.4319099751495889,12.951867085035659
0.9482777792665057,0.6034494958968672,13.0977650943056
0.9491724146344835,0.7765956119736683,13.029930242757104
0.9486667129181335,0.9486667129181335,13.068274580667591
0.9481756357188819,1.1205712058495878,13.105510028876381
1.269590906424922,-4.394737753009345,3.544586713529924
1.2691715842676066,-4.198029086423621,3.571489914751254
1.2687971835139171,-4.001591117236201,3.595511013179248
1.2688507083649498,-3.8065521250948495,3.592076923631268
1.2683154490415929,-3.609820893426072,3.6264185128619886
1.2679395542832668,-3.413683415378026,3.65053546481613
1.2677185187244597,-3.2180547013774747,3.6647168382825868
1.1307751593718256,-2.6964638415789683,12.450836742305412
1.1312634695873967,-2.5235877398488076,12.419507350908518
1.131773199059401,-2.3506058749695247,12.386803725987846
1.1323328771030485,-2.1775632251981705,12.350895461268891
1.1329014885275581,-2.004364172010295,12.31441404166479
1.1335281176871388,-1.8310838824176858,12.274210274520044
1.1329353959380843,-1.6558286556018156,12.31223858331525
1.1335169466969572,-1.4822913918344824,12.274926991706238
1.1355217901968082,-1.3102174502270862,12.146298663456065
1.1362037221012915,-1.1362037221012915,12.102546739248183
1.1370103382425671,-0.9620856708206338,12.050795225576607
1.1220533329542979,0.4315589742131914,13.010418550789794
1.1211777238853202,0.6037110820920955,13.06659656705473
1.11946642012819,0.7750152139349008,13.176391741303618
1.1202939657272752,0.947941047923079,13.123297418994156
1.1197303821066458,1.1197303821066458,13.159456260797086
1.1639477805128826,1.3430166698225567,10.322521588844538
1.4648741910447514,-4.003989455522321,3.546721544970424
1.4642310254147768,-3.80700066607842,3.58248430840176
1.4636026471854549,-3.6102198630574556,3.6174248290286783
1.463087022926531,-3.4138697201619053,3.646095746024187
1.462821188551779,-3.2182066148139143,3.6608772757159187
1.3043121520601133,-2.6955784475909006,12.47465853141945
1.3048295689836673,-2.52267050003509,12.445887934593301
1.3054050995121547,-2.349729179121878,12.413885972456995
1.305993340077969,-2.176655566796615,12.381177277813634
1.306650704564026,-2.003531080331507,12.344624997176439
1.305853096074097,-1.828194334503736,12.388975445034319
1.3065859232366528,-1.6550088360997603,12.348227116409262
1.3087861106481251,-1.4832909254012085,12.225887273864771
1.3095667559686737,-1.3095667559686737,12.182480050870481
1.3103526830030114,-1.1356389919359433,12.138779141970176
1.3111396899602152,-0.9615024393041579,12.095018184733675
1.293648068701007,0.43121602290033567,13.06762723591784
1.2929777710018557,0.6033896264675326,13.104898658590528
1.290788406333484,0.7744730438000905,13.226636710269418
1.2910271804504423,0.9467532656636577,13.213359846798582
1.2910408867173488,1.1189021018217025,13.212597719660465
1.2904047585569953,1.2904047585569953,13.247969169642403
1.3409364722576025,1.5197280018919495,10.438189482057169
1.659657392750753,-3.807449312781139,3.5728894322347884
1.6589330177060038,-3.6106189208895376,3.608429156950848
1.6582644571770546,-3.414073882423348,3.641230476277201
1.477296685920262,-2.867693566786391,12.519980261439585
1.4777588327437243,-2.694736695003262,12.497306135648941
1.478321240024783,-2.521842115336394,12.469712970903672
1.4789077256623684,-2.348853446640232,12.440938459328763
1.4795737061573353,-2.1758436855254932,12.408263723183524
1.4785750280571324,-2.0004250379596495,12.457261469611197
1.4795514546865443,-1.8276812087304368,12.409355438244901
1.481769668737649,-1.6560955121185488,12.300524084502115
1.4825872841256833,-1.4825872841256833,12.260409745907793
1.4834429822923818,-1.308920278493278,12.218426967090465
1.484327894928845,-1.1350742725926461,12.175010850362497
1.4650122562448413,0.43088595771907096,13.122686348739037
1.464275249782514,0.6029368675575058,13.158845803671852
1.4635465058948582,0.774818738414925,13.194599875189823
1.4607531237597486,0.9451931977268961,13.33165047187748
1.462105225296524,1.1180804664032242,13.265312851947755
1.4614049039358044,1.2894749152374745,13.299672440331094
1.5183502289375552,1.5183502289375552,10.505786608539282
1.517418531281172,1.6959383584907217,10.55149812009185
1.8543065749210756,-3.611018066951569,3.599431495969071
1.8535498541725215,-3.4144339418967506,3.6326501125474664
1.650724195794081,-2.8670472874318254,12.536314761372935
1.651185089434275,-2.6940388301296068,12.51608239805229
1.6517016621942424,-2.5210183265070016,12.493405826171596
1.6523540612430854,-2.3480820870296473,12.464766735858504
1.651093884012318,-2.172491952647787,12.520086144411366
1.6523649044751398,-2.0002312001541167,12.4642907383802
1.654546005626295,-1.8287087430606421,12.368544503065053
1.6553766493492221,-1.6553766493492221,12.332080807047888
1.6562525716100387,-1.4819101956510874,12.293629468439619
1.6571665504651827,-1.308289381946197,12.253507516969677
1.6581356666707585,-1.1345138771957821,12.21096513959408
1.7017929939636134,0.44784026156937196,10.294490642297873
1.6353320738260615,0.6024907640411805,13.21199994505595
1.6345262979216746,0.7742492990155302,13.247371990644865
1.6337327654048786,0.9458452852344035,13.282206574562792
1.6307546177674634,1.1157794753145804,13.412941650441411
1.6964934200882773,1.3393369105960085,10.527131960683874
1.6954724095128293,1.5170016295641104,10.571952403222411
1.6944873320041176,1.6944873320041176,10.615195451763668
1.6935200213211083,1.8717852867233304,10.657658570096899
1.692658736453648,2.0490079441281006,10.695467354686997
1.8241083182321909,-3.0401805303869853,12.551261161725193
1.8243134154883707,-2.866778224338868,12.54311524330528
1.824520197509479,-2.6933393391806595,12.53490241049596
1.825092196853078,-2.5203654147018693,12.512184115400288
1.8234296271030177,-2.3444095205610225,12.578216971244771
1.8253149994165494,-2.172994046924464,12.50333498918772
1.8271686971083603,-2.0011847634996327,12.42971103899967
1.827991874799142,-1.827991874799142,12.39701660690875
1.8288665436216907,-1.6546887775624821,12.36227708378864
1.829784782183806,-1.4812543474821287,12.325807086303854
1.830768572611672,-1.3076918375797657,12.286733542771557
1.8791946023854347,0.4474272862822463,10.363380225982795
1.8780166413406443,0.626005547113548,10.410165710837333
1.8768379944687272,0.8043591404865975,10.456978434924252
1.8044151986761716,0.9451698659732328,13.333419579273382
1.8722060950784685,1.1589847255247663,10.64094517960487
1.8734347885442935,1.3381677061030666,10.592144737696842
1.8723466091145617,1.5157091597594072,10.635364335198716
1.8713407925874876,1.6931178599601078,10.675312696905564
1.8703892981051795,1.8703892981051795,10.713103531235845
1.8694465388043966,2.0474890663095775,10.750547427350511
1.997870056671596,-2.866509211746203,12.549914448859226
1.9980964896884046,-2.6930865730582845,12.541703158347815
1.9958636769930669,-2.516523766643432,12.62267312446582
1.9983522108931169,-2.34589172583105,12.532429770873605
1.9996977466197696,-2.173584507195402,12.483635717335147
2.0004909223767475,-2.0004909223767475,12.454872259342352
2.001339734015938,-1.8273101919275956,12.424091240491407
2.002241449309277,-1.6540255450815766,12.391391741378811
2.0032171688799987,-1.48063877699826,12.356008576124069
2.056273675339803,0.44701601637821803,10.4319853298568
2.0549950832509833,0.6254332862068209,10.478351761903099
2.0537336229052787,0.8036348959194569,10.524096934198212
2.0524931856269126,0.9816271757346103,10.569079733073607
2.0490024828358897,1.1581318381246333,10.695665401144808
2.0488570239433614,1.3362111025717576,10.700940273338134
2.04907712946353,1.5145352696034786,10.69295844102966
2.0480355113705757,1.6918554224365625,10.73073132805709
2.047027025941724,1.8690246758598346,10.767302703334195
2.0460379351895615,2.0460379351895615,10.80317075660058
2.045081926734949,2.2229151377553795,10.837839124592278
2.1714690096425353,-3.0400566134995493,12.554214151564366
2.171449207848613,-2.866312954360169,12.554874790291223
2.1687793290843427,-2.689286368064585,12.64394880624019
2.171886337630758,-2.5193881516516785,12.540291017534344
2.1722830405481948,-2.3460656837920504,12.527055988862742
2.1729625358654174,-2.1729625358654174,12.504386279086575
2.173732707198769,-1.9998340906228675,12.47869138441628
2.174594972155726,-1.8266597766108097,12.449924009823818
2.175537748468662,-1.6534086888361827,12.418470569518362
2.1765180256400054,-1.4800322574352038,12.385766004216293
2.2316796704983095,0.6248703077395266,10.545431791429152
2.2303655679539025,0.8029316044634048,10.589273628955851
2.229070016200205,0.98079080712809,10.632496564437403
2.2278619000959066,1.1584881880498714,10.672802421985168
2.223850806054194,1.3343104836325164,10.806622825902252
2.2256030377937397,1.513410065699743,10.748163872633185
2.2245273848442175,1.6906408124816052,10.78405041896761
2.2234527714055266,1.8677003279806421,10.819902284549656
2.2224666579265473,2.0446693252924235,10.852801564071086
2.2215065240148943,2.2215065240148943,10.884834098470861
2.2206040284050865,2.3982523506774935,10.9149436710169
2.3452220266554287,-3.0401026271459264,12.553117627652043
2.342031108551694,-2.862482466007626,12.651689134270015
2.3451614671519705,-2.692592795618929,12.554988387509198
2.3454171262448886,-2.519151728188955,12.547090753928416
2.345682959691734,-2.345682959691734,12.538878821652773
2.346191839382234,-2.172399851279847,12.523158882704436
2.346925773362633,-1.9992330661977988,12.500486731350449
2.3477914013912926,-1.8260599788598944,12.473746383844869
2.408141459032006,0.6243329708601496,10.609456573597598
2.4067436889089624,0.8022478963029877,10.652635465206473
2.4055195927322592,0.9800265007427723,10.690449348377498
2.404296741418072,1.1576243569790718,10.728224776166797
2.403108850782247,1.335060472656804,10.764920224267954
2.3986569167136262,1.51026546607895,10.902446113131788
2.4008172503545016,1.689463990990205,10.835710667452588
2.3997798277475693,1.8664954215814429,10.86775796733319
2.3987433014046675,2.043373923418791,10.899777580481356
2.397849074472346,2.220230624511432,10.927401384387238
2.396985624161629,2.396985624161629,10.954074459424007
2.5189191219723925,-2.8663562422444464,12.55378070313239
2.518896151616244,-2.6926131275897776,12.55444134977418
2.5189240124501926,-2.5189240124501926,12.553640048903318
2.5192008203194516,-2.3454628327112133,12.545678823223426
2.5194863562667353,-2.1719709967816687,12.537466570724476
2.584407091349282,0.6238224013601715,10.670291968063452
2.5830929459711567,0.8016495349565659,10.708087887520009
2.581782404177432,0.9792967739983364,10.745780164877274
2.580534566956328,1.1567913576011128,10.781669006316562
2.5792879356325695,1.3341144494651223,10.817523165140315
2.5781352987350905,1.5113206923619498,10.850673965702356
2.5738529816392868,1.686317470729188,10.973836984600084
2.575962287448728,1.8653520012559757,10.913171586532314
2.5750345215636137,2.042268758481487,10.939854908828323
2.574107423763756,2.219058123934272,10.966519016433963
2.57318708122065,2.3957259032054328,10.992988837209253
2.7592135333708216,0.8010619935592709,10.762537583985761
2.757880240532992,0.9786026659955778,10.798410225135427
2.7565729937976364,1.1559822232054606,10.83358208813577
2.755381810694022,1.3332492632390427,10.865631224534852
2.7541916567008258,1.5103631665778723,10.897652672411425
2.751040226597298,1.6861214292047955,10.98244283853586
2.7491612275322086,1.862335025102464,11.032997868361306
2.7511658685456175,2.041187579888684,10.97906240447253
2.7502214511268424,2.217920525102292,11.0044722365799
2.749307579239172,2.394558214176053,11.029060232069725
2.9351459254293872,0.8004943432989238,10.815143893118858
2.9338243515273303,0.9779414505091101,10.848546242524833
2.9325568295081488,1.1552496601092708,10.880582448217567
2.931337546949726,1.332426157704421,10.911399417270644
2.9302817629029363,1.5095390899803005,10.938084014759468
2.9292267391377846,1.6865244861702395,10.964749396377812
2.9249038404937417,1.861302443950563,11.074009249898054
2.925763676995043,2.039168623360182,11.052277162722476
2.926228360342385,2.2168396669260493,11.040532442652804
2.925306593042289,2.3934326670346,11.06382981057213
3.1096603983524775,0.9773218394822072,10.895527642469673
3.1084715525620816,1.1545751480944875,10.923858321298283
3.107352158140974,1.3317223534889888,10.950533945742706
3.1062283227779655,1.508739471063583,10.97731539963928
3.1051572597613677,1.6856567981561708,11.002839267052153
3.104125423240089,1.8624752539440534,11.027428351123547
3.0991920863365876,2.0366119424497575,11.144991776502607
3.1021652874738423,2.215832348195602,11.074139183851074
3.1012689175662307,2.3924074506939492,11.095500043408578
3.2831822409244706,1.3310198274018123,10.989597404810056
3.282085536686481,1.5079852465856804,11.014319615222178
3.2809950763614513,1.6848353094829074,11.038901073620536
3.27995426323082,1.8615956629147894,11.062363371224436
3.2789746681181597,2.038281550451829,11.084445675327004
3.273859416999078,2.2120671736480255,11.199755081542648
3.277735172710167,2.391860801707419,11.112386723806424
3.455734755500689,1.8607802529619095,11.094749289391615
3.4551970317579817,2.0376803007803486,11.106249190521055
3.4546617434084643,2.2145267585951696,11.117697007692371
0.0,0.0,85.0
