-3.4572291852231025,-2.1080665763555504,9.669482241406811
-3.4607201401646406,-1.9413795908240667,9.598465639568644
-3.4600449370630013,-1.7722181384956834,9.612201316663317
-3.292162638990343,-2.2791895193010068,9.592945515453096
-3.287323749330656,-2.1072588136734973,9.696431280062455
-3.290878155838458,-1.9407742970329367,9.620415809352963
-3.2903489697856525,-1.7717263683461204,9.631733121204775
-3.289934065685999,-1.6027883909752303,9.640606369204193
-3.289539332636081,-1.43390176037983,9.649048233838485
-3.289143265393454,-1.2650551020744054,9.657518631868314
-3.1223599000176834,-2.2784788459588503,9.61489911619502
-3.1217957085342447,-2.1093214246853007,9.627617276737425
-3.1171618941836283,-1.937695231519553,9.73207400209543
-3.120995457121366,-1.7713757999878021,9.645656765531655
-3.120621020538018,-1.6024810646006038,9.654097418607364
-3.120314512071928,-1.433658019060075,9.661006817266795
-3.1200558825622515,-1.2648875199576697,9.666836915241731
-3.1197972959224076,-1.0961449958646297,9.672666046833044
-2.952792835489178,-2.2778687588059374,9.633745481998176
-2.952435330541222,-2.1088823789580156,9.642264970347298
-2.9503845087562492,-1.938824105754107,9.691136887793718
-2.948303356478643,-1.768982013887186,9.740731593218598
-2.951502501884257,-1.6022442153085965,9.66449465673395
-2.9512578766232753,-1.4334681115027337,9.670324176221015
-2.951010984387326,-1.264718993308854,9.67620771864381
-2.9507667156961226,-1.0959990658299883,9.682028740928018
-2.9505224874400486,-0.9273070674811581,9.687848799626622
-2.7835249291879136,-2.277429487517384,9.647315129140182
-2.78319098797401,-2.1084780211924317,9.655755384422548
-2.7829378943903293,-1.9396233809387144,9.662152242215626
-2.7795738537717782,-1.7688197251274949,9.747177271827539
-2.7803483389681385,-1.6008066194058979,9.72760241105108
-2.7822440026932314,-1.433277213508634,9.679690128579978
-2.7820137150229702,-1.2645516886468047,9.685510574348456
-2.781780019830216,-1.0958527350846305,9.691417144136736
-2.7815414224508643,-0.927180474150288,9.697447615092642
-2.7813028659977017,-0.7585371452721005,9.703477051652484
-2.6143620589693684,-2.277025019102353,9.65980967138566
-2.614145362036274,-2.1081817435776404,9.665639966950565
-2.6139287010229704,-1.939366455597688,9.67146929608279
-2.6137100799697492,-1.7705777961085398,9.677351360673157
-2.609988463646675,-1.5996703486866717,9.777482556961374
-2.6132774253406676,-1.433087620348108,9.688992062408303
-2.613053201928729,-1.2643805815784175,9.69502486012955
-2.612829087997131,-1.0957025207729905,9.70105471224963
-2.612608482949684,-0.927054622982146,9.706990156795882
-2.612427955024457,-0.7584468256522617,9.711847314425043
-2.4453695681198924,-2.276723391008176,9.66912734570846
-2.445164946407175,-2.107900815868254,9.675012437191995
-2.444962545481799,-1.9391082257269443,9.680833656975423
-2.4447601780641466,-1.7703435772188645,9.68665391304873
-2.444553368179858,-1.6016039308764587,9.692601938175542
-2.441058012657349,-1.4309650419025837,9.793131284471485
-2.444134065304773,-1.2642072751576414,9.70466143932238
-2.4439520649644533,-1.0955647187771687,9.709895921228494
-2.4437831979637377,-0.9269522475034866,9.714752677310543
-2.443614354285573,-0.7583630754679365,9.719608762616545
-2.4434720462866895,-0.5898035973795457,9.723701659607514
-2.2762317225399094,-2.1076219653147303,9.684315608176519
-2.2760419200035287,-1.9388505244474503,9.69017884921334
-2.275846697089167,-1.7701029866249072,9.696209532599568
-2.275651507660873,-1.6013843942798736,9.702239181558681
-2.273575906210334,-1.431510755762062,9.766357142429754
-2.2731918272108493,-1.262884348450472,9.778221829773258
-2.275152382177292,-1.0954437395668442,9.717657800686027
-2.2750086034531,-0.9268553569623741,9.72209930780167
-2.274879503295959,-0.7582931677653196,9.726087375367285
-2.2747504177901074,-0.5897501083159538,9.730074990335979
-2.4923977179221812,2.8616418242810227,3.0066738913729267
-2.1073380817809713,-2.1073380817809713,9.693786692314177
-2.1071573383723066,-1.9385847513025223,9.699816756855498
-2.106976625965197,-1.7698603658107654,9.70584578710529
-2.1068266279832035,-1.6011882372672346,9.710850105211122
-2.1066810569048533,-1.4325431186953002,9.715706730436281
-2.103712951773581,-1.262227771064149,9.814730344294432
-2.1064179356274297,-1.0953373265262636,9.724485132353024
-2.106298406565346,-0.9267712988887523,9.728472928999409
-2.1062159501559887,-0.7582377420561559,9.731223886690998
-2.10621689030745,-0.5897407292860859,9.731192520822503
-2.302476579618631,2.302476579618631,3.1834649873501633
-2.3036946219420775,2.487990191697444,3.1428279656257416
-2.3051712230504533,2.673998618738526,3.093564758457717
-2.306895078165908,2.8605498969257255,3.0360525222833274
-2.3086451690806924,3.0474116231865143,2.9776649924292116
-2.3103483213252076,3.2344876498552906,2.9208434572263116
-2.312095013155953,3.4219006194708106,2.862569329549828
-2.313938718784277,3.6097444013034723,2.8010585723048678
-1.938334310517601,-1.938334310517601,9.708898656968302
-1.938200377689291,-1.7696612144119612,9.713755551858313
-1.9380664633683797,-1.6010114262608355,9.71861177560227
-1.9379486859467827,-1.4323968548302306,9.722882816274904
-1.9378387142029452,-1.2638078570888773,9.726870794483318
-1.935481617920431,-1.0939678709985046,9.812347738667029
-1.93771919157384,-0.9267352655353148,9.73120512277211
-1.9377200565136463,-0.7582382829836007,9.731173756886847
-1.9377481701788184,-0.5897494430979012,9.73015425242005
-2.116999833912676,2.116999833912676,3.2298324074958487
-2.1177686383342955,2.3019224329720602,3.2019527433843535
-2.118792488692449,2.4872781388998315,3.1648241794959944
-2.120080706835161,2.673145239053029,3.118108671479675
-2.121533950282134,2.8594588025541805,3.065408741517629
-2.1231599257561595,3.0462729369544896,3.0064449156152477
-2.124742067367119,3.2333031459934416,2.949070666131263
-2.126337326592513,3.420629612344477,2.8912207239039986
-2.1279242473044757,3.6082193758641106,2.8336731667139645
-2.129746892255489,3.796505329672828,2.7675773852644454
-1.7695880673654407,-1.9381202642573878,9.716660758318469
-1.7694717537285436,-1.7694717537285436,9.721280427127965
-1.7693713401733737,-1.6008597839663858,9.725268586910815
-1.7692709380151972,-1.4322669498218263,9.729256294035352
-1.7692215532766944,-1.2637296809119247,9.731217724717183
-1.766856425061916,-1.0937682631335672,9.825154337274029
-1.7692231327318995,-0.9267359266690903,9.731154992950366
-1.7693833041757783,-0.7583071303610479,9.72479340850336
-1.7696089748240953,-0.5898696582746985,9.715830369576366
-1.7698347030447175,-0.4213892150106471,9.70686504403028
-1.7008575805637682,1.5388711443196,12.446453193752134
-1.6999971145595005,1.6999971145595005,12.480628618642925
-1.6991400151473386,1.8609628737327997,12.514670331434587
-1.6982883535958144,2.0217718495188266,12.548496066840912
-1.9340839544909771,2.486679370059828,3.18332090826064
-1.9351082924711924,2.67229240388879,3.1426369236151146
-1.9363486435814523,2.8584194262392866,3.0933734710247194
-1.9377976266649235,3.0451105561877374,3.035823710439658
-1.939267488113769,3.232112480189615,2.97744471662034
-1.9406981290284464,3.4193252749548817,2.9206234582757276
-1.9405976597211525,3.6039670823392838,2.9246138323849067
-1.9411139619452564,3.789793925702644,2.904107678982797
-1.9430862408741056,3.9787003979803117,2.8257739969288167
-1.6008054397610483,-1.769311275525369,9.727654195239666
-1.6007239754159803,-1.6007239754159803,9.731230326657752
-1.600724689930849,-1.432227354148654,9.731198960799873
-1.600725404446279,-1.2637305824575888,9.731167594917324
-1.6007885900225398,-1.0952764036996325,9.72839386704598
-1.5988474350190625,-0.9256485150110362,9.813606918099424
-1.6011969566187219,-0.7584617162930788,9.710467342092215
-1.6014033382610116,-0.5899907035698463,9.701407576442676
-1.6016113985575982,-0.4214766838309469,9.69227412102903
-1.5415580301173797,1.2170194974610893,12.328503964426886
-1.540495973923995,1.3783385029846271,12.375126232337692
-1.539544174994961,1.539544174994961,12.416908413867304
-1.5386878859582933,1.7006550318486398,12.454497890888646
-1.5379095543361134,1.861679986827927,12.488665184143699
-1.5349410229470886,2.0196592407198533,12.618978124817474
-1.5363654051987223,2.1832561021245005,12.55645042491166
-1.7503101220667925,2.671525975786157,3.1646800364384973
-1.7513753734305815,2.8575071882288436,3.117917506560829
-1.7512084413222595,3.0415725559807667,3.1252455119202267
-1.7516072926951272,3.2266450128594446,3.1077366873605996
-1.7531333088287697,3.4139964435086565,3.040747451327661
-1.7565252862471668,3.6054992717705003,2.89184602696524
-1.757855555951632,3.7932672523166793,2.8334496907435636
-1.7593630847931796,3.981716455058248,2.7672720120372105
-1.432227736597184,-1.6007251173733232,9.731180196879762
-1.432228375900805,-1.432228375900805,9.731148830980473
-1.43239379874879,-1.2638768812489325,9.723032755583148
-1.4325764935893865,-1.0954996715683545,9.714069271281858
-1.4314287427759578,-0.9262185982667962,9.770380912948099
-1.4316719373708402,-0.757943966843386,9.758449153264763
-1.43313211363354,-0.5901132232608695,9.686809106041395
-1.433344684672971,-0.42157196608028563,9.676379817679319
-1.381182402138315,1.0561983075175352,12.235597139259568
-1.380069327528805,1.217708230172475,12.29020747612465
-1.3790487556648077,1.3790487556648077,12.34027938757761
-1.378138021793199,1.540271906710046,12.384962361295663
-1.3761384548674696,1.6999357383656977,12.48306631808832
-1.3745944305532092,1.859745406042577,12.558820168916668
-1.375860574593155,2.0233243744016987,12.49669984746616
-1.3751697571502832,2.1840931437092737,12.53059314890811
-1.56426236776167,2.6684475685346136,3.2532176019700785
-1.5644996098740767,2.8529110532997866,3.2415778865669864
-1.566629098140388,3.0411035434489886,3.1370996507147595
-1.568697980321426,3.2296723124264655,3.0355949071195596
-1.5698876943778641,3.4168143936459394,2.97722443955152
-1.5710458264880842,3.6041639548844286,2.9204034644497483
-1.5722337114804408,3.7918577747469455,2.8621227355252614
-1.5734884369886397,3.980000164147736,2.8005626369563856
-1.2639733113079177,-1.4325030861489731,9.717670831334644
-1.2641345372387307,-1.2641345372387307,9.708705979119372
-1.2642980591873727,-1.0957249846290562,9.699613458479945
-1.2644623257265253,-0.9272723721994517,9.690479535419357
-1.2629304952681264,-0.7577582971608758,9.775655869084474
-1.2648565204631448,-0.5902663762161342,9.668560619894961
-1.2650916552725893,-0.42169721842419644,9.655486117507493
-1.2205683033795125,0.8950834224783091,12.131175157336628
-1.2194986937997387,1.0568988679597735,12.190650030654822
-1.2184418381495252,1.2184418381495252,12.249415730869814
-1.2174962185284959,1.3798290476656285,12.30199623148556
-1.2152519028088498,1.5393190768912095,12.42678979694729
-1.2141836327350957,1.6998570858291338,12.486190187994254
-1.215079143768834,1.8631213537788789,12.436395939425637
-1.2144643420275374,2.024107236712562,12.470581549176032
-1.2138504596496003,2.1849308273692802,12.504716038386391
-1.3811586396006506,2.6702400365612573,3.2016647233531756
-1.3818263728906954,2.8557745039741036,3.16453589280907
-1.3826682064751783,3.0418700542453925,3.117726340296727
-1.3836173217653456,3.228440417452473,3.0649514655064394
-1.3846777527278418,3.415538456728676,3.005986962616987
-1.385709255558958,3.6028440644532913,2.9486309877191417
-1.3867497601279855,3.7904493443498266,2.8907744776428217
-1.0959525328842434,-1.0959525328842434,9.685014238309819
-1.0961271310317808,-0.9274921877961222,9.673812232849045
-1.096330884109795,-0.7589983043837041,9.660739682396752
-1.0950578301670564,-0.5896465239361072,9.742417279894468
-1.059506021782174,0.7335041689261205,12.023378202359325
-1.0585428962991192,0.8956901430223315,12.085171165645335
-1.057605421493298,1.057605421493298,12.145318412579257
-1.056683201023312,1.219249847334591,12.20448695982057
-1.0542812728593125,1.3786755106621778,12.358591758691531
-1.0538295992624371,1.5402124912297157,12.387570589051663
-1.0542152350688594,1.7029630720343112,12.362828663261851
-1.0535637676239262,1.8639974350269464,12.404626024680539
-1.0529431666310405,2.024890705059693,12.44444303195877
-1.1963764323924129,2.484781821122704,3.241938601204481
-1.196761344354623,2.6696983835603127,3.2172431163817237
-1.1972945583321977,2.8550870237152406,3.1830327540566117
-1.1979301363854347,3.040899576978411,3.142254836744641
-1.198697980438665,3.2272637934887136,3.09299089323423
-1.1995961393776298,3.414235165920946,3.0353661046507057
-1.2005057878548504,3.601517363564551,2.9770041612227516
-0.9271071316661984,-0.5899772656057626,9.703008737197251
-0.9279562584991365,-0.42179829931778934,9.6386245257968
-0.8971441047290976,0.7340269947783525,11.974925941651321
-0.8963086502191474,0.8963086502191474,12.03827346253695
-0.8955033627264501,1.0583221559494411,12.099333598851985
-0.8933575624054383,1.2182148578255978,12.262036808940337
-0.8932236456652703,1.3804365433008723,12.272190914751832
-0.8931804296924091,1.542766196741434,12.27546772361552
-0.8925197723947903,1.7039013836627812,12.325561416881527
-0.8918985055373355,1.8648786933962471,12.372668368558067
-0.8913474243457422,2.0257896007857776,12.414453560783812
-1.0121770610187588,2.4844346043187717,3.2526645685825315
-1.0124819727892453,2.669270655535283,3.2295449318828418
-1.0128515683175467,2.85439987434945,3.201520712527426
-1.0133412411555183,3.0400237234665552,3.1643917486388062
-1.0139592059454323,3.2262338370991026,3.1175351730031196
-1.014655717913482,3.412932869345349,3.064722834428565
-1.0154333718684871,3.6001728638973636,3.005757984074947
-0.7587706650018593,-0.4215392583343663,9.681835889918744
-0.7345725532184407,0.7345725532184407,11.924366965545332
-0.7332187860414401,0.896156294050649,12.049825719962172
-0.7320711690182998,1.057436133026433,12.156179755365613
-0.7325318129817094,1.220886354969516,12.113490126852781
-0.7318859122774005,1.3824511676350897,12.173348202315296
-0.731251475455537,1.5437531148505783,12.23214387617962
-0.7306567255904105,1.704865693044291,12.287261608782416
-0.7301163760802292,1.8658529610939192,12.337337853537662
-0.8278501294739237,2.2995836929831213,3.2799791189123937
-0.8280475092578309,2.4841425277734928,3.2616871834475774
-0.828261640721149,2.668843064545925,3.2418428061235005
-0.8285281188853334,2.8538190761605926,3.2171472608880833
-0.828897787335566,3.0392918868970753,3.1828886792786903
-0.8293383097470142,3.225204537905055,3.142063791534383
-0.590712164747898,-0.4219372605342129,9.615444009562054
-0.5906701834347298,-0.2531443643291699,9.620446168419733
-0.5723878765154375,0.5723878765154375,11.798820225680714
-0.5709930528475914,0.7341339250897605,11.965016302899144
-0.5704440621545704,0.8964120976714679,12.030429660668162
-0.5706595621083042,1.0597963296297077,12.00475240283484
-0.5701332618549344,1.2217141325462881,12.067462148565056
-0.5696282045539552,1.383382782488177,12.127640753307887
-0.5691284108440819,1.5447771151482224,12.187192190463861
-0.568635161337891,1.7059054840136731,12.24596387243956
-0.6436650646102079,2.1148994980049687,3.305998280091714
-0.6438052959565416,2.2993046284162197,3.289289429933106
-0.6439612458986224,2.4838505198946867,3.27070767711821
-0.6441132652136332,2.668469241599338,3.2525942665139667
-0.6443075141795797,2.8533618485095666,3.2294491071018854
-0.4219507607100814,-0.2531704564260488,9.61319200678065
-0.4085368982978334,0.5719516576169666,11.850796594741297
-0.4083911619087605,0.7351040914357689,11.875107296819507
-0.40831977917015416,0.8983035141743391,11.887014854724754
-0.40790459093443093,1.0605519364295204,11.956273586667109
-0.4075246308019087,1.2225738924057261,12.019655818394611
-0.40715309976897185,1.3843205392145042,12.081631968016524
-0.253372232133829,-0.08445741071127634,9.557094039420193
-0.24616507548368738,0.24616507548368738,11.560837914088097
-0.24559017419766577,0.4093169569961097,11.720672781890201
-0.2755933464761358,0.6430511417776502,3.3791484343642253
-0.08449741277205909,-0.08449741277205909,9.523729751050254
-0.08212803194926746,0.08212803194926746,11.499945563008936
-0.0820411880027368,0.24612356400821037,11.57237899315065
0.08208288311274946,-0.24624864933824836,11.537602592963822
0.08216874828986086,-0.08216874828986086,11.465985519392575
0.08443494049139899,0.08443494049139899,9.575835646253779
0.27453901623969557,-3.3859812002895793,3.6722748163338395
0.2744927678349561,-3.2024156247411546,3.6851328631626217
0.27446912095368,-3.01916033049048,3.691707202505043
0.2744557363957894,-2.8360426094231572,3.6954283962004553
0.2744533368345852,-2.653048922734324,3.696095525596718
0.2744705501216745,-2.4702349510950707,3.69130986319999
0.2744888493710585,-2.287407078092154,3.6862222800317284
0.274515001394713,-2.1046150106928003,3.678951457465814
0.2745571368036366,-1.9218999576254563,3.6672369115449044
0.2746496185068125,-1.7394475838764794,3.6415250177630583
0.2752388091169968,-0.8257164273509905,3.477717411868241
0.2456672212612465,-0.5732235162762418,11.699252048415786
0.24572886455076434,-0.4095481075846073,11.682113893969913
0.24628513053018647,-0.24628513053018647,11.527460040437902
0.2530016826025241,0.08433389420084138,9.660114743652926
0.4577595765513316,-3.753628527720919,3.639821462689085
0.4576662641387234,-3.5697968602820427,3.6553871719642217
0.457586317230129,-3.3861387475029545,3.668723343453564
0.4575092293799013,-3.202564605659309,3.6815825872749315
0.4574592347025514,-3.019230949036839,3.689922341774704
0.4574289646513746,-2.8360595808385223,3.694971775212238
0.4574190522415312,-2.6530305030008807,3.6966252925260363
0.45744299418223194,-2.4701921685840524,3.6926314692177016
0.45747281361790487,-2.2873640680895244,3.6876572042355917
0.45750561351572966,-2.104525822172356,3.6821857598744003
0.4575758332449474,-1.9218184996287786,3.670472206877207
0.40734024433590443,-1.547892928476437,12.05041384987048
0.40766052970376,-1.3860458009927836,11.996986135574275
0.40798372224536655,-1.2239511667360998,11.943073467345826
0.40831011922783744,-1.0616063099923774,11.888626257211442
0.4086822346223292,-0.8991009161691242,11.826552628574461
0.4084686672509958,-0.7352436010517924,11.862178409967441
0.4089363344485928,-0.5725108682280299,11.784165512949329
0.420815469198667,0.2524892815192002,9.80257321679619
0.6411970230384718,-3.9387817129506124,3.6000704535786383
0.6409355693047645,-3.754051191642192,3.631223197769856
0.6407635841370696,-3.569968540192245,3.651715580333729
0.6406520114446418,-3.3863034890645354,3.665009693585205
0.6405427200922625,-3.202713600461313,3.678031980529468
0.6404579089759941,-3.0193015708868294,3.688137397546157
0.640404382812873,-2.8360765524570093,3.694515148758967
0.6403905052736611,-2.6530463789908825,3.696168685784201
0.6404091004772031,-2.470149387554927,3.6939530294578873
0.6404498967172024,-2.2873210597042943,3.689092074478822
0.6404935073411075,-2.104478666977925,3.6838957799326693
0.569584532322243,-1.7087535969667291,12.132844388549572
0.5699335399774096,-1.546962465652969,12.091259416524082
0.5703721770229265,-1.3851895727699644,12.038994920324242
0.5708218713183217,-1.2231897242535468,11.985412930309977
0.5710819751091049,-1.060580810916909,11.954421034564092
0.5708298898146069,-0.8970183982800966,11.984457510167275
0.5720734440790026,-0.7355229995301463,11.836285490065293
0.5885930392936649,0.252254159697285,9.867942117922283
0.588488073022327,0.4203486235873764,9.880449062662876
0.8248686929685896,-4.124343464842948,3.5562801821135537
0.8245028241039701,-3.939291270718968,3.5901866416694475
0.824152818453359,-3.7544739507319687,3.622622996834906
0.8238812271702849,-3.5701519844045677,3.6477923942496346
0.8237350517333004,-3.3864663237924573,3.661339028088861
0.8235932423470735,-3.202862609127508,3.674481043394678
0.8234651443747314,-3.019372196040682,3.6863523698135765
0.8233953980571762,-2.8361397044191623,3.6928160263966987
0.8233641481558195,-2.6530622551687517,3.695712073639143
0.8231499647466849,-2.469449894240055,3.715561264979655
0.8225292340293379,-2.2848034278592717,3.7730867419964227
0.7315231303364205,-1.86944799974863,12.206968584913966
0.7319683217926762,-1.707926084182911,12.165710999024924
0.7324188876013668,-1.5462176516028854,12.12395535145015
0.7328829185798736,-1.3843344017619834,12.080951835363066
0.73266837867881,-1.2211139644646833,12.100834064166847
0.7330331280535486,-1.0588256294106813,12.067031351997073
0.734619506765232,-0.8978682860463947,11.920015601739223
0.7352445537467757,-0.7352445537467757,11.862090120099012
0.7552616653020946,0.41958981405671925,10.007028241351662
1.0087721331465707,-4.3102082052626205,3.5108398934249863
1.0082901129283617,-4.124823189252388,3.547388604906729
1.0078466825737227,-3.93976430460637,3.5810112777360246
1.0074113379401732,-3.7548968050497367,3.6140208586740243
1.0070272903209496,-3.5703694838651856,3.6431408936850147
1.0068357004387551,-3.3866291742030854,3.6576680090686153
1.0061317764264444,-3.201328379538687,3.711042358647987
1.005433408324259,-3.016300224972777,3.763995436777506
1.0051396814742817,-2.8326663750638845,3.7862669878218753
1.0051712866074554,-2.6499970283287464,3.7838705595185047
1.0056546299325841,-2.4684250007436157,3.747221524748994
0.8931485861998182,-2.029883150454132,12.277882225288508
0.8936565330411051,-1.8685545690859473,12.239367652976085
0.8942001357324234,-1.7071093500346264,12.198149510717428
0.8947478472547014,-1.5454735543490297,12.156619820370935
0.8942147603356391,-1.3819682659732604,12.197040614485957
0.8947350401594127,-1.2200932365810175,12.157590905841928
0.896600482730493,-1.0596187523178553,12.016145547866074
0.8973095166114963,-0.8973095166114963,11.962383747492112
0.8980204118571088,-0.7347439733376345,11.908480810967632
0.923563965516324,0.41980180250742005,9.971665844205745
0.9216587151131835,0.5865100914356622,10.116129592103263
0.9223364123469557,0.7546388828293275,10.06474386234872
0.9217344065506251,0.9217344065506251,10.110390362908745
1.19077093200568,-4.305094908020536,3.601580709830287
1.1901929546155972,-4.11989868905399,3.6386630384301384
1.1897096079688785,-3.93519331866629,3.669673973267379
1.18925199764288,-3.7507178387198516,3.6990336969703037
1.1890507966014108,-3.567152389804232,3.7119425118520013
1.1887484784322466,-3.383361053999471,3.73133887905081
1.1893796844072009,-3.202176073404002,3.690841468980693
1.1895449555800686,-3.0196141180109435,3.6802378709065664
1.1894045468391319,-2.8362723809240835,3.6892463254915526
1.189318003628055,-2.6530940080933534,3.6947988329880417
1.1892922312408731,-2.470068480269506,3.6964523581028317
1.0550725213015495,-2.028985617887595,12.307826217958265
1.0556662736111728,-1.8677172533120752,12.269731789646428
1.0562768646826957,-1.7062933967951235,12.230557006786668
1.0555776981098104,-1.5427674049297229,12.275414686423659
1.0562951151190152,-1.3813089966940966,12.229386080919497
1.058215596811549,-1.2210179963210182,12.106170303945362
1.0589643584025636,-1.0589643584025636,12.058130668074867
1.0597969110304868,-0.8967512324104119,12.004715100865752
1.0903901558276456,0.4193808291644791,10.041889606357472
1.0883302201184393,0.5860239646791596,10.17405258396532
1.0881729698665172,0.7533505175998966,10.184141569476225
1.0882682714110208,0.9208423835016329,10.17802713792581
1.087568711228964,1.087568711228964,10.222910071050023
1.0868851864008027,1.2540982920009263,10.266764195309804
1.3752853645415604,-4.125856093624681,3.5282439693769305
1.3746665277993697,-3.9407107130248593,3.5626539424572172
1.3740688780850445,-3.755788266765788,3.5958858260531485
1.3734919377059402,-3.5710790380354447,3.6279661819215363
1.3730898332549546,-3.3869549220288877,3.6503249114386307
1.3728507402486059,-3.2033183939134133,3.663619506525251
1.372615728965131,-3.0197546037232885,3.6766871403397943
1.3724219631467665,-2.8363387238366506,3.6874613496574256
1.3723057226752362,-2.6531243971721232,3.6939248176829977
1.2162640101483737,-2.1892752182670727,12.370512294444623
1.2168868122175176,-2.0281446870291955,12.335881832203924
1.2175378204093887,-1.8668913246277294,12.299682988744763
1.216616954629653,-1.7032637364815137,12.350887069774444
1.2178084854488123,-1.5425574149018286,12.284632853409619
1.2196811540619479,-1.3823053079368741,12.18050445867631
1.2204302435064,-1.2204302435064,12.13885187753337
1.221177984271515,-1.058354253035313,12.09727428873741
1.222087265898438,-0.8961973283255212,12.046714336214123
1.2569108643217428,0.4189702881072476,10.110373129221742
1.2560982937688083,0.5861792037587772,10.15555553185888
1.253314340444256,0.7519886042665536,10.310355259191667
1.2544850176871083,0.9199556796372126,10.245260590976514
1.25371209614387,1.0865504833246873,10.288238338874692
1.252940126372827,1.252940126372827,10.331163164162788
1.2521635580779553,1.419118699155016,10.37434368706927
1.2513913056787376,1.585095653859734,10.417284227694253
1.5581539426235054,-3.941212913694749,3.5529128350301136
1.5574650473862806,-3.7562392319316182,3.5867118280609276
1.5567995014225826,-3.5714812091459254,3.6193652449713483
1.5562560017169194,-3.3871454155015304,3.6460307548650803
1.5559723242962946,-3.203472432374724,3.659948707326649
1.5557035376557737,-3.019895102508267,3.673136079366458
1.5554479415326559,-2.8364050698536665,3.6856762902971667
1.5553161961655073,-2.6531864522823363,3.692140060846711
1.377907758505393,-2.1884417340968008,12.39625967740308
1.3785834347231278,-2.027328580475188,12.363109243867925
1.3774295688330924,-1.8635811813624195,12.419720907105571
1.3790591655626305,-1.703543675106779,12.339768650901021
1.380819031731803,-1.5432683295826035,12.253425036991558
1.3816444303513034,-1.3816444303513034,12.212928832807421
1.3824852000157009,-1.219839882366795,12.17167848516101
1.3833354211205917,-1.0578447337980996,12.129964425248772
1.4231203926531655,0.4185648213685781,10.178010190556435
1.422205582724892,0.5856140634749556,10.22289314622148
1.420307518799308,0.7519275099525748,10.31601710168863
1.418737041402116,0.9180063209072515,10.39306880960369
1.419556879386963,1.0855434960017953,10.35284542462594
1.4186811196028248,1.251777458473081,10.395812478600632
1.417806439702558,1.417806439702558,10.438726550662437
1.4169421745879187,1.5836412539512035,10.481129646239268
1.4160863912082196,1.7492831891395653,10.52311660582815
1.7409052634813253,-3.75669030540707,3.577535626722778
1.740148357593965,-3.57188347085077,3.610762370546297
1.7394509091555352,-3.387351770460779,3.6413790442712752
1.7391115207821288,-3.20362648565129,3.6562775550744817
1.7388083840298894,-3.0200356143677025,3.6695846879404854
1.738515457034857,-2.8365252193726613,3.6824436316816502
1.73833523088325,-2.653248510295487,3.690355220519507
1.5394583905008448,-2.1876513970275164,12.420674191697316
1.538063938866162,-2.0237683406133713,12.481887993853718
1.5400177462417572,-1.8642320086084432,12.39611952747832
1.5417276277991183,-1.7040147465148148,12.321058945411579
1.5425857122333089,-1.5425857122333089,12.283390653818245
1.5434541307317176,-1.380985274865221,12.245268716256277
1.5443916975594554,-1.2192566033364123,12.20411129718623
1.5890147253700488,0.41816176983422343,10.245244364781541
1.5880356906862911,0.5850657807791598,10.288222144680987
1.5870578616788522,0.75176425026893,10.331146997659332
1.5837800527605743,0.9169252937034903,10.475036639751949
1.585096022729142,1.0845393839725708,10.417268035021536
1.5841200998723062,1.2506211314781366,10.46010921157611
1.5831630577700386,1.4165143148468766,10.502121558542086
1.582207171426798,1.582207171426798,10.54408316986212
1.5812891479093656,1.747740637162983,10.584382674393751
1.922268332247148,-3.203780553745247,3.6526060497178605
1.9219336220821241,-3.0201814061290526,3.665899848715412
1.9216064789222773,-2.836657183170981,3.678893106360036
1.7032131840746416,-2.1898455223816824,12.352894877143399
1.700914469528882,-2.0248981780105737,12.444193715115304
1.702455980242552,-1.8645946450275572,12.382969002747728
1.703328916740853,-1.703328916740853,12.348298282946885
1.7042093509505665,-1.5419036984790842,12.313329773957435
1.7546570003742388,0.4177754762795807,10.309683092688786
1.7535706712364563,0.5845235570788188,10.352829201507518
1.7524888498077082,0.7510666499175893,10.395796276092753
1.7514083623553374,0.9174043802813673,10.438710368678386
1.7479912041510883,1.082089793045912,10.574430818957708
1.7492835872745907,1.249488276624708,10.523100792962111
1.7482407107970845,1.4152424801690684,10.564521077494703
1.7472412261798742,1.580837299877029,10.604217952554905
1.7462428837187849,1.7462428837187849,10.643869464206745
1.7453417505778002,1.911564774442353,10.679660079784327
1.91998501654455,0.4173880470749022,10.374311261612533
1.9188008950735853,0.583982881109352,10.417251843052185
1.9176195049922085,0.7503728497795599,10.460093374301522
1.9164609799680024,0.9165682947673054,10.502105734833464
1.9128366569920325,1.0811685452563662,10.633536960201269
1.913208077298324,1.2477443982380374,10.620067899550207
1.9130984910179305,1.4140293194480356,10.624041899442346
1.9120434427273842,1.579514148340013,10.66230181462322
1.911086706312081,1.7449052535892913,10.696996581135764
1.9101309268695776,1.9101309268695776,10.731656644309624
1.909203715651035,2.0752214300554725,10.765280719050153
2.0850104402192566,0.41700208804385136,10.438694186686789
2.083739441076559,0.5834470435014365,10.48109798397634
2.082480935282411,0.749693136701668,10.52308497105605
2.0812393903274207,0.9157453317440652,10.564506100959818
2.0800495271247357,1.0816257541048626,10.604202994808134
2.0757098662565787,1.2454259197539472,10.748985232322582
2.0777881904068862,1.4128959694766827,10.679646998321445
2.0767487796267736,1.5783290725163481,10.714324412758486
2.0757152579129055,1.7436008166468406,10.748805352813406
2.074728209307241,1.9087499525626614,10.781735830563946
2.073742098982375,2.073742098982375,10.814635004856058
2.248400688401796,0.5829186969930582,10.544051545153081
2.2470960739297254,0.7490320246432418,10.58435274057301
2.245811755863881,0.9149603449815811,10.62402695426681
2.2445731607948405,1.0807204107530712,10.66228872660814
2.243450035049376,1.2463611305829867,10.696983505117885
2.2392181932955335,1.409878121704595,10.827710463279828
2.241239546621325,1.5771685698446358,10.765268295774092
2.2401740407883928,1.7423575872798607,10.79818312211809
2.2391187802309975,1.9073974794560349,10.830781458908746
2.2381667201779605,2.0723765927573705,10.860191801251531
2.412857971398272,0.5824139930961345,10.604188041083859
2.411479306671557,0.7483901296566902,10.643839590932032
2.410234755769281,0.914226976326279,10.679633915095096
2.4090290390053153,1.0799095692092793,10.714311336982206
2.407830131335721,1.2454293782770973,10.748792923624066
2.4045812798653787,1.4095821295762563,10.842232607348052
2.4026084167058577,1.5741227557728035,10.898973800763358
2.404468223412069,1.741166644539774,10.845484205439448
2.403446074978113,1.9061813698102275,10.874882048726434
2.4024160753281354,2.071048340800117,10.904505699548352
2.401564546903476,2.235939405737719,10.928996368761304
2.5758134894407596,0.7478168195150593,10.696970422795545
2.574525264228152,0.9135412227906347,10.731630506057556
2.5732754967869327,1.0791155309106493,10.765255871519187
2.5720521380518035,1.2445413571218407,10.798170702873136
2.570840493857254,1.4098157546959136,10.830770351021627
2.566591763402792,1.5730723711178403,10.945083710105365
2.5667626749128067,1.738774715263514,10.940485284993386
2.5676449062842726,1.9050268659528473,10.916748587021544
2.566734974247861,2.069947559877307,10.941230579639097
2.5658256869135205,2.234751404731131,10.965695226355294
2.738642219227357,0.9128807397424523,10.781710987030507
2.7373405529333135,1.078346278428275,10.814610178135865
2.736119452148262,1.2436906600673918,10.845473102274056
2.734956317016011,1.4089168905840057,10.874870963440458
2.733784175385291,1.5739969494642585,10.904496460918608
2.729117580901313,1.7367111878462898,11.022443114713155
2.731846900294266,1.9040145062657003,10.953460457094081
2.730872387336348,2.0688427176790514,10.978090954314354
2.9013281608723047,1.0776361740382847,10.860169614857156
2.9000950568659825,1.2428978815139926,10.889554984976314
2.89895431399503,1.408063523940443,10.91673935166547
2.897926971117063,1.5731603557492628,10.941221350388645
2.8969003561318485,1.738140213679109,10.965686003131424
2.8916262303354334,1.9002115227918566,11.09137056646756
2.894922007895917,2.0678014342113693,11.012830846420698
3.0640659306863416,1.2421888908187873,10.928977903935248
3.06298026720315,1.40731525790415,10.953451230597523
3.0618876260301793,1.5723206728263084,10.97808185027364
3.0608468154881203,1.7372373817635276,11.001544089525225
3.05984597019159,1.9020664139028804,11.024105421152939
3.0547523784892303,2.0640218773575882,11.138926574803236
0.0,0.0,80.0
