-3.6907730293868553,-2.434339657680692,9.503366028324066
-3.684097283866251,-2.27316640919407,9.62183412629966
-3.6884912929654936,-2.118920530001454,9.543857831537068
-3.687502647897896,-1.9614375786690936,9.561402373995989
-3.686550859555283,-1.8040568036121598,9.578292855257857
-3.6857115483554104,-1.6468072875630557,9.593187311787332
-3.5319725009636413,-2.433136611774953,9.535734336949659
-3.5268285850881944,-2.272845088167948,9.63107558757568
-3.526775236658121,-2.1160651419948726,9.632064387969251
-3.529148553860466,-1.9606380854780368,9.588075521183171
-3.528459857214953,-1.803435038132087,9.600840348811602
-3.527771429308781,-1.646293333677431,9.613600195420588
-3.5271067133277607,-1.4892228345161658,9.62592054716741
-3.526605260108332,-1.3322730982631477,9.635214862671091
-3.374370305025026,-2.5896330247866475,9.547869784252526
-3.3734991593430164,-2.432057533479849,9.564767260066276
-3.372628463333535,-2.274563382248198,9.581656013652704
-3.3669565656962845,-2.1141355179953414,9.691672920265134
-3.371244960746167,-1.9600261399687018,9.608491595795954
-3.3705872831474246,-1.8028722677300177,9.62124846476459
-3.3700522839489975,-1.6458394875099753,9.631625760092433
-3.369624846913773,-1.4889040021246904,9.639916689053877
-3.369220644364195,-1.3320174640509608,9.647756942350654
-3.3688165387750284,-1.1751685600378006,9.65559531492157
-3.2160943926513585,-2.588563779451093,9.574894611425123
-3.215321462088355,-2.431096715237537,9.590618361218688
-3.2146940314550756,-2.2738079734682244,9.60338220154631
-3.211870856943359,-2.1151344667675778,9.660814125926834
-3.2092137443844457,-1.956837649014906,9.714867846984717
-3.2130524554156032,-1.8024440603550944,9.63677683250964
-3.2126670159569706,-1.6455123740267408,9.644617839060814
-3.2122816689787785,-1.4886183344048,9.65245696427958
-3.2119375203996086,-1.3317789718730084,9.659457989222432
-3.2116713887291355,-1.17500172758383,9.664871913834759
-3.2114053011567796,-1.0182504613423935,9.67028494135775
-3.058118635900969,-2.5876388457623585,9.598272008784733
-3.057521951172169,-2.430337961188134,9.611032865041707
-3.056925499242194,-2.273098448154452,9.623788742601889
-3.0564704406343517,-2.1160179973622437,9.63352074545513
-3.052094278061621,-1.9564706910651417,9.727110507103717
-3.05324687018707,-1.8006327695975028,9.70246086932039
-3.055365265625252,-1.6451966814905203,9.657156308339864
-3.0551058508282996,-1.488384901685582,9.662704221291321
-3.054852726342697,-1.331602470457073,9.668117607992855
-3.054596909660105,-1.1748449652538866,9.673588570725983
-3.0543441543663192,-1.0181147181221064,9.678994061794398
-3.054091440897988,-0.8614104064071249,9.684398658372658
-2.9003866412935615,-2.5868313287212845,9.618681738664577
-2.8998973680272457,-2.429643740779585,9.629711072025273
-2.899514635804508,-2.272592552387317,9.638338727699661
-2.8991668168774294,-2.1156082177213675,9.646179358202119
-2.898819081403822,-1.9586615414890691,9.654018107473334
-2.8943421889041514,-1.7991856849944725,9.75493745704398
-2.8982897638244807,-1.6449752713598405,9.665950130819297
-2.8980496440034433,-1.4881876550287954,9.671362978270935
-2.8978071322426926,-1.331424898597994,9.6768297454895
-2.8975673625520124,-1.17468947130487,9.68223470020574
-2.8973276325418724,-1.0179799790011983,9.687638760432264
-2.897081293485123,-0.8612944386036852,9.693191803616301
-2.896832911439609,-0.7046350325123374,9.698790900418416
-2.7429158797294124,-2.58617782945916,9.635198719407029
-2.742586830229697,-2.4291483353463037,9.643040102848403
-2.7422578596683023,-2.272156512296594,9.65087960515747
-2.741943605717176,-2.1152136386961073,9.658368404656883
-2.74171641257821,-1.9583688661272929,9.663782509584621
-2.7414892571418514,-1.8015500832646452,9.669195716043888
-2.7372923119358914,-1.6423753871615347,9.769210627693383
-2.741032912326337,-1.4879892952628686,9.680070598646736
-2.7408061256844873,-1.3312486896181797,9.685475016582814
-2.7405763950865136,-1.174532740751363,9.690949590190996
-2.7403414229641907,-1.017841099958128,9.696549071456758
-2.740106491130593,-0.8611763257839007,9.70214759262582
-2.7398809181384545,-0.704540807521317,9.707523088795554
-2.585681598251878,-2.585681598251878,9.647740801348874
-2.5853714706213173,-2.428682290583662,9.655579176077907
-2.585132671564757,-2.2717832568296354,9.661614744359497
-2.584918482227333,-2.1149333036405453,9.667028310015226
-2.584704328379979,-1.9581093396818026,9.672440978670991
-2.584488089190007,-1.8013098803445504,9.677906353681408
-2.581745029850085,-1.6429286553591447,9.747236283979504
-2.581010883802692,-1.4860365694621562,9.76579158592051
-2.5838391892299803,-1.331068673239687,9.694307088563193
-2.583617666863515,-1.174371666756143,9.699905994136614
-2.5833961825924114,-1.0177015264757985,9.705503936862186
-2.5832093116490835,-0.8610697705496945,9.71022703901572
-2.5830309044835325,-0.7044629739500543,9.714736221946012
-2.465715463364842,2.1668408617448613,12.67984573936537
-2.4649195673104005,2.315530502624922,12.699961752597702
-2.4641472558892104,2.4641472558892104,12.719481671915617
-2.4634852959060103,2.612787435051829,12.736212494624219
-2.4628607525533663,2.7613893286204414,12.751997624197159
-2.4626992949896227,2.910462803169554,12.756078411469076
-2.4283373182259544,-2.4283373182259544,9.664860760170669
-2.4281361300512434,-2.2714821861769696,9.67027378796935
-2.427932892111932,-2.1146512286136185,9.675741965295487
-2.427731997349206,-1.957848384959037,9.681147098757293
-2.427531135841855,-1.8010714878826664,9.686551337473304
-2.4273262091302272,-1.6443177545720893,9.692064951721889
-2.423670791083613,-1.4854756461480207,9.79041506365354
-2.426076614009057,-1.3304291109081925,9.725685680861247
-2.4267182849507556,-1.1742185249761719,9.708421332944113
-2.4265506810706237,-1.0175857694812291,9.712930765288363
-2.4263831003403733,-0.8609746485078743,9.71743957477814
-2.4262271916718503,-0.7043885395176339,9.721634343968645
-2.318742775516601,1.8699538512230653,12.613534593125678
-2.317827451604994,2.0187529417204786,12.638161655752256
-2.3169358989467335,2.167456163530815,12.662149145723234
-2.3161323870920723,2.3161323870920723,12.68376787163546
-2.3153848212522705,2.4647644871395133,12.703881353344848
-2.3146745408324594,2.6133422235205184,12.7229916597176
-2.3140687723364888,2.7619530508532284,12.739290041632785
-2.3099848296821297,2.906109947019453,12.849169735844697
-2.2713693537284754,-2.428015516054577,9.67351894349504
-2.2711793738095007,-2.2711793738095007,9.678982924752717
-2.2709914586580293,-2.114371358060924,9.684387521571225
-2.270802481558031,-1.9575883461707164,9.68982266091696
-2.270607783679981,-1.8008268629186053,9.695422334620986
-2.270413119303656,-1.6440922588060956,9.701021044787382
-2.270218601931547,-1.4873846012654965,9.706615526989651
-2.2667831528044213,-1.3288039171612125,9.80542191528373
-2.269905024788501,-1.1740888059250867,9.715634267715956
-2.2697479565968206,-1.0174732219227125,9.72015168018855
-2.269619214868699,-0.8608900470191615,9.723854399893526
-2.269490487744394,-0.7043246341275705,9.727556699580518
-2.269361775218414,-0.5477769802251343,9.731258579407495
-2.1718649710299043,1.5727298066078617,12.535348157104515
-2.1708060504768163,1.721673764171268,12.5658035972724
-2.169886338522001,1.8705916711396562,12.592255281801407
-2.1689674054171886,2.0193834464229,12.618684565953359
-2.168127572500489,2.168127572500489,12.64283886258211
-2.1672936642523655,2.316762192821494,12.66682276079068
-2.16656813772038,2.4654051222335354,12.687689510256128
-2.164580821664109,2.612425129594614,12.744846381061919
-2.161948555794306,2.758348157392735,12.820552547563238
-2.1646670186248924,2.911103921598993,12.742367284425121
-2.164118285811615,3.059615507526766,12.75814929877378
-2.1142664707733743,-2.2708788019417723,9.687627622890872
-2.114086722554285,-2.114086722554285,9.693180273316713
-2.1139054708629343,-1.957319880428643,9.698779367907264
-2.1137242502482265,-1.800579916878119,9.704377502500904
-2.1135642681503124,-1.6438833196724651,9.709319552378275
-2.1134182945882274,-1.4872202813769009,9.713828860819717
-2.1112130382010657,-1.329282283311782,9.781952027098114
-2.110945490599379,-1.1727474947774326,9.790216911790523
-2.1130218898837865,-1.0173809099440452,9.726074304819505
-2.1129020486176735,-0.8608119457331261,9.729776353500085
-2.112855448717882,-0.7042851495726274,9.731215883497825
-2.112856391255597,-0.5477775829181177,9.731186767312593
-2.023881073084189,1.4242126069851702,12.479747174959364
-2.022881132882303,1.573351992241791,12.510636595816777
-2.021887590116536,1.7223486878770493,12.541328391759883
-2.0209283204157664,1.871229926310895,12.57096144926367
-2.0200721783154574,2.0200721783154574,12.597408764413423
-2.0192270253157263,2.1687993975613358,12.623516612311079
-2.018450147024852,2.317479798435941,12.647515367873204
-2.0157393497123954,2.463681427426261,12.731255334408864
-2.013968314795689,2.6106996673277445,12.785964848829956
-2.016371769468435,2.7631761285308185,12.711719086175208
-2.015791130209364,2.9116982991913027,12.729655769194821
-2.3366211795836103,3.548202531960297,2.818808700408681
-1.95721926802954,-2.113796809471903,9.702136056069392
-1.9570580772066126,-1.9570580772066126,9.707513796109282
-1.956922909022096,-1.8003690763003284,9.712023354065451
-1.956787759506235,-1.6437017179852373,9.716532289187299
-1.9566571665227097,-1.4870594465572593,9.72088920668223
-1.9565461847820258,-1.3304514056517776,9.724591842723981
-1.953610798200256,-1.1721664789201536,9.822523881698956
-1.8565828786052458,-0.9654230968747277,13.059624596968433
-1.9563481609739124,-0.8607931908285215,9.731198425793679
-1.956349033694486,-0.7042856521300149,9.731169309592858
-1.9563982689818789,-0.5477915153149261,9.729526693893149
-1.8757191251034,1.275489005070312,12.421190242348572
-1.874712132458654,1.424781220668577,12.454786104489948
-1.8737828977708515,1.5739776341275151,12.48578776138514
-1.8728586943331949,1.7230299987865392,12.51662156284744
-1.871938923503709,1.871938923503709,12.547307481111389
-1.8710753518903749,2.020761380041605,12.576118449118098
-1.8702827586066562,2.169527999983721,12.602561397666854
-1.867410000702214,2.3155884008707455,12.698403983038993
-1.8659576469022676,2.463064093910993,12.746858237693267
-1.8680991427950866,2.615338799913121,12.67541243203933
-1.8674961053279229,2.763894235885326,12.695531311475655
-1.8668971419111786,2.9123595413814383,12.715514270121545
-2.1626758746810073,3.5467884344768517,2.847575728234588
-2.16444999947081,3.7228539990897933,2.788386366553752
-2.1665720917005578,3.899829765061004,2.7175879169584505
-1.8002945229401701,-1.9568418727610544,9.7147269319601
-1.800170195682656,-1.800170195682656,9.719235493672187
-1.8000633719424168,-1.6435361222082936,9.723109313740395
-1.7999612756368832,-1.4869245320478601,9.726811699711732
-1.7073823117319091,-1.2619782304105416,13.084064005863034
-1.7056013267809653,-1.1123486913788905,13.148649043128238
-1.7085224782104644,-0.9656866181189582,13.042717393435446
-1.7088600017019104,-0.8172808703791746,13.030477555439418
-1.8000239196968992,-0.704357185968352,9.724539996658635
-1.8002533110200725,-0.5479031816148047,9.7162214271235
-1.7275748603363923,1.1266792567411252,12.351808237273353
-1.7265029643145664,1.2761108866672881,12.39067911289606
-1.7254580059166513,1.4253783527137556,12.428573131615401
-1.7245684547476854,1.5746059804217996,12.46083151502652
-1.7237137240821658,1.7237137240821658,12.49182717945088
-1.722864990061821,1.8726793370237185,12.522605383558208
-1.7220189631805831,2.021500521994598,12.553285416886482
-1.7189315373453156,2.16734846013105,12.66524678552053
-1.7182345350048165,2.315881329789101,12.690522643191983
-1.7198242234497751,2.4675738858192426,12.632874717866557
-1.719162636444183,2.616117055458539,12.656866285783913
-1.7185430399949837,2.7646127165136694,12.679335122333995
-1.717988315189219,2.913110621407806,12.699451475497597
-1.9889280118946535,3.5454803690295997,2.874185743144963
-1.9899549643060446,3.720350585441736,2.8369446874447704
-1.989276592707057,3.892062898774677,2.8615449261930337
-1.991480021480276,4.069546130850998,2.781640528711094
-1.6434802282884413,-1.8000021547921026,9.725329271821593
-1.6433870162626336,-1.6433870162626336,9.729031405980422
-1.643331868145868,-1.4868240711795948,9.731221742743344
-1.5598077525990723,-1.262701514008773,13.048577830353388
-1.5579862933239665,-1.112847352374262,13.120921356232692
-1.5589741628573361,-0.965079243673589,13.08168580146107
-1.5607878023482171,-0.8175555155157328,13.009652856647264
-1.5611410172324578,-0.6690604359567677,12.995624099338073
-1.6440463786913995,-0.5480154595637998,9.702843281117453
-1.5782713764381162,1.1273366974557972,12.315251717998713
-1.5771412279082315,1.2767333749733303,12.36013821671795
-1.5761862046676605,1.42607323279455,12.39806920395651
-1.5752348285996376,1.5752348285996376,12.435855335185806
-1.5744537989998657,1.724401779856996,12.46687575701781
-1.5736735435838527,1.8734208852188723,12.497865430326613
-1.5704725700518702,2.019179018638119,12.624999599459493
-1.5704072113262435,2.168657577545765,12.627595474494107
-1.5714436749052694,2.3197501867649217,12.58642989326097
-1.5707781161214136,2.4683656110479357,12.612864120894898
-1.5701565086358087,2.6169275143930144,12.637552719666346
-1.5695525413896947,2.765402096734224,12.661540694965417
-1.5690057619357312,2.9138678435949292,12.683257323011247
-1.8127929818046842,3.539262488285336,3.0006762789689674
-1.815079317466324,3.7165909833834254,2.909869097404595
-1.8181598850711738,3.896056896581087,2.787517131983094
-1.8199475431004695,4.073215929796288,2.7165161018347987
-1.4868244688667072,-1.6433323076947814,9.73120428502763
-1.4868251321344894,-1.4868251321344894,9.731175168820386
-1.4116575481312859,-1.2630620167490452,13.030890627789567
-1.4119769045593653,-1.1147186088626568,13.016871481682507
-1.4101354355018736,-0.9648295085012818,13.097708507333891
-1.4126253051763487,-0.8178357029968334,12.988407915002306
-1.412970100204707,-0.6693016264127559,12.973272062222982
-1.413315063590004,-0.5206950234278962,12.958128818890927
-1.429958466643012,0.9783926350715344,12.227514750710633
-1.4287935474467701,1.127994905879029,12.278652510840388
-1.4277581000448605,1.277467773724349,12.324106702887917
-1.4267687907494515,1.4267687907494515,12.367535518900198
-1.4259049261095675,1.576000181489522,12.405457550644108
-1.425074666024792,1.7250903851879058,12.44190440566851
-1.4221739932266328,1.8712815700350434,12.569238481925218
-1.4224475581420573,2.021372845780818,12.557229497035948
-1.4229637514709048,2.1718920417187495,12.534569581467252
-1.4222675370406417,2.320541770961047,12.565132084556339
-1.4216649540490096,2.4692075517693324,12.591584343720548
-1.4210628812413792,2.617747412813067,12.618014206767342
-1.420511244409657,2.7662587391135425,12.642230025401247
-1.419964879803937,2.9146647532817656,12.666214403236928
-1.641802397639135,3.5428367528002385,2.9279649079630445
-1.6430453023864147,3.718470947506096,2.8734037289254104
-1.6443285466052897,3.8944623472230546,2.8170717230108124
-1.2634864628122464,-1.2634864628122464,13.010066199404946
-1.2637723948847934,-1.1150932896042294,12.996037627852857
-1.2629604371020586,-0.9657932754309858,13.035874389608566
-1.262657099293992,-0.8170134171902301,13.050756931839686
-1.2646948887441154,-0.6695443528645316,12.950777678534891
-1.2650537248023512,-0.5209044749186151,12.933172247728933
-1.2803119707966393,0.9790620953150769,12.184562993147892
-1.2792247391358467,1.1287277110022176,12.23790540769852
-1.2782135324694703,1.2782135324694703,12.287517838185408
-1.277287341234471,1.4275564402032321,12.33295919037569
-1.275344691206233,1.5754257950194641,12.428270656064171
-1.2736670615209786,1.72319661264603,12.510579534070942
-1.2749435373829696,1.8749169667396612,12.447952306544693
-1.2743115197854638,2.0239065314239717,12.478960734559827
-1.2736817799446198,2.1727512716702337,12.509857409905784
-1.2730562006932915,2.3214554247936494,12.540549955903103
-1.2724500344849303,2.470050066941335,12.570290047494453
-1.2719109702152382,2.6186402327960785,12.596737943357233
-1.2713775813670767,2.7671159123871667,12.622907388270718
-1.4673487746956941,3.3662707184195337,3.00805067328443
-1.4684471460906436,3.5415489993950815,2.954161714387439
-1.4695311420140493,3.717049359212007,2.9009780535332794
-1.470651497079128,3.8929010216800446,2.846010518572271
-1.1152224837222537,-1.263918814885221,12.988853881607263
-1.1154946864397302,-1.1154946864397302,12.973718244787143
-1.1157670220677418,-0.9669980857920429,12.958575217572054
-1.114335389735859,-0.8171792858062965,13.038180106296949
-1.1161743700833582,-0.669704622050015,12.935924923405537
-1.1167083163935891,-0.5211305476503416,12.906235221891812
-1.11705281475686,-0.3723509382522867,12.887079637554038
-1.131450267966657,0.8297301965088817,12.086519580922513
-1.1304683982173926,0.9797392784550736,12.141115743912003
-1.1294999093362073,1.1294999093362073,12.194967873331763
-1.1285409048606756,1.2790130255087657,12.248292629179488
-1.1263793869281573,1.4267472234423326,12.368482283089214
-1.1250674096489943,1.575094373508592,12.441433838451182
-1.1261304384771802,1.7267333389983428,12.382324883103841
-1.1254487621353557,1.8757479368922596,12.42022900703904
-1.1248414342542845,2.024714581657712,12.453999038153526
-1.1242838794803793,2.1736155003287334,12.485001471352547
-1.123729227009388,2.322373735819402,12.51584252408022
-1.1231773511495076,2.4709901725289165,12.546529185339097
-1.1226572837163342,2.6195336620047796,12.575447161851095
-1.29324770706183,3.190011010752514,3.089889057634636
-1.2942291338138028,3.3649957479158874,3.0353175271917223
-1.2952149316589503,3.540254146534464,2.980502945248759
-1.2961736431884667,3.7156977771402713,2.9271944784540267
-1.2971550925180746,3.891465277554224,2.872621692597903
-0.9671126614603293,-1.1158992247619184,12.951224181607948
-0.967385697613698,-0.967385697613698,12.933706513040654
-0.967668329210934,-0.818796278563098,12.915573212428491
-0.9664576265892599,-0.6690860491771801,12.993250424762323
-0.9682707100810615,-0.5213765361974947,12.876925186136098
-0.9685970267687564,-0.3725373179879833,12.855989103084504
-0.9812881173874393,0.8303207147124486,12.04174411584539
-0.9804242441494713,0.9804242441494713,12.097169175421428
-0.9795735783216215,1.130277205755717,12.15174686357713
-0.9772715461583541,1.2779704834378478,12.29944245615642
-0.9765624415660465,1.4272835684426837,12.344937747070553
-0.9771811684804885,1.5785234260069432,12.305240978393108
-0.9764733045148868,1.7276066156801846,12.350656672201957
-0.9758644982447171,1.876662496624456,12.389716944370818
-0.9752738515349618,2.0255687685726134,12.427612121160394
-0.9747683482456578,2.17448323839416,12.460044599322885
-0.97428522749481,2.323295542487624,12.49104104095494
-0.9738053954265516,2.471967542236631,12.52182648469929
-0.9733271945976535,2.6204962931475286,12.55250727010403
-1.1204596981054873,3.18900067922331,3.1126642305443113
-1.1212405809444377,3.363721742833313,3.062563734350519
-1.1221027384960922,3.538939406026137,3.0072487511282304
-1.122942169980408,3.7143471776275034,2.9533918448329786
-0.8189123797672244,-0.9678055397249016,12.906769952208272
-0.8191639321805969,-0.8191639321805969,12.887696236559897
-0.818612514511299,-0.6697738755092447,12.929506941878415
-0.8186031587849216,-0.520929282863132,12.930216330678206
-0.8200284772818819,-0.37274021694631,12.822142950045858
-0.8309311154168763,0.8309311154168763,11.9954610795917
-0.8301730592152813,0.9811136154362415,12.052939949465632
-0.8280965768685195,1.1292226048207084,12.210387191970753
-0.8278648501655084,1.2794274957103313,12.227957642526619
-0.8280256216845333,1.4302260738187393,12.21576729938053
-0.8273284445266539,1.5794452122781573,12.268630075323152
-0.8267287833288942,1.728614728778597,12.314098798990273
-0.8261342974224505,1.8775779486873876,12.359175111256391
-0.82563403184303,2.026556259978346,12.397107259402432
-0.8251343717995415,2.175354252926064,12.434993493378812
-0.8247242709140299,2.3242229453031755,12.46608899181799
-0.9467929081079741,2.8403787243239225,3.210353997240773
-0.9472518356395268,3.0139831133984942,3.1755562661330003
-0.947781104383072,3.1879909874703327,3.1354249814412327
-0.948390485240069,3.362475356760245,3.0892192741212483
-0.9491119328832089,3.537599022564688,3.0345162123777385
-0.6707865717588506,-0.6707865717588506,12.835656527836278
-0.6700460663629746,-0.5211469405045358,12.904281979970072
-0.6707843309586272,-0.37265796164368176,12.83586419131764
-0.6796699054928065,0.8307076622689856,12.012404195924638
-0.678607701202152,0.9802111239586639,12.110842708473733
-0.6791150797845298,1.1318584663075497,12.063822005029046
-0.6785255329748799,1.281659340063662,12.118457550686884
-0.6779391547087238,1.4312048821628613,12.172799455365087
-0.6773633458837038,1.580514473728642,12.22616184972398
-0.6768093987721283,1.7296240190843277,12.277498235929656
-0.6763189054616704,1.878663626282418,12.322954116989038
-0.675848238227929,2.027544714683787,12.366572640094944
-0.675439026690996,2.176414641559876,12.404495829982267
-0.7742720060958365,2.666936909885659,3.245267639128542
-0.774521721822679,2.8399129800164893,3.2221255327307716
-0.7748391603418816,3.013263401329539,3.1927072975277895
-0.7752148311359808,3.186994305781254,3.1578924558776293
-0.5216999951695752,-0.37264285369255373,12.838384391668576
-0.5487274315333158,-0.2351688992285639,9.618010372735753
-0.5293288029496495,0.6805656037924065,11.929396427003788
-0.5287805863674849,0.8309409214346192,11.994717547889643
-0.5290691152940108,0.9825569284031629,11.960338739400761
-0.5285861781290642,1.1326846674194233,12.017881684941003
-0.5281111749142897,1.2825557105061323,12.07447928417988
-0.5276527937247738,1.4322004401101005,12.129096335298534
-0.5271986520872086,1.5815959562616257,12.183208235178647
-0.5267509490830126,1.7307531184156126,12.23655295879606
-0.5263329038675966,1.8797603709557023,12.286363896553766
-0.601845671580467,2.3214047332389445,3.2888640239250293
-0.6019919946982082,2.4939668351782913,3.2714293268120116
-0.6021344407474317,2.666595380452912,3.254456590299185
-0.37340463414842373,-0.37340463414842373,12.711309624484663
-0.3730950799727297,-0.22385704798363779,12.762947238056938
-0.3787365378285004,0.5302311529599005,11.821879587822728
-0.3785659444226532,0.6814186999607756,11.850336759655
-0.22413169154815266,-0.22413169154815266,12.686590446214097
-0.22428250474588746,-0.07476083491529582,12.644661147900003
-0.22812903707769272,0.22812903707769272,11.575242794350629
-0.22767649336404383,0.37946082227340644,11.701059637005997
-0.22776625026208616,0.5314545839448678,11.676105297397186
-0.07479896809250305,-0.07479896809250305,12.612855628486564
-0.07614047653972898,0.07614047653972898,11.493951406850954
-0.07605552354049025,0.22816657062147072,11.564807665479357
0.07609830538106592,-0.22829491614319772,11.529124862192916
0.07617823329614741,-0.07617823329614741,11.462459846556115
0.07479743558313752,0.07479743558313752,12.614133839743701
0.2565858385052432,-3.506673126238324,3.66364265562261
0.25654183140049275,-3.335043808206406,3.6758775730617685
0.25650312493151695,-3.1635385408220427,3.686638800253732
0.2564813676185051,-2.9922826222158934,3.6926877991575964
0.2564709897629377,-2.8211808873923148,3.695573065225048
0.256469511344617,-2.6501849505610426,3.6959840971753835
0.256485617672545,-2.4793609708346023,3.691506193128646
0.25650265576189824,-2.3085239018570842,3.6867692394540086
0.2565236417826914,-2.1376970148557617,3.6809346763025275
0.25656306338481094,-1.9669834859502173,3.669974626783528
0.25663623718201056,-1.7964536602740742,3.649630744300822
0.25726806996865215,-0.7718042099059564,3.4739677002593936
0.22772491593209773,-0.5313581371748947,11.68759712622073
0.22781542243873304,-0.37969237073122175,11.662434379371803
0.22830904301566202,-0.22830904301566202,11.525197289150924
0.22420275960340005,0.07473425320113336,12.666832005084096
0.22411920759522544,0.22411920759522544,12.690061252445162
0.4277396437357985,-3.678560936127867,3.647531944121539
0.42766326106578784,-3.50683874073946,3.6602735548227514
0.4275892569266281,-3.335196204027699,3.672618396019331
0.4275171118969113,-3.1636266280371435,3.6846531138754983
0.42747876454437395,-2.9923513518106173,3.691049944954912
0.4274541613355668,-2.8211974648147407,3.6951540762791666
0.4274448856171412,-2.6501582908262757,3.6967013852844275
0.4274687603038305,-2.479318809762217,3.6927187808092725
0.4274965338899894,-2.3084812830059427,3.6880857898106143
0.4275256820416159,-2.1376284102080794,3.683223503631922
0.4275873125984966,-1.9669016379530841,3.6729427349318513
0.42768573526544995,-1.7962800881148895,3.6565245695768027
0.4278383952504843,-1.6257859019518404,3.6310589227397685
0.4279950901479324,-1.45518330650297,3.60492020067268
0.428178375888446,-1.2845351276653378,3.57434578435047
0.42805315312987124,-1.1129381981376651,3.595234549308131
0.42803359630990323,-0.9416739118817871,3.5984968781394144
0.3786762834932831,-0.6816173102879095,11.831930785068039
0.3791190541716404,-0.5307666758402965,11.758070947322707
0.3729408482853043,0.22376450897118255,12.788675065045602
0.5993558518468213,-4.024246433828657,3.5855311097022025
0.5990981440856127,-3.8513452119789386,3.6162375136505602
0.5988713347620618,-3.6787810563955228,3.6432623059018425
0.5987568438095907,-3.5070043708847454,3.6569041357734875
0.5986523152933386,-3.3353486137771724,3.6693589211051574
0.5985513030217553,-3.1637711731149927,3.6813947387321804
0.5984840169125414,-2.9924200845627067,3.689412015510925
0.5984393423340582,-2.8212140424319885,3.694735082409238
0.598426356175027,-2.6501738630608345,3.69628240967279
0.5984460879608905,-2.479276650123689,3.693931327250965
0.5984840985221751,-2.30843866572839,3.689402291557059
0.5273610155021929,-1.8834321982221178,12.163862304021727
0.5276772417656038,-1.7337966515155556,12.126183301504163
0.527993847495266,-1.583981542485798,12.088459084810893
0.5283964729510477,-1.4342189980099869,12.040485442778753
0.5288032968487053,-1.2842365780611416,11.99201154785711
0.5292153512131118,-1.1340328954566683,11.942914432183095
0.5292565313913082,-0.9829049868695724,11.938007730186875
0.5291850806978061,-0.8315765553822667,11.946521225654678
0.5303669123013525,-0.6819003158160246,11.805703586142243
0.5221191825998414,0.22376536397136057,12.7884373566881
0.5214184091836939,0.3724417208454956,12.871935934657117
0.7710303608900405,-4.1978319648457765,3.5456832325111094
0.7706913099100534,-4.024721285085834,3.577104376675095
0.7703542860828306,-3.851771430414153,3.608337656880508
0.7700395734578631,-3.679077962076457,3.637503273094623
0.769866589026526,-3.507170016676396,3.6535343984297413
0.7697323232915732,-3.3355067342634834,3.665977314873743
0.7696011238539027,-3.1639157313993773,3.678136065883507
0.7694971252643265,-2.9924888204723805,3.6877740108204193
0.7694318554025024,-2.8212501364758413,3.6938228172212035
0.7694098361069591,-2.650189435479526,3.6958634291069927
0.6769150298223591,-2.1811706516498237,12.267709004653526
0.6772967685315077,-2.0318903055945228,12.232331826231615
0.6777001473416079,-1.8825004092822442,12.194949177329278
0.6781054686104243,-1.732936197559973,12.157386513388033
0.6785121290665164,-1.5831949678218713,12.1196997418673
0.6789343847073677,-1.4333059232711094,12.08056770524631
0.6794567779950397,-1.283418358435075,12.03215553194169
0.6790340936013851,-1.1317234893356418,12.071327302716064
0.6795150391507686,-0.9815217232177768,12.026756248997906
0.6810509622625164,-0.8323956205430755,11.884416411133877
0.6697646232463683,0.37209145735909355,12.930364384277468
0.669872315333849,0.5210118008152159,12.9203841488386
0.6699805281155163,0.6699805281155163,12.910355658688587
0.9424781612931156,-4.198311809396606,3.537515453328595
0.9420672070767439,-4.025196248418815,3.5686756547454337
0.9416483372258838,-3.8521977431967978,3.600436051403406
0.941263603287498,-3.679484994669311,3.6296081258934407
0.9409924990069009,-3.5073356781166307,3.6501643427463932
0.940828380948263,-3.33566425972566,3.662608433984687
0.9406665765360337,-3.164060302893932,3.674877095247524
0.9405180901410972,-2.9925575595398546,3.686135930878237
0.9396518136022438,-2.8189554408067314,3.7518205019520394
0.8265261774065751,-2.32930104541853,12.329461194839247
0.8269633099807243,-2.1801759990400917,12.296316045054418
0.8274189817083657,-2.030937500556898,12.261765182093043
0.8278918956488565,-1.8815724901110376,12.225906945210554
0.8283850151602439,-1.732077758971419,12.188516640682082
0.8288809958797418,-1.5824091739522343,12.150909387847761
0.8293781278184604,-1.432562220777341,12.113214844942291
0.8286946642796124,-1.2807099357048555,12.165037799137998
0.8294486787628791,-1.1310663801311989,12.107865388602256
0.8312012857676773,-0.9823287922708913,11.974975677051873
0.831845933973187,-0.831845933973187,11.926095857533227
0.8191005951853922,0.3723184523569965,12.892498702258237
0.8172305060658446,0.5200557765873556,13.034296380225882
0.8181939877894373,0.6694314445549941,12.961241321115786
0.817745274389654,0.817745274389654,12.995264575674703
0.8173098266503874,0.9659116133140941,13.028281974502839
1.113977911395774,-4.37022103701419,3.528527807230759
1.113093103753562,-4.195504775686503,3.5852959928019175
1.112437600811105,-4.021889787547841,3.6273522668490443
1.111783096103594,-3.848479948050903,3.6693444953522913
1.1112382793354387,-3.6756343085710665,3.7042992786536786
1.1107561552969083,-3.503154028244096,3.7352317724318596
1.1103949076166908,-3.3311847228500726,3.7584089856128884
1.1103180560942492,-3.1601360058067094,3.763339686116879
1.1102913183743925,-2.9892458571618263,3.7650551458056896
0.9759168022768804,-2.477327267318235,12.386361181081362
0.9763983121498122,-2.328334436664937,12.355468091423354
0.9768878819359345,-2.179211428934008,12.324057887506996
0.9774128333304686,-2.03001126922482,12.29037764249209
0.9779514565092436,-1.8806758779023918,12.255820232376152
0.9785178556727353,-1.7312238984979165,12.21948074875678
0.9791007525204075,-1.5816242925329662,12.182082793722415
0.978220881034309,-1.4297074415116826,12.238534281502012
0.9793274871600286,-1.2806590216708067,12.167535774140575
0.9809423693550391,-1.131856580025045,12.063926890414436
0.9816973366130844,-0.9816973366130844,12.015489106471101
0.9672267463730979,0.37201028706657613,12.943904631922855
0.9659085168266,0.5201045859835538,13.028480641386238
0.9647596214466786,0.6679105071553929,13.102192376025187
0.9656588504396107,0.8170959503719784,13.04449893407645
0.9651450471021487,0.9651450471021487,13.077463933265676
0.9646516571949202,1.1130596044556773,13.109119231520637
1.2855181090950796,-4.370761570923271,3.5196878071655675
1.2850967794699544,-4.197982812935185,3.5431155386980606
1.284948822800673,-4.026172978108775,3.5513425631455817
1.2843804871374314,-3.853141461412294,3.5829444599616664
1.283825347729867,-3.6802993301589524,3.613812588448141
1.2833192911529236,-3.507739395817991,3.6419515013512154
1.2830689828030166,-3.3359793552878436,3.655869717570212
1.28284438602277,-3.164349485522833,3.668358260404375
1.125132340406589,-2.6253087942820406,12.437823410258119
1.1256384343389498,-2.4764045555456895,12.409682420233857
1.1261449837957276,-2.327366299844504,12.381516101101191
1.1267105307521441,-2.178307026120812,12.350069268327431
1.1272755164893886,-2.0290959296808992,12.318653641743097
1.1278908562642758,-1.879818093773793,12.284438115020905
1.1285124623484992,-1.7303857756010321,12.249874154663672
1.1274157732349397,-1.5783820825289157,12.310854766030474
1.1290626199390286,-1.4301459852561031,12.219283036539338
1.1305253113429534,-1.281262019522014,12.137951130396125
1.1312034980885457,-1.1312034980885457,12.100241042955894
1.1320062754195117,-0.9810721053635768,12.055603185400408
1.1151172276823305,0.3717057425607768,12.994706568193841
1.11452342462577,0.520110931492026,13.02772456114446
1.1122966878826739,0.6673780127296044,13.151540660226729
1.112455638479767,0.8158008015518292,13.142702326310562
1.112784567686203,0.9644132919947092,13.124412453768876
1.1122254625943246,1.1122254625943246,13.155501091286553
1.16329571890032,1.318401814753696,10.315776128492885
1.4571535004148688,-4.200030677666387,3.50825736037514
1.4564417828488783,-4.026633164346898,3.5431760762450892
1.45580298597805,-3.8535961393536615,3.5745171130509306
1.4551630875541122,-3.6807066332251077,3.6059121949188437
1.4545685903641183,-3.5080771885252267,3.635079774103133
1.4542135315699105,-3.336136925366265,3.6524998825064188
1.274219677564891,-2.773301651170645,12.483466752899531
1.274724390485069,-2.6244325686457297,12.458704223635479
1.275248576508011,-2.475482530868492,12.43298629327549
1.2758222383485875,-2.3264993758121304,12.404840950552853
1.2764088742330577,-2.1774033736916865,12.376059067474813
1.2770486599645825,-2.028253754061396,12.344669514589917
1.2776935424154816,-1.8789610917874728,12.313029903389477
1.2763527799584993,-1.726830231708558,12.37881119855718
1.2785575371686118,-1.5793946047376968,12.270640072451847
1.2798623122561503,-1.430434348992168,12.20662441127795
1.2806248739087835,-1.2806248739087835,12.16921115220719
1.2813941187216298,-1.1306418694602616,12.131469999904965
1.282162888901246,-0.9804775032774232,12.093752134344143
1.26279600589704,0.37141058996971765,13.043941812421444
1.2621240971443115,0.5196981576476576,13.076907404319414
1.2614782654385595,0.6678414346439433,13.108593588433159
1.258697682416273,0.8144514415634707,13.245016227338951
1.2602109496045537,0.9636907261681881,13.170771401149572
1.2595884509794406,1.111401574393624,13.201312803608154
1.2589685812052485,1.2589685812052485,13.231725227799572
1.3163626378683542,1.4712288305587489,10.415823452979993
1.6272659459478787,-3.8540509246133965,3.566087777019902
1.6265387558753162,-3.6811140264546625,3.5980100525042644
1.6258741707048887,-3.508465315731602,3.6271840906184423
1.6253742486225866,-3.336294510330572,3.649129729089182
1.4237138236184368,-2.77249534073064,12.501642825959884
1.4242248401333293,-2.6235720739298167,12.479210162780142
1.4247890078769478,-2.474633539996804,12.454444260699383
1.4253880274648325,-2.325633097442622,12.428148428252719
1.4260292781222905,-2.1765710034498116,12.399998731338194
1.4266975286010681,-2.0274122774857286,12.370663793086187
1.425096284478994,-1.8751266901039396,12.440955396218811
1.4281456345765957,-1.7288078734348262,12.307094666353706
1.4289324333214883,-1.5793463736711186,12.272555682348191
1.4297293926043766,-1.4297293926043766,12.237570669848616
1.4305808275736271,-1.279993372039561,12.20019427725066
1.4314356777458739,-1.1300807982204266,12.1626679636692
1.4095390873532345,0.5193038742880337,13.123887068625784
1.408830875576569,0.6673409410625853,13.154976232640784
1.4071959124614757,0.8146923703724332,13.22674803610181
1.4053269574985021,0.9615394972358171,13.308791641270474
1.406742235244335,1.110585975192896,13.246663612033025
1.4060583778769928,1.2580522328373094,13.276683663318067
1.4698859120461307,1.4698859120461307,10.474775048072274
1.4689853165048012,1.6236153498210961,10.514309497255539
1.4680828522874534,1.7771529264532329,10.553925977798826
1.7979856645917192,-3.6815896941639967,3.5887836007409817
1.797217661108479,-3.5088535288308402,3.6192866598126443
1.5727184503011022,-2.9207628362734757,12.535799199454551
1.5731714091554423,-2.7717781970833983,12.517808876503572
1.5736629865398775,-2.6227716442331293,12.498284728081146
1.574250431024874,-2.47382210589623,12.474952992980718
1.5748740695934782,-2.32481410273323,12.45018372498567
1.575550698662592,-2.175760488629294,12.42330981501626
1.5737034560540017,-2.023333014926574,12.49667738643899
1.5770120810003814,-1.8773953345242638,12.365267588973467
1.5778026772996372,-1.728069598947222,12.333867203240452
1.5786262192101617,-1.5786262192101617,12.301158305308462
1.5794960036651162,-1.4290678128398673,12.26661277629971
1.5803889615211926,-1.2793624926600131,12.23114686133082
1.5813302136476555,-1.1295215811768968,12.193762826178151
1.5567443813785995,0.5189147937928664,13.17024680104906
1.5559751449198709,0.6668464906799447,13.200798830633204
1.5552094105562575,0.8146335007675635,13.231211766298493
1.5523072493653267,0.9609521067499641,13.346477902682373
1.5517607718757607,1.1084005513398292,13.368182537504133
1.5529563714447434,1.257155157836221,13.320696497304318
1.6231511117607251,1.4685652915930372,10.532747800320351
1.6221784392296401,1.6221784392296401,10.571379770513886
1.6212378404476906,1.7756414442998518,10.608737856557312
1.620298331821236,1.9289265855014714,10.646052644519187
1.7223395788084894,-2.920488851023091,12.541658719948273
1.7225516962101977,-2.771061424338144,12.533966566072024
1.7230898119435045,-2.6220931920879416,12.514452518707287
1.723628264237567,-2.4730318573843353,12.494926266416869
1.7235012712377837,-2.322979974277013,12.499531497707046
1.72226604239982,-2.1715528360693384,12.544325419457302
1.725736595488494,-2.02586469905171,12.418470453392537
1.7265130866043001,-1.8766446593525001,12.390312041596935
1.727352538132053,-1.727352538132053,12.359870454668581
1.7282185787750501,-1.5779387023598284,12.328464649037535
1.7291353044331284,-1.4284161210534538,12.295220819123323
1.73008810601556,-1.2787607740115008,12.260668744062222
1.7827453269676548,0.5425746647292862,10.351125052707076
1.7029126472823382,0.6663571228496107,13.24615040916786
1.7020844223062825,0.8140403758856134,13.276184880213883
1.7012705099783774,0.9615876795529958,13.305700322217199
1.6978067038251972,1.1072652416251285,13.431310619689981
1.7772287715199415,1.313603874601696,10.551175557893728
1.7761905820128123,1.4672878720975406,10.588824111841788
1.775160960008937,1.6207991373994641,10.626161976742964
1.7741698680192308,1.7741698680192308,10.662102602212315
1.773269368005585,1.9274667043538969,10.69475803083219
1.7723697816461688,2.080608004541155,10.727380327003416
1.871932639212075,-2.9202149171708367,12.547517141228063
1.8721447068257395,-2.770774166102094,12.540442020718992
1.8724393506996682,-2.6214150909795353,12.53061194398412
1.8716895962523041,-2.4706302670530413,12.555625678875778
1.870814309525587,-2.319809743811728,12.58482749316746
1.8743629143588987,-2.1742609806563227,12.466436917629316
1.8751055431209591,-2.025113986570636,12.441660913909153
1.8759457233785441,-1.8759457233785441,12.413630341635354
1.876789866067945,-1.7266466767825093,12.385467572454544
1.877718906893626,-1.5772838817906456,12.354472383297868
1.8786604177094601,-1.4277819174591897,12.323061163227479
1.8796728983582238,-1.278177570883592,12.289282207170402
1.9359882365698866,0.5420767062395683,10.410457819648542
1.9347716117384721,0.69651778022585,10.45104755019645
1.933585746269137,0.8507777283584202,10.490611069387839
1.9324013336899062,1.004848693518751,10.5301261164321
1.9280952290070195,1.1568571374042116,10.673788833381806
1.9301193483972785,1.3124811569101493,10.606259009457446
1.929000799509054,1.466040607626881,10.643576674530024
1.9279884740044213,1.6195103181637138,10.677350454580235
1.9270101334153917,1.7728493227421602,10.709990410520177
1.9260300209230286,1.9260300209230286,10.742689481708311
1.9251009502812944,2.079109026303798,10.773685665605129
1.924172775530148,2.232040419614972,10.804651960289917
2.02150450523032,-2.919950951999351,12.553162369683882
2.0217266294702814,-2.77051427001483,12.546300670236398
2.0200923262258916,-2.6186382006631925,12.596786369910603
2.0193884419296793,-2.4681414290251635,12.618530248414146
2.022974941967114,-2.3226749333696497,12.507738714227933
2.0236483015316793,-2.1735481757192114,12.486937783393287
2.02444981497828,-2.02444981497828,12.462178016631007
2.025267092516861,-1.8752473078859826,12.436931277077065
2.026178087704502,-1.726003556192724,12.408789480500594
2.0270899028765603,-1.5766254800151025,12.380622353565649
2.028111193811826,-1.4271893586083222,12.349073381479343
2.0889552917068617,0.5415810015536308,10.469522041285103
2.0876752898864015,0.6958917632954672,10.509062920685551
2.0863968557408015,0.8500135338203265,10.548555372621621
2.085173585834541,1.0039724672536678,10.586343731250864
2.082345622443773,1.1568586791354294,10.673703106523519
2.079897053686152,1.3095648115801697,10.749342500469083
2.081734188341927,1.4649240584628374,10.69259108128729
2.0806780813114103,1.618305174353319,10.725215566706083
2.0796439112891267,1.7715485170240706,10.757162390122303
2.078640966833397,1.9246675618827749,10.788144616190621
2.0776389893441882,2.0776389893441882,10.819096971436892
2.0767129391258186,2.2305435272092127,10.84770383700382
2.171212893244355,-3.069645814586847,12.55410245923293
2.1711930929454915,-2.9198803663749713,12.554671932377623
2.1686382171017855,-2.766883242509174,12.628152297044707
2.1685055300980642,-2.6171618466700775,12.631968486173434
2.1717724729660657,-2.471327296823454,12.538008478731733
2.1722629614919557,-2.322074200215539,12.523901618769749
2.172941674391062,-2.172941674391062,12.504381268513427
2.1736961588147574,-2.023786078896498,12.482681665878971
2.174557160579715,-1.8746182418790645,12.457918535481099
2.1754550661190457,-1.7253609145082087,12.43209402168754
2.1764336938408673,-1.5760381920916624,12.403947870456783
2.2416767091433623,0.5410943780690873,10.527504219303609
2.240323761278952,0.6952728914313989,10.566416130697391
2.2390246388836514,0.8492852078524195,10.603779976611463
2.237727022281909,1.0031190099884417,10.641100514644265
2.2365420144039736,1.1568320764158484,10.675182331660366
2.2324354169687743,1.3086690375334196,10.793291506250071
2.2319490111302116,1.4623114210853112,10.807280944712147
2.233188619203832,1.6171365863200162,10.771628780432522
2.232111867601307,1.770295619132071,10.802597056485666
2.2310566756234613,1.9233247203650528,10.832945259713185
2.2300944658650512,2.0762948475295304,10.860619216593847
2.2291330857121836,2.2291330857121836,10.888269313325722
2.2282328910640934,2.381904124930583,10.914159663800476
2.3180718765299027,-2.91628397369891,12.631585330304084
2.317796083154419,-2.766401776668177,12.639005633263409
2.3210705732706556,-2.620563550466869,12.550904500822682
2.3213321171208348,-2.471095479515727,12.543867585588323
2.32159511175575,-2.32159511175575,12.536791636558291
2.322198923171872,-2.172379637805945,12.520545910459681
2.3229245218412666,-2.0231923254746516,12.50102346201674
2.323764448780819,-1.874003587726467,12.478424977393097
2.3246849553410396,-1.724766257188513,12.45365847406105
2.3941803873496372,0.5406213777886277,10.583863164844729
2.392792422039691,0.6946816709147489,10.621206785150193
2.391433679653363,0.8485732411673222,10.657764153986676
2.3902197989139875,1.0023502382542528,10.69042397704024
2.3890071501691166,1.1559712016947337,10.723050652914509
2.3878157939714173,1.3094473708875514,10.755104446461516
2.383078018670429,1.4605962049915533,10.882575702886157
2.385513699640298,1.615993151369234,10.817042980510308
2.384442401290051,1.7691024267635862,10.845866581891997
2.3834142463529333,1.9221082631878492,10.873529396885829
2.3823869777966977,2.0749822064680914,10.901168363537863
2.3815043083031653,2.2278588690577994,10.92491684931447
2.380648264454544,2.380648264454544,10.947948964179773
2.4673816429974536,-2.915996487178809,12.63773359249641
2.4706827849970647,-2.77015948620883,12.554298304966814
2.4706602537631115,-2.6203972388396637,12.554867774557486
2.470863705707318,-2.470863705707318,12.54972559301386
2.4711436152068367,-2.3213773354973317,12.542650971692701
2.4714235881453144,-2.1718570926125493,12.535574746972543
2.472150992433601,-2.0226689938093103,12.517189840794437
2.5464770028978236,0.5401617884934777,10.638624164207073
2.5451163566658344,0.6941226427270458,10.673014054010494
2.5438247736631525,0.8479415912210508,10.705658393214875
2.5425345008878115,1.0016045003497438,10.738269616850474
2.5412960221824887,1.1551345555374948,10.769571762256533
2.540070675134412,1.3085212568874245,10.800542009307975
2.5388613558780166,1.4617686594449188,10.831107159151372
2.533733591638922,1.6123759219520413,10.960709728117877
2.53667231797127,1.767983736767855,10.886434378393702
2.5356359011141514,1.9209362887228423,10.912629476479282
2.534724279158715,2.0738653193116763,10.935670424120758
2.5338133124728355,2.226684426112492,10.95869481003787
2.532900280736884,2.379391172813437,10.981771389422136
2.6973569901065915,0.6936060831702665,10.720885593280073
2.696007421178055,0.8473166180845315,10.753046369875591
2.694707142012617,1.0008912241761148,10.784032551364518
2.693408116486805,1.1543177642086306,10.81498885811115
2.69218949006326,1.3076348951735837,10.844029221542982
2.6910286036063678,1.4608440991005998,10.871693618079846
2.688776679545285,1.613266007727171,10.925357884577949
2.6849624673218075,1.7644039070971878,11.016252113552333
2.687892829538056,1.9199234496700401,10.946420389816012
2.6869176965719896,2.072765080212678,10.969658205098696
2.6859668307228888,2.2255153740275366,10.99231772511179
2.6850757708171633,2.378209968438059,11.013552045164147
2.8480491996687958,0.8467173296312636,10.7984868305563
2.8466836711063275,1.000186154713034,10.829268953279723
2.8454558836478183,1.15356319607344,10.85694607792206
2.8442291548949163,1.3068079900868537,10.88459933692964
2.84305359133124,1.4599464387917178,10.9110992160833
2.8420314209549358,1.6130448605419907,10.934141263560335
2.8380408674461273,1.7641875662502953,11.024097425019534
2.8362233153666425,1.916367104977461,11.065069186947227
2.8390108518495394,2.071710621619934,11.002231768184295
2.838069165966611,2.2244325895413977,11.02345951194004
2.837128104568346,2.377053276800506,11.04467317838968
2.999954207086486,0.8461409302038806,10.842191753241764
2.998660573876122,0.9995535246253738,10.869857732694427
2.997368055859818,1.1528338676383914,10.897499862314149
2.9962291207038008,1.3060485910760158,10.921857428563868
2.995152059560686,1.4591766444013599,10.944891740929961
2.994075772486442,1.6121946467234687,10.96790949885596
2.9930004099206475,1.7651028058506384,10.990907485001543
2.988099268919507,1.9154482493073763,11.095724573142007
2.988016496280038,2.0686268051169496,11.097494770539882
2.9900333109488364,2.2233581030132377,11.054362642561273
2.9891417593445326,2.3759844753764234,11.073429599228774
3.1493532334892227,1.152202402496057,10.932612028524488
3.148221318420212,1.3053600588571612,10.955638610968762
3.1470849726116126,1.4584052312102596,10.978755328082343
3.146000245479315,1.6113659793918442,11.000821964904503
3.1449567095856774,1.7642440078163557,11.022050647114199
3.143913865669932,1.917020649798739,11.043265252396743
3.1383984679307226,2.0667502105885247,11.155465155226764
3.140732956393312,2.221494042326977,11.107974585906938
3.141213606483633,2.375063946365674,11.098196706598998
3.298952691304477,1.4576767705763969,11.010733378816354
3.2978585900423654,1.6105821021137132,11.031955488959476
3.2967686751403438,1.7633878960053002,11.053096396934208
3.295785643588383,1.9161544439467342,11.072164105374306
3.2948031983049684,2.0688299152147476,11.091220442055594
3.289078849472802,2.218215968249099,11.202254736248314
3.2936915300284775,2.3745218007182047,11.11278329681437
3.4485979817359182,1.7626167462205804,11.081061112501736
3.4477090989703023,1.91539394387239,11.09753634199339
3.44717251806888,2.0683035108413277,11.107481740682324
3.445794868237525,2.2206233595308493,11.133016150852804
0.0,0.0,75.0
