-2.3852632429197964,-1.5178947909489613,9.713249375445812
-2.3818729801773144,-1.3713814128293627,9.798937160688979
-2.3854498048697272,-1.2288680812965262,9.70853408299962
-2.3852916525744736,-1.0842234784429428,9.7125313306883
-2.240922828245421,-1.5180444965533495,9.707303466353387
-2.237552497819215,-1.37140314382468,9.797983210896156
-2.2385955156979813,-1.2276168957053444,9.769920504027816
-2.240477167322504,-1.0841018551560504,9.71929410630031
-2.2403496277212787,-0.9395014567863427,9.722725597280629
-2.096111982899492,-1.5178741945134253,9.714067411175506
-2.095973026124133,-1.3732237067709838,9.71806392417691
-2.092570188651909,-1.2266790761062916,9.815932374018722
-2.0957319631882343,-1.0839992913042593,9.724997095697233
-2.095617868812726,-0.9394149067091533,9.728278545298572
-2.0955152125022973,-0.794850597845699,9.73123102658814
-2.0955161096805592,-0.6503325857629322,9.731205222991456
-2.327927441774583,2.8095676021417386,3.0468610592230476
-1.9513376681221135,-1.5177070752060882,9.720704946310391
-1.9512314272209712,-1.373088782118461,9.723986862470447
-1.9487954144180633,-1.2270193350039655,9.799238387052739
-1.9488243090837971,-1.0826801717132206,9.798345794186986
-1.9509975001488615,-0.9393691667383408,9.731213166370125
-1.950998335453256,-0.7948511737031784,9.731187362758135
-1.9509991707583654,-0.6503330569194551,9.731161559124054
-1.9510935404668392,-0.5058390660469583,9.728246359159357
-2.1617780197359786,2.1617780197359786,3.219935626184437
-2.1626829286140525,2.3228816640669447,3.191981843428522
-2.163725904319856,2.48427789014502,3.1597630012819167
-2.1650820460448994,2.6462113896104325,3.117870063676108
-2.166539056928716,2.8084765552779656,3.0728611498439022
-2.1681968262759357,2.9712326878596156,3.0216505524959985
-2.1698363691964917,3.134208088839377,2.9710029925806083
-2.1714302165745014,3.2973569955390576,2.9217670259208433
-1.8066276836502342,-1.5175672542661969,9.726258262775794
-1.8065293305787433,-1.372962291239845,9.729539573963343
-1.8064789287120318,-1.2284056715241816,9.731221109746699
-1.803663127178104,-1.0821978763068627,9.82516348424653
-1.8064804755720774,-0.9393698472974803,9.73116950252085
-1.8065001047104694,-0.7948600460726066,9.730514624026142
-1.80672097915638,-0.6504195524962969,9.72314568496379
-1.8069419076199866,-0.5059437341335963,9.715774943732299
-2.000710006467995,2.000710006467995,3.251173270364575
-2.001320306695863,2.1614259312315327,3.230812086569145
-2.001994061024399,2.3223131107883033,3.208333910927294
-2.00295930646998,2.4836695400227757,3.1761308426213617
-2.0040546925854,2.645352194212728,3.1395859471673333
-2.0053366577324434,2.807471320825421,3.096816295795179
-2.0068097478852986,2.9700784268702423,3.047670223124868
-2.0083517343658155,3.133028705610673,2.9962255919315766
-2.0098337117232496,3.2961272872261294,2.946783019280474
-2.011310563008445,3.459454168374526,2.8975114655709007
-2.0128455169395663,3.62312193049122,2.846301458295912
-1.6619603953700564,-1.517442100120486,9.731229053121133
-1.6619611069250524,-1.3729243926772172,9.731203249530871
-1.6619618184806575,-1.2284065614857034,9.731177445918519
-1.6603904438233483,-1.0828633329282706,9.78816124622864
-1.6597590097440709,-0.9381246576814314,9.811059358601263
-1.6623239798736176,-0.7950245121134693,9.718044147376077
-1.662527268468572,-0.6505541485311803,9.710672158368666
-1.6627329354921732,-0.5060491542802266,9.703213918827416
-1.6629400517269635,-0.36150870689716597,9.695703125580636
-1.8395533511540207,1.679592190184106,3.291058033558585
-1.840000415554242,1.840000415554242,3.274845841011455
-1.84043327735577,2.000470953647576,3.2591486867106596
-1.8409148525979797,2.1610739573976283,3.2416850046354
-1.8415052773780807,2.3218979584332318,3.2202740396494676
-1.8422714264143156,2.483061487775817,3.1924906695374915
-1.8431598736801698,2.6445337318019826,3.160272317696311
-1.8443105150159425,2.8065594793720865,3.1185458485813484
-1.8455480117276757,2.968925062344522,3.0736696854220185
-1.8469601515597351,3.1318019961230292,3.0224603230807503
-1.8467214322135093,3.2919816835110383,3.031117160896102
-1.8469572207610396,3.453006977944552,3.022566604575644
-1.8483469464412177,3.6163309821676,2.9721700614745004
-1.5174431994841866,-1.5174431994841866,9.731185389314092
-1.5174438491657765,-1.3729253873404645,9.731159585686441
-1.5175313870897709,-1.228477789548862,9.72768281178518
-1.5177169390608023,-1.0840835279005732,9.720313180192676
-1.5155133758067627,-0.938174946927996,9.807832861513063
-1.5170641470659734,-0.7946526484631289,9.746240344866166
-1.5182783494417293,-0.6506907211893126,9.698015450577422
-1.518467488180033,-0.5061558293933444,9.690503362112821
-1.5186566740479281,-0.36158492239236384,9.682989401786003
-1.6791119385535858,1.5191965158341967,3.310132353108827
-1.67938507954666,1.67938507954666,3.299283918136254
-1.679792906357978,1.8397731831539759,3.283086120094822
-1.6801948446748949,2.000231957946303,3.2671221974152616
-1.6805901578040299,2.160758774319467,3.2514214096025142
-1.6811005398537087,2.3215197931313116,3.231150389808704
-1.6816622063496522,2.4824537331828203,3.208842487985052
-1.6824730001748807,2.6438861431319554,3.176639910150982
-1.6833889379628413,2.805648229938069,3.1402612933063523
-1.6822921968897635,2.9640386326152974,3.183820936548173
-1.6831602992623718,3.1258691272015477,3.1493422153837685
-1.685231457545112,3.2902137980642663,3.067081307947973
-1.6882407311885061,3.4568738781478934,2.947560949368352
-1.6894812569322706,3.62031697914058,2.89829056079887
-1.6907703232602658,3.784105009201547,2.8470922691137304
-1.3731207839522233,-1.3731207839522233,9.72258204220143
-1.3732886927249082,-1.2287319882275494,9.715211163114759
-1.3734566425672559,-1.0843078757109916,9.707838481147192
-1.3736277406294903,-0.9398505593780724,9.700327598252102
-1.3716534747676934,-0.794115169602349,9.786994153665255
-1.373970008077137,-0.6508278985628545,9.685302701508661
-1.374169639973013,-0.5062730252532153,9.676539237022475
-1.374414512949851,-0.361688029723645,9.665789774233808
-1.5190931177362386,1.5190931177362386,3.314671334995552
-1.519296710656805,1.6792226801996266,3.305733988980805
-1.5196251989609293,1.8395462934790197,3.2913139707032
-1.5199946947012177,1.9999930193437074,3.2750938031612833
-1.52035227353146,2.160500599228917,3.259396765540643
-1.5207480437534941,2.321141750992175,3.242023197703361
-1.5212357810028339,2.4820162742677816,3.2206124504656515
-1.519701641845062,2.6394817989940553,3.28795827196889
-1.5203901830965874,2.800718758335819,3.2577326069841206
-1.5235454660864733,2.9669043286947114,3.1192216225322795
-1.524564722111274,3.1293696927547203,3.0744782014647853
-1.5257312443148578,3.292367421942588,3.0232700723298507
-1.526886472918738,3.455585175552933,2.9725577109653614
-1.528008016572864,3.618966355040994,2.9233240554939925
-1.2288359957724977,-1.373404936451615,9.710108282303707
-1.2289882240152856,-1.2289882240152856,9.70263956857329
-1.2291413128520317,-1.0845364525164987,9.695128631863788
-1.2292944398325305,-0.9400486892836999,9.68761582372251
-1.2281542669076395,-0.7946880550578844,9.743555674457362
-1.2280493844518983,-0.6501437917686521,9.748701480668672
-1.2298909968509084,-0.5064257045856682,9.658347183997464
-1.2301102259054248,-0.3617971252663015,9.647591236089326
-1.3589258326367566,1.3589258326367566,3.3275623566462826
-1.3590959253367314,1.518989563611641,3.319217166158097
-1.3592782148223468,1.6791083830158402,3.310273569627043
-1.3594969919960886,1.839319459759414,3.299539792165632
-1.3598271350312086,1.9997457868106006,3.28334211574078
-1.3601526762383231,2.160242485790278,3.2673702169730774
-1.3585403082212333,2.3175099375538686,3.346477187711116
-1.359117657407198,2.478391022330773,3.3181509342282567
-1.3613352298940373,2.642591916853131,3.209351057297866
-1.3619915768142778,2.804100305205867,3.1771489693978623
-1.3627296612598396,2.965941027447886,3.140936625802368
-1.363601362014258,3.128261948150357,3.098168718388422
-1.364597644871059,3.2910884376302016,3.049288488835117
-1.3656474278621107,3.4542846704747507,2.9977834034735764
-1.084629968035456,-1.2292472971068502,9.689928768522563
-1.0847651033799404,-1.0847651033799404,9.68241466464206
-1.0849450572251578,-0.9402857162618035,9.672408460182204
-1.0851384044783403,-0.7957681632841163,9.661657524881228
-1.0836277643214032,-0.6501766585928419,9.74565558703604
-1.0855334329765294,-0.5065822687223803,9.639692248642923
-1.085747355586058,-0.3619157851953526,9.627797235413617
-1.1988348045348225,1.1988348045348225,3.3396507684305874
-1.1989759930747363,1.3588394588180344,3.3318000809609316
-1.1991260558047856,1.5188930040193949,3.323455950515367
-1.1992815009939581,1.678994101391541,3.314812532291768
-1.1994422315710331,1.839144755075584,3.305875223865712
-1.1981163785996436,1.9968606309994057,3.3795983271391776
-1.1983173655993569,2.1569712580788423,3.36842258921331
-1.20027364918966,2.3205290551000086,3.25964484366213
-1.200584478778984,2.4812079228099004,3.2423613873448005
-1.2009695305852892,2.642132967287636,3.2209508579011725
-1.2014630637840165,2.803413815496038,3.1935082984592214
-1.2020424682781978,2.965038088419554,3.16129092723979
-1.202786899057649,3.1272459375498873,3.119897387821993
-1.2035891877984348,3.2898104466490548,3.075286697972942
-1.2045101042027526,3.4529289653812234,3.0240798019997186
-0.9405693024435634,-0.9405693024435634,9.654213914584332
-0.9407385831233568,-0.7960095703351481,9.643353071407049
-0.9409239602279604,-0.6514088955424341,9.631459501129477
-0.9396304726868283,-0.5059548699082921,9.714448093526151
-0.9412949337029065,-0.3620365129626563,9.607658292750358
-1.038929295788238,1.1987645720633515,3.343555994620175
-1.0390491452877864,1.3587565746071049,3.335866596036368
-1.0391765229951708,1.5187964566852494,3.32769419676508
-1.038166427759363,1.6770380756112784,3.3925006824409394
-1.0379748076763007,1.8364169674273012,3.4047947946473442
-1.0396113587142188,1.999252612911959,3.2997956642318655
-1.0398638191781449,2.1597171629084544,3.283598106952965
-1.040112886731739,2.3202518242477255,3.2676182346873333
-1.0403576006968764,2.480852740123321,3.2519176833787498
-1.0406707409130416,2.641702650010028,3.231826986765185
-1.041013131546122,2.8027276618549437,3.20985961886592
-1.041515036260795,2.964312026280724,3.177658020888785
-1.042076862234625,3.126230586703875,3.141611947573523
-1.0427434433843226,3.28865239836594,3.0988449091812242
-0.7962750345618743,-0.7962750345618743,9.623224506121154
-0.796431996766494,-0.651626179172586,9.611323000513153
-0.7955159162601952,-0.5062374012564879,9.680783908694906
-0.7959422202213076,-0.36179191828241253,9.648459827899892
-0.879004698832131,1.0388237349834275,3.3503286478734253
-0.8790447107446998,1.1986973328336816,3.3472947837468325
-0.8783681546040774,1.3574780571153922,3.398593991229646
-0.8780039470248037,1.5165522721337517,3.4262096746210915
-0.8786215307361949,1.6773683768600083,3.3793819938915846
-0.8794712385657634,1.8388944079102323,3.3149537289900337
-0.8795891071598855,1.999066152636103,3.306016458152442
-0.8797762592243935,2.1594508180962384,3.291825835953375
-0.8799899307639044,2.319973453832111,3.275624400506416
-0.8801974043299311,2.480556321293442,3.2598929203353606
-0.8804241576251504,2.6412724728754506,3.24269957355979
-0.8807065260774555,2.8022480375191763,3.221289261906918
-0.8810662031371105,2.963586319643008,3.194017100733305
-0.8814910932925639,3.125286603491818,3.161800220369244
-0.6510871335918024,-0.36171507421766796,9.661278405170592
-0.7191690366783853,1.0387997196465566,3.3518694427705356
-0.7181874556989345,1.1969790928315576,3.442836286355856
-0.7185034683437223,1.3571732179825864,3.413550192359338
-0.7193404047988399,1.5186075212419952,3.3359881071138204
-0.719428477908143,1.6786664484523337,3.3278260370189656
-0.7195185262487408,1.8387695670801154,3.3194809147256734
-0.719614830854897,1.998930085708047,3.3105560005024444
-0.7197281796728054,2.1591845390184163,3.3000515343349974
-0.7199029587083509,2.3196873113935745,3.283854096200699
-0.720075476116135,2.4802599732889097,3.267866251714935
-0.7202448922131164,2.64089793811476,3.252165817499545
-0.720460708722456,2.801791645031774,3.232165280550248
-0.7206959111948206,2.9628609682453737,3.2103681726575957
-0.5069114120118371,-0.3620795800084551,9.60047415619762
-0.5067846796319018,-0.2171934341279579,9.615574577051767
-0.5586301511250805,0.8778473803394123,3.4380811903705393
-0.5586061597276791,1.0374114394942613,3.440939814171543
-0.5593662242280214,1.198641909060046,3.35037658291742
-0.5593916863197655,1.3585226667765733,3.34734272289397
-0.5594542027557923,1.5185185503371506,3.3398937623774287
-0.5595199174141966,1.67855975224259,3.332063727159124
-0.5595899461104835,1.838652680077303,3.323719665551991
-0.5596623304444446,1.9987940373015876,3.315094924924395
-0.559737337414756,2.158986872885487,3.306157691840994
-0.5598554716109766,2.3194012395311887,3.292081762065905
-0.5599914433654024,2.4799621063324966,3.2758804509475112
-0.3620956257550584,-0.217257375453035,9.59779751951288
-0.39930694677433537,0.5590297254840695,3.3904710927274664
-0.3990662299194677,0.7183192138550418,3.43062575678303
-0.3996751858011913,0.879285408762621,3.3290440920146267
-0.3995562527325299,1.3584912592906015,3.348883655886553
-0.3995867341728424,1.5184295898568012,3.343798960025296
-0.39963282979666226,1.6784578851459815,3.3361096177483205
-0.39968169737697923,1.8385358079341043,3.3279578775142795
-0.39973172403500407,1.99865862017502,3.3196127882270474
-0.21767645265581725,-0.21767645265581725,9.48128508349258
-0.21741666395606385,-0.07247222131868795,9.55351190484641
-0.23998182643893184,0.23998182643893184,3.2799135496553617
-0.2396054238112986,0.399342373018831,3.384561539998984
-0.23964140719058533,0.5591632834446991,3.374557390049759
-0.07251084741629378,-0.07251084741629378,9.521295258156009
-0.0726661122880651,0.0726661122880651,9.391794381097874
-0.07995715157099446,0.23987145471298338,3.310599252844767
0.07993285215651562,-0.39966426078257805,3.3308665254809426
0.07991312962786487,-0.2397393888835946,3.347316381323651
0.07082595374114348,-0.07082595374114348,10.926604818473145
0.07047172305931189,0.07047172305931189,11.22205596241028
0.23848992978226594,-2.941375800647947,3.6946927660018076
0.23848478659184566,-2.7823225102382,3.6961226830691203
0.23848978460391246,-2.623387630643037,3.6947331286927607
0.23850466771473586,-2.4645482330522706,3.690595305193696
0.23852065765724298,-2.3056996906866822,3.686149758786115
0.2385414090021118,-2.146872681019006,3.6803804405666796
0.23857783372025682,-1.9881486143354734,3.670253588964499
0.23864261242302934,-1.8295933619098916,3.6522437224956263
0.2387272434463939,-1.6710907041247574,3.6287144858069382
0.2388143185004521,-1.5124906838361967,3.6045057562516973
0.23891438814120403,-1.3538481994668228,3.576684253344169
0.23929733082030752,-0.7178919924609226,3.470217988650532
0.2392662570846583,-0.558287933197536,3.478857152538964
0.23948335554190311,-0.3991389259031719,3.4184991327232552
0.21710296626957765,0.07236765542319255,9.640726578858228
0.21716106238568203,0.21716106238568203,9.624574614576467
0.39757374754152314,-3.26010472984049,3.6795909924253607
0.39752300434427373,-3.100679433885335,3.6880556096611343
0.39748949171130527,-2.941422238663659,3.693645947401322
0.397477169823122,-2.7823401887618537,3.695701396658521
0.3974756666382287,-2.623339399812309,3.695952147211216
0.39750047091044455,-2.4645029196447563,3.691814475927174
0.39752649423745173,-2.3056536665772196,3.6874734506418605
0.3975534284880808,-2.146788513835636,3.682980471593126
0.39761183473971856,-1.9880591736985926,3.673237558432561
0.39769614872466263,-1.8294022841334479,3.659172902501112
0.39783717095973636,-1.6709161180308927,3.6356485818761115
0.39798105180231974,-1.512327996848815,3.6116474087918817
0.39812990511769464,-1.3536416774001616,3.5868167633610994
0.39833614514447796,-1.1950084354334338,3.5524132771787578
0.3981580240961861,-1.035210862650084,3.5821261564838522
0.39816183452759796,-0.8759560359607155,3.581490527568988
0.3985134008284813,-0.7173241214912663,3.5228447517549597
0.36110254029497346,0.21666152417698406,9.76345693314262
0.5568223183767292,-3.5795720467075456,3.6534881396281094
0.5567257839379224,-3.4198869584758085,3.6649904143715304
0.5566307540346103,-3.2602658450598603,3.6763134206503736
0.5565460308332252,-3.1007564574993975,3.686408362429887
0.5564991108177746,-2.9414953000368085,3.691998977710284
0.5564715735020327,-2.782357867510164,3.695280104894252
0.5564595729372723,-2.6233094152757124,3.696709996595658
0.5564904275916494,-2.464457607905876,3.693033601765549
0.5565259831081267,-2.305607644305096,3.6887970896542157
0.5565636895498968,-2.146745659692459,3.684304290419078
0.5566315275104259,-1.9879697411086636,3.676221259433632
0.556716529163061,-1.8292114529643435,3.6660931396212817
0.5569138561423381,-1.6707415684270142,3.642581228659907
0.5566681791940552,-1.510956486383864,3.6718541367764317
0.556575446627554,-1.3516832275240598,3.682903410701286
0.5567828413901837,-1.193106088693251,3.6581919028746768
0.5573524552700051,-1.035083131215724,3.5903212504490085
0.505038223494003,0.21644495292600127,9.823668378328485
0.5049571600590294,0.36068368575644955,9.833327251495781
0.7161516201445064,-3.7399029051990884,3.631504912095437
0.7159509854589977,-3.5797549272949887,3.6500984916742425
0.7158268570704466,-3.420061650447689,3.6616019416617718
0.715703482581526,-3.2604269762047298,3.673035524902488
0.7155834460375636,-3.1008615994961093,3.684159768085422
0.7155166293319035,-2.941568365031159,3.690351926389127
0.7154679976670916,-2.782375546483134,3.6948588077762565
0.7154525681733191,-2.62332608330217,3.6962887176624406
0.7154745380805908,-2.464412297833146,3.694252682775655
0.7155191880939699,-2.3055618283027917,3.6901147961741714
0.7155676024200516,-2.1467028072601546,3.6856280563939947
0.7148878438764709,-1.98579956632353,3.748623866626886
0.714750836638609,-1.826585471409779,3.7613208485749254
0.7149742941139804,-1.6682733529326208,3.7406121942350268
0.7155739839904006,-1.510656188424179,3.685036651992405
0.7164733315656349,-1.3533385151795325,3.601690690815616
0.7167862644043194,-1.1946437740071991,3.572690014167165
0.7171576545985842,-1.0358943899757327,3.5382718719883
0.6479938760556195,0.35999659780867754,9.947942348700245
0.6487757514231034,0.5046033622179693,9.875482983914146
0.6483576796998607,0.6483576796998607,9.914227280973513
0.8757716253007366,-3.901164512703281,3.5954732854515754
0.875401219470742,-3.740350665011352,3.6235589451401324
0.8751045272992203,-3.579973066224083,3.6460553387896226
0.8749441851848506,-3.420236360268052,3.6582131227478243
0.8747919355134643,-3.2605881232774583,3.6697573051337002
0.8746452096661865,-3.1010148342710253,3.680882648960548
0.8745420478434919,-2.9416414336553816,3.688704793242394
0.8744683214650965,-2.7823992046616706,3.694295023757178
0.873978383338095,-2.6219351500142847,3.7314441029269574
0.873356397343378,-2.4612771197858834,3.7786055824828537
0.8732063012712079,-2.3020893397150024,3.789986470315057
0.8734375857628163,-2.1438922559632765,3.772449550006172
0.8740536492891784,-1.9864855665663144,3.725737135819287
0.8747615460320288,-1.8290468689760602,3.6720615578333025
0.874967541177665,-1.6703925786119056,3.656442177442017
0.8752778157370036,-1.5118434999093697,3.6329159125240693
0.8755954322798706,-1.3531929407961634,3.6088329488877946
0.8759384529456404,-1.1944615267440553,3.582823742485459
0.7919716524569367,0.35998711475315304,9.949524244197406
0.7908341291819114,0.5032580822066709,10.035775833678734
0.7916102816059072,0.6476811394957422,9.976924835444933
0.7911051049306486,0.7911051049306486,10.015229362628325
0.7906203202838368,0.9343694694263526,10.051987684204413
1.0351349741421911,-3.901662594843643,3.5869950711419705
1.0346889556741028,-3.7407985320525254,3.61561107529549
1.0342813850862342,-3.5802047945292723,3.641760310068861
1.033699479014866,-3.4191598152030176,3.6790946980968044
1.0328124281334337,-3.2573315041131368,3.736006807176622
1.0323981932884052,-3.0971945798652154,3.7625836126095322
1.032080097447227,-2.9374587388882616,3.7829922561156764
1.0320682677906863,-2.7786453363595403,3.7837512325368863
1.0322765035260282,-2.620394201258379,3.7703910802252665
1.0334252217714517,-2.4643216826857692,3.6966907103209508
1.0334897114698411,-2.3054770486634917,3.6925531294604923
1.0335563851192622,-2.146617107555391,3.6882754289496944
1.0336264125036718,-1.9877431009685993,3.6837825568681524
1.0337625932670167,-1.8289645880877985,3.67504536419942
1.0339445618494691,-1.6702181383722192,3.6633704805705207
1.0343111733561883,-1.5116855610590443,3.6398491307843273
1.0346833041444723,-1.3530473977273865,3.6159736705845944
0.9357553481528043,0.3599059031356939,9.963071385374
0.9337049670148518,0.5027642130079971,10.094621353274299
0.9336090109929776,0.6463446999182152,10.100777775299328
0.9340044124650702,0.7903114259319824,10.075409296240132
0.9334326337477133,0.9334326337477133,10.112093925513243
0.9328646217325451,1.0763822558452445,10.148536887740725
1.1928063695736162,-3.8965008072738128,3.674857569495856
1.1923541140600384,-3.7360428907214533,3.700004912868735
1.1919280095749154,-3.575784028724746,3.7236981470657895
1.1918193671988728,-3.4165488526367684,3.7297391284428443
1.1923915987514793,-3.259203703254043,3.6979206034936425
1.1928159035672667,-3.1013213492748934,3.674327438618846
1.192616587213997,-2.9417875817945256,3.685410281447787
1.1925160412723854,-2.7825374296355663,3.691001066396879
1.192443676660598,-2.623376088653315,3.6950248487191146
1.1924179609674925,-2.464330452666151,3.696454751385147
1.1924662040596155,-2.305434661181923,3.693772228858464
1.192541255705256,-2.1465742602694604,3.6895990359465998
1.1926220532997285,-1.9877034221662135,3.685106343672203
1.1927493356100813,-1.8288823146021247,3.6780289021205874
1.1929314720461104,-1.6701040608645545,3.6679013362645065
1.1933113067402341,-1.5115276552042962,3.646780900600845
1.0792790331975324,0.21585580663950646,9.987463661288523
1.0785973924258418,0.3595324641419473,10.02536580737194
1.0779365456803964,0.5030370546508516,10.062111716544173
1.0753134328138694,0.6451880596883216,10.207968025599499
1.076617592538346,0.7895195678614537,10.135451159757345
1.0759680667314961,0.9325056578339632,10.171567576260898
1.0753193241728611,1.0753193241728611,10.207640440809378
1.0746757140972694,1.2179658093102386,10.24342791732041
1.3539837835353572,-3.902659140778383,3.5700321461152953
1.3533788935231301,-3.741694587975713,3.5997096242032995
1.3528289599883487,-3.5810178352632764,3.6266907944961275
1.3523997706942528,-3.42077589057958,3.64774793813163
1.3521592451010407,-3.261089944067216,3.6595487496475414
1.3519248385188793,-3.1014746295433118,3.6710493465579788
1.3516980893292807,-2.941931135599023,3.6821742518626763
1.35155175153247,-2.7826065472727324,3.6893539649849316
1.3514447538778542,-2.6233927575275997,3.6946035483573354
1.3514156090550198,-2.464346110629742,3.696033469208345
1.3514368510138737,-2.305392275258961,3.6949912834296157
1.351521188091785,-2.1465336516751883,3.690853486919309
1.3516113465645798,-1.9876637449479115,3.6864300776271506
1.3517217749901824,-1.8288000485161293,3.6810121717023208
1.3519281777144334,-1.6700289254119474,3.6708855169346037
1.221184197017967,0.35917182265234326,10.085525441260096
1.2204367386205675,0.502532774726116,10.122197695326328
1.2184744030770995,0.645074683981994,10.218474983619053
1.2171230365754275,0.7875502001370415,10.284776540813851
1.2182267461813576,0.9315851588445677,10.230625675394677
1.217516854317686,1.074279577339135,10.265454817557895
1.216813628799917,1.216813628799917,10.299956891443493
1.216111215165217,1.359183122831713,10.334419132232973
1.5128134544182623,-3.742222755666228,3.5903367352106983
1.5121663437547779,-3.5814466036297374,3.6187436753602213
1.5116034622433556,-3.4209973092875945,3.6434531142684676
1.5113140054848972,-3.2612565381516205,3.6561597211556602
1.5110495019055294,-3.101627924963982,3.667770930447091
1.510796051265751,-2.9420765208859363,3.678896936494155
1.5105953628151616,-2.7826756683437193,3.6877067817436426
1.510468013388547,-2.6234444443064238,3.693297181877739
1.5104152776468998,-2.4643617687923105,3.695612181678001
1.5104016526642272,-2.3053498909085572,3.6962102927726903
1.5104959082761464,-2.1464941854450506,3.6920726488152695
1.510594292678335,-1.9876240693135985,3.68775375873615
1.5106966420238488,-1.828738040344659,3.683260815107772
1.3634887422547903,0.3588128269091554,10.145410543501946
1.3626662831992384,0.5020349464418247,10.181514948026354
1.3618448157633367,0.6450843864142122,10.217575822314515
1.358755954392134,0.7866481841217617,10.353171022723465
1.3602527278507268,0.9306992348452342,10.287465485085278
1.3594673488369327,1.07326369645021,10.32194214556776
1.3586812198375053,1.2156621440651363,10.35645172900793
1.3578954337951061,1.3578954337951061,10.390946257280063
1.6704850276687038,-3.2614231492579453,3.6527703463863332
1.670195418131314,-3.1017914908152977,3.6642728682101193
1.6699097386865405,-2.9422219205429525,3.675619297190792
1.669646875705301,-2.7827447928421685,3.6860595168245283
1.6695061140870833,-2.6235096078511306,3.6916501945352707
1.6694169667816474,-2.4643774271538605,3.695190888793988
1.6693809649921711,-2.305335618322522,3.6966207842762913
1.6694647827403313,-2.1464547206661404,3.6932917658809714
1.5055256132565211,0.35845847934679076,10.204520269463927
1.5046212826551681,0.5015404275517227,10.240437879677117
1.503751864737554,0.6444650848875232,10.274968850795965
1.5021918764419304,0.7868624114695827,10.33692744365515
1.4995707476559395,0.9283057009298674,10.441031719141257
1.501146233815139,1.0722473098679564,10.378457592292385
1.5002783740264445,1.2145110646880741,10.412926678667851
1.4994115172582678,1.356610420376528,10.447355927731685
1.8290391539232607,-2.942367334572202,3.672341333904555
1.8287323875965855,-2.782853633299152,3.6834658044563895
1.647311077152557,0.35811110372881677,10.262466985527944
1.646359559197803,0.5010659527993314,10.296972511548098
1.6454091398379223,0.6438557503713609,10.331438198494496
1.6444570712298883,0.786479468849077,10.365963693219378
1.6409584713820402,0.9274982664333271,10.492835737494417
1.6411305940572953,1.0703025613417145,10.486593938881995
1.6416183127394508,1.2133700572422026,10.468907473173658
1.640688840050283,1.3553516504763208,10.502613557121798
1.7878279838436901,0.5005918354762333,10.353464554991753
1.786793951615266,0.6432458225814959,10.387962527124053
1.7857611148090038,0.7857348905159618,10.422420616901341
1.7847339243150804,0.928061640643842,10.456690331190543
1.7805730936993744,1.0683438562196248,10.595506331970896
1.782713646411837,1.2122452795600491,10.5240919932372
1.7817131074812664,1.3541019616857626,10.557472542890572
1.927911214117264,0.6426370713724213,10.444377817535688
1.9268162731974838,0.7849992224137897,10.478201931038967
1.9257254935971493,0.9272011635838127,10.511897496107622
1.9219981530740309,1.067776751707795,10.627039771495994
1.9207546166027376,1.2093640178609828,10.665454190019084
1.922561911518223,1.3529139377350459,10.609624558254517
2.067625264716891,0.7842716521339932,10.533369235717139
2.0664818112677734,0.9263539153958985,10.566255912628648
2.065374617113437,1.0682972157483295,10.598099741916215
2.0609283183388265,1.2081303935089673,10.725979010954667
2.0617791641141165,1.3508208316609729,10.70150797530816
2.2058785388454236,1.0673605833123019,10.650180516557597
2.206800542752393,1.3525551713643698,10.625373726665032
0.0,0.0,70.0
