-1.7991603858721,2.047320439095838,3.254643538112113
-1.7996468673037722,2.17198759847007,3.240651925529022
-1.800215085936486,2.2968261441258617,3.224309482726838
-1.6736818438596222,1.6736818438596222,3.297845452290069
-1.6740816979339879,1.7980877496328016,3.285493452879173
-1.6744794720578513,1.9225505049553104,3.273205705776867
-1.6748670380263035,2.04705971314326,3.2612333015401447
-1.6752547834310458,2.171626571114319,3.249255354288877
-1.6757711991826565,2.2964271988799365,3.2333026168563705
-1.6763003805920884,2.42132277196635,3.2169555320656684
-1.6770120968832831,2.5465739248968373,3.1949697133053974
-1.6778091664964876,2.6720664503462577,3.1703472221919426
-1.678611583848377,2.7976859730806285,3.1455595326490524
-1.5491085117847423,1.4251798308419628,3.317759543240811
-1.5493126301490983,1.5493126301490983,3.310949630114628
-1.5495168023118768,1.673478146496827,3.304137922134828
-1.5498719152600773,1.7978514217016897,3.292290441704246
-1.5502422300906376,1.9223003653123902,3.2799357874162354
-1.5506053436280671,2.046799053589049,3.267821386771111
-1.5509642757267965,2.171349986017515,3.255846489665416
-1.5513705352694918,2.296028392198848,3.242292627419033
-1.5518603478592,2.420902142660352,3.225951220831007
-1.552383203733747,2.545908454123345,3.2085074053545526
-1.5506924151574326,2.667190954070784,3.2649164568172893
-1.5509361676491273,2.791685101768429,3.2567842473614164
-1.5520382279008877,2.917831868453669,3.2200166855695684
-1.4249054912339918,1.301000665909297,3.3277081022079855
-1.4250808319679817,1.4250808319679817,3.321349604999547
-1.4252642893115046,1.5492003144690267,3.3146967698019694
-1.4254521004661873,1.6733568135907417,3.3078860494656865
-1.4256947788053096,1.7976151558849558,3.299085644067894
-1.426035378896379,1.9220476845994676,3.2867342373013173
-1.426375290587284,2.0465384604078425,3.274407794446013
-1.4267054240288481,2.1710734713482474,3.2624359467251125
-1.4268144289260558,2.295310168272351,3.2584830299166327
-1.4249709590433612,2.41625510446483,3.3253339996612183
-1.425278546734133,2.540713931134759,3.314179743438963
-1.4264340286130637,2.666811444798337,3.272277738500364
-1.4291766255868752,2.7962151370177994,3.172821127335183
-1.300760125773811,1.176878209033448,3.337261717682331
-1.3009125967151824,1.3009125967151824,3.3312059767477393
-1.3010726687536411,1.424984351492083,3.3248483404200684
-1.3012339326606253,1.549088015072173,3.318443366239336
-1.301405387549155,1.673235498277485,3.3116336333317733
-1.3015768876265652,1.797415701960495,3.304822105641854
-1.3018611766629133,1.9217950703119195,3.293530899991893
-1.3021722262340105,2.046270641224874,3.281176836959041
-1.3003618711133618,2.1672697851889366,3.353079335308223
-1.300385779215092,2.291155896712305,3.3521297689907783
-1.3015421044892288,2.4171496226228535,3.30620359949706
-1.30352135924263,2.54497027280704,3.227592856214798
-1.3039330354633116,2.6699581202344,3.211242169854799
-1.3045592549522518,2.7954841177548255,3.1863703945571302
-1.1766713549896148,1.0528112123591291,3.3463422208704827
-1.176804782365201,1.176804782365201,3.3404850102163124
-1.1769382399770874,1.300826475764149,3.334626472245489
-1.1770812955436005,1.4248878840790955,3.328346602131589
-1.1772261386386724,1.5489817613666743,3.3219882628784276
-1.1773766596485693,1.67311420055323,3.31538067385128
-1.1775318038876281,1.7972853848811168,3.30857013376567
-1.1760814883809947,1.918869796832149,3.3722362547549594
-1.175835540712433,2.042240675974226,3.3830328944875347
-1.1766269576784731,2.1674707115129768,3.3482911792659635
-1.1785553465813352,2.295081464395232,3.2636385360014444
-1.1788281790483905,2.419699946467749,3.2516617042169784
-1.1791716301210755,2.5445282544717944,3.2365848485621598
-1.1795439696903263,2.6694942471938963,3.220239842281387
-1.1800070251486237,2.7947534806151615,3.1999125792149172
-1.0527279643158263,0.9288776155727879,3.350426586508938
-1.0527750590429212,1.0527750590429212,3.3481159966443883
-1.0528649053999044,1.1767313648587168,3.343707900566166
-1.0529842999656323,1.3007453117222516,3.3378500924744614
-1.0531067089281834,1.4247914297263657,3.331844390230323
-1.053236287852175,1.5488768939002573,3.3254869110197376
-1.052131294663455,1.6710320562301932,3.379700752350807
-1.051580939949927,1.7938733681498755,3.406702586768972
-1.051931292944383,1.918227651839757,3.389513357147294
-1.0538623372428173,2.0457327722948806,3.294771298764232
-1.0541141272263936,2.170234967819046,3.282417826944041
-1.0543626223658356,2.2947892369138776,3.270226008751152
-1.0546066734706205,2.4193917803149527,3.258252226463135
-1.0548650883672126,2.544086389591513,3.245573719170558
-1.0551981186109667,2.669030535310092,3.229234388776817
-0.9288547534183449,0.9288547534183449,3.351697820204855
-0.9288963055437726,1.0527491462829421,3.349387344081002
-0.928940491983379,1.1766579565122801,3.3469303888071593
-0.9290458269861314,1.300664157780584,3.341073311549124
-0.928340956443849,1.4234561332139017,3.3802671323606788
-0.9275671627209809,1.545945271201635,3.4232933771814515
-0.9276727710821958,1.6698109879479526,3.4174211000222243
-0.9293780373374748,1.7967975388524513,3.3226009932988276
-0.9296180690890067,1.9212106761172802,3.3092541999597884
-0.9297563381298853,2.045463943885748,3.3015658491394575
-0.9299784473438889,2.169949710469074,3.2892156256415888
-0.9302006627481022,2.2944949681119855,3.2768594975133
-0.9304168048640398,2.4190836926465034,3.264841070222438
-0.9306321889029,2.54372798300126,3.252864795263605
-0.8050374700440788,0.8050374700440788,3.3497719606480985
-0.8050024882714021,0.9288490249285408,3.352016348770647
-0.8050236501400702,1.0527232347985531,3.35065862893385
-0.805059663431954,1.1766256619390096,3.3483480597896005
-0.8037274099871997,1.2983288930562455,3.4338238255623423
-0.8037447337199469,1.4220099135045212,3.432712355872816
-0.8044503038069057,1.5470198150132803,3.387443834536569
-0.805406032087937,1.6727663743364847,3.3261254667639264
-0.8055051437444378,1.7968960898914381,3.3197665830471905
-0.8056105852255327,1.9210713955378085,3.3130015854588635
-0.8057167463203398,2.045280971428555,3.3061904183272404
-0.8058753961507368,2.1696645280981373,3.2960116375582444
-0.8060679322108388,2.2941933455231567,3.2836587573754983
-0.8062585611441405,2.4187756834324214,3.271428236136046
-0.6812018390267955,0.8050567188498493,3.348536980607385
-0.68117223765106,0.9288712331605365,3.3507814759632737
-0.6801876429679772,1.051199084586874,3.4254374045717455
-0.6799472580957693,1.1744543548926925,3.4436643523366044
-0.6803500481315583,1.2988500918875203,3.4131231919253935
-0.6812925145211953,1.424520712180681,3.341661599953021
-0.6813697758996962,1.5485676724993098,3.335803331513574
-0.6814512774704942,1.6726531356093948,3.3296235546414152
-0.6815351298256715,1.7967744331767705,3.323265531843468
-0.6816210802150532,1.9209321351515136,3.3167484276545025
-0.6817108958098175,2.045132687429453,3.3099382480487662
-0.6818049607967147,2.1693794207168198,3.3028058624417653
-0.6819678330934537,2.293891802223435,3.2904562298807107
-0.6821307832365858,2.418463686020623,3.2781006946930376
-0.5567116781835354,0.8041390907095513,3.4074108895437263
-0.5563222566506912,0.9272037610844855,3.443500064465198
-0.5564258634579134,1.0510266309760588,3.4338984274894813
-0.557321561641999,1.17656774124422,3.3508906692738023
-0.5573464936974631,1.3004751519607474,3.348580120845142
-0.5573863731201604,1.4244318424181877,3.344884343030863
-0.5574495790949803,1.548471053041612,3.339026804890395
-0.5575133040609284,1.672539912182785,3.333121169867674
-0.557581901255452,1.7966527929342344,3.3267640068874798
-0.5576505153217651,1.920796219441635,3.320405280334377
-0.5577230249809458,2.044984424930135,3.3136855343702507
-0.557796519178312,2.1692086856934356,3.3068745475070287
-0.43378069205999903,0.5577180326485701,3.314148192803799
-0.4328120716544766,0.6801332554570346,3.429561284381265
-0.4327493743715193,0.8036774095471072,3.4370317931774466
-0.43344263002681255,0.9288056357717412,3.3544289717059996
-0.4334751339027526,1.0527253251923991,3.3505560687719935
-0.43346165690787153,1.1765387830356513,3.352161880125472
-0.43348104755182537,1.3004431426554761,3.349851445456089
-0.4335004399309119,1.4243585883444247,3.3475408040421115
-0.43354484477916555,1.548374445639877,3.3422498760493156
-0.4335940099910865,1.672434038537048,3.336391741042547
-0.43364545462494464,1.7965311691604848,3.330262008275419
-0.4336988138955138,1.9206661758229893,3.3239041426496385
-0.4337531299236815,2.044836183925927,3.31743227740985
-0.30945477902501123,0.4332366906350158,3.378967069137502
-0.3092628291780323,0.556673092520458,3.4109867697321974
-0.3093705285507096,0.6806151628115612,3.3930211306778304
-0.3096495057031336,0.9289485171094009,3.346484157432144
-0.30963249880743887,1.052750495945292,3.3493211261339226
-0.3096190440413692,1.176552367357203,3.3515655539774585
-0.3096216987918789,1.3004111349258913,3.3511227074849472
-0.3096355498093574,1.424323529123044,3.348812179815482
-0.3096555700583697,1.5482778502918484,3.3454725450656113
-0.3096906836850986,1.6723296918995327,3.33961514099704
-0.18598284124907805,0.18598284124907805,3.2927877058354156
-0.18575765739237046,0.3095960956539507,3.3553936398334017
-0.18571349826225966,0.4333314959452725,3.367670823578038
-0.055111982907195364,-0.055111982907195364,9.033065937761386
-0.05511197268553397,0.05511197268553397,9.033074463283612
-0.061980909922611495,0.1859427297678345,3.3039395565231686
0.06194692158287096,-0.3097346079143548,3.332288015230752
0.061952099496108616,-0.18585629848832586,3.3279693029685617
0.05511195117034843,-0.05511195117034843,9.033092408330461
0.05511194094869882,0.05511194094869882,9.03310093384286
0.18459801834022296,-2.153643547302601,3.6777981275339116
0.18462575882750618,-2.030883347102568,3.6700856780656537
0.1846711619278642,-1.9082686732545966,3.6574626439553057
0.18473556346907818,-1.7857771135344225,3.639557636475807
0.18480087047261984,-1.6632078342535785,3.6214008910806754
0.18486724310714056,-1.5405603592261712,3.6029478774551364
0.18493973942910008,-1.4178713356231005,3.58279234759587
0.1850339497182302,-1.2952376480276113,3.5565998699047583
0.1851294085486607,-1.1724862541415175,3.5300602709972893
0.1852270530900397,-1.049619967510225,3.502912997643776
0.18532637712261515,-0.9266318856130757,3.475298789774932
0.18540829305416232,-0.5562248791624869,3.452524406749397
0.18546932581191786,-0.4327617602278083,3.435555993206677
0.18564811143642462,-0.3094135190607077,3.385849761279964
0.18597987827731008,-0.18597987827731008,3.293611475432641
0.30759892036430725,-2.3992715788415966,3.6885481373021918
0.3076194362127146,-2.276383827974088,3.685125830205891
0.307647296563408,-2.153531075943856,3.6804783657681455
0.30769352587960164,-2.030777270805371,3.6727667218855657
0.3077479783805209,-1.9080374659592296,3.6636833451415427
0.30785528826978537,-1.7855606719647554,3.6457826769244264
0.3079626730210541,-1.6629984343136925,3.627869520763184
0.3080736119108706,-1.5403680595543532,3.6093634886295973
0.30818428483100335,-1.4176477102226153,3.5909018236563597
0.3083353202686801,-1.2950083451284564,3.565707172190315
0.30849244181375474,-1.172271278892268,3.5394972798176596
0.3086551683602181,-1.0494275724247415,3.5123524012018734
0.30881802129091285,-0.9264540638727385,3.485186440072539
0.3085156007864906,-0.8021405620448756,3.5356340656252385
0.30857976727012143,-0.6788754879942671,3.524930271762372
0.3088764482368987,-0.5559776068264176,3.475440074828846
0.4305753040011576,-2.644962581721397,3.696076700057226
0.4306017544969996,-2.5220959906252833,3.692925069675006
0.43062850581861556,-2.3992159609894297,3.6897375952899125
0.4306572266747307,-2.27633105528072,3.686315446863027
0.4306859513682939,-2.1534297568414695,3.682892841196413
0.4307484375491109,-2.030671205588666,3.6754474856496557
0.43081317128111796,-1.9078869013878077,3.6677343298068905
0.4309451717237346,-1.7853442828554718,3.652006208568558
0.43109547393315695,-1.662796828027891,3.6340973945879114
0.43124922620750966,-1.5401758078839631,3.6157774983530757
0.4314041296072785,-1.417470711566772,3.5973204431834205
0.43159304113479524,-1.2947791234043857,3.5748112504170635
0.4315675824585906,-1.1713977238161746,3.5778447034720386
0.43132869798206674,-1.047512552242162,3.606308274761986
0.43142240554919065,-0.9244765833196942,3.595142827529706
0.4318049205283109,-0.8019234238382916,3.549565389698273
0.5536017935893981,-2.7680089679469906,3.695615725788187
0.5535900361455741,-2.644930172695521,3.696705332836089
0.5536190059241469,-2.5220421380988913,3.694020593246293
0.5536530164347192,-2.399163071217117,3.690868709845681
0.553689312575867,-2.27627828503412,3.6875050083644325
0.5537262426093407,-2.1533798323696582,3.6840825616698396
0.5537904958501954,-2.0305651514507166,3.678127969401814
0.553873716241207,-1.9077872448308237,3.670415619172182
0.5540052246788794,-1.7851279461875003,3.658228231956727
0.5541984235392877,-1.6625952706178633,3.6403237585780133
0.5540077946743834,-1.5389105407621761,3.6579900606963562
0.553716165788548,-1.415052423681845,3.68501641898785
0.5537838731897342,-1.2921623707760463,3.6787417165412677
0.5540837904608661,-1.169732446528495,3.650947242052922
0.5545695197886593,-1.0475202040452454,3.6059328573906555
0.5556686229950879,-0.92611437165848,3.504074781942549
0.5559618525530353,-0.8030560092432732,3.476900083277023
0.6766570713645618,-2.8911711231031276,3.6931395424163256
0.6766294094894394,-2.7680294024567975,3.6952369770356626
0.67661503906751,-2.6449496981729936,3.69632660021977
0.6766310040632733,-2.5219882878722006,3.6951160700346932
0.6766725706873427,-2.3991118415278514,3.691964321429566
0.6767156943128462,-2.2762255172341193,3.688694514713923
0.6767608289239792,-2.153329910212661,3.6852722269802953
0.6768197027965955,-2.030459108389787,3.680808173185902
0.6763038367217837,-1.905947176215936,3.719923213632896
0.6759237169608258,-1.781980708351268,3.7487454226335544
0.6759813368043405,-1.659226917610654,3.7443764543689753
0.6763244243020706,-1.5371009643228881,3.718362180498623
0.6767376166147263,-1.4149968347398822,3.6870322776206166
0.6777678721513,-1.2939204831979363,3.6089141594665577
0.6783229269131285,-1.1716486919408582,3.5668276751651007
0.6786685792828164,-1.0488514407098073,3.540618922387786
0.6790260538948295,-0.9259446189474949,3.513513759651957
0.7997087167665416,-2.891254591386727,3.691658310279955
0.7996588418775141,-2.768049837268318,3.6948582226909537
0.7996418584000877,-2.6449692239387517,3.6959478620116215
0.7996377492508734,-2.5219344399450625,3.696211500043219
0.7996868713421235,-2.39906061402637,3.6930598862249298
0.798628959002062,-2.2730208833135612,3.7609342593355706
0.7984244606262619,-2.1496043170707053,3.7740546271902105
0.7982823497658447,-2.0264090417132983,3.78317228769739
0.7986019368497498,-1.904358464795557,3.7626679678658874
0.7991012163397895,-1.782610405681069,3.73063480111837
0.8003148122437116,-1.662192302352324,3.652771959303358
0.8005939365888114,-1.5396037242092526,3.634863679736007
0.8008791195419656,-1.4169399807280927,3.616566687221436
0.8011667885203039,-1.2941925045327984,3.5981101943451392
0.8015124751895112,-1.1714413098923624,3.575931356764144
0.8019208288080469,-1.048665699210523,3.549731883692516
0.8023382713276349,-0.9257749284549633,3.5229492777489
0.9228441187151496,-3.0146241211361553,3.68591485069377
0.9227674673904048,-2.891338064489935,3.690176992614596
0.9217757319814498,-2.7653271959443497,3.7453217285333196
0.9211814054484326,-2.6407200289521735,3.7783688290167703
0.920952121806361,-2.517269132937387,3.7911179814402374
0.921014794564842,-2.3946384658685895,3.7876331076679364
0.9212891484345795,-2.2725132328052964,3.772377857569623
0.9220646766292253,-2.1514842454681924,3.7292551686900097
0.9228744380935238,-2.0303237638057525,3.684228963411165
0.9229782278757838,-1.907488337609953,3.6784578070300284
0.9231169267388919,-1.7846927250285243,3.670745556253003
0.9233282730342192,-1.6619908914615946,3.6589937971265343
0.9236502615273835,-1.5394171025456391,3.6410898579668682
0.9239759731091547,-1.4167631587673704,3.622978899136257
0.9243078159844808,-1.294030942378273,3.604527014126276
0.9246584220348959,-1.1712340012442013,3.585031816226639
0.9251294324873431,-1.0484800234856555,3.55884161793319
1.0440036191241278,-3.0091869021813094,3.7784656647299926
1.0438760608875708,-2.8860102859832844,3.784724003756658
1.0439991880435335,-2.7635272624681773,3.7786830650748158
1.0443896111498792,-2.641691369379106,3.7595278914905137
1.0456787375967944,-2.521931073027563,3.6962799933476234
1.0456997132122563,-2.398958165604588,3.6952508750688153
1.0457639522242985,-2.2760744842528853,3.6920991419706652
1.0458303622908114,-2.153180157657553,3.6888408912905035
1.0459001154061873,-2.0302766946120108,3.685418621933607
1.0459873640511994,-1.9073887226815989,3.6811379763646315
1.046144539678839,-1.7845995088639017,3.673426531058958
1.046311925903159,-1.6617895293756055,3.6652141273093903
1.046676757760847,-1.5392305261188926,3.6473145269796134
1.047041844126192,-1.4165860244060242,3.6294024398418827
1.0474181023551354,-1.2938694205563437,3.6109422320037865
1.0477943672689591,-1.171064292830013,3.5924816961880666
1.1689062867650986,-2.8915050251557703,3.6872141006863117
1.1688091999960086,-2.7682323157800206,3.6914760271147813
1.1687332152670267,-2.6450278029727445,3.6948116137003097
1.1687083932289735,-2.521949690651996,3.69590125445135
1.168698255097965,-2.39890694467477,3.696346299320858
1.1687700485704118,-2.2760258840581704,3.6931947010085366
1.1688418508774097,-2.1531297253004915,3.69004271487605
1.1689200886185493,-2.0302296276006384,3.686608225297377
1.1689980547830803,-1.9073126156987097,3.6831856574206654
1.1691593015961999,-1.784506302436305,3.676107225819912
1.1693350029140543,-1.6616865830883931,3.6683942686672495
1.1696734361335506,-1.5390439949125665,3.653537687322924
1.1700813749288816,-1.416414295966541,3.6356299420213105
1.1704976591422032,-1.2937079390519088,3.6173558485774677
1.2918790441215224,-2.7683122374032627,3.6899946989405947
1.2917717493214271,-2.645056439086732,3.6942561635000786
1.2917398653555499,-2.521968308551312,3.695522509963112
1.291712431235052,-2.398894515150811,3.6966121203833566
1.2917708920193736,-2.2759772859388967,3.6942902132612545
1.291850249074845,-2.153083748458075,3.691138361735028
1.291934358127307,-2.0301825627714827,3.6877977735063254
1.2920205272611038,-1.9072683973854387,3.6843753643171553
1.2921612145044268,-1.7844131057442085,3.678787640579749
1.2923553904128733,-1.6615997876736943,3.6710754890923027
1.2926403074845871,-1.538857508910223,3.659759339545232
1.4147431066792417,-2.398912224369149,3.6962333863908015
1.414766482907659,-2.27592868989493,3.6953856787318173
1.4148533940662977,-2.153037773579149,3.6922339618032254
1.4149429243291218,-2.0301355001243926,3.6889872665642827
1.4150372956714559,-1.907224181122397,3.6855650160516262
1.4151502804165519,-1.7843199187860874,3.681467775382316
0.0,0.0,55.0
