-2.950381853831946,-1.9388223610895647,9.69120015571994
-2.948303356478643,-1.768982013887186,9.740731593218598
-2.951503286645002,-1.6022446413215725,9.664475955566132
-2.951259309143114,-1.433468807298084,9.670290038690482
-2.951012966334215,-1.2647198427146638,9.676160488043152
-2.7829370303736902,-1.9396227787452993,9.662174079954426
-2.7795738537717782,-1.7688197251274949,9.747177271827539
-2.7803483389681385,-1.6008066194058979,9.72760241105108
-2.7822448800450794,-1.4332776654777681,9.679667953798116
-2.7820152023721074,-1.2645523647145942,9.685472982084036
-2.78178212471838,-1.095853564282998,9.691363943774803
-2.7815441588932126,-0.9271813862977375,9.69737845240465
-2.613927530927568,-1.9393655874623894,9.671500777848308
-2.613709399758317,-1.7705773353201502,9.677369661964448
-2.609988463646675,-1.5996703486866717,9.777482556961374
-2.6132778914238513,-1.4330878759421122,9.688979522301338
-2.613054214346752,-1.2643810714581059,9.694997620720926
-2.6128306937974997,-1.0957031941731452,9.701011507712153
-2.6126102791012737,-0.9270552603262585,9.70694183080208
-2.61243022904745,-0.7584474858524856,9.711786131158718
-2.4449610380997835,-1.9391070302170699,9.680877010542076
-2.4447592070234854,-1.7703428740514893,9.686681840989749
-2.4445528574297426,-1.6016035962470727,9.692616627775749
-2.441058012657349,-1.4309650419025837,9.793131284471485
-2.4441346651116542,-1.2642075854025798,9.704644188375141
-2.4439530181512192,-1.095565146067788,9.70986850678041
-2.4437845982547355,-0.9269527786483479,9.71471240377106
-2.443616201570262,-0.7583636487631847,9.719555633164902
-2.2760400869826496,-1.9388489629852201,9.690235473552747
-2.2758453814021373,-1.7701019633127733,9.696250175840333
-2.2756507091286875,-1.601383832349817,9.702263849230505
-2.273575906210334,-1.431510755762062,9.766357142429754
-2.2731918272108493,-1.262884348450472,9.778221829773258
-2.275153009152158,-1.0954440414436315,9.717638432637344
-2.275009491556479,-0.9268557187822691,9.722071873162093
-2.2748807333431658,-0.7582935777810552,9.726049377649247
-2.2747519897036277,-0.5897505158490887,9.730026431933993
-2.10715534236241,-1.9385829149734175,9.69988334887448
-2.1069751088863033,-1.769859091464495,9.705896400755378
-2.1068258107653053,-1.6011876161816323,9.710877369700071
-2.1066806253712174,-1.432542825252428,9.715721127507223
-2.103712951773581,-1.262227771064149,9.814730344294432
-2.1064182434069236,-1.0953374865716006,9.724474864038243
-2.106299031001202,-0.9267715736405288,9.728452096214738
-2.1062159425961617,-0.7582377393346182,9.731224138906256
-2.1062168802566994,-0.5897407264718758,9.731192856141348
-2.3037175682794193,2.488014973741773,3.1420624168503792
-2.305191872221797,2.6740225717772845,3.092875849042727
-2.306917195459779,2.860577322370126,3.0353146325284115
-2.3086645546879745,3.0474372121881266,2.977018238758106
-2.310365293982967,3.234511411576154,2.9202772057514466
-1.938332627325928,-1.938332627325928,9.708959695663125
-1.938199049475199,-1.7696600016947468,9.713803717765927
-1.9380654900339136,-1.6010106222019287,9.71864707227489
-1.9379482043739238,-1.4323964988850741,9.722900279870558
-1.937838524065489,-1.2638077330861883,9.726877689563878
-1.935481617920431,-1.0939678709985046,9.812347738667029
-1.9377191883410172,-0.926735263989182,9.731205240006105
-1.937720050989176,-0.7582382808218515,9.731173957224371
-1.9377459484138408,-0.5897487669085603,9.73023482175546
-1.937992418396856,-0.4213026996514904,9.721296917463022
-2.1170101294348784,2.1170101294348784,3.22945905415294
-2.117782734356344,2.3019377547351563,3.201441569997513
-2.1188049854001965,2.4872928089480566,3.1643710031032697
-2.1200954101324867,2.6731637779931354,3.1175754760670884
-2.1215491615695545,2.8594793047241818,3.064857124523698
-2.1231725982128307,3.046291119174931,3.0059853659228537
-2.1247527468822973,3.233319397429583,2.948683387796649
-2.126346843709731,3.4206449224895663,2.8908755983767804
-2.127931277910591,3.6082312973266535,2.8334182111862845
-1.7694706157419111,-1.7694706157419111,9.721325624935304
-1.7693704683766074,-1.600858995197883,9.725303212363485
-1.7692703323468155,-1.4322664595188508,9.72928034957522
-1.7692215558159046,-1.2637296827256463,9.731217623866499
-1.766856425061916,-1.0937682631335672,9.825154337274029
-1.7692231310869226,-0.9267359258074358,9.731155058284486
-1.7693822463475206,-0.7583066770060803,9.724835422632907
-1.7696073187446084,-0.5898691062482029,9.715896144656185
-1.7698324484096573,-0.4213886781927756,9.706954592148122
-1.9321118335589735,1.9321118335589735,3.2616483150994497
-1.9326106974728852,2.11666885913697,3.2418347650741737
-1.9332315004746945,2.3014660719936844,3.2171781182629218
-1.9340924124671104,2.486690244600571,3.1829849799071326
-1.9351178016814397,2.6723055356553216,3.1422592430339478
-1.9363562108529193,2.858430596973357,3.0930729190954622
-1.9378045086499112,3.045121370735575,3.035550376269711
-1.9392725123142645,3.232120853857108,2.977245168717431
-1.9407011397951428,3.419330579639061,2.9205038786170547
-1.9405976597211525,3.6039670823392838,2.9246138323849067
-1.9411139619452564,3.789793925702644,2.904107678982797
-1.6008042601023103,-1.7693099716920269,9.727705980037939
-1.6007239826813313,-1.6007239826813313,9.731230007722516
-1.6007246953033893,-1.4322273589556642,9.731198724955448
-1.6007254079261615,-1.2637305852048644,9.731167442157044
-1.600789052355573,-1.0952767200327604,9.728373571496022
-1.5988474350190625,-0.9256485150110362,9.813606918099424
-1.601196336991923,-0.7584614227856479,9.71049454254242
-1.6014021808576209,-0.5899902771580708,9.701458384273081
-1.6016096895245777,-0.42147623408541524,9.692349144361913
-1.7474718644099234,1.7474718644099234,3.2892742054689847
-1.7478943952257702,1.931883278933746,3.270725897931513
-1.748306369109666,2.116370867869596,3.252641019836659
-1.748832205563146,2.3010950073199288,3.229557789246684
-1.749469313723476,2.486087972133361,3.2015899401591525
-1.7503137788083893,2.6715315571285942,3.1645195123650325
-1.7513786783301968,2.857512580433479,3.1177724276881236
-1.7512084413222595,3.0415725559807667,3.1252455119202267
-1.7516072926951272,3.2266450128594446,3.1077366873605996
-1.7531333088287697,3.4139964435086565,3.040747451327661
-1.7565252862471668,3.6054992717705003,2.89184602696524
-1.7578510282929403,3.7932574821058185,2.8336484464382607
-1.4322277441559865,-1.6007251258213968,9.73117982602524
-1.4322283817661783,-1.4322283817661783,9.731148543209997
-1.4323949986212574,-1.2638779399599331,9.722973886717497
-1.432577209712638,-1.0955002191920171,9.714034136411613
-1.4314287427759578,-0.9262185982667962,9.770380912948099
-1.4316719373708402,-0.757943966843386,9.758449153264763
-1.4331313856767909,-0.5901129235139727,9.68684482149385
-1.4333429317500233,-0.4215714505147128,9.676465820640715
-1.563081749647199,1.563081749647199,3.3111417989551057
-1.563336539376214,1.7472584851851802,3.2986411518175345
-1.5637168990900168,1.9316502871111971,3.27997971445906
-1.5640890558934284,2.116120487385227,3.2617207332305895
-1.5644923623626508,2.300724062298016,3.2419334683375354
-1.5649949159638026,2.4855801606483925,3.217276880884029
-1.56426236776167,2.6684475685346136,3.2532176019700785
-1.5644996098740767,2.8529110532997866,3.2415778865669864
-1.566629098140388,3.0411035434489886,3.1370996507147595
-1.5686940830783682,3.2296642886907585,3.035786116005653
-1.5698826465863363,3.4168034072761433,2.9774720973396
-1.5710391599246456,3.6041486610035993,2.9207305434002393
-1.5722259667029028,3.7918390961658246,2.8625027144652933
-1.2639750640061014,-1.432505072540248,9.717573373809572
-1.2641358632107913,-1.2641358632107913,9.708632249394228
-1.2642989943210075,-1.0957257950782064,9.699561461045064
-1.2644628258259536,-0.9272727389390325,9.690451727749434
-1.2629304952681264,-0.7577582971608758,9.775655869084474
-1.2648559852762775,-0.5902661264622628,9.668590378576752
-1.2650904967778693,-0.4216968322592898,9.655550534775273
-1.3790968049663241,1.5629763789618338,3.316311558982264
-1.3792820240006083,1.7470905637341037,3.306012587461737
-1.3795817069539686,1.9314143897355558,3.2893489318403084
-1.379915325733868,2.1158701661252644,3.2707982989306004
-1.3787938876545887,2.2979898127576477,3.333155058780733
-1.378941285296734,2.4820943135341214,3.324959118636059
-1.3811573162062836,2.6702374779988145,3.201738309747512
-1.3818239966671035,2.8557695931120133,3.1646680210171354
-1.3826638357594965,3.0418604386708923,3.117969370806563
-1.383610545611533,3.22842460642691,3.065328248677801
-1.384669295786982,3.4155175962745554,3.006457204746269
-1.3857001661615391,3.602820432020002,2.9491363971416575
-1.3867396721573377,3.7904217705633894,2.8913354120133192
-1.095953579261287,-1.095953579261287,9.684947104027358
-1.0961280838305818,-0.9274929940104922,9.673751102433158
-1.096331297303117,-0.7589985904406195,9.660713172414162
-1.0950578301670564,-0.5896465239361072,9.742417279894468
-1.194988941587155,1.378833394139025,3.3309583290565996
-1.1951388321533039,1.5628738574312433,3.3213415320619077
-1.1952971657799993,1.7469727807553836,3.3111830385390135
-1.1945195700691262,1.9296085362655115,3.3610726365807295
-1.1943018890125943,2.1129956497915128,3.375038789248279
-1.1960669728262137,2.300128793896565,3.2617931517787326
-1.196374973977345,2.484778792106794,3.2420321713470344
-1.196759278747178,2.6696937756667816,3.2173756432510316
-1.1972906757097908,2.855077765154116,3.183281858402893
-1.1979239321592159,3.040883827788779,3.142652892376759
-1.198690558841465,3.227243812265482,3.0934670539125477
-1.1995859186592726,3.4142060761840836,3.0360218535487604
-1.2004949574849515,3.6014848724548547,2.9776990246245703
-0.9279473961790762,-0.7592296877828806,9.639296502545307
-0.9271071316661984,-0.5899772656057626,9.703008737197251
-0.9279562584991365,-0.42179829931778934,9.6386245257968
-0.8971989166693927,0.7340718409113213,11.970769879901383
-0.8963461003840962,0.8963461003840962,12.035433840417483
-0.8955228236739757,1.0583451552510623,12.097857991544643
-0.8936739031620443,1.218646231584606,12.238050580549185
-1.010920039949293,1.5623309708307256,3.347976961421722
-1.010093430414651,1.7447068343525791,3.410653820707722
-1.0109181082465604,1.9299345702888877,3.348123430891633
-1.0116922662692478,2.115356556744791,3.289423656185903
-1.0119369506842746,2.2998567061006243,3.2708706997930648
-1.0121754609358107,2.484430676842445,3.2527858933066938
-1.0124791989692727,2.6692633427371737,3.229755254068607
-1.0128467417965181,2.854386272335642,3.2018866787626052
-1.0133356389670973,3.040006916901292,3.1648165290951624
-1.0139508822225105,3.2262073525261696,3.118166311150503
-1.0146446268154614,3.412895562924734,3.0655638060854784
-0.7587706650018593,-0.4215392583343663,9.681835889918744
-0.735378701730876,0.571961212457348,11.849658116074465
-0.7346011627050046,0.7346011627050046,11.921715615586649
-0.7332187860414401,0.896156294050649,12.049825719962172
-0.7320711690182998,1.057436133026433,12.156179755365613
-0.7325162425570186,1.2208604042616977,12.114933097343311
-0.826593755680577,1.5613437607299787,3.396412057953256
-0.827403391304727,1.7467404927544234,3.3213800445738144
-0.8275129774556312,1.9308636140631392,3.311224279071908
-0.8276471438605688,2.1150982565325647,3.298790567918303
-0.8278485100578183,2.299579194605051,3.2801291963636032
-0.8280455843572537,2.4841367530717613,3.2618655713069558
-0.8282585323185561,2.6688330485820138,3.2421308736170715
-0.8285245888211646,2.853806917050678,3.217474405363987
-0.8288919430167626,3.0392704577281298,3.1834302945356967
-0.8293298292799013,3.225171558310727,3.142849708683883
-0.590712164747898,-0.4219372605342129,9.615444009562054
-0.5906701834347298,-0.2531443643291699,9.620446168419733
-0.5724080702614375,0.5724080702614375,11.796414099768967
-0.5709930528475914,0.7341339250897605,11.965016302899144
-0.5704440621545704,0.8964120976714679,12.030429660668162
-0.5706428254658933,1.059765247293802,12.00674660782191
-0.57010706526645,1.221657996999536,12.070583525369145
-0.6434160212715876,1.562581765945284,3.3356723004644664
-0.6434954517841361,1.7466305119855123,3.3262079933256246
-0.6435778168584002,1.9307334505752005,3.3163940271892187
-0.6436642522018361,2.1148968286631757,3.3060950802017146
-0.6438035423240505,2.2992983654430375,3.2894983788114587
-0.6439592700693472,2.483842898838911,3.270943101195357
-0.6441110490255114,2.6684600602485475,3.2528583298365845
-0.6443041161911301,2.853346800275005,3.2298539843374527
-0.4219507607100814,-0.2531704564260488,9.61319200678065
-0.4096366039202368,0.4096366039202368,11.66735156821045
-0.4085368982978334,0.5719516576169666,11.850796594741297
-0.4083911619087605,0.7351040914357689,11.875107296819507
-0.40830338116621767,0.8982674385656788,11.88975025245837
-0.40788203410498386,1.060493288672958,11.96003635562279
-0.253372232133829,-0.08445741071127634,9.557094039420193
-0.24616507548368738,0.24616507548368738,11.560837914088097
-0.24559017419766577,0.4093169569961097,11.720672781890201
-0.2457066174908111,0.5733154408118926,11.688299053010383
-0.24543674002972932,0.736310220089188,11.763330766042856
-0.24516926032609943,0.8989539545290314,11.83769585116083
-0.08449741277205909,-0.08449741277205909,9.523729751050254
-0.08212803194926746,0.08212803194926746,11.499945563008936
-0.0820411880027368,0.24612356400821037,11.57237899315065
0.08208288311274946,-0.24624864933824836,11.537602592963822
0.08216874828986086,-0.08216874828986086,11.465985519392575
0.08443494049139899,0.08443494049139899,9.575835646253779
0.27449177685265563,-3.2024040632809827,3.6854083774619255
0.27446856310822976,-3.019154194190528,3.6918622954852793
0.27445560238937405,-2.8360412246901987,3.695465652853386
0.27445369825694416,-2.653052416483794,3.6959950424418366
0.27447088523034635,-2.4702379670731176,3.6912166958135515
0.2744891839972401,-2.2874098666436673,3.6861292467879423
0.27451568170000507,-2.1046202263667055,3.6787623180273386
0.274557752735863,-1.921904269151041,3.667065669197086
0.2746508722940556,-1.739455524529019,3.641176438062274
0.24535518622354752,-0.8996356828196743,11.786004470462672
0.2456048815839054,-0.7368146447517163,11.716583813588201
0.2456672212612465,-0.5732235162762418,11.699252048415786
0.24572886455076434,-0.4095481075846073,11.682113893969913
0.24628513053018647,-0.24628513053018647,11.527460040437902
0.2530016826025241,0.08433389420084138,9.660114743652926
0.4576645097058628,-3.56978317570573,3.655679833905836
0.45758467683127413,-3.386126608551428,3.6689969830579514
0.4575077075277951,-3.2025539526945654,3.681836451758585
0.457458517478134,-3.019226215355684,3.69004198402223
0.4574287956815009,-2.8360585332253057,3.6949999615580538
0.45741889845616596,-2.6530296110457625,3.6966509459007426
0.45744339529507055,-2.470194334593381,3.6925645584428395
0.45747320043330175,-2.2873660021665083,3.6875926784576905
0.4575063621363643,-2.1045292658272756,3.682060880334461
0.4575764744676237,-1.9218211927640192,3.6703652426965334
0.4577055001390524,-1.7392809005283991,3.648842103016051
0.4578695461825326,-1.5567564570206107,3.6214771153453142
0.40793005247550185,-1.2237901574265055,11.952026274493633
0.40826916168512445,-1.0614998203813235,11.895458501547168
0.40865726907135025,-0.8990459919569705,11.830717203228247
0.4084686672509958,-0.7352436010517924,11.862178409967441
0.4089363344485928,-0.5725108682280299,11.784165512949329
0.420815469198667,0.2524892815192002,9.80257321679619
0.6409311497475321,-3.754025305664116,3.6317497970038772
0.6407617398761228,-3.5699582650241135,3.6519353277769255
0.6406503385754022,-3.386294646755698,3.6652090193578744
0.6405411813021281,-3.2027059065106407,3.678215330504017
0.6404572024151244,-3.0192982399570156,3.688221585710977
0.6404042223807029,-2.8360758419716845,3.6945342645783654
0.6403903660956094,-2.6530458023960963,3.6961852691321724
0.6404094416883336,-2.4701507036550012,3.69391237345765
0.640450199024062,-2.28732213937165,3.689056054001597
0.6404937428967007,-2.1044794409463026,3.6838677130046023
0.6405793745203714,-1.9217381235611142,3.6736645308619416
0.6400988435451377,-1.737411146765374,3.7309207740034935
0.640137025712068,-1.5546184910150223,3.7263712911478564
0.5707769473433395,-1.2230934585928706,11.990765713308448
0.5710819751091049,-1.060580810916909,11.954421034564092
0.5708298898146069,-0.8970183982800966,11.984457510167275
0.5720734440790026,-0.7355229995301463,11.836285490065293
0.5728609921275165,-0.5728609921275165,11.742447538142557
0.5885930392936649,0.252254159697285,9.867942117922283
0.588488073022327,0.4203486235873764,9.880449062662876
0.8248646345579138,-4.124323172789569,3.556656290470258
0.8244987190941636,-3.939271657894337,3.590567068544857
0.8241489787442822,-3.754456458723952,3.6229788372824174
0.8238793701372311,-3.5701439372613346,3.647964492567425
0.823733687608075,-3.386460715722086,3.6614654467630317
0.8235920249349732,-3.202857874747118,3.6745938656054022
0.8234646185440279,-3.0193702679947685,3.6864011005452966
0.8233949791030044,-2.8361382613547925,3.69285485247363
0.8233640670865365,-2.6530619939455065,3.695719586638006
0.8231499647466849,-2.469449894240055,3.715561264979655
0.8225292340293379,-2.2848034278592717,3.7730867419964227
0.8224057591502262,-2.1017036067172445,3.784529628778074
0.8226988212867559,-1.91963058300243,3.7573704456922457
0.8237045168001007,-1.7389317576891012,3.664168816512259
0.7328370227986412,-1.3842477097307664,12.085205172010788
0.73266837867881,-1.2211139644646833,12.100834064166847
0.7330331280535486,-1.0588256294106813,12.067031351997073
0.7346577537566079,-0.8979150323691875,11.916471107545746
0.7353220918278456,-0.7353220918278456,11.854904371148848
0.7552616653020946,0.41958981405671925,10.007028241351662
1.0082874812220557,-4.124812423181137,3.547588151462776
1.0078440682847767,-3.9397540851132176,3.58120950363778
1.0074088980280353,-3.7548877108317686,3.6142058626248854
1.0070262390392095,-3.5703657565935614,3.643220606094488
1.0068349948734516,-3.386626800937974,3.6577215078674925
1.0061317764264444,-3.201328379538687,3.711042358647987
1.005433408324259,-3.016300224972777,3.763995436777506
1.0051396814742817,-2.8326663750638845,3.7862669878218753
1.0051712866074554,-2.6499970283287464,3.7838705595185047
1.0056546299325841,-2.4684250007436157,3.747221524748994
1.0063851627248195,-2.2872390061927717,3.6918295904633993
1.0064515651296357,-2.1043987270892384,3.6867946930801736
1.0065377177936905,-1.9215720066970454,3.6802622516120067
1.0066919722384895,-1.7388315884119365,3.668566059243389
1.0070072254513773,-1.5562838938794015,3.644662292790727
0.8947350401594127,-1.2200932365810175,12.157590905841928
0.8966605791573967,-1.0596897753678325,12.011588795088883
0.8974037050202366,-0.8974037050202366,11.955242003544598
0.9235555015176129,0.41979795523527863,9.97230761862761
0.9216587151131835,0.5865100914356622,10.116129592103263
0.922349971389778,0.7546499765916366,10.06371576119163
0.9217588396012385,0.9217588396012385,10.108537750749022
0.9211731306886521,1.0886591544502253,10.152948556042503
1.1901929546155972,-4.11989868905399,3.6386630384301384
1.1897096079688785,-3.93519331866629,3.669673973267379
1.18925199764288,-3.7507178387198516,3.6990336969703037
1.1890507966014108,-3.567152389804232,3.7119425118520013
1.1887484784322466,-3.383361053999471,3.73133887905081
1.1893796844072009,-3.202176073404002,3.690841468980693
1.1895457028220553,-3.0196160148559863,3.68018992876668
1.1894050470007311,-2.836273573617128,3.689214235729736
1.1893181692862025,-2.653094377638452,3.694788204562144
1.1892924363608517,-2.470068906287923,3.6964391978536923
1.1893432753252207,-2.287198606394655,3.6931774315376487
1.1894199496610762,-2.104358372477289,3.688258099110186
1.1895008185140845,-1.9215013222150592,3.6830696515477115
1.1896754500595625,-1.73875642701013,3.6718655033155585
1.0903719161059278,0.41937381388689526,10.0430598447888
1.0883302201184393,0.5860239646791596,10.17405258396532
1.0881729698665172,0.7533505175998966,10.184141569476225
1.0882881352676568,0.920859191380325,10.176752696967256
1.0876012062142182,1.0876012062142182,10.220825232193505
1.086929887748364,1.2541498704788816,10.263896211046813
1.374669521194702,-3.940719294091479,3.562487496857301
1.3740727830894053,-3.7557989404443743,3.595668691087212
1.3734956135818794,-3.5710885953128866,3.627761787477098
1.3730914946840749,-3.3869590202207176,3.6502325288643505
1.372852766875458,-3.203323122709402,3.6635068173930847
1.3726178599074281,-3.019759291796342,3.676568650822162
1.372423178014625,-2.8363412345635584,3.687393797801718
1.3723071152314086,-2.65312708944739,3.6938473855960865
1.3722688783761514,-2.4700839810770727,3.6959735185005655
1.3722949248142127,-2.2871582080236874,3.694525224998543
1.3723813170063612,-2.104318019409754,3.6897214491340833
1.3724746236481187,-1.921464473107366,3.6845332002597218
1.2568800937545659,0.4189600312515219,10.112084104534034
1.2560823432753234,0.5861717601951509,10.156442447605812
1.253314340444256,0.7519886042665536,10.310355259191667
1.2544994161635783,0.9199662385199574,10.24445997402222
1.2537404621105308,1.0865750671624599,10.286661069648986
1.2529824257382967,1.2529824257382967,10.32881113829248
1.2522212369871901,1.419184068585482,10.371136492701595
1.5574731891199227,-3.7562588678774604,3.5863123734214355
1.5568071515372073,-3.5714987594088874,3.6189899104401917
1.5562605528104578,-3.387155320822761,3.6458074663729008
1.5559761078194434,-3.203480221981207,3.6597630778352084
1.555707390899312,-3.019902582333959,3.6729470292112723
1.555450041241034,-2.83640889873365,3.685573273140122
1.555318497161418,-2.6531903775106547,3.6920271679995125
1.5552475538094015,-2.470099056050226,3.6955078334633242
1.5552401115342591,-2.287117811079793,3.695872970848626
1.555337504711159,-2.104280153432745,3.6910946081464147
1.4230748586616229,0.41855142901812437,10.180244206673336
1.4221766566372207,0.5856021527329733,10.224312335356174
1.420307518799308,0.7519275099525748,10.31601710168863
1.418737041402116,0.9180063209072515,10.39306880960369
1.4195801254814144,1.085561272426964,10.3517049107395
1.4187201838043315,1.251811926886175,10.39389588721906
1.417861283346696,1.417861283346696,10.436035778762985
1.4170127749465868,1.5837201602344206,10.4776658089217
1.7401608035124336,-3.5719090177360484,3.6102160181509504
1.7394581015600776,-3.3873657767222562,3.6410633112492405
1.739117411331277,-3.203637336662879,3.656018971053939
1.7388142982710522,-3.0200458864707747,3.669325063885097
1.7385218173563366,-2.836535596739286,3.682164425539966
1.738338610457716,-2.653253668593356,3.6902068635614143
1.7382284627014941,-2.4701141312073864,3.695042142741883
1.7381908532953239,-2.2870932280201632,3.696693124885144
1.5889564362197328,0.41814643058414025,10.247803148769862
1.587995186183257,0.5850508580675158,10.290000216127481
1.587035098473159,0.7517534676978121,10.332146259544857
1.5837800527605743,0.9169252937034903,10.475036639751949
1.585110320066984,1.0845491663616207,10.41664040880039
1.5841529766416165,1.250647086822329,10.458665983283325
1.583213213993425,1.416559191467801,10.49991979473836
1.5822745656600614,1.5822745656600614,10.541124689869804
1.5813705782368381,1.7478306391038736,10.580808036284083
1.7545798308949128,0.41775710259402693,10.3127480594992
1.7535148243687995,0.5845049414562665,10.355047290800442
1.752452645364559,0.7510511337276682,10.39723422044085
1.7513917523855886,0.9173956798210228,10.439370072572288
1.7479912041510883,1.082089793045912,10.574430818957708
1.7493072860426797,1.2495052043162,10.52215954082105
1.7482826449964681,1.415276426901903,10.562855562443218
1.747301200035594,1.5808915619369661,10.601835950254525
1.746320856376938,1.746320856376938,10.640772597266022
1.9198883373132913,0.4173670298507155,10.377817204630361
1.918725758728477,0.5839600135260581,10.419976562116332
1.9175687456952486,0.7503529874459668,10.461934092317676
1.91643124503522,0.9165540737124965,10.50318403240179
1.9128366569920325,1.0811685452563662,10.633536960201269
1.913208077298324,1.2477443982380374,10.620067899550207
1.913131327496661,1.4140535898888362,10.622851128458393
1.9120887883518682,1.5795516077689347,10.660657416198887
1.911149320707963,1.7449624232550964,10.69472595381282
2.0848902498343276,0.41697804996686555,10.4427040467626
2.0836465174142704,0.5834210248759958,10.484198156121792
2.0824108949018907,0.7496679221646807,10.525421698122102
2.0811963068986716,0.9157263750354154,10.5659434748477
2.0800280239894815,1.0816145724745303,10.604920394653476
2.0757098662565787,1.2454259197539472,10.748985232322582
2.077806247992118,1.4129082486346403,10.67904455087833
2.0767856288794873,1.5783570779484104,10.713095027002169
2.0757659175742513,1.743643370762371,10.747115216338656
2.24828435805349,0.582888537273127,10.547645137130417
2.247011012696029,0.7490036708986763,10.586980389947797
2.24575003150057,0.9149351980187506,10.625933698121969
2.2445386098207383,1.080703775098874,10.66335605001214
2.2434358422773966,1.2463532457096647,10.697421937842151
2.2392181932955335,1.409878121704595,10.827710463279828
2.2412622429567572,1.5771845413399401,10.764567177191424
2.240215996886204,1.7423902198003804,10.796887045052301
2.2391714531978217,1.9074423490203667,10.82915432416911
2.411371705884588,0.7483567363090101,10.646934279499561
2.4101614670891993,0.9141991771717652,10.681741758789968
2.4089776407285113,1.079886528602436,10.715789594382528
2.4077994071790725,1.2454134864719342,10.749676576048984
2.4045812798653787,1.4095821295762563,10.842232607348052
2.4026084167058577,1.5741227557728035,10.898973800763358
2.4044940860212995,1.741185372636113,10.844740375181644
2.5744317134607826,0.9135080273570519,10.734147517333625
2.573205942882337,1.0790863631442058,10.767127240050783
2.5720047865499343,1.244518445104807,10.79944470914262
2.5708155377828645,1.4098020691067323,10.831441801640494
2.566591763402792,1.5730723711178403,10.945083710105365
2.5667626749128067,1.738774715263514,10.940485284993386
2.734915942909349,1.4088960918017857,10.87589140582024
2.733755397449215,1.5739803803495478,10.905223813868389
2.7288636407744202,1.7365495895837217,11.028861368609867
0.0,0.0,80.0
