-3.537430234010634,-2.6245450123304703,9.824385329171378
-3.5366299922995923,-2.3957816076868204,9.845916070894944
-3.5353280810705017,-2.166813985172243,9.880944380509135
-3.3056851345936655,-2.6217502791604934,9.92573258976087
-3.306854688393412,-2.3946189122848844,9.892095244950227
-3.3055223660849915,-2.1656870674349946,9.930413948114605
-3.3042241549719913,-1.9369589873973743,9.967751584788061
-3.3030186190456856,-1.7084579064029408,10.002423805632944
-3.3020675309243535,-1.480237169035055,10.02977789493562
-3.07843485663142,-2.622370433426765,9.903243524720708
-3.074748580512858,-2.391471118176667,10.017117268578701
-3.0759990085128184,-2.1645918948793907,9.978489961995948
-3.074948319778155,-1.9360785717121716,10.010947069384898
-3.074088788383275,-1.707827104657375,10.037499084141913
-3.0732824719145295,-1.479728597588477,10.062407222348938
-3.072659848674636,-1.2518243827933702,10.081640843775887
-2.8489321282723674,-2.621017558010578,9.952303742283647
-2.847825433622834,-2.39217336424318,9.989225919493492
-2.8445553710321287,-2.1618620819844176,10.098323610091526
-2.846147112456196,-1.9353800364702132,10.04521902613385
-2.8454642168549342,-1.7072785301129605,10.06800217812274
-2.8448877818066753,-1.4793416465394713,10.087233532508293
-2.8445284891964455,-1.2515925352464359,10.099220457203998
-2.844231594336819,-1.0239233739612548,10.109125632605767
-2.6197352849033133,-2.6197352849033133,9.998803661540663
-2.6189744500529413,-2.391237541352685,10.026394319809796
-2.6182424941854343,-2.162895973457533,10.05293772038955
-2.6153142029687038,-1.93305832393339,10.15912828491716
-2.6171598567523637,-1.706843384838498,10.092198118924927
-2.616886795321084,-1.479109927790178,10.102100326523896
-2.6167327084336476,-1.2514808605552228,10.107688081413059
-2.6168690121004214,-1.023992222126252,10.102745211237036
-2.6171141952622508,-0.7965130159493806,10.093853971793848
-2.3910431236507184,-2.6187615163793585,10.034116074693841
-2.3903925408309883,-2.3903925408309883,10.059955496798437
-2.3899082533263423,-2.1622979434857386,10.079190110552474
-2.3895082189326913,-1.9343637962788456,10.0950784144554
-2.3868858359177643,-1.7049184542269744,10.1992325045845
-2.3892269294282356,-1.4790452420270033,10.10625048666327
-2.3893513843546845,-1.2515650108524539,10.101307467450383
-2.38963326628344,-1.024128542692903,10.090111865722392
-2.3899572614993287,-0.7966524204997764,10.07724363605304
-2.529440917833753,2.529440917833753,4.537323177944543
-2.5290170066997693,2.7698757692426046,4.554159802573508
-2.5286429291194246,3.0102892013326485,4.569017170775155
-2.5284082192442354,3.2508105675997316,4.578339223791616
-2.1621705353594893,-2.3897674338183825,10.084783087490052
-2.1618703983925758,-2.1618703983925758,10.097958535426358
-2.161644853270062,-1.9341032897679502,10.107859541788642
-2.161714257000069,-1.706616518684265,10.1048128486715
-2.159696669240662,-1.4776871947436105,10.19338115385024
-2.1621343976586287,-1.2517620196971007,10.08636946454024
-2.162461571264332,-1.0243239021778414,10.072007159048823
-2.162871759636931,-0.7968474903925534,10.054000661539249
-2.290092171877996,2.0490298379961014,4.469264015615082
-2.2894126544689275,2.2894126544689275,4.499093550900483
-2.288871210092491,2.529805021681174,4.52286193993136
-2.2884094139407005,2.7701798168755842,4.5431339218124265
-2.288032305111182,3.010568822514713,4.559688289642338
-2.2877191944228232,3.250969381548223,4.573433259531242
-2.285463434470567,3.4883389262971813,4.672456875693584
-1.9342463938759538,-2.3893631924350016,10.100838481854225
-1.9340939460065465,-2.161634410242611,10.108317971038119
-1.9341946908231855,-1.9341946908231855,10.103375168168427
-1.9343553351626632,-1.7067841192611732,10.095493538833438
-1.9346175872313873,-1.479413449059296,10.082626769890709
-1.9330173895239045,-1.2507759579272322,10.161136633568972
-1.935307820241794,-1.0245747283633027,10.048762142226352
-1.9356969350744355,-0.7970516791482969,10.029671155954446
-2.050544710616741,1.8093041564265362,4.394940422736397
-2.0495793894782195,2.0495793894782195,4.442301589820133
-1.8864045688298692,2.1083345181039714,12.448082916041045
-1.8851952137983454,2.3287705582214855,12.50741702095793
-1.8839219184525475,2.548835536729917,12.569888204083185
-1.8826105745848067,2.768544962624716,12.634226146707547
-1.8814036855529135,2.9881117358781566,12.693439263265361
-2.0468555996607387,3.4916948464800837,4.575937806306797
-1.706668230610684,-2.1617797587735335,10.101937444102433
-1.7068514157961465,-1.9344316045689662,10.091751563286493
-1.7070828329194887,-1.7070828329194887,10.078883780167587
-1.7073948639735064,-1.4797422154437057,10.06153351726796
-1.6497222796850637,-1.2097963384357133,13.268376190847547
-1.648551998944295,-0.989131199366577,13.333448811848811
-1.6508868843138431,-0.7704138793464601,13.203619185981253
-1.6515323317726291,-0.5505107772575432,13.167729543095888
-1.8109426320834665,1.5694836144723376,4.303834159316921
-1.6673682422119922,1.6673682422119922,12.287185104200148
-1.6661144656100768,1.8882630610247537,12.356900452658422
-1.664936594177111,2.108919685957674,12.42239514865355
-1.6638644544223091,2.329410236191233,12.482010710538958
-1.6627954189475458,2.549619642386237,12.541453661159935
-1.6616071842648683,2.769345307108114,12.607524598220422
-1.660514908580806,2.988926835445451,12.668259804006354
-1.6596227882180534,3.20860405722157,12.717865516747352
-1.6589883984428944,3.4285760234486484,12.753140305067703
-1.479823851784595,-1.7074890597514556,10.056295828613528
-1.480112640084719,-1.480112640084719,10.03776752140854
-1.430552703826413,-1.210467672468503,13.217472944582326
-1.4303968174457746,-0.9902747197701517,13.227474425765237
-1.4315565597765127,-0.7708381475719683,13.15306676391289
-1.4322383021070333,-0.550860885425782,13.109327002540624
-1.5708912939048927,1.3292157102272169,4.213519153614399
-1.4466923348351068,1.4466923348351068,12.18197378697866
-1.4455202496717103,1.6679079803904349,12.25717335000975
-1.4444332380202072,1.888874234334117,12.326914699662069
-1.443347277970945,2.1095075601113815,12.396588579789594
-1.4424147705455463,2.3300546293428055,12.456417125618145
-1.4414913925579511,2.5503309252948365,12.51565993778587
-1.4405023890246345,2.7701969019704507,12.579113205401782
-1.438735531624858,2.988143027220859,12.692472634008837
-1.437124643957503,3.2058934365205833,12.795825233683615
-1.4366744555314235,3.4259160093441636,12.824708777286133
-1.2112214917684487,-1.2112214917684487,13.160315333630976
-1.2117012464451933,-0.9913919289097037,13.123938404614364
-1.2108875648650665,-0.7705648140050423,13.185635014396752
-1.2126759392088258,-0.5512163360040118,13.050033279361088
-1.2131695094432817,-0.33086441166634956,13.012608799196897
-1.225590243013795,1.225590243013795,12.070818827508546
-1.224566045663581,1.4472144176024138,12.148477589608675
-1.2235396320953742,1.6684631346755103,12.226304394269931
-1.2226083017415303,1.8894855572369107,12.296921607222743
-1.2216889768033827,2.1101900508422067,12.366628521275373
-1.220843526133608,2.330701277164161,12.430733991200384
-1.218782180895681,2.5483627418727877,12.587033477236858
-1.2181989237442916,2.768633917600663,12.63125838013616
-1.2183887945835676,2.990590677614212,12.616861609500106
-1.217600999999779,3.2100389999994174,12.676595363110579
-1.2169920482203085,3.429704863166324,12.7227685360469
-0.9920293405012328,-0.9920293405012328,13.064867047528224
-0.9924329732429227,-0.7718923125222731,13.02746086581945
-0.9918069382147424,-0.5510038545637458,13.085477913500299
-0.9933402125870582,-0.3311134041956861,12.943383544396
-1.089604033054321,1.089604033054321,4.022249086115636
-1.0031211642801259,1.2260369785645981,12.036945541413601
-1.0022783285847199,1.447735363511262,12.115054331699085
-1.0014389774556716,1.6690649624261191,12.19284019396386
-0.9999009375249486,1.8887017708804583,12.335376205495322
-0.9988239083567002,2.108628250975256,12.435188595849198
-0.9991492646414487,2.33134828416338,12.405036591191589
-0.9985049268817088,2.5517348131421445,12.464749822634985
-0.9978666498731462,2.7718518052031835,12.52390138120991
-0.997171361700012,2.991514085100036,12.588336381292748
-0.9964961797781261,3.210932134840628,12.650908058582374
-0.7724406780434913,-0.7724406780434913,12.962121998542386
-0.7723368927730712,-0.5516692091236224,12.974488224621354
-0.7732593720662331,-0.33139687374267135,12.864572940436744
-0.7811663478033077,1.0043567328899672,11.92244069787715
-0.7804922021836309,1.2264877462885628,12.002766519733385
-0.7790742269022766,1.4468521356756567,12.171721158793744
-0.778437760971401,1.668080916367288,12.247557369085499
-0.7785272776354012,1.8907091028288316,12.236891276485068
-0.7779417669354668,2.1115562245391244,12.306656067362738
-0.7773568128192426,2.332070438457728,12.376354540159198
-0.7768304535507347,2.552442918809557,12.439071317663178
-0.7763316554189753,2.7726130550677692,12.498504129661768
-0.7758162714355714,2.9924341898229185,12.559913179620892
-0.7752682885420678,3.2118257668171375,12.62520645602747
-0.5522191327032306,-0.3313314796219384,12.882753906276506
-0.6063647067219419,0.8489105894107185,3.8505765125822933
-0.557577623320134,1.0036397219762412,11.988888826970253
-0.5572482544481616,1.2259461597859553,12.043831786455513
-0.5572230671209182,1.4487799745143872,12.048033356239529
-0.5567563541501311,1.6702690624503933,12.12588707596609
-0.5562898614575115,1.891385528955539,12.203704050464268
-0.5558525278301675,2.1122396057546364,12.276656918246843
-0.5554345476318249,2.332825100053664,12.346381385424479
-0.55503291686615,2.5531514175842895,12.413378557180152
-0.5546749446368185,2.773374723184092,12.473092924160923
-0.33194209212663417,-0.11064736404221139,12.712990555003174
-0.3353489658374643,0.5589149430624406,11.765806712439016
-0.33513626823670395,0.7819846258856425,11.824941199917049
-0.3350476154685903,1.005142846405771,11.849588567763092
-0.3347449068180069,1.2273979916660251,11.933748054487126
-0.33445674760849703,1.449312572970154,12.013862485047355
-0.334173891829243,1.670869459146215,12.0925024484348
-0.3338943410836726,1.892067932807478,12.170223541687918
-0.3336194888606063,2.1129234294505066,12.24663834507605
-0.33336860717831746,2.3335802502482217,12.316388824849895
-0.33311794414008117,2.5539042384072888,12.386078516895324
-0.11074365103461692,-0.11074365103461692,12.632681017993605
-0.11211655512490318,0.11211655512490318,11.487590813232941
-0.11201516310858858,0.3360454893257657,11.572158268122365
0.11202915031741512,-0.33608745095224535,11.56049203744206
0.11211987289839395,-0.11211987289839395,11.484823577012449
0.11076615218012005,0.11076615218012005,12.61391361720149
0.33434469573172987,-1.8946199424798025,12.04501530614121
0.33451984810410507,-1.6725992405205252,11.996319196105446
0.3347312327702724,-1.4505020086711804,11.937549732557954
0.3354853222865254,-0.5591422038108756,11.727896699816739
0.3319779306535026,0.1106593102178342,12.703026677127937
0.5564192182694233,-2.559528404039347,12.182125672296792
0.5566474971982222,-2.3379194882325325,12.144045814108551
0.5568829050501818,-2.1161550391906907,12.104776759946645
0.5571251816049995,-1.894225617456998,12.06436191790084
0.5573940418055582,-1.6721821254166742,12.01951258220609
0.55770935465015,-1.45004432209039,11.966914348675857
0.5580885631288728,-1.22779483888352,11.903657502459154
0.5579673464861458,-1.0043412236750624,11.923877995823943
0.5587660394731978,-0.7822724552624768,11.79064574419688
0.5527009593244365,0.3316205755946619,12.802379035484066
0.7782364603944046,-3.001769204378418,12.271542742297768
0.7785320127575474,-2.780471474134098,12.236327077049694
0.7788387228306054,-2.559041517871989,12.199781947969456
0.7791551823394313,-2.3374655470182937,12.162075153786262
0.779479724647277,-2.1157306811854664,12.123405277658705
0.7798129526932891,-1.893831456540845,12.083700478161091
0.7801571018744689,-1.6717652183024334,12.042694403193678
0.7798632362672612,-1.4483174387820565,12.077709088041075
0.7803683246465082,-1.22629308158737,12.017526780259416
0.7816509733834974,-1.0049798229216396,11.864696574226315
0.7732942415186953,0.3314118177937266,12.860418174248323
0.7737031516893076,0.5526451083495055,12.811695695660461
1.0002338523977787,-3.2229757466150644,12.304523717725118
1.0004615335560112,-3.0013846006680334,12.28342363862636
1.000789820205198,-2.779971722792216,12.253000065948314
1.0011776668088532,-2.5585651485115135,12.217056845706239
1.0015764780195076,-2.337011782045517,12.180097493621034
1.0019873980385214,-2.1153067291924343,12.142015972199715
1.0015403493770019,-1.8917984377121144,12.18344567236592
1.001927464592205,-1.6698791076536745,12.147570232674141
1.0033374395942944,-1.449265190525092,12.016902485275395
1.0039124945718292,-1.2270041600322357,11.963609952830794
1.0046019316783836,-1.0046019316783836,11.899717193347072
0.9944958219276024,0.3314986073092008,12.836288830533633
0.9931666464857053,0.5517592480476141,12.959468575304314
0.9938883390080595,0.7730242636729351,12.89258658372944
0.9936126152920457,0.9936126152920457,12.918138949425668
1.222103255996886,-3.444109175991225,12.33521620672039
1.2223779444807659,-3.2226327627220193,12.314388221159987
1.2226552981385266,-3.001063004521838,12.293358151397442
1.2229677464676958,-2.779472151062945,12.269667062508702
1.2234322046820314,-2.558085518880611,12.23444997278962
1.2226995964666703,-2.334244684163643,12.289999274003321
1.2233439877500716,-2.1130487061137604,12.241138935352183
1.2249243594309738,-1.8930649191205962,12.121308798737118
1.2254490571245071,-1.6710668960788733,12.081524109440608
1.2259955660091248,-1.4489038507380567,12.040085607918158
1.22664165897185,-1.22664165897185,11.991096241097054
1.2148068200524798,0.3313109509234036,12.888461324047569
1.2136084284754,0.5516401947615456,12.97932819298427
1.2141364256481886,0.7726322708670291,12.939293323901126
1.2138293307814665,0.9931330888212,12.962578491737148
1.2575543665834856,1.2575543665834856,9.647170428576047
1.4441550755073234,-3.4437544108251554,12.344761269240578
1.4444747611654087,-3.222289851830527,12.324250625009185
1.443482183580998,-2.998001458206688,12.387933199410043
1.4437435392883176,-2.776429883246765,12.371164934099724
1.4456145425052833,-2.5576257290478086,12.251123636129648
1.4461758210528295,-2.336130172469955,12.215112685021026
1.4467531926040633,-2.1144854353444003,12.178069226307201
1.4473476324378391,-1.8926853654956357,12.139930687279318
1.4479609335166204,-1.6707241540576387,12.100582033639512
1.4485933451855046,-1.4485933451855046,12.060007267708642
1.4349486335621124,0.33114199236048747,12.935435422426465
1.4345841341083627,0.5517631285032164,12.95882126545483
1.4327185914302758,0.7714638569239947,13.078512221870866
1.4338996262136394,0.9926997412248273,13.002738462073339
1.4860737587058461,1.2574470265972544,9.655309378020533
1.4860105645202855,1.4860105645202855,9.65936384034859
1.4859598355933037,1.7145690410691965,9.66261854679928
1.664470421444455,-3.4399055376518737,12.448316349008707
1.6659818626662084,-3.2208982678213363,12.364273744219503
1.6668989823308462,-3.0004181681955235,12.313277963232295
1.6672773335897102,-2.7787955559828506,12.29224001292198
1.667717024652217,-2.5571661044667326,12.267791306836841
1.6683504023822384,-2.3356905633351337,12.232572792560305
1.669010076350612,-2.1140794300441086,12.195892094815775
1.6696912314036803,-1.892316728924171,12.15801695676788
1.6703891043901709,-1.6703891043901709,12.119212230025909
1.6545555724743009,0.5515185241581003,12.99962441282922
1.653860169691158,0.7718014125225403,13.03829178568624
1.6533381792257262,0.9920029075354359,13.06731669102733
1.6535151360542935,1.2125777664398152,13.057477133528181
1.714546993846696,1.48594072800047,9.663844466789186
1.7145689178515455,1.7145689178515455,9.662625398228371
1.714594531050808,1.9432071351909157,9.661201194658943
2.0653296621323665,-4.0091693441393,3.6695522269193646
2.06409087474287,-3.763930418648763,3.730330359909388
1.8885322260200859,-3.2216137973283816,12.343694517546993
1.8889511583434377,-3.00009889854546,12.323140607587618
1.8893758792503559,-2.778493940074053,12.30230269465504
1.889806264744423,-2.5567967111248073,12.281186862336128
1.8904572642879176,-2.3352707382380156,12.24924713065461
1.8911926245701398,-2.113685874519568,12.213168441601553
1.8919493632828854,-1.8919493632828854,12.176040871114552
2.060513400557912,-1.8181000593158048,3.9058505529831393
1.9433142143251625,0.5715630042132831,9.655947613683793
1.874047122524916,0.7716664622161419,13.054371389194458
1.8717481420893727,0.9909254869884914,13.167165351933875
1.9412270362482393,1.2560880822782725,9.758350001542027
1.9431920519019155,1.4859703926308765,9.661941220068101
1.9432418732284877,1.7146251822604301,9.65949685613785
1.9433037737648151,1.9433037737648151,9.656459854743602
1.9434036547273206,2.1720393788128876,9.65155943480569
2.308409482592563,-3.523361841851806,3.665168551684488
2.3072482650438695,-3.278721218746551,3.7161438164540357
2.306249943400793,-3.0345393992115692,3.7599682575660722
2.3053816465706083,-2.790725151111789,3.7980848541219956
2.304572482236835,-2.5471590593143967,3.8336056453833436
2.3037541778586115,-2.3037541778586115,3.8695276673928873
2.1717629256547055,0.800123183135944,9.663695208115854
2.1717906961494577,1.0287429613339536,9.662476135665244
2.1718282094317165,1.257374226513099,9.660829373180746
2.170447273583317,1.4850428713991117,9.72144985775843
2.1719803456820332,1.714721325538447,9.654150878139362
2.1721148892533795,1.9434712167003922,9.648244668592184
2.1723011495894125,2.1723011495894125,9.640068190415462
2.1727086414245216,2.4014148142060496,9.622180065826328
2.4004174693486195,0.8001391564495399,9.661791955309766
2.400484617178353,1.0287791216478657,9.659125021810667
2.4005610831186766,1.2574367578240686,9.65608799770132
2.3986948725755988,1.4849063496896566,9.730208925116258
2.4008420265046224,1.714887161789016,9.644929672401602
2.401217172583266,1.9438424730435961,9.630029866284744
2.4016676531318097,2.17293740045259,9.612137975059326
2.4021639815888687,2.4021639815888687,9.592425126647825
2.6291492003019217,0.80017584357015,9.65742061026424
2.6292593059899256,1.028840597996058,9.653427774749758
2.6294221769769,1.257549736815039,9.647521476239163
2.629688093346704,1.4863454440655284,9.637878374738449
2.6273768694944812,1.7135066540181398,9.721691816589782
2.6306962137787573,1.9444276362712556,9.60132023558208
2.6312553061569997,2.173645687694913,9.581045498243995
2.631910099678372,2.403048351880253,9.557300286945903
2.6327547551682153,2.6327547551682153,9.526669985292415
2.8581669479063345,1.0289401012462804,9.644206430012332
2.858657522843799,1.2578093100512715,9.627839589544266
2.8591938338465246,1.4867807936001929,9.609946876418235
2.8597934323659926,1.7158760594195954,9.58994272911356
2.8579768487297965,1.9434242571362614,9.650548627009982
2.8612870320906345,2.1745781443888825,9.540112404428186
2.862205466731984,2.404252592054866,9.509471064833889
2.8631705653193418,2.634116920093794,9.477272896095627
3.087675164710257,1.029225054903419,9.617798690558686
3.088288942998779,1.258191791592095,9.598838300895864
3.088945302991808,1.4872699606997593,9.578562508383072
3.089754964464083,1.716530535813379,9.55355103877524
3.0881416108619435,1.944385458690853,9.603389577434143
3.0917541579543837,2.1756788518938257,9.491793416688608
3.092836621708608,2.40553959466225,9.458354738651622
3.093928438477623,2.6355686698142717,9.424627134127192
3.3181585794595905,1.2586118749674309,9.5669858899317
3.3192233638780326,1.4879277148418768,9.536361800095122
3.320293119862969,1.7173929930325702,9.505594723850862
3.321421337329292,1.9470400942964816,9.473146246538988
3.3191879421317934,2.174640375879451,9.53738055912298
3.3238221437044917,2.4069056902687698,9.404097048559635
3.325109049760506,2.6371554532583326,9.367084554774024
3.5499349731959042,1.4886824081144114,9.48794159472996
3.55118807593535,1.7183168109364595,9.454226492075577
3.552447979952276,1.9481166341673775,9.420328399023632
3.5538231714698933,2.1781496857396125,9.383328461407643
3.554384768383174,2.407809036646666,9.36821852908875
3.785363229810886,2.1794515565577828,9.326178782842533
3.7828854046187637,2.407290712030122,9.388805006548495
0.0,0.0,105.0
