-3.035199560672603,-2.5073387675121506,9.93254736403432
-3.031321679633563,-2.2405421110335033,10.073173533437782
-3.0330095186644344,-1.9780496860855006,10.011966308385865
-3.032174680414033,-1.7138378628427144,10.042240600981103
-3.0314481492104157,-1.4498230278832422,10.068587283380126
-2.769869679115965,-2.5060725668192068,9.98813119123949
-2.7690250353759382,-2.241591695304331,10.02167819780756
-2.76582628219136,-1.975590201565257,10.148724180637231
-2.7676667892388354,-1.7133175361954693,10.07562412781705
-2.7671877265782685,-1.4494792853505214,10.094651224637815
-2.7669032430565093,-1.1858156755956466,10.105950154731886
-2.5050871674339916,-2.5050871674339916,10.031388369553412
-2.5044189860561885,-2.2407959348923794,10.060720274402698
-2.503919196970326,-1.9767783133976256,10.082660074580048
-2.5015251806330756,-1.711569860433157,10.187752885820487
-2.5033215120415977,-1.4492914017082932,10.108897318001794
-2.5034500576845864,-1.185844764166383,10.103254406220387
-2.5036758151650425,-0.9224068792713314,10.09334407774412
-2.240205365993791,-2.240205365993791,10.08969512138816
-2.2399566157958715,-1.9764323080551804,10.101899453413665
-2.23985087253584,-1.7128271378215247,10.107087492923498
-2.2387170456858065,-1.4485816177966981,10.16271598871164
-2.240227033409276,-1.1860025470990283,10.088632061599952
-2.24055363795764,-0.9225809097472634,10.072607992543453
-2.2409727300824573,-0.6591096264948403,10.05204624230835
-2.3539401772561788,2.3539401772561788,4.509569311978282
-2.353406946486141,2.6302783519550985,4.535731001167662
-2.3530056753539186,2.9066540695548406,4.555418407130986
-2.3526628319843073,3.183014419743474,4.572239195015712
-2.3514560642763427,3.458023623935798,4.631446359105865
-1.976367137617591,-2.2398827559666037,10.105523208840893
-1.9763715545655531,-1.9763715545655531,10.10527760761829
-1.9764914520123373,-1.7129592584106925,10.098610796107337
-1.9767556610171564,-1.449620818079248,10.08391964394464
-1.9770776814954834,-1.18624660889729,10.066013926272944
-1.9774475130456484,-0.9228088394213027,10.04544970825259
-1.9778448813981748,-0.659281627132725,10.023354326092516
-2.0790375001622983,1.801832500140659,4.396611357872658
-2.0780681908181466,2.0780681908181466,4.450509108547024
-2.0773688542772173,2.354351368180847,4.489395215183578
-2.0768393349229486,2.630663157569068,4.5188387589870445
-2.0764080788150645,2.9069713103410906,4.5428184454718235
-2.0743968350296735,3.1807418137121664,4.654652213241036
-2.0758192132663367,3.459698688777228,4.575561891841701
-1.7130326943784007,-1.9765761858212312,10.093899233453982
-1.7132616951154034,-1.7132616951154034,10.079206823811575
-1.7135701135913055,-1.4499439422695661,10.059419068328566
-1.7127520465176602,-1.1857514168199186,10.1119052599377
-1.7142427432363465,-0.9230537848195712,10.016263965808307
-1.7146592952273028,-0.6594843443181934,9.98953849510201
-1.8034641616550138,1.5260081367850116,4.291925933360858
-1.8024791274722254,1.8024791274722254,4.355124532259367
-1.801519923138574,2.078676834390662,4.416665919353704
-1.8007381646590281,2.354811446092575,4.466822595586464
-1.8002032718206242,2.63106632035322,4.50114067158691
-1.7983145066453599,2.904969587657889,4.622321555266566
-1.7994507969434208,3.183643717669129,4.549418547397224
-1.7991742256672782,3.4599504339755347,4.567163025155651
-1.4500309285525745,-1.7136729155621337,10.05282341851877
-1.450315065680843,-1.450315065680843,10.031278998741271
-1.4506122720742953,-1.1868645862426053,10.008743614716977
-1.4497305194336594,-0.9225557850941469,10.075601646068051
-1.451426380107698,-0.6597392636853173,9.947014669532138
-1.526550676838281,1.526550676838281,4.250788364592665
-1.4208708695655399,1.6792110276683656,12.26385636370857
-1.4198172373378866,1.9361144145516633,12.343746996594177
-1.4188137518709525,2.1927121619823815,12.419835300407158
-1.5229919157196572,2.630622399879408,4.520627944849906
-1.5231266549888063,2.907787250433176,4.510411471583097
-1.5227829517699736,3.184000717337218,4.5364724319036895
-1.5225251776690545,3.460284494702397,4.55601790092355
-1.186962429358641,-1.4507318581050055,9.999676120930275
-1.1872675904802499,-1.1872675904802499,9.9713956788691
-1.1876628447283188,-0.9237377681220258,9.934765964038377
-1.1872411557675069,-0.6595784198708371,9.973845484264316
-1.1648703491639052,1.1648703491639052,12.04703323727675
-1.163909709330283,1.422556311403679,12.136059385211937
-1.1629487271559893,1.679814828114207,12.22511725915949
-1.1620760335842404,1.9367933893070672,12.305993092433695
-1.1612143545699234,2.193404891965411,12.38584816476812
-1.1594075865075755,2.4476382381826594,12.553288234577252
-1.2464097247685038,2.9082893577931754,4.490469100491538
-1.246094515181543,3.184463761019499,4.519680772064163
-0.9241622014887725,-0.9241622014887725,9.884193865055565
-0.9242935121837831,-0.660209651559845,9.868547928647487
-0.9071418361893878,0.9071418361893878,11.912205011403813
-0.9063705472277332,1.1653335607213713,12.004105660054847
-0.9056150952782288,1.4231094354372167,12.094119296494299
-0.9042568623813344,1.6793341729939069,12.255955508924956
-0.9033553188161013,1.935761397463074,12.363376258541734
-0.9034829448907049,2.194172866163141,12.348169352150009
-0.9028496695339576,2.4505919601635995,12.423625399044468
-0.9696192262296793,2.908857678689038,4.467896903572566
-0.969333154320135,3.1849517927661575,4.501982953490312
-0.6604093674081986,-0.3962456204449192,9.835232759248086
-0.6482247106019008,0.9075145948426613,11.86779005964226
-0.6471271303136706,1.1648288345646072,12.050880553127314
-0.6466784948539852,1.4226926886787674,12.125718711747254
-0.646587020568534,1.6811262534781886,12.140977797796864
-0.6460530559641099,1.9381591678923298,12.230049954044489
-0.6455712839119933,2.1949423653007774,12.31041572201174
-0.6931190780050127,2.6338524964190486,4.378832786376265
-0.39690690340369794,-0.13230230113456598,9.65138193673971
-0.38913921074395097,0.6485653512399182,11.81096682476418
-0.38888606055724456,0.907400807966904,11.881347997341294
-0.38875660598945755,1.1662698179683726,11.917339139180285
-0.3884263986846733,1.4242301285104688,12.009143840597304
-0.38810305058443156,1.6817798858658701,12.099041536276246
-0.38778310934470783,1.9389155467235388,12.187992051780526
-0.13238702676825637,-0.13238702676825637,9.580715315584271
-0.13009218683115595,0.13009218683115595,11.494759240472959
-0.12997775921141727,0.38993327763425184,11.590199226007229
0.1300051233292465,-0.3900153699877395,11.567375793904532
0.13009099438310545,-0.13009099438310545,11.495753818748298
0.1324604876554509,0.1324604876554509,9.519444216638135
0.3884610743437767,-1.6833313221563655,11.99950326486109
0.3887002533296046,-1.42523426220855,11.933006385291733
0.38898769655918203,-1.166963089677546,11.853091012483901
0.3893116787697879,-0.908393917129505,11.763017020545618
0.3892806648970684,-0.6488011081617806,11.771639541257741
0.39723866040316197,0.13241288680105398,9.559146387018288
0.6959445026172639,-2.644589109945603,3.907515660778074
0.6466944968419613,-2.1987612892626687,12.12304937456372
0.6469667883667729,-1.9409003651003187,12.077627649898872
0.647260272670374,-1.6828767089429726,12.02867069745298
0.6476123549434093,-1.4247471808755006,11.96993885085493
0.6474852392343585,-1.1654734306218453,11.991143384272107
0.6484318539629839,-0.9078045955481775,11.833235885692943
0.6614955364684445,0.39689732188106674,9.654045805199118
0.9748840413334032,-3.203190421524039,3.8405834748648573
0.9745635500282975,-2.9236906500848927,3.878770665775818
0.9048108142506627,-2.455915067251799,12.189951016907457
0.9051770743448238,-2.198287180551715,12.146310381682781
0.9055520455047738,-1.9404686689388009,12.101631805250264
0.9052316650970137,-1.681144520894454,12.139805782516945
0.9058807429156107,-1.423526881724531,12.062466840149483
0.9069405718278525,-1.1660664494929531,11.936186069470253
0.9076061299135678,-0.9076061299135678,11.856883469753313
0.9263180932531911,0.6616557808951365,9.62731497605077
1.254098021710729,-3.483605615863136,3.7779653743372137
1.253656933440947,-3.2037899410157538,3.8188427023259948
1.253213569994626,-2.924164996654128,3.859930879580091
1.163093612972161,-2.4554198496078956,12.211690139387073
1.162583606311671,-2.19599125636649,12.258954396828372
1.1632569944024782,-1.9387616573374638,12.196548960689071
1.1645176303026745,-1.6820810215483077,12.079721035992165
1.1650414103497195,-1.423939501538546,12.031180346420811
1.1656679517822486,-1.1656679517822486,11.97311636832245
1.1900602168648378,0.6611445649249098,9.7125923678461
1.1908780578565963,0.9262384894440194,9.636799931834759
1.190809088491719,1.190809088491719,9.643191585257483
1.5338049219044347,-3.7647938992199763,3.7007423293333375
1.5331157358321574,-3.484353945073085,3.7529991890279177
1.532531094354051,-3.2043831972857437,3.7973290571462286
1.5319934124864505,-2.9247146965650423,3.8380982587388814
1.5303278634881015,-2.643293582388539,3.9643868821197543
1.4218208846415554,-2.197359548991495,12.191822399976502
1.4223953676785648,-1.9396300468344065,12.14826278571627
1.4229837520832274,-1.6817080706438141,12.103649113853578
1.4235925482790124,-1.4235925482790124,12.057487737898015
1.455472008104565,0.6615781855020749,9.640258884537616
1.454216296073683,0.9254103702287075,9.73547202080681
1.4553072258904534,1.190705912092189,9.652753334714959
1.455233903767999,1.455233903767999,9.658312912918475
1.4551837651186876,1.7197626315039038,9.662114626951492
1.813167781570316,-3.76581000787681,3.669353444399434
1.8120292608742699,-3.4846716555274417,3.7423995518993536
1.8099239799729294,-3.202173195336721,3.877471822057373
1.8108759494162026,-2.9252611490569427,3.816394616758018
1.8102361012041948,-2.6457296863753617,3.8574465022795295
1.8097125380525827,-2.366547165145685,3.891037679311694
1.8094713848538957,-2.0878515979083407,3.9065097761619256
1.8096589428055287,-1.8096589428055287,3.8944762853830355
1.7199520892975464,0.6615200343452101,9.64995924461266
1.7198571811557124,0.9260769436992297,9.656048435924774
1.7192764469521167,1.1902683094283883,9.693307638337217
1.7197340602550537,1.4551595894465839,9.663947723637534
1.7197562517407672,1.7197562517407672,9.662523944819426
1.7197887353512873,1.9843716177130235,9.66043983575203
2.091228138494302,-3.764210649289744,3.718759659295685
2.0916132048115195,-3.4860220080191993,3.6973483229831885
2.0906640412637203,-3.205684863271038,3.7501258811044806
2.089859171954388,-2.925802840736144,3.794880061616169
2.0891266227195686,-2.646227055444787,3.835612936268859
2.088415488390561,-2.366870886842636,3.875155050447489
2.087931075586162,-2.087931075586162,3.9020904769059968
1.9844042412515395,0.6614680804171799,9.658625827297811
1.9843358707650467,0.9260234063570218,9.662427519148522
1.9829486750246252,1.1897692050147752,9.73956154308513
1.9843479934226076,1.4551885285099122,9.661753447471952
1.984406134505954,1.7198186499051604,9.658520554244362
1.984477047812626,1.984477047812626,9.65457747070188
2.3711404037218484,-3.486971181943894,3.6656814419105075
2.369956424110215,-3.2064116326197025,3.7237705626938293
2.368963313133664,-2.926366445635702,3.7724951715480017
2.3681184485027913,-2.646720618914884,3.8139464289058935
2.367282463702067,-2.367282463702067,3.854962018688994
2.248885390331298,0.6614368795092053,9.663830539608625
2.248914410025563,0.9260235805987611,9.662406757890864
2.248960449761485,1.1906261204619624,9.66014792863865
2.247014248218781,1.45395039590627,9.755633640868808
2.2491500558861657,1.7199382780305972,9.650845358755149
2.2492906365785417,1.9846682087457717,9.643948104158028
2.2496957467052012,2.2496957467052012,9.6240723471375
2.5135101278916983,0.6614500336557101,9.661636258970788
2.513587753586778,0.9260586460582867,9.658228637062152
2.5136838575273606,1.1906923535655916,9.65400985495532
2.5138409680922233,1.455381613106024,9.647112996867875
2.5126363409115373,1.7191722332552624,9.699993862777234
2.5146232727697035,1.9852288995550287,9.61277129396315
2.5151473575909415,2.2503950041603162,9.589764956731699
2.7783761260039186,0.9261253753346395,9.650277708051476
2.7785535346763988,1.1908086577184565,9.643231506654502
2.7790791951875367,1.455708149860138,9.622353666940498
2.7783751647379957,1.7199465305520925,9.650315886981488
2.780222116727401,1.9858729405195716,9.576959858181112
2.781000450363628,2.2512860788657942,9.546046512862489
3.0440650497049067,1.1911558890149634,9.611052261438331
3.0447057650628246,1.4561636267691769,9.587817575909071
3.045405720101225,1.7213162765789534,9.56243464259731
3.043558399831258,1.9849293911942985,9.62942524148663
3.0473909392815948,2.2524193899037876,9.490443324155322
3.3108029482894095,1.45675329724734,9.543106388781354
3.311877008251965,1.7221760442910217,9.507272988585385
3.313013997207601,1.9878083983245607,9.469340115481373
3.313024245897358,2.2528564872102037,9.468998192856617
0.0,0.0,120.0
