-3.237768632881415,-2.5182644922411,9.981221125678402
-3.239573243500212,-2.2796996898705193,9.92547441524249
-3.2383019904788424,-2.038930882894086,9.964745033144709
-3.237113799399471,-1.7983965552219283,10.001449762327994
-3.236185224912779,-1.558163256439486,10.030134605744422
-2.999237731597311,-2.519359694541741,9.937722598391872
-2.99516836033379,-2.2763279538536803,10.073487280174447
-2.9970591660423307,-2.0380002329087845,10.010405143227672
-2.9962169068348077,-1.7977301441008844,10.038505074613354
-2.995451039615663,-1.5576345406001446,10.064056372974093
-2.994847352766832,-1.3177328352174058,10.084196917451465
-2.75791167256953,-2.518093266259136,9.98802176702499
-2.7570552773714097,-2.277567403045947,10.019077793497885
-2.753648835701716,-2.035305661170834,10.142607844699242
-2.7556476800132295,-1.7971615304434105,10.070122429099285
-2.7550923555475615,-1.5572261140051435,10.09026052812726
-2.754789236785142,-1.3175078958537636,10.101252724639792
-2.754606586951993,-1.077889534024693,10.107876276553668
-2.517100542457279,-2.517100542457279,10.027450120451377
-2.5164008052245914,-2.2767435856793923,10.055241825318745
-2.5158734305177073,-2.0366594437524297,10.076187748336082
-2.5130505713133364,-1.7950361223666689,10.18830422038468
-2.5151637209219424,-1.5570061129516788,10.104375528985216
-2.5151148364836518,-1.3174411048247698,10.10631708907107
-2.51524520515147,-1.0779622307792016,10.10113919175376
-2.5155493838401526,-0.8385164612800509,10.08905802192615
-2.2765871056623093,-2.516227853626763,10.06211100354544
-2.2761282858247665,-2.2761282858247665,10.082252330832986
-2.275789412459115,-2.036232632200261,10.09712823376509
-2.275553185867195,-1.796489357263575,10.107498136529898
-2.273475920906831,-1.555536156409937,10.198686158507499
-2.275758687400638,-1.3175445032319482,10.098477006002213
-2.2760657224969765,-1.0781363948669889,10.084998743167631
-2.2764249558679825,-0.8386828784776779,10.069229074321612
-2.2768546970168857,-0.5991722886886541,10.050364246734091
-2.4028893935663644,2.4028893935663644,4.517678287942587
-2.402374121702679,2.655255608197698,4.540297752925028
-2.4019752857568495,2.9076542932846072,4.5578059002667
-2.401633123685518,3.160043583796735,4.572826171188225
-2.401503974264222,3.4126635423754736,4.578495587700942
-2.0361689775938703,-2.275718269075502,10.100251294401204
-2.0360033736967935,-2.0360033736967935,10.108376252538093
-2.036108905845809,-1.796566681628655,10.103198570684086
-2.0362878624785012,-1.5571613066012069,10.094418492590435
-2.0348047837117837,-1.3166383894605658,10.16718219625946
-2.0369170523797044,-1.0783678512598436,10.06354879871435
-2.0373024991464592,-0.8388892643544243,10.044637777300167
-2.037715772873974,-0.5993281684923454,10.024361492777757
-2.1518141217892044,1.8986595192257685,4.426399580095719
-2.150919860220234,2.150919860220234,4.470274379780946
-2.1502841126243952,2.403258714109618,4.501465811220754
-2.149782923855255,2.6556142000564913,4.526055436464105
-2.1493710311572163,2.907972571565645,4.546263964086592
-2.149028676457461,3.1603362889080313,4.563060776556512
-2.1470811976683,3.4100701374731823,4.658609153821629
-2.1487370250037645,3.665492572065246,4.577369955831173
-1.7965947249868848,-2.0361406883184694,10.101639239868746
-1.7967975796922269,-1.7967975796922269,10.090359649511313
-1.7970427006815994,-1.5574370072573862,10.07672987275329
-1.797381919137712,-1.3180800740343221,10.057867873865106
-1.796683990379999,-1.0780103942279993,10.096675701725886
-1.7980943475819513,-0.839110695538244,10.018253801337465
-1.798523232771127,-0.5995077442570422,9.99440594808651
-1.9003098821190603,1.6469352311698524,4.334632335426562
-1.899273268385285,1.899273268385285,4.392272498400061
-1.898371405141743,2.1514875924939756,4.442419957037572
-1.8976782670763628,2.4037258049633925,4.48096140188818
-1.8971588082956767,2.656022331613947,4.509845534715282
-1.8953529472983708,2.9062078525241684,4.610259139899853
-1.8963203304812803,3.1605338841354675,4.556468492039471
-1.896111001933987,3.412999803481177,4.568108055734072
-1.8959287563142635,3.665462262207576,4.57824169267117
-1.5572878366712457,-2.0364533248777827,10.08630047670357
-1.5575255286406497,-1.7971448407392112,10.071050448127664
-1.5578195515020106,-1.5578195515020106,10.052186297820185
-1.5581275325971606,-1.3184156045052897,10.03242660415593
-1.5574903061246241,-1.0782625196247397,10.073310282051594
-1.5588419094215555,-0.8393764127654529,9.986593053223203
-1.5592811060835403,-0.5997235023398231,9.958414727878434
-1.64841804196185,1.3948152662754112,4.23949699279251
-1.5239507564678756,1.5239507564678756,12.225167124209989
-1.522797140534993,1.7570736236942226,12.299181723803656
-1.5216594476894316,1.989862354670795,12.37217471742018
-1.5206286606200783,2.2224572732139607,12.438308766049246
-1.5196579640492702,2.4548320957718976,12.500587481146198
-1.5186473125592583,2.6868375529894566,12.56542965541739
-1.5175724322344641,2.9184085235278157,12.634392673856254
-1.6434507196117278,3.4133207253474347,4.558194372325332
-1.3184961424338644,-1.5582227137854763,10.02631989451261
-1.3187809801261048,-1.3187809801261048,10.004722355157298
-1.3191231332232662,-1.0792825635463088,9.978778931295949
-1.3182629067070606,-0.8388945769954023,10.044004765321276
-1.3199930119360095,-0.599996823607277,9.912821228911
-1.291052623851597,1.291052623851597,12.107197842815154
-1.2899793508262118,1.5245210509764324,12.18857771997402
-1.288953323214804,1.7576636225656421,12.266375259838583
-1.2879902896119084,1.9905304475820405,12.339396340635219
-1.2870563248544664,2.2230972883849875,12.410213304663614
-1.2862309069488227,2.4555317314477523,12.472799809846592
-1.284140922659218,2.6850219291965467,12.631270823958715
-1.2832982357957035,2.91658689953569,12.695166730977903
-1.390764366354207,3.4136943537785083,4.546652516292369
-1.079366895305417,-1.3192262053732873,9.97096358635686
-1.079729980789479,-1.079729980789479,9.93731507326602
-1.0801093362898413,-0.8400850393365433,9.902158755868754
-1.0795506389244038,-0.5997503549580021,9.953935366171166
-1.0576035828062107,1.0576035828062107,11.98785254963066
-1.0567097610197893,1.2915341523575201,12.070686414936446
-1.0558327655611668,1.5250917724772408,12.151960920432856
-1.054953673421306,1.7582561223688433,12.233429733356004
-1.0535186491383268,1.9899796705946173,12.36641889290955
-1.052312425447652,2.221548453722821,12.47820423115023
-1.052674451119408,2.456240385945285,12.44465393489763
-1.0520031803082524,2.688452571898867,12.506863154676878
-1.0512954241862864,2.920265067184129,12.572453607009663
-0.8404506469389951,-0.6003218906707107,9.858595866358456
-0.8228966831996463,1.058010021256688,11.9501863522148
-0.8221960919384207,1.2920224301889467,12.033663226054358
-0.8207942985699825,1.5243322687728247,12.200689757275299
-0.8200641367233295,1.757280292978563,12.287690026517723
-0.8201808035789249,1.9918676658345318,12.273788933362823
-0.8195680173031661,2.2245417612514506,12.346803664580904
-0.818982559668103,2.4569476790043088,12.416562132671231
-0.818457877679014,2.689218740945331,12.47907905892069
-0.6005973378745973,-0.36035840272475844,9.81264773388061
-0.6361995389086469,0.8906793544721057,3.873743194160056
-0.58742714364294,1.057368858557292,12.009605338737273
-0.5870581835358062,1.2915280037787737,12.071152624904698
-0.5870115147497759,1.5262299383494173,12.078937578002225
-0.5865241522736486,1.7595724568209459,12.160235900518671
-0.5860401996581452,1.992536678837694,12.240965414474104
-0.585602388328058,2.2252890756466206,12.313997969211655
-0.5851648901488424,2.4576925386251385,12.386978286360517
-0.3499058568938732,-0.11663528563129107,12.71867929390092
-0.35327602389695595,0.5887933731615932,11.781700702086596
-0.35305287403766883,0.8237900394212273,11.84374114124796
-0.35294402503996375,1.0588320751198912,11.874003493379718
-0.35263908022404367,1.2930099608214933,11.95878468195005
-0.3523394046271377,1.5268040867175967,12.042100914805346
-0.35204595401735533,1.7602297700867766,12.123686467945419
-0.35175307211793283,1.9932674086682858,12.20511390742773
-0.35147939694032815,2.226036180622078,12.281201466973599
-0.11673618612671612,-0.11673618612671612,12.634521799007999
-0.11810833960561135,0.11810833960561135,11.490057652365707
-0.11800269514286478,0.3540080854285944,11.578171920750663
0.11802114132135888,-0.35406342396407664,11.562786622929565
0.11811024672663112,-0.11811024672663112,11.488466990924394
0.11675778852403235,0.11675778852403235,12.616504011938105
0.3522618930554861,-1.9961507273144212,12.063650791469911
0.35243206628322243,-1.762160331416112,12.01633899026153
0.35263489339920934,-1.5280845380632404,11.959948708905955
0.3528797835382961,-1.2938925396404188,11.891864006438439
0.3531637339096718,-1.0594912017290155,11.812919723002793
0.3534171031567063,-0.5890285052611771,11.74247764696375
0.34993722367880964,0.11664574122626986,12.70995865603561
0.5864865731522846,-2.4632436072395953,12.166504580768347
0.5867288029791087,-2.229569451320613,12.126097533552226
0.5869779507162226,-1.9957250324351568,12.08453649002034
0.5872366841354411,-1.7617100524063232,12.041376431559229
0.5875444897700183,-1.5276156734020476,11.990030497109998
0.5879245148006309,-1.293433932561388,11.926637439547235
0.5878066440688833,-1.0580519593239899,11.946299791973331
0.5886546443031264,-0.824116502024377,11.8048424580289
0.6016216138471128,0.3609729683082677,9.641785342050383
0.8908775426225045,-3.1817055093660875,3.850128672907829
0.8205945566540962,-2.6962392575777443,12.224489412845855
0.8209178488691006,-2.4627535466073014,12.18596848782316
0.8212528289389908,-2.229114821405832,12.146054931116694
0.8215976547184165,-1.99530859003044,12.104968238092027
0.8219532212020146,-1.7613283311471741,12.062601768317663
0.821647498265994,-1.525916782493989,12.099029278011969
0.8221495235615689,-1.2919492513110367,12.039211942880442
0.8234020977733352,-1.0586598399942881,11.889965177701882
0.8424281607836783,0.6017344005597702,9.622971069326596
1.1460303184160483,-3.438090955248145,3.7930105596387307
1.0544671940809998,-2.9290755391138883,12.278513624531143
1.05485027563562,-2.6957284821799177,12.243011999510784
1.0552615707818098,-2.4622769984908897,12.204895713626982
1.055686380563887,-2.2286712478570943,12.165526975021905
1.055241800563596,-1.9932345121756812,12.206727894960522
1.0556839133005922,-1.7594731888343202,12.165755625697614
1.0570395947941773,-1.5268349702582562,12.040119464280266
1.0575936590628257,-1.2926144721878978,11.98877222068296
1.0582813195831062,-1.0582813195831062,11.925044104207856
1.0822191676550463,0.6012328709194702,9.70663265684287
1.083063074788943,0.8423823915025112,9.62842457227643
1.0829757050896576,1.0829757050896576,9.636521454688932
1.401548632392786,-3.6949918490355267,3.728946094244634
1.4009739149608373,-3.4387541549038736,3.7725234812718043
1.288651709701947,-2.9287538856862434,12.289244809380236
1.2885200590709056,-2.6941783053300754,12.299227089684166
1.2882145646977303,-2.4593187144229396,12.322390901662772
1.289243745771452,-2.226875560877963,12.24435425360329
1.2905530582366687,-1.9944910900021244,12.145076916838349
1.2910953559807858,-1.7605845763374355,12.10395772092457
1.2916546114761245,-1.5265009044717834,12.061552720114321
1.2922840818475156,-1.2922840818475156,12.013823745019124
1.3236823935985889,0.6016738152720859,9.63307747369538
1.3224519457672617,0.8415603291246212,9.726374976749511
1.323518621837895,1.0828788724128233,9.64549530723086
1.3234450052403526,1.3234450052403526,9.651077213719844
1.3233723061204983,1.5639854526878618,9.656589553360703
1.6568053489969385,-3.6959503939162475,3.7013775423094586
1.5210169592794922,-3.159035223118945,12.413395994839973
1.521534525725761,-2.926027934088002,12.380189559152143
1.5231276802969924,-2.6947643574485247,12.277974693424795
1.5236867167985415,-2.461340080982259,12.242107589269082
1.52428131871557,-2.2277957735073715,12.203958651176208
1.5248955650687168,-1.9940942004744757,12.164549349879167
1.525526375170711,-1.7602227405815896,12.1240773385382
1.5261753591182237,-1.5261753591182237,12.082439315302992
1.5641988718938515,0.6016149507284044,9.642896835856831
1.5641099587973235,0.8422130547370204,9.64860139233059
1.5636398990506195,1.0825199301119672,9.678759855772114
1.5639509480034655,1.323343109849086,9.658803332077625
1.5638973052629646,1.5638973052629646,9.66224498527096
1.5638796148978926,1.8044764787283376,9.663379977645917
1.9132153049797638,-3.9539782969581783,3.6170355559358285
1.9112730343523734,-3.6951278664145883,3.7250341207375186
1.909469692211171,-3.437045445980108,3.82530766673554
1.910463829205355,-3.1841063820089253,3.7700293923931127
1.7572620215696186,-2.694468433073415,12.288705995103697
1.7577762113807374,-2.460886695933032,12.260114839549288
1.7584505987796348,-2.227370758454204,12.222616012056278
1.7591448254751016,-1.993697468871782,12.184014034710742
1.7598626685953187,-1.7598626685953187,12.144098883009988
1.804687643162807,0.6015625477209356,9.651638330761983
1.8045885091382408,0.8421413042645124,9.657150607076716
1.8030382534564975,1.0818229520738984,9.743351462067182
1.804466067575933,1.3232751162223508,9.663958882306147
1.8044892496879503,1.5638906830628903,9.662669857598871
1.8045167927165895,1.8045167927165895,9.661138347251452
1.804574541964254,2.045184480892821,9.657927241765847
2.16741471697884,-3.95234448390259,3.6609937831053116
2.167777738662004,-3.6979737894822424,3.6431829946482424
2.1666516900230777,-3.4411526841543005,3.6984298711584245
2.165661797976567,-3.184796761730246,3.746996550928273
2.164815702718988,-2.9288683036786303,3.788508186034832
2.164053872013868,-2.673243018370072,3.825885582918474
2.1632857497708278,-2.417789955626219,3.8635716590247853
2.162687151405833,-2.162687151405833,3.892940452527
2.0451594838403264,0.6015174952471548,9.659153662210358
2.0450893361491786,0.8420956090026029,9.66259529048142
2.0450760168399347,1.0826873030329067,9.663248770453379
2.0431326457791017,1.3220270060923598,9.758595611877311
2.045155086752356,1.5639421251635661,9.659369394788627
2.0452205382159376,1.804606357249357,9.656158175662796
2.0453331085929167,2.0453331085929167,9.650635180029496
2.0454603990948215,2.28610279898833,9.644389976761602
2.4222068844671383,-3.44208346740067,3.6696767963546506
2.4209991827193305,-3.1855252404201715,3.7226926299737784
2.419977668389182,-2.9294466512079573,3.7675351863954916
2.4190954711272803,-2.6737370996669942,3.8062619857407185
2.418243611244455,-2.418243611244455,3.843657031244831
2.2856600077985334,0.6014894757364561,9.663827676581832
2.285689371893251,0.8420960843817241,9.66253864809218
2.285728716216429,1.0827136024183084,9.660811506357689
2.2858018657549617,1.3233589749107673,9.657600379296554
2.284442897340247,1.5630398771275376,9.717256534882097
2.2860389043702867,1.8047675560818053,9.64719483023265
2.2862969092668517,2.0456340767124463,9.635868900884574
2.286727724353332,2.286727724353332,9.616956929458752
2.5263762778266936,0.8421254259422312,9.659042541474435
2.526457130180862,1.0827673415060837,9.655831300654441
2.526603962088751,1.3234592182369649,9.64999952715641
2.5248297453704445,1.56298984237218,9.720466704122998
2.527222035495643,1.8051585967826023,9.62545129260738
2.5277028492781772,2.046235639891858,9.606354645871832
2.5282424037957596,2.2874574129580685,9.584924973114653
2.5288341816146787,2.5288341816146787,9.561421129497134
2.7671555733824817,0.8421777832033641,9.652804067311152
2.7673277824457063,1.0828673931309287,9.646559135954561
2.7676756490639107,1.3236709625957834,9.633944218300073
2.76819718197875,1.5646331898140762,9.615031524668339
2.766003435173959,1.803915283809104,9.694584818514386
2.769353047998542,2.046913122433705,9.573115589375178
2.770167195477507,2.2883989875683755,9.543591619933181
2.77106012413466,2.530098374209907,9.511210756430188
3.0086553630445643,1.0831159306960432,9.623526214286201
3.009235427204144,1.324063587969823,9.604173783421814
3.0098777818524804,1.5651364465632898,9.582743181794314
3.0106156120331113,1.8063693672198666,9.558127271080807
3.009357022886186,2.046362775562606,9.60011703902336
3.012570402170818,2.2895535056498217,9.492910449166189
3.013627743360814,2.5314473044230836,9.457634830182457
3.2510503096789436,1.3245019780173473,9.57093328694853
3.2520420691762215,1.5657980333070696,9.5402965784304
3.2530903592517513,1.8072724218065284,9.50791356866381
3.25146867558101,2.0472210179584134,9.55800943370518
3.2553534504784327,2.2908042799663044,9.438003810852479
3.495934277795433,1.808241867825224,9.454008218299492
3.4971865327743274,2.050074864040123,9.417992318453713
3.495200531772189,2.289958969092124,9.475111367203496
0.0,0.0,110.0
