-3.800954874902377,-2.449504252714865,9.55021036092802
-3.8006344146487328,-2.2803806487892397,9.556150015093877
-3.802506463143607,-2.1125035906353373,9.521452043926445
-3.801330016229048,-1.942902008294847,9.543257206150145
-3.8003098978411187,-1.7734779523258553,9.562164856517455
-3.7993304546574436,-1.6041617475220316,9.580318601701066
-3.635101781828015,-2.620654772945778,9.490502326496056
-3.6339550852302054,-2.4508069179459526,9.512744620095546
-3.6277760447246705,-2.277905888548049,9.632598497180226
-3.6317809455009664,-2.1115005497098642,9.554916066558746
-3.6308448405100258,-1.9420797984123397,9.573073547873534
-3.629961987715473,-1.7727721335354636,9.590198104708435
-3.6292545141290002,-1.6036240876383956,9.603920858621095
-3.6285473162596538,-1.4345419622421887,9.617638264492001
-3.464289650588047,-2.6193409553226696,9.525850981189649
-3.463217302807072,-2.4495927263757338,9.547665784493873
-3.462324553954996,-2.2800673891898753,9.565827001361782
-3.4572291852231025,-2.1080665763555504,9.669482241406811
-3.4607212044549063,-1.9413801878649475,9.59844398867962
-3.460046794592955,-1.7722190899134647,9.612163528875357
-3.459388038039954,-1.6031310420185152,9.625564633334221
-3.458898996850695,-1.434177632840532,9.635513213021355
-3.458484448988939,-1.26529918865449,9.643946372696632
-3.458070000482115,-1.096461219665061,9.652377511191531
-3.293769584219399,-2.618124541302599,9.558578962915306
-3.292920647354771,-2.448582019827907,9.576734549572492
-3.292161668694144,-2.2791888475574846,9.592966266462327
-3.287323749330656,-2.1072588136734973,9.696431280062455
-3.290878695830027,-1.9407746154895031,9.620404260951503
-3.2903499221079824,-1.7717268811350673,9.631712754589415
-3.2899352768111894,-1.6027889810105795,9.640580467762902
-3.289541007585186,-1.4339024904858504,9.649012412937196
-3.289144695759203,-1.2650556522150782,9.657488041690897
-3.288872379466984,-1.0962907931556614,9.663311869407124
-3.1235759007245307,-2.6170500789854176,9.587487691770264
-3.1229670977161534,-2.4477309684802284,9.601211497652713
-3.1223585320565723,-2.2784778477169585,9.614929953152938
-3.1217952095785853,-2.109321087553098,9.627628524333986
-3.1171618941836283,-1.937695231519553,9.73207400209543
-3.1209958906536635,-1.7713760460466739,9.645646992726626
-3.120621894103015,-1.602481513188035,9.654077726463456
-3.1203153747968404,-1.433658415447197,9.660987369483081
-3.1200570491453816,-1.2648879928967764,9.666810617801985
-3.119798766278514,-1.0961455124762347,9.672632901658815
-3.1195381570350427,-0.9274302629023101,9.678507627340764
-2.953812150371533,-2.616233618900501,9.609454793676349
-2.9532366149473743,-2.446967480956396,9.623170036972027
-2.952791542816297,-2.2778677616011436,9.633776286918803
-2.952434647374449,-2.108881890981749,9.642281250489418
-2.9503845087562492,-1.938824105754107,9.691136887793718
-2.948303356478643,-1.768982013887186,9.740731593218598
-2.9515028504978336,-1.6022444045559667,9.664486349130598
-2.951258512733584,-1.4334684204705979,9.670309017453576
-2.951011864488675,-1.2647193704951465,9.67618674547063
-2.950767882777534,-1.0959994993173698,9.682000928903179
-2.9505239414065594,-0.9273075244420614,9.687814151013171
-2.9502728434543783,-0.7586415883168401,9.693797917364734
-2.7842221818313813,-2.61548144353857,9.629692295952353
-2.7838572753945576,-2.446420029892187,9.638915187146168
-2.7835236470331672,-2.2774284384816825,9.647347535183286
-2.7831900986288542,-2.1084773474461014,9.655777862331334
-2.7829375112154384,-1.9396231138774267,9.662161926836049
-2.640119895101298,-1.680076296882644,13.271830600943048
-2.6441502986015757,-1.5223895658615132,13.169963466798094
-2.644457519136226,-1.3622962977368436,13.16219856797018
-2.7820143753931292,-1.2645519888150587,9.685493883708034
-2.781780954478368,-1.095853103279357,9.691393521209491
-2.7815426372618637,-0.9271808790872879,9.697416911140792
-2.781304360875484,-0.7585375529660411,9.703439269104024
-2.614950333991485,-2.614950333991485,9.643981956597912
-2.614636970664145,-2.4459507144922648,9.652413090308514
-2.6143610301936446,-2.277024123071884,9.659837350903103
-2.614144588161845,-2.108181119485359,9.665660788272703
-2.4837707606659807,-1.8427976611392762,13.173407471050155
-2.4813891124566703,-1.6809410116641958,13.237486425900329
-2.482264397608739,-1.5213878565989047,13.213936618031482
-2.484659639656754,-1.3625552862633812,13.149491916899734
-2.484976880132439,-1.202408167806019,13.14095646735744
-2.4852942016287756,-1.0422201490701317,13.132418837930373
-2.612609280267796,-0.9270549059014761,9.70696870471447
-2.612428964327672,-0.7584471186757757,9.711820158821268
-2.5027439708494295,2.0183419119753463,12.662927596669363
-2.5018878542190746,2.179063614965001,12.685961669748892
-2.5010827592522036,2.3397225812359324,12.707622989766932
-2.500338596283498,2.500338596283498,12.727644916215354
-2.499706571128605,2.660977962814322,12.744649741363844
-2.499067379461945,2.8215276864892926,12.761847383647208
-2.4961397015565665,2.979263514761063,12.840617430197838
-2.4942076966294864,3.1378741989854833,12.892598598536921
-2.4455709149263347,-2.4455709149263347,9.663336443266616
-2.445368457045325,-2.2767223565594406,9.669159301141676
-2.445164039677633,-2.1079000342048557,9.675038515491494
-2.323947666319114,-1.843130907770332,13.16132272767608
-2.324227390638925,-1.6830612139109455,13.153277622440697
-2.321253151384059,-1.520821030217142,13.23881922932273
-2.324820945796009,-1.3628260716735223,13.136206480021016
-2.325138406105051,-1.2026577962612333,13.127076056195051
-2.325479337286322,-1.0424562546455927,13.11727059046649
-2.3258203684626015,-0.882207725968573,13.107462248797916
-2.4436151740460827,-0.7583633298763705,9.71958518561911
-2.443472897737552,-0.5898038029021677,9.723677171169044
-2.343909891089843,1.6973140590650586,12.587192458554469
-2.3429200465190343,1.8581779679288895,12.615661215737305
-2.3420064846614785,2.018971107466792,12.641936018328778
-2.3411082942824217,2.1796525498491515,12.667768724350935
-2.340334510362213,2.340334510362213,12.690023396635908
-2.3395814478913652,2.5009318925735284,12.711682102717958
-2.3389155696375954,2.6615246137255397,12.73083331784703
-2.336104799756776,2.8194368272926607,12.811673408901413
-2.33464720565973,2.978687814117586,12.853595033410642
-2.3370867046495136,3.1429786717700354,12.783433003496015
-2.276609115340757,-2.44524682758822,9.672657465987669
-2.276418941942583,-2.276418941942583,9.678532163415568
-2.276230739965458,-2.1076210555235724,9.684345961147315
-2.164089554495118,-1.8434836945699153,13.148529386224382
-2.1643658685925184,-1.6833956755719583,13.139993693362612
-2.162764313025125,-1.5219452573139767,13.18946777576717
-2.1626855924365977,-1.3616909285711911,13.191899554572117
-2.1652781011529965,-1.2029322784183314,13.111813672770097
-2.1656030860418327,-1.0426977821682897,13.101774477441595
-2.1659863666631813,-0.8824388901220368,13.08993445301114
-2.1663697829788684,-0.7221232609929561,13.078090236810482
-2.2747511157071716,-0.5897502892574148,9.730053430792836
-2.184081580748603,1.5369462975638315,12.530950343426184
-2.1830122585459293,1.6978984233135002,12.563983062271035
-2.1820881130560457,1.8588158000107056,12.592531088359635
-2.181168750999455,2.0196006953698658,12.620931348127954
-2.180331983114659,2.180331983114659,12.64678016919214
-2.179502155544693,2.3409467596591145,12.67241459513022
-2.178800661576064,2.5015859447725175,12.694084633383554
-2.1759012576408323,2.659434870449906,12.783650897668224
-2.1747450045655277,2.8191138948071655,12.819369021405407
-2.1769574745410716,2.983238020667394,12.751023018234363
-2.1763864004634965,3.1436692451139394,12.768664220667972
-2.1075163656220814,-2.2761176748718484,9.687838685266428
-2.1073369834455473,-2.1073369834455473,9.69382333560614
-2.0041848496805037,-1.8438500617060636,13.135243572030205
-2.0044628034836354,-1.6837487549262538,13.12597031894299
-2.0047567192741926,-1.5236151066483865,13.116164532940232
-2.002230563862655,-1.3615167834266055,13.20044356853846
-2.005385484268194,-1.2032312905609164,13.095187317100581
-2.0057404436306965,-1.0429850306879622,13.083344960683533
-2.0060955286586397,-0.8826820326098015,13.071498411744471
-2.0064520629365483,-0.7223227426571575,13.059603512102655
-2.106216885845942,-0.5897407280368637,9.731192669669866
-2.0241021069639364,1.3763894327354769,12.470752690771292
-2.023102979466049,1.5375582643941972,12.504086151403627
-2.0221120778837274,1.6985741454223309,12.537145174355814
-2.0211457283947607,1.85945407012318,12.569385076385984
-2.0202919633320247,2.0202919633320247,12.597868872666382
-2.0194554076281466,2.1810118402383987,12.625778520515055
-2.01868073399853,2.341669651438295,12.651623623357608
-2.015549299023772,2.499281130789477,12.756096340477797
-2.0149732604957444,2.659764703854383,12.775314465929569
-2.016654157842857,2.82331582098,12.719235411288963
-2.0161154162693276,2.9838508160786046,12.737209214502471
-2.015605863536569,3.1443451471170474,12.754209202985848
-1.9384841568556068,-2.107047996582181,9.703464679932708
-1.8442562188304856,-1.8442562188304856,13.120514827128432
-1.8445266654706296,-1.6841330423862269,13.11070744143285
-1.8448098162673963,-1.5239733264817619,13.100439356488522
-1.8451363276053296,-1.3637964160561131,13.088598859511407
-1.842860555436738,-1.2018655796326554,13.171126693470768
-1.8457902417300696,-1.0432727453256914,13.064885538356066
-1.8461186176825972,-0.8829262954134159,13.052977423624526
-1.8464471104955908,-0.7225227823678398,13.04106507110447
-1.8468128693770938,-0.5620734819843328,13.02780131445148
-1.8639969606200022,1.2156501917086973,12.404643228413875
-1.8629222282705984,1.3769425165478335,12.443616959662748
-1.862001385194483,1.538175057334573,12.477010102235226
-1.8610837775477655,1.69925040558709,12.510285916287827
-1.8601723155168266,1.8601723155168266,12.543338867803683
-1.859306775279404,2.0209856253037,12.57472652689583
-1.858521435926284,2.181742555217812,12.603205808183532
-1.855254925943497,2.3392344718418006,12.72166142391103
-1.8552418255699559,2.5005433301160274,12.722136491436387
-1.856388859821149,2.6635144510477358,12.68054082841941
-1.855791435120436,2.8240304447484896,12.70220563616428
-1.855221568406145,2.984486870914233,12.72287109038902
-1.854738285232316,3.1449910053939267,12.74039670832019
-2.12973285456162,3.7964803059576697,2.7680864434578893
-2.1320487543301416,3.9860041928780907,2.684103435755773
-1.6842704630047605,-1.8446771737671188,13.105249459358191
-1.6845574289559038,-1.6845574289559038,13.09385193376059
-1.68485560670255,-1.524393167968974,13.082009105416319
-1.6851538900267293,-1.3641721966883047,13.07016208381279
-1.6835135339388876,-1.2025096670992055,13.135312671977971
-1.684354634324073,-1.0426957260101406,13.101906398055533
-1.686056640828026,-0.8831725261480137,13.03430721906301
-1.6864259413120994,-0.7227539748480427,13.019639584440611
-1.6867954036089177,-0.5622651345363059,13.00496552304567
-1.702745602438608,1.2162468588847204,12.371465978155314
-1.7017176641034488,1.3775809661789824,12.412292959339183
-1.700771315807316,1.5387930952542384,12.44987940081927
-1.699930701806157,1.699930701806157,12.483266356859687
-1.6990943370963407,1.8609128453912307,12.516484542331114
-1.6982622854573208,2.0217408160206203,12.549531424083042
-1.695085989901865,2.17939627273097,12.67568544951581
-1.6954192504142604,2.3412932505720745,12.662449226871388
-1.696098511671212,2.5037644696098846,12.635470773390338
-1.6954479735618375,2.664275387025745,12.661308419718324
-1.694861459285478,2.8247690988091305,12.684603209401672
-1.6943160503876193,2.985223517349615,12.706265402598262
-1.9405976597211525,3.6039670823392838,2.9246138323849067
-1.9411139619452564,3.789793925702644,2.904107678982797
-1.9430862408741056,3.9787003979803117,2.8257739969288167
-1.9471135824787733,4.1723862481688005,2.665818682207231
-1.5245433122697045,-1.6850215556665153,13.075418053212559
-1.5248138322837563,-1.5248138322837563,13.063542733762489
-1.5250851101892633,-1.3645498354324987,13.051634144304032
-1.525356484631414,-1.2042288036563797,13.039721317068611
-1.5235045112102135,-1.0423978234596198,13.121019464515726
-1.5259999165957192,-0.8834736359238374,13.011475864889093
-1.5263342734564718,-0.7230004453214867,12.996798228021177
-1.5266890040617929,-0.5624643699175026,12.981226222113719
-1.5270498351335289,-0.4018552197719813,12.965386417212812
-1.5425361675024172,1.0554194830279697,12.285565574252388
-1.541421567013573,1.216911763431768,12.334494437836156
-1.5404049224697947,1.3782570358940267,12.379123219802054
-1.539475093510502,1.539475093510502,12.419940961011406
-1.5386504631660125,1.7006136698150662,12.456140681033418
-1.5378900483270528,1.861656374290643,12.489521461227682
-1.5349410229470886,2.0196592407198533,12.618978124817474
-1.5363819795176388,2.1832796551040135,12.555722843507041
-1.5357057763550304,2.3439719744366254,12.585406889610852
-1.5350572235942375,2.5045670490221768,12.613877135117932
-1.5344549491917883,2.6651059643857375,12.640315847797837
-1.533866451852594,2.825543463938989,12.666149773331739
-1.5333535522664254,2.986004285992512,12.688665099796225
-1.7565252862471668,3.6054992717705003,2.89184602696524
-1.7578633700495336,3.793284114317415,2.833106666553192
-1.7593759649958651,3.981745604990642,2.7667065953821464
-1.3644421508547964,-1.6854873628206306,13.05691742991064
-1.3646849212413972,-1.5252360884462677,13.045006482989493
-1.364936705322007,-1.364936705322007,13.032653300784204
-1.3652356776088361,-1.2046197155372085,13.017984942385254
-1.3653043990973193,-1.0440563051920677,13.014613287328288
-1.3640406165425198,-0.8826145165863364,13.076617748172282
-1.3661645097213055,-0.723263563970103,12.972414021874016
-1.3664874434924261,-0.5626713002615872,12.95657005070143
-1.3668402120043484,-0.40201182706010247,12.93926230950703
-1.3810461104812861,1.0560940844856894,12.242283962621329
-1.3799768789191371,1.2176266578698272,12.294743245491347
-1.3789798752298978,1.3789798752298978,12.34365884095989
-1.3781010003902823,1.5402305298479626,12.386778727662517
-1.3761384548674696,1.6999357383656977,12.48306631808832
-1.3745944305532092,1.859745406042577,12.558820168916668
-1.3758794166588355,2.023352083321817,12.495775406691706
-1.375204707798615,2.1841486535625063,12.528878379149873
-1.3745313895132143,2.344788840934307,12.561913126388731
-1.3739437185193495,2.5054267808294024,12.59074579462731
-1.373363526366872,2.6659409629474577,12.619211531445458
-1.3728346369954956,2.826424252637785,12.645160220319013
-1.3723068344225113,2.986785463154878,12.671055588035301
-1.5710573521978926,3.6041903962186947,2.919837983133519
-1.5722471192753031,3.791890111193378,2.861464914218587
-1.5735055672534934,3.9800434936411895,2.7997221815850537
-1.2045026775492633,-1.5257033915624,13.024492755738919
-1.2047665408934254,-1.3654020796792152,13.009820823789056
-1.2050305198689117,-1.2050305198689117,12.99514246224237
-1.2053129137477645,-1.0446045252480625,12.979440153205317
-1.2039760390537155,-0.8829157619727246,13.053776111459996
-1.2058842162103602,-0.7235305297262161,12.947673289639596
-1.206225256847416,-0.5629051198621275,12.928709969687333
-1.2065664904410056,-0.4021888301470019,12.909735920525463
-1.2204526568049108,0.8949986149902678,12.137605602149563
-1.2194091293686182,1.0568212454528023,12.195630196591466
-1.218376687616353,1.218376687616353,12.253038379526188
-1.2174616492884522,1.379789869193579,12.303918429277331
-1.2152519028088498,1.5393190768912095,12.42678979694729
-1.2141836327350957,1.6998570858291338,12.486190187994254
-1.21509960233443,1.8631527235794594,12.435258355563164
-1.2144989037664509,2.0241648396107514,12.468659768479213
-1.2138990800341871,2.185018344061537,12.502012536782928
-1.2133045025621148,2.345722038286755,12.535073590552514
-1.212719566080329,2.5062871032326797,12.567598563973888
-1.2122072801847927,2.6668560164065442,12.596083853668247
-1.2117023959856277,2.8273055906331312,12.624157577346054
-1.3846923755110534,3.415574526260598,3.0051738732472586
-1.3857249964211003,3.602884990694861,2.947755728372613
-1.3867672434907228,3.7904971322079755,2.8898023278008225
-1.0444950366020058,-1.3658781247872385,12.986464811990743
-1.0447418824063148,-1.2054714027765172,12.970627484465581
-1.04498884491248,-1.04498884491248,12.954782669490825
-1.04526408503584,-0.8844542257995568,12.937123596881023
-1.0440669551839052,-0.7228155843580882,13.013929996764205
-1.0458555754816048,-0.5631530021824026,12.89917428701203
-1.0461866581848511,-0.4023794839172505,12.877932422181033
-1.0584699011301197,0.8956283778793321,12.08985444718796
-1.057554074300961,1.057554074300961,12.148612786185552
-1.0566533925393005,1.2192154529299621,12.206399436014536
-1.0542812728593125,1.3786755106621778,12.358591758691531
-1.0538295992624371,1.5402124912297157,12.387570589051663
-1.0542399150504893,1.703002939696944,12.36124522556284
-1.0536033799100784,1.8640675183024462,12.40208454842751
-1.0529886893980462,2.0249782488423964,12.441522346420129
-1.052468180293793,2.1858954513794164,12.474917579476497
-1.0519492318477417,2.34665597873727,12.508212682594802
-1.0514340260120723,2.50726575433648,12.541267664368604
-1.0509403659750611,2.667771698244386,12.57294029382291
-1.1987108205217067,3.2272983629430567,3.0921670890737687
-1.199613834940376,3.414285530214916,3.0342307787992553
-1.2005268433614769,3.6015805300844304,2.975653265445601
-1.2014122941023273,3.789069542938109,2.9188438194454704
-0.8843432910787368,-1.205922669652823,12.945535113558947
-0.8845934034792173,-1.045428567748166,12.926570585479325
-0.884843657394675,-0.884843657394675,12.907595327165012
-0.8843439936776833,-0.7235541766453774,12.945481839681179
-0.8843260728852277,-0.5627529554724175,12.94684066623708
-0.8856844911179254,-0.402583859599057,12.843839932693427
-0.8962695748697416,0.8962695748697416,12.041236312677938
-0.8954830061576227,1.0582980981862815,12.100877115768341
-0.8933575624054383,1.2182148578255978,12.262036808940337
-0.8932236456652703,1.3804365433008723,12.272190914751832
-0.8932088237039618,1.5428152409432068,12.273314775467611
-0.8925632955257768,1.703984473276483,12.322261318053478
-0.8919481413484013,1.8649824773648391,12.368904781743083
-0.891409656583758,2.025931037690359,12.409734862218514
-0.8909078325501444,2.1867737708049,12.447785178629104
-0.8904674832855829,2.347596092298355,12.481174230817516
-0.8900291333022752,2.508263921124594,12.514411689460786
-1.013350936270059,3.040052808810177,3.1636566260635703
-1.013973620964314,3.226279703068272,3.1164421682987324
-1.0146749344257784,3.4129975067048908,3.0632657611833594
-1.0154547221272163,3.600248560269222,3.004139121593923
-0.7243097161844455,-0.8852674308920999,12.875463116303521
-0.7245460555922196,-0.7245460555922196,12.853560644281217
-0.7237974340113078,-0.5629535597865727,12.922938254158609
-0.7247772927526226,-0.4026540515292348,12.832131016933246
-0.7345428158134276,0.7345428158134276,11.927122843997637
-0.7332187860414401,0.896156294050649,12.049825719962172
-0.7320711690182998,1.057436133026433,12.156179755365613
-0.7325490121141508,1.2209150201902514,12.111896217818952
-0.7319168953799384,1.3825096912732169,12.170476880334363
-0.7312969709393968,1.54384916087206,12.227927636612293
-0.7307081515701109,1.7049856869969253,12.282495767604189
-0.7301801354484757,1.86601590170166,12.33142903032308
-0.7296931199889573,2.026925333302659,12.376562605705146
-0.7292526412670326,2.187757923801098,12.417383444575108
-0.7288570233850425,2.348539297574026,12.454046858744647
-0.8285342295100081,2.8538401238678053,3.216580966052888
-0.8289079092415405,3.039329000552315,3.181950643745367
-0.8293530049835891,3.225261686047291,3.1407019280560178
-0.5635164228720875,-0.4025117306229196,12.85587197260628
-0.5906701834347298,-0.2531443643291699,9.620446168419733
-0.5709930528475914,0.7341339250897605,11.965016302899144
-0.5704440621545704,0.8964120976714679,12.030429660668162
-0.5706779076698836,1.0598303999583552,12.002566491856172
-0.5701614048666453,1.2217744389999545,12.06410885147433
-0.5696678933799765,1.3834791696370856,12.12291174895688
-0.5691782470374975,1.5449123848160649,12.18125410664716
-0.5686962367944829,1.7060887103834486,12.238686607553774
-0.5682515305944046,1.867112171953044,12.291674255864791
-0.5678409626699983,2.028003438107137,12.340594259189231
-0.6439646691844613,2.483863723997208,3.2702997856472535
-0.644117101690641,2.6684851355755126,3.2521371424747514
-0.644313400014453,2.8533879143497205,3.2287477979044183
-0.4029932923214279,-0.2417959753928567,12.775541294323475
-0.4085368982978334,0.5719516576169666,11.850796594741297
-0.4083911619087605,0.7351040914357689,11.875107296819507
-0.24208858290236768,-0.24208858290236768,12.694190141112045
-0.24225572607845713,-0.08075190869281905,12.64772075914361
-0.24616507548368738,0.24616507548368738,11.560837914088097
-0.24559017419766577,0.4093169569961097,11.720672781890201
-0.2755933464761358,0.6430511417776502,3.3791484343642253
-0.08078895162791629,-0.08078895162791629,12.616824571685541
-0.08212803194926746,0.08212803194926746,11.499945563008936
-0.0820411880027368,0.24612356400821037,11.57237899315065
0.08208288311274946,-0.24624864933824836,11.537602592963822
0.08216874828986086,-0.08216874828986086,11.465985519392575
0.08078787947963705,0.08078787947963705,12.617718812223757
0.2745879968781144,-3.569643959415488,3.6586571500372145
0.27454037438167467,-3.385997950707321,3.671897223781926
0.27449404941490924,-3.202430576507275,3.6847765564933326
0.27446973336610536,-3.0191670670271593,3.6915369387372863
0.27445588342138566,-2.8360441286876523,3.6953875199364603
0.2744529405915304,-2.6530450923847946,3.696205689650654
0.27447018218606944,-2.4702316396746253,3.6914121571767424
0.2744884822540897,-2.287404018784081,3.686324346410075
0.2745142557564143,-2.10460929413251,3.679158760879119
0.27455646041240256,-1.9218952228868178,3.6674249627914577
0.27464824301556706,-1.7394388724319247,3.6419074337825066
0.2752388091169968,-0.8257164273509905,3.477717411868241
0.2456672212612465,-0.5732235162762418,11.699252048415786
0.24572886455076434,-0.4095481075846073,11.682113893969913
0.24628513053018647,-0.24628513053018647,11.527460040437902
0.24216015834699264,0.0807200527823309,12.674290634870417
0.24209849512104314,0.24209849512104314,12.691434332071182
0.457764168048956,-3.7536661780014384,3.639055541895047
0.457668188767004,-3.569811872382631,3.655066119239933
0.4575881156567922,-3.386152055860262,3.668423342780457
0.45751090035086306,-3.202576302456041,3.6813038478503444
0.45746002157976406,-3.019236142426443,3.689791080546044
0.45742914986768074,-2.8360607291796205,3.6949408787527744
0.4574192211295232,-2.6530314825512344,3.696597119839126
0.4574425541284975,-2.4701897922938865,3.692704875834295
0.4574723897719228,-2.2873619488596137,3.6877279071908617
0.45750479460125937,-2.104522055165793,3.682322365329213
0.45757512986277443,-1.9218155454236525,3.6705895400605044
0.4577029983091086,-1.7392713935746125,3.6492594403935072
0.4578675332151977,-1.5567496129316718,3.621812904158844
0.45803590838379216,-1.3741077251513765,3.593725762799636
0.45790191620614845,-1.190544982135986,3.6160773795250805
0.4579053580922088,-1.0073917878028593,3.6155032287098123
0.4084686672509958,-0.7352436010517924,11.862178409967441
0.4089363344485928,-0.5725108682280299,11.784165512949329
0.4028146026003585,0.24168876156021504,12.805349035554016
0.6412023094072614,-3.9388141863588917,3.5994405719844167
0.6409404213338796,-3.7540796106698666,3.6306450686313383
0.6407656053341627,-3.569979801147478,3.6514747505887897
0.6406538483265463,-3.386313198297459,3.66479082536992
0.6405444083343297,-3.202722041671649,3.677830823053128
0.64045868323957,-3.0193052209865443,3.6880451424661658
0.6404045583568223,-2.8360773298659274,3.6944942323403467
0.6403906579596268,-2.6530470115470255,3.6961504929408306
0.6404087268265475,-2.470147946330969,3.6939975506935525
0.5689478020628149,-2.031956435938625,12.208712094126042
0.5692856785394651,-1.870510086629671,12.168453424662559
0.5696263626556758,-1.7088790879670273,12.127860219234478
0.5699669884980703,-1.5470532544947622,12.087273957250119
0.5704031766875032,-1.3852648576696505,12.035301247233875
0.5708437430059878,-1.2232365921556885,11.982806874235607
0.5710819751091049,-1.060580810916909,11.954421034564092
0.5708298898146069,-0.8970183982800966,11.984457510167275
0.5720734440790026,-0.7355229995301463,11.836285490065293
0.5639973358103476,0.24171314391872037,12.798570217793198
0.5631890625588316,0.4022779018277369,12.894877619810515
0.8248731504246812,-4.124365752123406,3.5558670927000833
0.824507330779048,-3.9393128026110067,3.5897689909452737
0.8241570295060565,-3.75449313441648,3.6222327425613514
0.8238832670141898,-3.570160823728156,3.6476033541547963
0.8237365479027214,-3.386472474711188,3.6612003723767543
0.8235945756391194,-3.202867794152131,3.674357482148551
0.8234657189202769,-3.0193743027076816,3.6862991244921375
0.8233958576818244,-2.836141287570728,3.6927734312319984
0.8233642367776899,-2.653062540728112,3.69570386071328
0.730739585041455,-2.192218755124365,12.279582708232667
0.7311410465757191,-2.03094735159922,12.242377740575932
0.7315754624698638,-1.8695817374229855,12.202118767021105
0.7320109661853313,-1.7080255877657728,12.161758980925896
0.7324484762237883,-1.5462801164724418,12.121213261246623
0.7329055617930865,-1.38437717227583,12.078853402653266
0.73266837867881,-1.2211139644646833,12.100834064166847
0.7330331280535486,-1.0588256294106813,12.067031351997073
0.7346022341950672,-0.8978471751273043,11.921616316526283
0.723442696737581,0.40191260929865613,12.955813106838661
0.7235969510877858,0.5627976286238333,12.941517769376759
0.7235970484446991,0.7235970484446991,12.941508746941238
0.7231972470805133,0.8839077464317384,12.978559860321027
1.0087757995538764,-4.310223870821109,3.510561891677895
1.008292998858265,-4.124834995329266,3.547169782095125
1.007849546811319,-3.93977550117152,3.5807940997223824
1.007414005903056,-3.7549067492750274,3.6138185629985173
1.0070284427533551,-3.570373569761896,3.643053511625297
1.006836471013402,-3.386631766135988,3.657609580999889
1.0061317764264444,-3.201328379538687,3.711042358647987
1.005433408324259,-3.016300224972777,3.763995436777506
0.8918192697932491,-2.51330885123552,12.3786763413365
0.8922648468863157,-2.3523345963366507,12.344890894166099
0.8927162975856905,-2.1912127304376043,12.310660086543578
0.8932065224357665,-2.030014823717651,12.273489266877178
0.8937042348603902,-1.8686543092535433,12.235750709195841
0.8942347600294596,-1.7071754509653319,12.195524157267869
0.8947676451905288,-1.5455077507836406,12.155118661255301
0.8942147603356391,-1.3819682659732604,12.197040614485957
0.8947350401594127,-1.2200932365810175,12.157590905841928
0.8965731692488526,-1.059586472748644,12.018216565890484
0.8972672526040549,-0.8972672526040549,11.965588374509167
0.8846506332834185,0.40211392421973574,12.922231191564109
0.8827398767637353,0.5617435579405589,13.067112435361807
0.8836743089375935,0.723006252767122,12.996260029940942
0.8832010102570736,0.8832010102570736,13.032147439359747
0.882728218305609,1.043224257997538,13.067996426543672
0.882268024979084,1.2030927613351146,13.102890135316898
1.19077093200568,-4.305094908020536,3.601580709830287
1.1901929546155972,-4.11989868905399,3.6386630384301384
1.1897096079688785,-3.93519331866629,3.669673973267379
1.18925199764288,-3.7507178387198516,3.6990336969703037
1.1890507966014108,-3.567152389804232,3.7119425118520013
1.1887484784322466,-3.383361053999471,3.73133887905081
1.1893796844072009,-3.202176073404002,3.690841468980693
1.0530958294819244,-2.673243259454116,12.434648368536628
1.0535680335127138,-2.512354541453394,12.404352330427955
1.054054476802148,-2.3513522944047915,12.373142718748497
1.0545811541217391,-2.1902839354836123,12.339351740474456
1.05512323892384,-2.0290831517766152,12.304572236802855
1.0557026998105998,-1.8677816996649075,12.267394728854825
1.0562985977302306,-1.706328504025757,12.229162640806265
1.0555776981098104,-1.5427674049297229,12.275414686423659
1.0562951151190152,-1.3813089966940966,12.229386080919497
1.058188396506999,-1.2209866113542294,12.107915442507263
1.0589073132854292,-1.0589073132854292,12.06179061362792
1.0597196667008495,-0.8966858718237957,12.009671003403184
1.044641170670213,0.4017850656423896,12.977089027349564
1.043539158695137,0.5619057008358429,13.04779277957573
1.0421085390860332,0.7214597578287922,13.13957959919263
1.0429561897918749,0.8825013913623556,13.08519535760938
1.0424272071019185,1.0424272071019185,13.119134245650969
1.0419002854274286,1.2021926370316485,13.152940901439052
1.0413771847175501,1.3618009338614117,13.186502408770238
1.3752807740017992,-4.125842322005397,3.5284992230469783
1.374663217779456,-3.940701224301107,3.5628379937398194
1.3740645879504643,-3.7557765403979353,3.59612437590863
1.3734878919120452,-3.5710685189713174,3.628191145388513
1.373087997551278,-3.3869503939598187,3.650426984424584
1.2142170505333836,-2.8331731179112283,12.484332015295237
1.2146964381363905,-2.672332163900059,12.45767601155491
1.2151998158196717,-2.511412952693988,12.429686056612013
1.2157447466780393,-2.3504398435775427,12.399385567179735
1.2163162382121886,-2.1893692287819397,12.367608190425926
1.2169240423004608,-2.0282067371674346,12.333811680151683
1.2175593960288322,-1.8669244072442093,12.298483291904518
1.216616954629653,-1.7032637364815137,12.350887069774444
1.2178084854488123,-1.5425574149018286,12.284632853409619
1.2196483037689132,-1.382268077604768,12.182331075652868
1.2203766101607572,-1.2203766101607572,12.141834121239924
1.2211062219631978,-1.0582920590347715,12.101264580407275
1.2043906352439522,0.40146354508131743,13.030722787743741
1.2037458914893029,0.561748082695008,13.066573301665443
1.201534952885923,0.7209209717315537,13.189510956522781
1.2017479471833015,0.8812818279344211,13.17766756142457
1.2019009361477415,1.0416474779947094,13.169160719815068
1.2013032854978418,1.2013032854978418,13.20239265543296
1.2007085340824994,1.3608030052934992,13.23546338119327
1.200116603754826,1.5201476980894462,13.268377242397676
1.5581454383785558,-3.9411914029575237,3.553330075417705
1.557456096621691,-3.7562176447934905,3.587150975864006
1.5567910829270941,-3.571461896126863,3.6197782782672334
1.5562510011928907,-3.3871345320080564,3.64627609358665
1.3757173954873934,-2.8323593436505154,12.503724586985768
1.376201651493493,-2.6714502646638394,12.479965727160831
1.376745027731708,-2.5105350505695854,12.453306274901408
1.3773276152393898,-2.3495588730554298,12.424723015723572
1.3779452941960633,-2.1885013496055126,12.394418078740713
1.378604560543478,-2.027359647858056,12.362072756146418
1.3774295688330924,-1.8635811813624195,12.419720907105571
1.3790591655626305,-1.703543675106779,12.339768650901021
1.380782806008022,-1.543227842008966,12.255202365269426
1.3815821868762135,-1.3815821868762135,12.215982659669777
1.382402568398918,-1.2197669721166926,12.17573260731028
1.3832289147866244,-1.0577632877780068,12.135189903151627
1.3638947780410584,0.4011455229532525,13.083772964565384
1.3632014223529405,0.5613182327335637,13.117790798924318
1.3625123431996675,0.7213300640468828,13.151598815355044
1.359713031975889,0.8798143148079283,13.288940308561905
1.3611533339523099,1.0408819612576488,13.218275345541684
1.360479602697003,1.2004231788502968,13.251330354158796
1.3598178443311124,1.3598178443311124,13.283797941664432
1.3591636969897862,1.5190653084003494,13.315892112498986
1.358507063028998,1.6781557837417032,13.348108283355216
1.7408906878893795,-3.756658852813924,3.5781754677753383
1.7401346625437493,-3.571855359958222,3.611363557474249
1.5367948605264,-2.9927057810250943,12.537598144337977
1.5371662633210557,-2.8316220640124707,12.521294260698753
1.5376449579993163,-2.6706465059988127,12.50028046531169
1.5382072051362896,-2.509706492590788,12.475598874247737
1.538814586678152,-2.3487170007192844,12.44893596776015
1.5394792329886786,-2.187681015299701,12.41975924571068
1.538063938866162,-2.0237683406133713,12.481887993853718
1.5400177462417572,-1.8642320086084432,12.39611952747832
1.5416895875408845,-1.7039727020188722,12.322728841149512
1.5425193890660625,-1.5425193890660625,12.286302116028352
1.543366750648512,-1.3809070926855107,12.249104537444126
1.5442714317825765,-1.2191616566704553,12.209390738429619
1.5451885071746216,-1.057234241751057,12.169132854817946
1.5232081838341576,0.40084425890372566,13.13402767858372
1.522438410340035,0.5608983617042235,13.167819286124981
1.521680765746798,0.7207961521958517,13.20107845774612
1.5205060537210655,0.8802929784700906,13.252646104658666
1.5180433312283577,1.0386612266299289,13.360754986806484
1.5194452927309696,1.1995620732086603,13.299211515582897
1.5187145245364173,1.3588498377431102,13.33129086388793
1.5180339147835895,1.5180339147835895,13.361168351008388
1.5174146614370103,1.677142520535643,13.388352407378193
1.580278548744056,1.9129687695322786,10.62874607562334
1.6984024526995511,-2.9924233690420667,12.54396435340827
1.6985941549939105,-2.8309902583231845,12.536350447304173
1.6990599090204659,-2.6699512856035894,12.517851934087872
1.6995890468299248,-2.5089171643679844,12.496835985317844
1.700233715527376,-2.3479417976330432,12.471231456446375
1.6985193718859748,-2.183810620996254,12.539320633779496
1.700914469528882,-2.0248981780105737,12.444193715115304
1.7024179133277257,-1.8645529526922713,12.384480919525402
1.7032609140266026,-1.7032609140266026,12.350999170189027
1.7041122576984713,-1.541815852203379,12.317186060118573
1.7050432407373872,-1.3802730996445516,12.280209885855712
1.7059799668547215,-1.2185571191819442,12.2430056117677
1.682290893278343,0.40054545078055787,13.183872712532306
1.6814577794865253,0.5604859264955084,13.216961780173023
1.680625490445097,0.7202680673336131,13.250018090918218
1.6798070953377928,0.8798989547007487,13.28252257149262
1.6770064813411119,1.0381468694016407,13.393755522959566
1.6761527733926744,1.1972519809947677,13.427662535817461
1.6774982619860686,1.3579747835125318,13.374223301568946
1.6768140921668075,1.517117511960445,13.401396710111214
1.6761382764992687,1.6761382764992687,13.428238313929882
1.745250427284696,1.9114647536927625,10.683287198495336
1.744360237070862,2.076619329846264,10.71864319006329
1.8599794428612624,-2.9921408428637695,12.55033313669992
1.860189466999053,-2.8307231019550807,12.542716892240009
1.8603994344420678,-2.669268753764706,12.535102703740336
1.8609700730934708,-2.508264011560765,12.51440925624864
1.8588192389161302,-2.343728605589903,12.592406381053777
1.8622811867786162,-2.186156175783593,12.46686347200766
1.8630166286687422,-2.025018074639937,12.440193655480002
1.8638539442541429,-1.8638539442541429,12.409829525644327
1.8646973128013407,-1.7025497203838327,12.379245893244615
1.8656289581950887,-1.5411717480742035,12.345461019070768
1.8665713432313933,-1.3796396884753777,12.311286686123339
1.8675963397200994,-1.2179976128609344,12.27411655934337
1.8402491650300647,0.5600758328352371,13.265825273961084
1.8393636652253729,0.7197509994360155,13.297936740065296
1.8384790171566674,0.8792725734227539,13.330017319103135
1.8376497881330138,1.0386716193795296,13.360088200592429
1.8343615315423853,1.1963227379624253,13.479332427968274
1.8361511061835962,1.3571551654400493,13.41443589707383
1.8354277799159144,1.51622294862619,13.440666356757603
1.834714413373627,1.675174029602007,13.466535640320586
1.8340044699707103,1.8340044699707103,13.492280788312584
1.9091048638075039,2.0751139823994604,10.768865448946272
1.9081794496452305,2.2400367452357055,10.802424355844678
2.0215989618202364,-3.153694380439569,12.55426404470856
2.0215805996119056,-2.99193928742562,12.554876655160982
2.0217542828721267,-2.8304559960209774,12.5490821353131
2.021982465250928,-2.669016854131225,12.541469384831473
2.019267189295706,-2.5038913147266753,12.632057967720712
2.022896758264384,-2.346560239586686,12.510966220585772
2.0235507574660763,-2.1854348180633627,12.489147126737109
2.024349623040371,-2.024349623040371,12.462494918457821
2.0251689777711404,-1.8631554595494495,12.43515913927071
2.0260770482096726,-1.7019047204961248,12.404863576113655
2.0270107656260166,-1.5405281818757726,12.373712363875754
2.0280235893752314,-1.3790560407751573,12.339921961106015
1.9988465252885173,0.5596770270807848,13.313343790810194
1.997885395357438,0.7192387423286778,13.345409554977351
1.9970541039909513,0.8787038057560186,13.373143571003709
1.9962395899253413,1.0380445867611776,13.40031785316279
1.9954335319759877,1.1972601191855927,13.427210017555183
1.9916481245383089,1.35432072468605,13.553500936449893
1.9938827110169675,1.5153508603728953,13.47894938965193
1.9931848251363349,1.6742752531145213,13.502232655878828
1.99256384748255,1.833158739683946,13.522950066038945
2.0736479076038474,2.0736479076038474,10.817777471272692
2.072717261549473,2.2385346424734314,10.84882621498329
2.183343460779468,-3.153718332237009,12.55375180528047
2.183323629298313,-2.99196201051991,12.554364424881584
2.182668678316476,-2.8293853237435793,12.574596691251898
2.1804507863280587,-2.6649954055120713,12.643110187276235
2.183781447806281,-2.507304625259063,12.540221830612182
2.184159862157048,-2.3459494815760884,12.528532131450902
2.1848399669773833,-2.1848399669773833,12.507522831111885
2.185576141667468,-2.0236816126550625,12.484781461394263
2.1864390282806445,-1.8625221352020305,12.458125799689327
2.1873431314999117,-1.7012668800554867,12.430196904755604
2.1883239914582133,-1.5399316976928166,12.39989689681812
2.2485287416018096,0.5829518959708395,10.540095819420799
2.156395974738099,0.7187986582460331,13.386193821123925
2.155516644048464,0.8781734475753,13.413357461203347
2.1546658863832375,1.0374317230734105,13.439638444325425
2.1538284302208632,1.1965713501227018,13.465508527156786
2.1516960915414702,1.3547716131927774,13.531379172975463
2.149578534174068,1.51266637590027,13.596793205322612
2.1516470943605714,1.6735032956137774,13.532892758026605
2.150992124855091,1.832326624876559,13.553125596615743
2.2380903219285018,2.072305853637501,10.862551840057705
2.237120423648036,2.237120423648036,10.89251322786636
2.236243235774619,2.401890882869035,10.919610673635518
2.345206140428804,-3.1538979129904607,12.549911244142052
2.3443405773338455,-2.991055219356975,12.574805562203181
2.341798651436921,-2.826308717251457,12.647913475577056
2.345066584641306,-2.6685240445918312,12.553924985233238
2.3453217037856913,-2.507068028184704,12.546587545408457
2.3455864149786896,-2.3455864149786896,12.5389742302484
2.3460691439552033,-2.1842712719582926,12.525090541412013
2.346799701693549,-2.023103191115128,12.504079090246506
2.3476224824669574,-1.8619074860944835,12.48041522751123
2.3485494065692603,-1.7006737082053263,12.453756115592455
2.413003757874266,0.5824491829351676,10.599995100183833
2.411597797979661,0.7484269028212741,10.640431681874219
2.3138387979191686,0.8776629923141674,13.452062231996564
2.312939643658024,1.0368350126742867,13.47792266007319
2.3121230166336986,1.1959256982588096,13.501409535841432
2.3114026646666748,1.3549601827356368,13.522127460493607
2.3076947294495573,1.5119379261910895,13.628770776483648
2.30889990768534,1.67196200211697,13.594108843117183
2.309362986002514,1.8315637475192355,13.580790323667713
2.4023617026112425,2.0710014677683124,10.906069504331697
2.401493461573161,2.2358732228439773,10.931040842275308
2.4006258478928584,2.4006258478928584,10.95599413688484
2.5060742190087,-3.1528030497206228,12.573326277463806
2.503458808341868,-2.987999222859649,12.643694680899472
2.506794289422795,-2.8302516170902523,12.553952568377241
2.506771520060561,-2.6684987149031776,12.554565184853871
2.506838336654445,-2.506838336654445,12.552767464482741
2.507114389489701,-2.3453650740387526,12.545340180680924
2.507397367100197,-2.1838622229582363,12.537726583737566
2.5079949442247638,-2.022576567923197,12.521648593111195
2.508775964942682,-1.861349909473603,12.500634997935848
2.577257053539041,0.581961270153977,10.658130900520376
2.5759420103715382,0.7478541320433498,10.693512528851144
2.5746283085188932,0.9135777868938008,10.728858068705904
2.573351896652725,1.0791475695640462,10.763200310361356
2.4704401916539553,1.195374286284172,13.532070403094167
2.4696852273389367,1.3543435117665135,13.552382942984181
2.4689904370700964,1.513252203365543,13.57107648222869
2.4645696619473023,1.669547190351398,13.690018754386642
2.5676168238184545,1.9050060305749827,10.91750415413351
2.5666890112041783,2.0699104929065952,10.942467229027287
2.5657618691199655,2.234695821491583,10.967412263109864
2.5648402580978407,2.3993666930592705,10.992208482318603
2.5639849857743933,2.5639849857743933,11.015219839069175
2.665484568745145,-3.1501181266988074,12.630746746077634
2.6688039010829407,-2.9922952830323877,12.546851703682336
2.6686238462501364,-2.8303586248107506,12.551402530865147
2.6685189816393695,-2.6685189816393695,12.554052949705664
2.66849474335414,-2.5067677892114646,12.554665564460677
2.668615641461415,-2.3451470788600313,12.551609904224478
2.6689130591304155,-2.1836561392885216,12.544092769629117
2.7400951441944117,0.747298675689385,10.744988782290633
2.7387664606351674,0.9129221535450557,10.778570825963541
2.737439065038368,1.078385086227236,10.812120316805647
2.7361869670748034,1.243721348670365,10.843766684522507
2.7350008915394617,1.4089398532172983,10.873744356896097
2.62718617043246,1.5126223405520225,13.598726274228326
2.729117580901313,1.7367111878462898,11.022443114713155
2.7318299120532146,1.9040026659764828,10.95388982934675
2.730839739411918,2.068817984402968,10.97891611995776
2.729896923930649,2.2335520286705313,11.002745473792373
2.7289867507186973,2.3982004779043096,11.025749804914724
2.7280771842250124,2.56273917305986,11.04873880143073
2.9041075971136787,0.7467705249720888,10.793934518501445
2.9026989752253356,0.9122768207851055,10.827502551152932
2.9014404246976016,1.0776778720305378,10.857494322229428
2.9001829650075006,1.242935556431786,10.887460098201359
2.8990106221193295,1.408090873600817,10.915397506156268
2.8979630281398263,1.57317992956162,10.940362096867574
2.896916191180993,1.7381497147085956,10.965308647468348
2.8916262303354334,1.9002115227918566,11.09137056646756
2.8949031915368373,2.0677879939548838,11.013279247912394
2.8939381509682427,2.2324665736040727,11.036276557257565
2.893002754262778,2.3970594249605877,11.05856744128468
2.892135761362921,2.5616059600643015,11.079228234796304
3.066628289070739,0.9117003021561657,10.871216512179842
3.0652995020125475,1.0769971223287331,10.901170397746768
3.0641612556353115,1.2422275360683697,10.926829062557303
3.0630541657334054,1.407349211282916,10.95178538947934
3.06194274464464,1.57234897697968,10.976839351214082
3.0608796386495856,1.7372560111254405,11.000804180736665
3.0598590839381528,1.9020745656912845,11.023809807449084
3.054753804057446,2.0640228405793555,11.138894439250052
3.0578975200201146,2.2314387308254893,11.06802792409232
3.0569812362936433,2.396012320338261,11.088683045407947
3.0563754215752557,2.5607469748333225,11.10233948843053
3.2292572428262027,1.0764190809420675,10.938256832289767
3.2280906962501654,1.2415733447116022,10.963204903616827
3.2269262192284685,1.4066088647918964,10.988108714911462
3.2258400156625036,1.5715630845535273,11.011338549532766
3.2247646240625305,1.7364117206490548,11.034337156610917
3.2237131633020604,1.9011641732294202,11.056823972472941
3.220228235516357,2.0642488689207417,11.13135355299147
3.2180251389889514,2.227863557761582,11.178469553702584
3.221354272806441,2.3953659977278665,11.107271823888652
3.220946977435783,2.560239905141263,11.115982349612267
3.3907500299464646,1.405920744124144,11.021869705548312
3.389619835130491,1.5707994357921788,11.044861292833076
3.388566715970944,1.7356073423265808,11.066284927710697
3.3875513237834256,1.9003336694394828,11.08694108165659
3.3868390648186053,2.065145771230857,11.101430587295411
3.3823726343473215,2.2274161250579922,11.192291317304523
3.3829061063570807,2.3927872459598865,11.181438880093694
3.5523519212909314,1.7348695429560363,11.095588359627186
3.551796434624551,1.8997980929387135,11.106363047149458
3.551324492290315,2.064723542029253,11.115517238397743
3.551040265859906,2.2297229576329642,11.121030333776218
0.0,0.0,80.0
