-3.6928008248590087,-2.24464363863979,9.607193953817173
-3.696641804098837,-2.10201200625228,9.544377808224695
-3.5453791038710922,-2.242994943265385,9.651552594209647
-3.550176082545588,-2.1011246202820826,9.569899770417564
-3.5492591665666398,-1.9557142346387606,9.585507256700396
-3.5485445385711154,-1.8104819074342424,9.597671453740844
-3.5478518350976174,-1.6653182083111264,9.609462457724753
-3.405622626345312,-2.391181844029687,9.563658662463787
-3.404742953858101,-2.245681522757471,9.579269372320795
-3.398562298446093,-2.0969852479773765,9.688951577648005
-3.4033071199750267,-1.9550913242409729,9.604749748798852
-3.4026428459255955,-1.8099164074072316,9.616537987719546
-3.4020314639611438,-1.6648239078958789,9.627387601180942
-3.4015559658982273,-1.5198441549758037,9.635825812453511
-3.4011478517933558,-1.3749321102994416,9.643068224797105
-3.259376198236858,-2.390209212040362,9.58824161881627
-3.25873984350346,-2.2449096699690503,9.600036301620783
-3.2536609982547358,-2.0968037544308293,9.694171483741613
-3.2540750512591083,-1.952445030755465,9.686497110322954
-3.2569795215504773,-1.8094330675280428,9.632663448052725
-3.256574339632695,-1.6644713291455995,9.640173398002887
-3.2561836483653934,-1.5195523692371835,9.6474147672117
-3.2557930508929154,-1.3746681770436753,9.654654397955895
-3.2554743166598805,-1.2298458529603993,9.660562060742507
-3.255204588323678,-1.085068196107893,9.665561410950694
-3.1135420706909334,-2.3894625193674606,9.607114032625539
-3.112934378312852,-2.2442085052953122,9.618901346128766
-3.1124060003964167,-2.0990645118952576,9.629150209490959
-3.107096332323588,-1.9509674644822532,9.732141006199797
-3.111613595774243,-1.8090776719617692,9.64452035734842
-3.111240322553755,-1.6641518004357292,9.651760679312218
-3.110889608873639,-1.5192716694499167,9.658563417418705
-3.1106318513894706,-1.3744652366604637,9.663563098808957
-3.1103741366155404,-1.2296827981968415,9.668561951755443
-3.110113437091486,-1.084923292008658,9.673618699430762
-3.109856098245152,-0.9401890529578368,9.67861026056876
-2.9678156505777142,-2.3887296699771845,9.625636561980762
-2.9673857072891847,-2.2436330957552375,9.634382911287993
-2.9670296758498185,-2.0986307463327982,9.641625669614804
-2.9655167245208145,-1.9529012576112683,9.672403684207296
-2.9616444132004185,-1.8058807397563525,9.751178230381434
-2.966049537469674,-1.6638814478488415,9.66156465429227
-2.965803793151965,-1.5190702355168602,9.666563838371403
-2.965558089535776,-1.3742830171019447,9.671562194458303
-2.9653097062709897,-1.2295186586977274,9.676615062717552
-2.965064361046333,-1.084779644285244,9.681606128034666
-2.964819056417302,-0.9400645788640226,9.68659636751375
-2.964569022090266,-0.7953721766583641,9.69168282338223
-2.8224318867207843,-2.388211596456048,9.638730701282434
-2.822093271776533,-2.2432023442326288,9.64597240937632
-2.8217547380716748,-2.0982278821558604,9.65321238006323
-2.821457645612637,-1.9533168315779794,9.659566077387503
-2.81779900992461,-1.8062814166183394,9.73781062070843
-2.8174408299542115,-1.6615676689473553,9.745470751587888
-2.820753751911367,-1.5188674048753512,9.674619732875144
-2.8205203593078982,-1.3740996622269246,9.679611128365174
-2.8202870053236113,-1.2293558741154202,9.68460169793525
-2.8200536900222493,-1.084636034623942,9.68959144022213
-2.8198107724721515,-0.9399369241573838,9.694786538721353
-2.8195690350744567,-0.7952630611748467,9.699956398171452
-2.6771777415412497,-2.3877531208340876,9.650318523117448
-2.676856174866585,-2.2427713897530848,9.65756736808148
-2.676634376213577,-2.097902619194425,9.662567214693581
-2.676412614299485,-1.9530578536780026,9.667566233126877
-2.6761908891287547,-1.8082370872491584,9.672564423281138
-2.6717845863874246,-1.6608390672138045,9.771892518985716
-2.673456454826907,-1.51736717706392,9.734204797984447
-2.6755240290283133,-1.3739177446361608,9.68759696819842
-2.6752967781311687,-1.2291904115737802,9.692719720806593
-2.675067421803295,-1.0844867926229573,9.697889934616875
-2.6748381047980234,-0.9398079827668732,9.703059262006171
-2.674622842370778,-0.7951581423264474,9.707911767208437
-2.6744381371969546,-0.6505390063452052,9.712075442348265
-2.532035300836831,-2.3873475693604402,9.660568704362547
-2.5318255121571585,-2.2424740250534834,9.665568053944881
-2.5316157582381735,-2.097624485397344,9.670566575165886
-2.5314036696250284,-1.952797116567879,9.675620733098533
-2.5311942217051233,-1.8079958726465162,9.680611962236988
-2.5309848084938134,-1.6632185884387916,9.685602364255494
-2.5268090806495516,-1.5160854483897308,9.785111657544114
-2.5305559041429126,-1.3737303479632954,9.695823329423327
-2.530338967787348,-1.2290217843538545,9.70099301102998
-2.530122068644868,-1.084338029419229,9.70616180583368
-2.529943752634174,-0.9396933938355503,9.710411148910623
-2.529769046008972,-0.7950702716028197,9.714574478862929
-2.5295943635110243,-0.6504671220456919,9.718737233852949
-2.3870310513158675,-2.3870310513158675,9.668568594721805
-2.3868309797828435,-2.2421745567657014,9.673625337475166
-2.386633487273163,-2.097344579724901,9.678616896254539
-2.3864360274702787,-1.9525385679302283,9.683607628380315
-2.386238600338643,-1.8077565154080628,9.688597534750933
-2.3860344810749785,-1.662993729234076,9.693756582576249
-2.383796106481336,-1.516961158669941,9.750330770491082
-2.3818824325748453,-1.3713868551188504,9.798698254423833
-2.3854413900991327,-1.2288637464147047,9.708746763582319
-2.3852766576149684,-1.0842166625522587,9.712910323399896
-2.3851119478871774,-0.9395895552282821,9.717073308057572
-2.3849546350715847,-0.794984878357195,9.721049338171575
-2.384819382949103,-0.6504052862588463,9.724467791461251
-2.3846841461662,-0.5058420916110121,9.72788585704808
-2.241877685009118,-2.241877685009118,9.681612760559752
-2.241692210890786,-2.097066906962348,9.686602996988455
-2.241503151581023,-1.9522769384737941,9.691689694061083
-2.2413109816224743,-1.8075088561471566,9.696860084066309
-2.241118844618906,-1.6627655943946722,9.702029587407978
-2.240931048931083,-1.518050065404927,9.707082286355728
-2.237552497819215,-1.37140314382468,9.797983210896156
-2.2385955156979813,-1.2276168957053444,9.769920504027816
-2.240466841388175,-1.0840968587362139,9.719571928640768
-2.2403356613993135,-0.9394955999416477,9.723101365335332
-2.2402086150252325,-0.7949127343637922,9.726519585892348
-2.2400815830592418,-0.6503462660494572,9.72993741879538
-2.240034029751506,-0.50581413575034,9.731216854711853
-2.132240060917207,2.132240060917207,12.631445710951581
-2.131413266825521,2.268923800169103,12.65369085238953
-2.1305976687387536,2.405513496963109,12.675634761978515
-2.132560824119024,2.68289910131103,12.622815481412879
-2.0969627698247284,-2.2415808918816063,9.689598068105731
-2.0967821304284957,-2.0967821304284957,9.694793408122386
-2.096602377040985,-1.9520091096588483,9.699963265787666
-2.0964226544707065,-1.807260909026471,9.7051322371236
-2.0962679475722834,-1.6625573377297422,9.709581736828497
-2.096123186701457,-1.5178823076114,9.713745180466695
-2.0959784458364954,-1.3732272576170141,9.7179080487195
-2.092570188651909,-1.2266790761062916,9.815932374018722
-2.0957265336834503,-1.0839964829397157,9.725153252792886
-2.0956076919608417,-0.9394103446721016,9.728571240064731
-2.0955153316933752,-0.794850643056108,9.731227598553112
-2.0955162662097337,-0.6503326343409519,9.731200721081557
-2.095517200726926,-0.505814496727189,9.731173843586028
-1.9989937315155806,1.5854088215468398,12.507269493812395
-1.9980040893144368,1.7224173183745146,12.535732430674514
-1.9970133393378673,1.8592882814524974,12.56422722808378
-1.9961604838907676,1.9961604838907676,12.588756063571253
-1.9953083566238556,2.1329158294944666,12.613263955987911
-1.9945113908371144,2.2696164102629233,12.636185358130092
-1.9937380660711246,2.406235596982392,12.65842682475595
-1.9896937040010794,2.5385747257944806,12.774746058226611
-1.9904862015114146,2.6768607537567304,12.75195316744852
-2.333088388861058,3.2985042739070134,2.898427907422004
-2.3348722799439363,3.4620520012961813,2.8471217088765286
-2.336789305405699,3.6260523704571197,2.791986454318689
-1.9519086650170026,-2.096494492055299,9.703066128147832
-1.951751624602157,-1.951751624602157,9.707917305704889
-1.9516168398097717,-1.807052629453492,9.712080978861856
-1.9514820736335547,-1.6623736182804354,9.716244076941777
-1.9513485650232307,-1.517715550573624,9.720368327216548
-1.9512379016953858,-1.3730933382300863,9.723786857745509
-1.9487954144180633,-1.2270193350039655,9.799238387052739
-1.9488243090837971,-1.0826801717132206,9.798345794186986
-1.9509975552272598,-0.9393691932575695,9.731211464928556
-1.95099842529468,-0.79485121030524,9.73118458744262
-1.950999295362885,-0.650333098454295,9.73115770993244
-1.9511386168337725,-0.5058507525124595,9.72685389302358
-1.8637835427780567,1.3115513819549287,12.42536290530996
-1.8627928012537982,1.4488388454196206,12.455968167350633
-1.8618621169193719,1.586030692190576,12.48471818663905
-1.8609357624002165,1.7230886688890892,12.513334452443125
-1.86001456572369,1.86001456572369,12.541791385947747
-1.8591190947579925,1.9968316202956216,12.569453619622166
-1.8583252013981,2.133632638642263,12.593977992243019
-1.8558704290708696,2.2682860799755074,12.669809022320536
-1.8537327670191204,2.402986920209971,12.735844113861852
-1.8560856034215343,2.5435247157998804,12.663162013766552
-2.1697892252908337,3.13413999208676,2.972459327609414
-2.171390678643678,3.297296956458918,2.9229884027419075
-2.173039554154592,3.4607666973573132,2.8720525472757146
-2.1747349403464753,3.624558233910792,2.8196799178943337
-2.176626856595839,3.7889430466668306,2.761236225818223
-1.806977724118793,-1.9515359420482967,9.71458001330003
-1.8068529509666909,-1.8068529509666909,9.718742766264349
-1.8067427186155929,-1.6622033011263455,9.722420400743935
-1.8066402595997078,-1.5175778180637547,9.725838696786887
-1.8065378122039104,-1.372968737274972,9.729256605153857
-1.8064788957701734,-1.228405649123718,9.731222208771733
-1.803663127178104,-1.0821978763068627,9.82516348424653
-1.806480507006316,-0.9393698636432845,9.731168453793877
-1.8065178695757445,-0.7948678626133276,9.729921942472949
-1.8067479421696697,-0.6504292591810812,9.722246129557782
-1.8069780733737444,-0.5059538605446484,9.714568361257427
-1.727608807833774,1.1747739893269662,12.362531002549218
-1.7265544097145071,1.3121813513830254,12.397708433131093
-1.725501297855502,1.4494210901986218,12.432842950765533
-1.7246245257288073,1.5866545636705027,12.462094321817275
-1.7237629644108332,1.7237629644108332,12.490838221205237
-1.722906917925275,1.860739471359297,12.519398131613201
-1.7220541379303855,1.9975827999992473,12.547849063499058
-1.719317527075649,2.1319537335738055,12.639149433457078
-1.717661620001874,2.2673133384024737,12.694394748365518
-1.7197892683724578,2.4077049757214413,12.623410931635178
-1.7191223122124477,2.5443010220744227,12.6456623029068
-2.00832306590542,3.132983982812456,2.9971820454352667
-2.009811294201472,3.296090522490415,2.9475309254097795
-2.011295224955384,3.459427786923261,2.898023182432823
-2.012833245299587,3.623099841539257,2.8467108717381535
-2.013718470364409,3.7857907242850892,2.8171774889502785
-2.013250509540745,3.94597099869986,2.8327898644739804
-2.0154034187092376,4.111422974166845,2.7609632826166433
-1.6622409840145462,-1.9513263725388152,9.721053881202373
-1.6621467174460682,-1.8066812146152913,9.724472332231272
-1.662052461568798,-1.662052461568798,9.727890395557829
-1.661960287838448,-1.5174420019394526,9.731232952611087
-1.6619610290064641,-1.3729243283096877,9.731206075144264
-1.6619617701751959,-1.2284065257816663,9.731179197651485
-1.6603904438233483,-1.0828633329282706,9.78816124622864
-1.6597590097440709,-0.9381246576814314,9.811059358601263
-1.6623351890515743,-0.795029873024666,9.71763766152921
-1.6625469421184182,-0.6505618469159028,9.709958719769539
-1.6627609319042638,-0.5060576749273846,9.702198666386785
-1.5914491767755259,1.037901637027517,12.288224090125503
-1.590286962537581,1.1754294940495165,12.33037023505954
-1.5891933844449904,1.3128119262806441,12.370027381979817
-1.5882235904120003,1.4501171912457393,12.405195665533839
-1.5872789261482212,1.5872789261482212,12.439452651617273
-1.5864856659422912,1.7244409412416206,12.468219172038374
-1.5856931982475588,1.8614659283775692,12.496956953100828
-1.5827429354665201,1.9956323968925687,12.603944287022188
-1.5814682114904022,2.1315441111392377,12.65017044713477
-1.5834058783570117,2.2718432167731035,12.579903549752395
-1.5827298453534826,2.4085019385813866,12.604418982464104
-1.582075390663948,2.5450778023724383,12.628151906478749
-1.8469485757869855,3.1317823676388015,3.022880102997476
-1.8467214322135093,3.2919816835110383,3.031117160896102
-1.8469572207610396,3.453006977944552,3.022566604575644
-1.8483469464412177,3.6163309821676,2.9721700614745004
-1.8504233879562348,3.7812999666931755,2.896870687071967
-1.854179127795206,3.950207707041961,2.7606738049310877
-1.517474506578542,-1.8065172697363592,9.729941954656148
-1.5174424081504607,-1.661960732736219,9.731216818988457
-1.5174430848694964,-1.5174430848694964,9.73118994150525
-1.5174437615891356,-1.372925308104456,9.731163063998082
-1.517513761478693,-1.2284635211970374,9.728382854255827
-1.517707032328772,-1.0840764516634087,9.720706649283535
-1.5155133758067627,-0.938174946927996,9.807832861513063
-1.5170641470659734,-0.7946526484631289,9.746240344866166
-1.5182912615160018,-0.6506962549354294,9.697502617272804
-1.518488276347214,-0.5061627587824047,9.689677711311305
-1.4539461339006632,1.0385329527861882,12.253120230286584
-1.4528361368157763,1.1761054440889616,12.297206367118719
-1.4517753148611143,1.313510999160056,12.339339398353225
-1.4508139612350943,1.4508139612350943,12.377521811692723
-1.4499287273313075,1.5880171775533367,12.412680951786115
-1.4491003393471622,1.7251194516037645,12.445582322894523
-1.4460125895258955,1.8591590436761516,12.568219546881139
-1.445576404921516,1.9962721782249506,12.58554364116442
-1.4469365660428566,2.135953978444217,12.53152165306588
-1.4462205329362305,2.2726322660426477,12.559960586775581
-1.445586892979542,2.409311488299237,12.58512708334861
-1.4449697579540133,2.5458990973475473,12.609638047881575
-1.6831602992623718,3.1258691272015477,3.1493422153837685
-1.685231457545112,3.2902137980642663,3.067081307947973
-1.6882516623542534,3.4568962610110905,2.9471267924904367
-1.6894981792175492,3.620353241180463,2.897618452561403
-1.6907902702794422,3.7841496525301803,2.8463000264774365
-1.6921807542921852,3.948421760015099,2.791073693648883
-1.372925675629599,-1.517444167801136,9.731146930336045
-1.3730936009257402,-1.3730936009257402,9.72377532590074
-1.3732684917184115,-1.2287139136427891,9.716097949278073
-1.3734434270684033,-1.0842974424224239,9.708418616672894
-1.3736208534843641,-0.9398458471208808,9.70062993096031
-1.3716534747676934,-0.794115169602349,9.786994153665255
-1.3739773657966672,-0.6508313837984213,9.684979711469829
-1.37419020248621,-0.5062806009159722,9.67563658139543
-1.3174893913391303,0.9014401098636156,12.164695469734013
-1.3163614257570193,1.0392327045450154,12.214211035756705
-1.3152353898233666,1.1767895593156437,12.263641893844024
-1.3142662376864274,1.3142662376864274,12.306185848538838
-1.3133067450102351,1.4515495602744706,12.348305771087688
-1.3124705241610948,1.5887801081950095,12.385014292448489
-1.3094401655918122,1.722947586305016,12.518041329965818
-1.309468677951586,1.8608239107733067,12.516789691037076
-1.3102961560362671,1.9999257118448286,12.480464960580619
-1.3096433847432924,2.136786575107477,12.509120391710454
-1.308995040225478,2.273517701444251,12.537581495742728
-1.3083517163231428,2.4101215827005262,12.565822204205162
-1.307792980443567,2.5467547513901043,12.590349657678168
-1.5245775538546118,3.1293960315963085,3.073914912083879
-1.525749710402765,3.292407269816493,3.022459445827195
-1.5269071128283802,3.4556318869273865,2.9716516577800434
-1.5280340886516501,3.619028104701277,2.9221795403075674
-1.5291946864866177,3.782744750782686,2.8712314798041803
-1.53038980818023,3.9467947684648044,2.8187678868863344
-1.2288078630973795,-1.3733734940500124,9.711488544553866
-1.2289654500148874,-1.2289654500148874,9.703756920296954
-1.229124905132616,-1.0845219751170143,9.695933637275658
-1.229284401634315,-0.9400410130144763,9.688108323849079
-1.2281542669076395,-0.7946880550578844,9.743555674457362
-1.2280493844518983,-0.6501437917686521,9.748701480668672
-1.2299038622799245,-0.506431002115263,9.657715972570593
-1.179616832426122,0.9020599306787993,12.124928517711247
-1.1785911865638468,1.0399333999092766,12.175249372723641
-1.1775823223431952,1.1775823223431952,12.224746876727586
-1.1765989404485915,1.3150223452072494,12.272994151503688
-1.1747464107913752,1.4511573309775814,12.363884077272154
-1.1728870739212647,1.5868472176581818,12.455107982619438
-1.1733842902483504,1.7255651327181623,12.430713255720654
-1.1734468137734992,1.8637096454049695,12.427645688873653
-1.1728314354722797,2.00071244874683,12.457837749713
-1.172245487135747,2.1376241236004803,12.486585899900042
-1.171662577576342,2.2744038270599582,12.515184959773492
-1.1710826022084155,2.411052416311444,12.543640060577438
-1.362743786417928,2.96597177043902,3.1402436087890493
-1.3636197018879672,3.1283040219782783,3.0972689164589156
-1.3646241742146363,3.2911524201647113,3.047986890202651
-1.3656761801035036,3.4543573967323917,2.9963727436897045
-1.3666881543294453,3.617703937930885,2.9467226547331364
-1.367697251577312,3.781280636713745,2.897213717807631
-1.0847472016209054,-1.0847472016209054,9.683410079110011
-1.0849273778573423,-0.94027039414303,9.673391508745958
-1.0851287671359116,-0.7957610958996685,9.662193402392909
-1.0836277643214032,-0.6501766585928419,9.74565558703604
-1.0855406333680764,-0.5065856289051022,9.639291876036701
-1.0415555336045574,0.902681462457283,12.08505179235754
-1.040644455902803,1.040644455902803,12.135711614333268
-1.0397436653886802,1.178376154107171,12.185799424621024
-1.0375598879642318,1.3142425247546936,12.30722680161
-1.0362229808369254,1.4507121731716954,12.381564563292685
-1.0372557814062473,1.5904588648229125,12.324136428592944
-1.0365241409513213,1.7275402349188684,12.364818771191636
-1.035891552285332,1.8646047941135975,12.399993410128765
-1.0352585197737827,2.0014998048959796,12.435192728779839
-1.0347410996154973,2.1384649392053614,12.4639635054709
-1.034224196423202,2.2752932321310437,12.492705536638994
-1.0337108778425481,2.411992048299279,12.52124824804843
-1.2020578468699152,2.965076022279124,3.1604358116803297
-1.2028104540011673,3.127307180403035,3.118587632086573
-1.203621412149642,3.2898985265423546,3.0734948860426385
-1.2045468103435806,3.4530341896515973,3.022038783372892
-1.2054602466016364,3.6163807398049093,2.9712478155661017
-1.2063499750809843,3.7798965885870834,2.9217751017858262
-0.9409177961203408,-0.6514046280833129,9.631854982800903
-0.9396304726868283,-0.5059548699082921,9.714448093526151
-0.9041443222117237,0.7650451957176123,11.99119648410423
-0.9033127766982177,0.9033127766982177,12.044547436073373
-0.9025131618896206,1.04136134064187,12.095849752728803
-0.9002880024667693,1.1772996955334676,12.238613283484561
-0.899447443567252,1.3145770329059836,12.29254252337224
-0.9001758781021862,1.4541302646266083,12.24580704677507
-0.8994720252909335,1.5913735832070361,12.290965389784063
-0.898815184013505,1.7284907384875092,12.333107529780335
-0.898204090392986,1.8655008031238938,12.372314555574391
-0.8976559894340818,2.002463361045259,12.407480048572424
-0.8971284972536834,2.1393064165280142,12.441323307327899
-0.8966801619458473,2.276188103400997,12.470087957110664
-1.041028842038874,2.80276995933543,3.208851652698584
-1.0415331779576884,2.964363660341113,3.1764940716113585
-1.0421036579724448,3.126310973917334,3.139892765522532
-1.0427734827465684,3.288747137893023,3.096917620119669
-1.0435426848096119,3.4517181112933315,3.0475665483461256
-1.044346915524085,3.6150470152756786,2.9959680807660902
-0.7955159162601952,-0.5062374012564879,9.680783908694906
-0.7959422202213076,-0.36179191828241253,9.648459827899892
-0.765599852853459,0.765599852853459,11.949140149403853
-0.7648952172486356,0.9039670749302058,12.00256845478934
-0.7628378732534215,1.040233463527393,12.158564550511556
-0.7625349813133515,1.1784631529388159,12.18153103554593
-0.7628550023283864,1.3176586403853945,12.157265755159841
-0.7622005628682732,1.455110165475794,12.20688798697995
-0.761548482065296,1.592328644318346,12.256331375930202
-0.7609732628188203,1.7294846882245913,12.299946812552967
-0.760417646971536,1.8664796789301337,12.342075840610192
-0.7599200137806409,2.003425490876235,12.379808390471567
-0.7594563566197463,2.140286095928376,12.414964741097158
-0.8804345836411073,2.6413037509233215,3.241909031099709
-0.8807183181613727,2.802285557786186,3.220395138680175
-0.8810856228846372,2.9636516406119613,3.1925446173755745
-0.8815125772749828,3.125362773974939,3.160171218420274
-0.8820656296967497,3.28769916523334,3.11823655959509
-0.8826612417072249,3.4504030357646065,3.0730748615924455
-0.6510871335918024,-0.36171507421766796,9.661278405170592
-0.6261529238832645,0.7652980180795455,11.972026475848644
-0.6251547624317586,0.9030013235125403,12.06452989485625
-0.6254997567725872,1.0424995946209785,12.032557956832825
-0.6251308953041005,1.1808028022410786,12.066741752373822
-0.6245839031522369,1.3185660177658334,12.117433596004304
-0.62403916620173,1.4560913878040365,12.167916441545621
-0.6235049261044251,1.5934014778224197,12.21742650376762
-0.6229727214329799,1.7304797817582773,12.26674793533185
-0.6225176035623494,1.8675528106870483,12.308925439803964
-0.6220631501933263,2.0044257061784956,12.351041362384173
-0.7200824004920617,2.4802838239171017,3.2672245434554554
-0.7202526357894357,2.6409263312279307,3.2514481908232256
-0.7204725711348433,2.8018377766355016,3.231065945666259
-0.7207151260974667,2.9629399628451405,3.208587454530303
-0.7210642846251012,3.1246119000421055,3.176229605473793
-0.5069114120118371,-0.3620795800084551,9.60047415619762
-0.5067846796319018,-0.2171934341279579,9.615574577051767
-0.487678518481349,0.6270152380474487,11.89211254175973
-0.48712997855816303,0.7654899663056848,11.957472189386003
-0.4874824556734585,0.905324560536423,11.91547382412896
-0.4870087853287543,1.0435902542759021,11.97191260918779
-0.4865607324758027,1.1816474931555208,12.025299017996055
-0.48612223788925557,1.319474645699408,12.077546539919865
-0.4856969581646223,1.457090874493867,12.128219484166443
-0.48527523067955375,1.5944757579471052,12.178469171843332
-0.4848598621429178,1.731642364796135,12.227961177879799
-0.5597402832417245,2.1589982353609374,3.3058066905656176
-0.5598615656859733,2.319426486413318,3.2913556406341655
-0.5599984506907124,2.479993138773155,3.275045513883313
-0.5601308248839046,2.640616745881265,3.2592728595036533
-0.3435641336174313,-0.3435641336174313,12.689088495559332
-0.3432047829658492,-0.20592286977950952,12.749032801081093
-0.34893617735916754,0.4885106483028346,11.79296258090416
-0.3487309427816911,0.6277156970070439,11.827198345224382
-0.3996751858011913,0.879285408762621,3.3290440920146267
-0.20617480019393772,-0.20617480019393772,12.678990751316142
-0.20630928341331792,-0.06876976113777264,12.641601536656374
-0.2101737578050537,0.2101737578050537,11.567194906255267
-0.20976281253042195,0.3496046875507033,11.681446492121793
-0.20970117520931264,0.48930274215506286,11.698582987222295
-0.06880898455708982,-0.06880898455708982,12.60888668528758
-0.06897904089196054,0.06897904089196054,12.467048777821404
-0.0700698590782437,0.2102095772347311,11.557236337808071
0.07993285215651562,-0.39966426078257805,3.3308665254809426
0.07011372764938241,-0.21034118294814722,11.520647131421981
0.06892522955162778,-0.06892522955162778,12.511930892425092
0.068806991686638,0.068806991686638,12.610548867263645
0.2385370223273809,-3.260005971807539,3.68160003007317
0.2385100832420812,-3.1006310821470557,3.6890896726296916
0.23849046645244357,-2.9413824195801372,3.694543560200785
0.23848529368452956,-2.782328426319512,3.6959817004446904
0.23848840086370604,-2.6233724095007664,3.695117838099989
0.23850336937585717,-2.4645348168838574,3.6909562712031345
0.23851934081186696,-2.305686961181381,3.6865158699980896
0.2385386803166764,-2.1468481228500877,3.681139073546703
0.23857531371645102,-1.9881276143037585,3.6709542039830296
0.23863733497867665,-1.8295529015031877,3.6537109650309105
0.23929733082030752,-0.7178919924609226,3.470217988650532
0.20978261060294903,-0.48949275807354775,11.67594220402566
0.20990198032670176,-0.3498366338778363,11.642754864773686
0.21033295550113762,-0.21033295550113762,11.522934537863932
0.20624536085980752,0.06874845361993584,12.659373375297776
0.20613992006940776,0.20613992006940776,12.688688172819134
0.39779400636302453,-3.7392636598124307,3.6428489911744464
0.3977169244678577,-3.5794523202107196,3.6557072416151613
0.3976470811731842,-3.419764898089384,3.667358000494062
0.39757999981133135,-3.260155998452917,3.678548033493911
0.3975260009077273,-3.1007028070802725,3.6875557443780735
0.3974922952365941,-2.941442984750796,3.693178283364233
0.39747784133069963,-2.7823448893148974,3.6955893805672133
0.3974738629439661,-2.6233274954301757,3.696253026587584
0.3974988096099585,-2.4644926195817427,3.6920916021921784
0.397524845178189,-2.305644102033496,3.6877485349135526
0.39755193407123024,-2.1467804439846434,3.6832297595236554
0.39760886496121156,-1.9880443248060575,3.6737329556424356
0.3976902102860633,-1.829374967315891,3.6601635103549057
0.3978320403859207,-1.6708945696208666,3.636504427504761
0.39797662038321474,-1.5123111574562158,3.6123866264322544
0.3981253157551319,-1.3536260735674484,3.5875823279994137
0.3981580240961861,-1.035210862650084,3.5821261564838522
0.39816183452759796,-0.8759560359607155,3.581490527568988
0.3488794048345248,-0.6279829287021447,11.802432967412287
0.3493066202474289,-0.4890292683464005,11.731167947794297
0.3430657450537887,0.2058394470322732,12.77222611113347
0.5571864038238366,-3.9003048267668556,3.610106618023309
0.5569587327252135,-3.7395800625835762,3.637234092527379
0.556830184250495,-3.5796226130388966,3.652550904769029
0.5567330927933593,-3.419931855730635,3.6641195493793646
0.5566376163988399,-3.260306038907491,3.675495755993765
0.5565492755723925,-3.1007745353319014,3.6860217451580155
0.5565020854494539,-2.941511023089971,3.6916445442950305
0.5564722705010213,-2.7823613525051067,3.6951970560470215
0.5564602009451428,-2.623312375884245,3.696635168180478
0.5564888053571658,-2.4644504237245917,3.6932268943040327
0.5565244383225054,-2.305601244478951,3.6889811540032156
0.5565623613627566,-2.146740536684918,3.6844625466184766
0.4857676265670676,-1.7348843805966698,12.11979920026932
0.486066947073754,-1.597077111813763,12.084134553053289
0.48644391823788563,-1.4593317547136568,12.039217672054349
0.4868214745645158,-1.3213725738179716,11.994231067753446
0.48720332339062805,-1.1832080710915251,11.94873300340793
0.48758443624217285,-1.0448237919475134,11.903322631929157
0.48743721808356444,-0.9052405478694769,11.92086397498209
0.487557571925394,-0.7661618987399049,11.906523569917752
0.4886366826148418,-0.6282471633619394,11.777945336263578
0.505038223494003,0.21644495292600127,9.823668378328485
0.5049571600590294,0.36068368575644955,9.833327251495781
0.7167802507202111,-4.061754754081196,3.5732473251512857
0.7164624150504831,-3.9007398152748527,3.6027023658043333
0.7161696297909548,-3.7399969555749863,3.629835889645122
0.7159585844142488,-3.5797929220712437,3.649394267582494
0.7158337406643579,-3.4200945387297095,3.660964012826824
0.715709874111183,-3.260456093173167,3.6724431975339513
0.715589146180172,-3.100886300114079,3.68363151418491
0.715519231924384,-2.941579064578023,3.6901107342429498
0.715468581228894,-2.7823778158901433,3.694804726883987
0.7154530630459756,-2.6233278978352432,3.696242855930734
0.715473356897128,-2.4644082293123297,3.6943621475407156
0.6235008952010932,-2.0090584400924114,12.217800062914115
0.6238753041482376,-1.8716259124447128,12.183102161421687
0.6242526861570656,-1.734035239325182,12.148128734992639
0.6246301479101655,-1.5962770446593118,12.11314791835855
0.6250352717313283,-1.458415634039766,12.075603552642505
0.6255200917940529,-1.320542416009667,12.030673433033265
0.6260079556983165,-1.1824594718745978,11.985461229048923
0.6255025687052952,-1.042504281175492,12.032297364331363
0.6259969502479888,-0.9042178170248729,11.986481145998717
0.6275486573021677,-0.7670039144804273,11.842678550142892
0.6479938760556195,0.35999659780867754,9.947942348700245
0.8765510008152895,-4.223382094837303,3.536377899529441
0.8761689450380781,-4.062237836085634,3.565346905068509
0.8757871240643499,-3.901233552650286,3.5942981068631497
0.875416028859806,-3.7404139414918975,3.6224360377024993
0.8751117000527955,-3.5800024093068905,3.6455114717669375
0.8749495257956899,-3.4202572372013327,3.6578081761556973
0.8747967749700094,-3.2606061612518533,3.6693903580756455
0.8746492050231721,-3.1010289996276104,3.6805797049258047
0.8745437351717146,-2.9416471092139487,3.688576853230643
0.8744695850090551,-2.782403225028812,3.694199216772631
0.873978383338095,-2.6219351500142847,3.7314441029269574
0.7612656012488859,-2.1453848762468604,12.277780537090095
0.7616885604867598,-2.0080880231014575,12.245710066662468
0.7621435754089765,-1.870716048731124,12.211209005329863
0.7626012907591526,-1.7331847517253467,12.176503186689082
0.7630631394330836,-1.5954956551782655,12.141483962818256
0.7635245876026109,-1.4576378490595296,12.106495106802015
0.7640445424571711,-1.319713300607841,12.067070038630675
0.7633169780380473,-1.1796716933315274,12.122236898929074
0.7643284599289302,-1.0422660817212683,12.045542274093116
0.7658327483056888,-0.9050750661794504,11.931481079581879
0.7664454901368333,-0.7664454901368333,11.885020529685221
0.7919716524569367,0.35998711475315304,9.949524244197406
0.7908341291819114,0.5032580822066709,10.035775833678734
1.0360668489772522,-4.223964845830335,3.5272071115425234
1.0356058940810438,-4.062761584471787,3.556781418815092
1.0351442071378634,-3.9016973961350234,3.586402693333838
1.0346979418132478,-3.7408310204017416,3.615034535502872
1.0342852594930805,-3.580218205937586,3.641511732822991
1.033699479014866,-3.4191598152030176,3.6790946980968044
1.0328124281334337,-3.2573315041131368,3.736006807176622
1.0323981932884052,-3.0971945798652154,3.7625836126095322
1.032080097447227,-2.9374587388882616,3.7829922561156764
1.0320682677906863,-2.7786453363595403,3.7837512325368863
0.8988015817791708,-2.281573246054818,12.333980232643675
0.8992730720603958,-2.144420402605559,12.303729987841692
0.8997724835124463,-2.0071847709123802,12.271688354571545
0.9002774777734169,-1.8698070692217121,12.239288535049766
0.900817888408157,-1.7323420930926094,12.204616443926248
0.901358948100051,-1.5947119851000902,12.16990271008266
0.9019054834594143,-1.4569242425113615,12.134837664053016
0.9008663787610632,-1.3166508612661691,12.201505361674172
0.9024108265957634,-1.1800756963175365,12.102415461109942
0.9037954858202261,-1.042840945177184,12.013577404048604
0.9045022677681089,-0.9045022677681089,11.968231131184744
0.9337049670148518,0.5027642130079971,10.094621353274299
0.9336090109929776,0.6463446999182152,10.100777775299328
0.9339340329043446,0.790251873995984,10.079924763527117
0.9333196328432151,0.9333196328432151,10.119343926541973
0.9327129401346251,1.076207238616875,10.15826859516239
1.194468240768826,-4.37971688281903,3.582450413954888
1.1937930602074118,-4.218068812732855,3.6199933446806085
1.1932890499542101,-4.057182769844314,3.6480184732201195
1.1928063695736162,-3.8965008072738128,3.674857569495856
1.1923541140600384,-3.7360428907214533,3.700004912868735
1.1919280095749154,-3.575784028724746,3.7236981470657895
1.1918193671988728,-3.4165488526367684,3.7297391284428443
1.1923915987514793,-3.259203703254043,3.6979206034936425
1.1928132454104285,-3.1013144380671145,3.6744752435227923
1.1926148140257942,-2.941783207930292,3.685508878305683
1.0361384831574822,-2.417656460700792,12.386262996137333
1.0366544401138396,-2.2806397682504467,12.357573579739736
1.0371783584674807,-2.1435019408327936,12.328441475557874
1.037732240150325,-2.006282330957295,12.297643281952126
1.038308605756116,-1.8689554903610086,12.265594885941475
1.038900152042168,-1.7315002534036128,12.232702379095912
1.0389988293649517,-1.5931315383595923,12.227215497356148
1.0382903784765454,-1.4536065298671632,12.266608400745291
1.0403222700803811,-1.317741542101816,12.153626525844729
1.0414092661557859,-1.1802638349765573,12.093184888910486
1.0421859944836476,-1.0421859944836476,12.0499954674844
1.0429947425774884,-0.9039287769004899,12.005025609942841
1.0779857514299913,0.5030600173339959,10.059375666139402
1.0753134328138694,0.6451880596883216,10.207968025599499
1.076570845768373,0.7894852868968067,10.138050480364384
1.0758728596149838,0.9324231449996525,10.176861499670558
1.0751757779316304,1.0751757779316304,10.215622226569288
1.0744862708766567,1.217751106993544,10.253961771691195
1.0738191645037,1.3601709417046868,10.29105574296036
1.355233475430964,-4.225139658696535,3.5087190096790124
1.3545658536616723,-4.063697560985017,3.5414742710136835
1.353972082432122,-3.9026254140690577,3.570606232689471
1.3533683569046746,-3.741665457324689,3.6002265781238663
1.3528152767044472,-3.58098161480589,3.6273621320119673
1.3523910919583382,-3.4207539384828554,3.6481737395000238
1.3521519028623998,-3.2610722363152,3.659908978981761
1.3519172310022072,-3.101457177005064,3.6714225911227487
1.351689182362574,-2.9419117498479554,3.6826112508276623
1.1738590148463022,-2.4167685599776814,12.407422031582769
1.1743915193989298,-2.2797011847155697,12.381295972509342
1.1749878313958677,-2.1426248690159944,12.352039354173755
1.1755817196737062,-2.0054041100316167,12.322901649804358
1.1762206250042018,-1.8681151103007911,12.291555291685007
1.1759744070284044,-1.7293741279829475,12.30363538630369
1.1755146629609126,-1.590402191064764,12.3261916266338
1.1782614559754057,-1.4554994456166779,12.191426813441119
1.178973111084214,-1.317675830035298,12.15651116188306
1.179685887815858,-1.179685887815858,12.121540480589907
1.1803995270108585,-1.041528994421346,12.086527484600126
1.1813182119133965,-0.9033609855808328,12.041454412613916
1.2213317578750797,0.35921522290443525,10.078285721616709
1.2205282677435738,0.5025704631885304,10.117707038367996
1.2184744030770995,0.645074683981994,10.218474983619053
1.2171230365754275,0.7875502001370415,10.284776540813851
1.2181543112496904,0.931529767426234,10.234179521637643
1.2173886702896728,1.0741664737850054,10.271743859541893
1.2166330662391862,1.2166330662391862,10.30881576054577
1.215872829039041,1.3589166912789283,10.346114975928622
1.2151169664942547,1.5010268409634913,10.383199559335523
1.5141009511427255,-4.064165710962053,3.5338180523047527
1.5134429016988704,-3.9030895885918238,3.5627051843238178
1.5127833402742452,-3.742148262783659,3.5916586894528706
1.512138596512011,-3.581380886475816,3.6199617270924307
1.5115870331400292,-3.4209601276326977,3.6441743209820032
1.5113004896355209,-3.261227372371387,3.6567530415040466
1.511035862886504,-3.101599929082824,3.668369657711253
1.5107809615261107,-2.942047135603479,3.6795593476627744
1.311478426074713,-2.4158813111902613,12.428565531135469
1.3120731413406448,-2.2788638770653304,12.402458650321051
1.312684573501876,-2.141748514660956,12.37561792926715
1.313347787891998,-2.0045834657298913,12.34650406582832
1.3127528345970647,-1.8654908702168815,12.372621395667892
1.3125310196218405,-1.7270144995024217,12.382358655584973
1.3154686073355155,-1.5924093667745716,12.253404084017546
1.3162403607830517,-1.4547919777075835,12.219525560248059
1.3170307321783437,-1.3170307321783437,12.184829743614372
1.31782715421385,-1.1791085064018656,12.149868315263667
1.318623970159408,-1.0410189238100591,12.114889595003099
1.3636931655440923,0.35886662251160323,10.13643674586261
1.3628090019907886,0.502087527049238,10.175249861699463
1.3619259842064677,0.6451228346241162,10.214012680434529
1.358755954392134,0.7866481841217617,10.353171022723465
1.3602060315305309,0.9306672847314159,10.289515365651098
1.359362035194884,1.0731805541012245,10.32656521623467
1.358511717242723,1.2155104838487523,10.363892573884819
1.3576674329755711,1.3576674329755711,10.400955064119522
1.35682419749132,1.4996477972272484,10.437971514758893
1.355988570505903,1.6414598485071457,10.474653966619996
1.672966240627625,-3.903587894797792,3.554223156032407
1.6722224977507592,-3.742593209251699,3.5837626482381637
1.6714974486893752,-3.5817802471915186,3.612559671730736
1.6708144855476168,-3.42119156564512,3.639685154246692
1.6704642191941468,-3.2613825231885722,3.6535968037429143
1.6701729539233217,-3.1017497715718836,3.6651650869022774
1.4484437343276542,-2.5520199128630097,12.471660930783528
1.449022178840712,-2.41503696473452,12.44868665067083
1.4496536625707699,-2.2780271840397814,12.423605793694136
1.4503110926211964,-2.140935422440814,12.39749441776776
1.4494729798048032,-2.0016531625875853,12.430782033390685
1.4493510033571342,-1.863451290030601,12.435626614007568
1.4524785552035162,-1.729141137147043,12.311408559269843
1.4532850820400378,-1.59169318509147,12.27937545489705
1.4540925051688882,-1.4540925051688882,12.24730675217289
1.4549579167925735,-1.3163904961456616,12.212934900410957
1.4558316844818724,-1.17853041124723,12.178231167910745
1.456713093570766,-1.0405093525505473,12.143223939308868
1.5057947159556928,0.35852255141802214,10.193832224802271
1.5048193549371331,0.501606451645711,10.232570974579566
1.503871871881956,0.6445165165208383,10.27020248567576
1.5021918764419304,0.7868624114695827,10.33692744365515
1.4995707476559395,0.9283057009298674,10.441031719141257
1.5010656144575178,1.072189724612513,10.381659579108195
1.5001330139847033,1.2143933922733312,10.418699993550725
1.49919953482801,1.356418626749152,10.455775306983753
1.4982870746700128,1.4982870746700128,10.492015801600395
1.4973757245405235,1.6399829364015257,10.528212208832173
1.4964766768088744,1.7815198533438978,10.563919997488341
1.8308918451245362,-3.5821796969827884,3.605155965374692
1.8301436710592573,-3.4215729502412198,3.63228749720561
1.829643093699606,-3.261537688768863,3.650440265655476
1.829324058526756,-3.101897316632326,3.662009649504853
1.5858779947056227,-2.551195034961219,12.49025555670542
1.5865111195945887,-2.4142560515569826,12.467296129380827
1.58714475028155,-2.2772076851865717,12.444318359968406
1.5859279662887442,-2.137555084997873,12.488443404078083
1.5860195847273566,-1.9997638242214495,12.485120983937016
1.5893442803080016,-1.8657519812311323,12.364555345323602
1.590147427373977,-1.7284211167108443,12.335430291146146
1.590977647367228,-1.590977647367228,12.305323473469777
1.5918611727641012,-1.453438462088962,12.273283606624418
1.592751067912477,-1.315750882188568,12.241012749260058
1.5937071216560847,-1.1779574377458017,12.206342738923517
1.6476306774421543,0.35818058205264225,10.25087710847555
1.6466076754056957,0.5011414664278204,10.287974909112236
1.6455859429301882,0.6439249341900737,10.325026670819014
1.644556677748701,0.7865271067493789,10.362351596033513
1.6409584713820402,0.9274982664333271,10.492835737494417
1.6411305940572953,1.0703025613417145,10.486593938881995
1.6415013724924352,1.2132836231465824,10.47314815482978
1.6405025942593292,1.3551977952577068,10.509367511636043
1.6395050310360892,1.4969393761633858,10.545542807734535
1.6385458333869871,1.6385458333869871,10.58032682759901
1.6376025458600039,1.7800027672391343,10.614533888163862
1.636660343782563,1.9212969253099654,10.648701586352786
1.723322961721455,-2.5505179833477536,12.505517841529489
1.72391117375708,-2.4134756432599125,12.485893576583898
1.72224076653245,-2.273357811822834,12.54162265378364
1.722597173021037,-2.136020494546086,12.529732017521965
1.726075569958476,-2.002247661151832,12.41368375779247
1.7268584941956735,-1.8650071737313276,12.387563393480704
1.7277139719133225,-1.7277139719133225,12.35902245863167
1.7285871256203997,-1.590300155570768,12.329891807356056
1.7295059608508465,-1.4527850071147113,12.29923710308013
1.7304665172819478,-1.3151545531342805,12.267190472345867
1.7314485604497978,-1.1773850211058625,12.234426988862545
1.789258562969091,0.35785171259381826,10.305736759431326
1.7881407131204052,0.5006793996737134,10.343031102748675
1.7870290357999286,0.6433304528879743,10.380119514664386
1.7859187399835055,0.7858042455927425,10.41716183605503
1.7848065143865273,0.9280993874809943,10.454268539883643
1.7805730936993744,1.0683438562196248,10.595506331970896
1.7826352022318146,1.212191937517634,10.526709092648574
1.7815625053849033,1.3539875040925267,10.56249701580407
1.7805365776180273,1.4956507251991429,10.59672460227435
1.7795118307444822,1.6371508842849236,10.630912791108749
1.778534614621235,1.778534614621235,10.66351523198081
1.7776382034824938,1.9198492597610937,10.693421810937743
1.7767426955009058,2.061021526781051,10.72329825825134
1.8607140724429836,-2.5498674326070514,12.520182736346413
1.8586551883621447,-2.4093678367657434,12.5837842764682
1.8591901374787883,-2.2723435013629634,12.567259019887729
1.8627087526166959,-2.1386656048562065,12.458564536332545
1.8634773153879196,-2.001512672083321,12.434822657717312
1.864322252971975,-1.864322252971975,12.408721464283055
1.8651679569133466,-1.7270073675123576,12.382596597099472
1.8661102326070105,-1.5896494574059719,12.353488506025236
1.8670534197359645,-1.452152659794639,12.324352259559099
1.8680635049402312,-1.3145632071801625,12.293149446713308
1.9306164214443349,0.35752155952672865,10.36081053273724
1.9294165253649889,0.5002190991687008,10.397876844212831
1.9282181198524093,0.6427393732841364,10.434897110190818
1.9270286200705782,0.7850857341028281,10.471642266852662
1.9258560824234865,0.9272640396853824,10.50786344166277
1.9219981530740309,1.067776751707795,10.627039771495994
1.9207546166027376,1.2093640178609828,10.665454190019084
1.922448974390712,1.3528344634601306,10.613113329338567
1.921342857974418,1.4943777784245473,10.647282668100772
1.9203533132117414,1.635856526069261,10.677850960658574
1.9193856568061978,1.7772089414872199,10.707743094107983
1.9184189751390128,1.9184189751390128,10.73760511665342
1.9174885444558354,2.059524732934045,10.76634730033311
1.9951289772074279,-2.545509384712925,12.618423057932276
1.9957827406432849,-2.4087033076729303,12.599620275092114
1.999294007574163,-2.2750586982740475,12.49863330339251
2.000040358391719,-2.1379741762118374,12.47716763006882
2.000839009903293,-2.000839009903293,12.45419774507149
2.00168508214438,-1.86363783509994,12.429864000258448
2.0025927638592824,-1.7263730722924848,12.403758315484374
2.0035208458190668,-1.5889992915116737,12.377065902616685
2.0704279488848036,0.4997584704204699,10.452761696524107
2.069167757868913,0.6421555110627661,10.489005843426952
2.067909100079969,0.7843793138234366,10.525205893441317
2.0666619849831753,0.9264346829234925,10.561073965981898
2.0654718517866355,1.0683475095448116,10.595303191444877
2.0609283183388265,1.2081303935089673,10.725979010954667
2.0617819761701277,1.3508226740424973,10.701427098226922
2.062103501396918,1.4932473630805265,10.692179763969015
2.06106466867918,1.634637495849005,10.722057461202517
2.060038652791672,1.775895390337648,10.751566535686145
2.059052044123715,1.9170484548738036,10.77994222559834
2.0580663800309478,2.0580663800309478,10.808290748738592
2.0571127571865593,2.1989826025097705,10.835717738794926
2.1318708948240426,-2.682031125746376,12.641378234707048
2.132591433658932,-2.545351065980016,12.621991922619387
2.135958440626973,-2.411565981353034,12.53140159670901
2.136631166422912,-2.2744783384501965,12.51330170868357
2.13730431609876,-2.13730431609876,12.495190416042853
2.138136373562259,-2.000192091396952,12.472803662017682
2.1389902340557505,-1.8629914941775891,12.449830290972834
2.211224000055835,0.49930864517389817,10.506359289637416
2.2098793226036535,0.6415778678526736,10.54253823722906
2.208580540090094,0.7836898690642269,10.577482367819478
2.207309030624306,0.9256457225198703,10.611692708931685
2.2060389843662667,1.0674382182417421,10.645863682003345
2.2048962882557737,1.209136674204779,10.676608261402393
2.199893687107607,1.3483219372595012,10.811204736168747
2.202675288707958,1.4921348729957133,10.736364916138548
2.2016047438052335,1.6334486808877537,10.765168245790093
2.200550577222668,1.7746375622763448,10.793530911856685
2.1994974192586323,1.9156913006446152,10.82186644074114
2.198531207911177,2.0566904848201335,10.84786264499467
2.1975898772852083,2.1975898772852083,10.873189426021668
2.3517751165515404,0.4988613883594177,10.559650848842637
2.3504207619866686,0.6410238441781824,10.593881718811403
2.349067966431881,0.7830226554772938,10.62807318530868
2.3477640764274343,0.9248767573805045,10.661028579969312
2.3465807146250883,1.0666275975568584,10.690937663626393
2.345398545219064,1.2082356142037602,10.72081660985529
2.342602558519811,1.348771170056861,10.791484261900727
2.3393660021719014,1.4886874559275736,10.873287168145126
2.3419841880021104,1.6322920098196527,10.807113375083468
2.3408941201592723,1.773404636484297,10.834664484337381
2.3398916114064785,1.9144567729689372,10.860002566143649
2.3388899609527125,2.0553881475038986,10.885318954721896
2.3379223636775563,2.1962300992122503,10.909774660315605
2.3370875529400585,2.3370875529400585,10.93087422947201
2.492182715714787,0.49843654314295743,10.610272020556579
2.490748723934461,0.6404782432974327,10.644444628054949
2.489451185003446,0.782398943858226,10.675365508642791
2.4881967106437464,0.9241873496676772,10.705260142976769
2.4869434999467455,1.0658329285486052,10.73512466371455
2.4857322541289997,1.2073556662912284,10.76398914430763
2.484542018156789,1.348751381285114,10.792352951734436
2.480394706352665,1.4882368238115988,10.891185079226432
2.478679176286644,1.6288463158455087,10.932066858607648
2.4811940034046054,1.7722814310032895,10.87213750531052
2.480132083012058,1.913244749752159,10.897443500272907
2.4791902412465148,2.054186199889969,10.91988797270367
2.478305138913692,2.195070265894984,10.940980321370112
2.47742066834082,2.3358537730070585,10.962057614939908
2.6310698439718814,0.6399899620472144,10.689695509076614
2.6297443257975903,0.7818158806425269,10.719575706558096
2.6284298402900026,0.9235023763181092,10.749207202613803
2.627170962895854,1.065069309282103,10.777585165188512
2.625913290583596,1.2065007010789495,10.80593596247379
2.624685587177708,1.3478115177399042,10.833611192378676
2.6235615221997186,1.4890484315187593,10.858950176163113
2.618506943444958,1.6277205324117308,10.972891889153011
2.618451529427681,1.7692240063700546,10.974141047264602
2.6204097709985623,1.912190913971924,10.929997823890332
2.619474411534002,2.0531015657969203,10.951082955772584
2.6185304654068755,2.1939039034490038,10.972361650578485
2.617612407341603,2.334627282223592,10.993056769530348
2.7698710754455558,0.7812456879461824,10.762810009934668
2.7685447594578796,0.9228482531526265,10.791174951843097
2.767219713039888,1.0643152742461108,10.819512742400953
2.7659925598321595,1.2056890645422231,10.84575696306434
2.764808221296507,1.3469578514008622,10.87108553791063
2.7636248965433614,1.4881057135233482,10.896392431738086
2.7625672639011087,1.6292063351211665,10.919011241084199
2.7571048438698122,1.767374899916546,11.035831989915408
2.7592133349050614,1.9102246164727346,10.990739247096208
2.759606618799869,2.0520151780819536,10.982328374473546
2.758669271000556,2.1927883948978777,11.002374740590334
2.7577605391110995,2.333489686940161,11.021809119346429
2.908487158836882,0.9222032454848651,10.832557861790363
2.90724152942144,1.0636249497883319,10.857897738619421
2.9059969664906236,1.2049255714717217,10.883215919919522
2.904777647121977,1.3461164706175015,10.90802057067178
2.9037403966020716,1.4872816665522806,10.929121389333773
2.902703886918761,1.6283460829056464,10.950207137134527
2.9016573278955864,1.769303248716821,10.971497318959727
2.8957235443175477,1.9069398950383851,11.09220845754858
2.8996815922318246,2.0509942969444612,11.011689769255014
2.8987265603053003,2.1917200821820564,11.031118012588003
2.897761670851215,2.332344759465612,11.050746787901971
3.047127793417686,1.062951555843379,10.89534132581857
3.045952697394557,1.204213857109476,10.918134478605424
3.0448652219174495,1.3454055631728266,10.93922806943867
3.0437785226709435,1.4864964878160423,10.960306603848998
3.042687740616341,1.627484140329671,10.981464331845991
3.0416513547230464,1.7684019504203758,11.001566946055426
3.0385119179975524,1.9079028322310214,11.062462106570301
3.0348862470065767,2.0467837479811797,11.132788676676554
3.0386845081062335,2.190679529099843,11.059114403370536
3.037784717027108,2.3313231549277806,11.07656750944789
3.1847924820748386,1.3446901590982652,10.970632961794124
3.1836698516657185,1.4857125974440017,10.991440647959294
3.1826209264641254,1.6266729179705528,11.010882225728949
3.181572692266559,1.7675403845925324,11.030310995904216
3.180525148338538,1.9083150890031229,11.049726972098526
3.175420093886039,2.0463818382821137,11.144347935543614
3.1740473079735265,2.186565923270652,11.169792194141522
3.3213937126405617,1.7666987833194476,11.058388976906443
3.3204101955887446,1.9074696868275767,11.075842517353088
3.319427260834315,2.048157246046705,11.093285724322548
3.31393980140367,2.1857900817768887,11.19066644074745
0.0,0.0,70.0
