-2.4494978133899736,-1.390255515707823,9.782742466960144
-2.316308166212903,-1.3897848997277418,9.801434084060531
-2.3200136858115865,-1.259436000869147,9.713130044553061
-2.319960171979425,-1.126837797818578,9.714405300943838
-2.319806344306099,-0.994202718988328,9.718071076979015
-2.1875807341748654,-1.5246774813946031,9.709610319218868
-2.1854387921075764,-1.3907337767957304,9.763747206476992
-2.183558239235827,-1.2572001983479004,9.811277567057509
-2.1871489788773215,-1.1267131103307413,9.720522793567817
-2.187029879211575,-0.994104490550716,9.723532998780854
-2.186910792516101,-0.8615103122033125,9.726542876174499
-2.18679171878878,-0.7289305729295933,9.72955242580231
-2.0547695019996226,-1.5245064047093975,9.715814186401097
-2.0546332616111713,-1.3918483385107936,9.71947977465473
-2.051114550592575,-1.2571347245567397,9.81415174325614
-2.0522846801275776,-1.1254464374893167,9.782669059394955
-2.054293320147106,-0.9940128968453739,9.72862600105475
-2.054196520225271,-0.8614372504170491,9.731230431800029
-2.0541973997122485,-0.7289087547366042,9.731206768940801
-2.0541982791999787,-0.5963801455741874,9.731183106061309
-2.300187344706888,2.5969857117658415,3.1127739889495203
-2.3017575943866517,2.747259064267939,3.0705259533497653
-2.303521549593997,2.89797872368277,3.0230662128023056
-1.9219997861305933,-1.524344657965643,9.72167971573495
-1.9218951272049112,-1.3917171610794186,9.724689793913008
-1.9217904796766232,-1.2591041073743392,9.727699544292484
-1.9184100631899297,-1.1245852094561657,9.824923147850654
-1.9216682819406086,-0.993966352727901,9.731214053314893
-1.9216691046869783,-0.8614378745148523,9.73119039044164
-1.9216699274340523,-0.7289092828198129,9.731166727548128
-1.9216988893237428,-0.5963893104797823,9.730333759393865
-2.1479659753128644,2.1479659753128644,3.222703249051996
-2.148806329547134,2.296999869515902,3.1985339588942026
-2.1498433672544794,2.446373486875787,3.1687078876598704
-2.1510885980059893,2.596141411386539,3.132894010464618
-2.152466395338252,2.7462502285350108,3.0932674076058646
-2.154068827514515,2.896851181829865,3.047180118880611
-2.155731442605418,3.0477582464421427,2.999361919228555
-2.1573254607154495,3.1987929245091147,2.95351662608072
-2.158913042837941,3.3500374802657706,2.907856437313818
-1.7892831971160894,-1.5242042049507427,9.726773056471231
-1.7891857740024621,-1.3915889353352484,9.729782579993127
-1.7891391991033863,-1.259023880850531,9.731221337687074
-1.7865746912825589,-1.1248803611779075,9.810442236317044
-1.7868802169016629,-0.992711231612035,9.801004162506807
-1.7891414971200137,-0.8614384986133399,9.73115034903934
-1.7893192952080503,-0.7289819350847612,9.725657940634676
-1.7895380237627865,-0.5965126745875955,9.718901138209858
-1.7897568057993465,-0.4640110237257565,9.712142683663679
-1.998429784879559,1.8503979489625546,3.265969742302019
-1.998900140388398,1.998900140388398,3.251439864177584
-1.9995045211213587,2.1476159671303483,3.2327697769230426
-2.000146224203826,2.296464183345134,3.2129467549638804
-2.0010878042204494,2.445773982936105,3.1838601542356173
-2.002086766136165,2.59529765980614,3.153000953878582
-2.003368709042686,2.745357119799236,3.1134001118682306
-2.00473235795132,2.8957245170407955,3.0712752678414645
-2.0062686688466997,3.0465561267672108,3.0238166760919754
-2.0077883192466937,3.1975888047262155,2.9768727481720916
-2.009271492305436,3.34878582050906,2.931055651580266
-2.0107947823626526,3.50027239892758,2.88399929003333
-2.0122962853426984,3.6519451104367495,2.8376159589283176
-1.6566101512005516,-1.5240813391045076,9.731228622057856
-1.6566108604640661,-1.3915531227898155,9.731204959204526
-1.6566115697281878,-1.2590247929934228,9.731181296330945
-1.6566122789929167,-1.1264963497151834,9.7311576334371
-1.6538930382410304,-0.9923358229446183,9.821878492130779
-1.656917300546016,-0.8615969962839283,9.720981330659185
-1.6571198612595408,-0.729132738954198,9.71422338476718
-1.6573224715058446,-0.596636089742104,9.707463786334394
-1.6575290875988062,-0.46410814452766574,9.700570542563895
-1.8497285714491707,1.7017502857332372,3.2883018961439703
-1.8501768296067398,1.8501768296067398,3.2733468521880695
-1.8506122398743226,1.9986612190642683,3.2588204468553528
-1.8510914422379126,2.1472660729959787,3.242833024674077
-1.8516854181482754,2.2960899185038612,3.2230164620567052
-1.8524051308721035,2.4451747727511766,3.199004996255759
-1.8532991152690093,2.594618761376613,3.169179379642081
-1.8543679673925733,2.7444645917410084,3.133519726336637
-1.8555556994664135,2.894666891167605,3.093893932422631
-1.8569334091161658,3.045370790950512,3.047929998420315
-1.8583675388956065,3.196392166900443,3.000083743917557
-1.857801356968551,3.3440424425433917,3.0189730278339155
-1.8580824830688714,3.493195068169478,3.0095939387611352
-1.8595147372304446,3.6446488849716716,2.961810259689912
-1.5240824432769633,-1.5240824432769633,9.731188580720527
-1.524083095800342,-1.3915541309481383,9.73116491783292
-1.524120261536773,-1.2590558682260298,9.729817152108609
-1.5243065578199406,-1.1266613688234344,9.723061366561758
-1.5228560764921606,-0.9931670064079308,9.77566113196545
-1.5221213915532958,-0.8603294821822977,9.802303498667996
-1.5248683079694352,-0.7292848429419038,9.702690248703838
-1.5250582039621539,-0.5967619058982341,9.69580392450456
-1.5252481472572914,-0.46420595786091473,9.688915884946319
-1.5254381378725235,-0.3316169864940269,9.682026129388134
-1.7012179955090863,1.5532859958996006,3.3076046892104998
-1.701540365928994,1.701540365928994,3.2959143570873124
-1.7019537243600236,1.8499497003913299,3.280924466432829
-1.7023597837595108,1.9984223548481215,3.266199265395123
-1.7027604539653494,2.146958833260658,3.251669496257307
-1.7032729948145076,2.295715775619554,3.2330828878610447
-1.703819625209554,2.4446107666050123,3.2132600676762593
-1.7046173563359535,2.5939829335547118,3.18433141530398
-1.7054640758906061,2.7435726438240184,3.1536262631007332
-1.706556079216725,2.8937255256283594,3.1140262229803852
-1.705028491311088,3.0393986149458527,3.1694221553037565
-1.7062413478461034,3.1899294764079325,3.125439535198069
-1.7083212879850946,3.3423677373621414,3.0500132878763537
-1.7115817473088861,3.4975800923268543,2.9317770912048573
-1.7128790641608003,3.6491771366904002,2.884731630668405
-1.7141580930683804,3.8009592498472786,2.838349357973975
-1.391705794457966,-1.391705794457966,9.72514124593527
-1.3918759198479584,-1.2593163084338672,9.718384317179371
-1.392046086836092,-1.126894451248265,9.711625736255776
-1.3922176981046859,-0.9944412129319186,9.704809792347291
-1.3900697949004375,-0.860519396843128,9.790118804284312
-1.3910393216749186,-0.7286396446868622,9.751611775190135
-1.392737937698745,-0.5968876875851764,9.684147257065483
-1.392948602195557,-0.4643162007318523,9.675780222630365
-1.3931967467031041,-0.3317135111197867,9.665924581689673
-1.5531802562697479,1.5531802562697479,3.3118043865374034
-1.5533884597196344,1.701330217788171,3.3035350983513396
-1.5537660365945305,1.849721472136346,3.288538747461807
-1.5541427593373762,1.9981835477194838,3.273576320429335
-1.5545085012425266,2.1467022160015845,3.259050023112664
-1.5549089305672734,2.2953417546469277,3.2431460335952664
-1.5554078652642949,2.444212359701035,3.2233296722528166
-1.5550478612206637,2.591746435367773,3.237628076945704
-1.5543007329446281,2.738529862807202,3.2673020282172303
-1.5551555811564517,2.888146079290553,3.233349727125372
-1.558651013281371,3.0430805497398192,3.0945204445580927
-1.5598051837272573,3.19388680477486,3.048679859120753
-1.5610105590535175,3.345022626543252,3.0008055517994876
-1.5621648940580777,3.4962738105109357,2.9549584305285848
-1.563314468156596,3.6477337590320578,2.9093003998040032
-1.259422869743171,-1.391993698137189,9.713706476268285
-1.259576856409973,-1.259576856409973,9.706946751425996
-1.2597341033882776,-1.1271305135579326,9.700043905045213
-1.2598909890145102,-0.9946507808009292,9.693156921340275
-1.2600479137222687,-0.862138046231026,9.68626822202991
-1.2580624854520355,-0.7283519652617048,9.77342478616378
-1.2604422200162217,-0.5970515779024209,9.66895891787999
-1.2606667870850645,-0.46445618471555006,9.659100846232995
-1.2608914341882853,-0.3318135353127067,9.649239261227429
-1.4049817971182783,1.4049817971182783,3.3239435323090376
-1.405162670936721,1.5530745310353231,3.3160035121161187
-1.4053510198363026,1.701214392433419,3.3077353499306383
-1.4056149081424583,1.8494933001874452,3.2961511499751666
-1.405956375617244,1.9979380074560835,3.2811613705346403
-1.4062919841691375,2.1464456600476307,3.266428786781539
-1.40528545553463,2.2928341642933434,3.3106134993703904
-1.4048634240273323,2.44002594699484,3.3291398882023415
-1.405563296831539,2.5891955467949406,3.2984167893828413
-1.4081514287598142,2.7421896244270068,3.184802669056488
-1.408847383641111,2.891844629579123,3.1542515596785137
-1.4097494549359897,3.042090929072399,3.1146523276920703
-1.4107034476660105,3.1926446447178134,3.072773842428262
-1.4117845031836327,3.34370013911913,3.0253175399435435
-1.4128551673090337,3.494957519132873,2.978317400018881
-1.127227669219514,-1.2598426891276922,9.695277195462609
-1.1273680647711275,-1.1273680647711275,9.688389024353093
-1.127508495299466,-0.9948604370289406,9.681499137194415
-1.1277022521621571,-0.8623605457710612,9.671992921302795
-1.1265618248712816,-0.7289517690343588,9.727945251894774
-1.1263493122304127,-0.5963025770631597,9.738371675071427
-1.1283095338832274,-0.46459804336368193,9.642198099755063
-1.1285318121196701,-0.33192112121166767,9.631292551046826
-1.2568544990790522,1.2568544990790522,3.3354475983267946
-1.2570090602573059,1.4048924791111064,3.3278644247114926
-1.2571664160301885,1.552970278625527,3.320144141011397
-1.257333735152342,1.7010985828531684,3.311935029468742
-1.2575022800932363,1.8492680589606416,3.3036657760687405
-1.2576031494748092,1.9973697079894028,3.2987168617192353
-1.2561777319284875,2.142891425054479,3.368651555865476
-1.2567775332839184,2.2917707959883216,3.339223740521966
-1.2587294212137132,2.443415935297208,3.24345903934357
-1.2591333166198295,2.5923332989231787,3.2236428796739247
-1.259616287949079,2.74151780318329,3.199947049438336
-1.260224178823554,2.8911025278893296,3.1701223412393986
-1.260944711743546,3.0411019518520814,3.1347711211621956
-1.2617523366006655,3.19149120434286,3.095146944012619
-1.262684151134585,3.3423992235915487,3.0494296981439675
-1.2636605028373302,3.493649625491442,3.0015273428749154
-0.9949768407486903,-1.1276404195151823,9.675026591868722
-0.9951540916578898,-0.9951540916578898,9.665170682226993
-0.9953314057313388,-0.862620551633827,9.65531126038249
-0.9955087830028071,-0.7300397742020586,9.645448324457462
-0.9939960858431095,-0.5963976515058657,9.729560764775023
-0.9952185533121872,-0.4644353248790207,9.661586338186218
-0.9960954193320516,-0.3320318064440172,9.612828832237653
-1.108796366857907,1.108796366857907,3.3461734995895327
-1.1089242836259903,1.2567808547761223,3.339060779471019
-1.109055136152257,1.4048031724595254,3.3317848186248895
-1.1091939618425775,1.5528715465796086,3.3240655157116947
-1.1093366015473294,1.7009827890392384,3.316134137262324
-1.1078369748377628,1.846394958062938,3.399519804577416
-1.107980693498847,1.9943652482979246,3.3915284315352565
-1.109961299209915,2.145925178472502,3.2813982719082446
-1.110226386083884,2.29446786457336,3.2666583064612738
-1.1104876888023725,2.443072915365219,3.2521287562649377
-1.11081895205853,2.5919108881365704,3.233709100562969
-1.1111754428911897,2.740899425798268,3.213886683568532
-1.1116900213917984,2.8903940556186756,3.185273915213898
-1.1122366892057534,3.0401136171623926,3.1548768436123282
-1.112948836221121,3.190453330500547,3.1152784197351906
-1.113699773316923,3.341099319950769,3.073523101264506
-0.8628902553443383,-0.8628902553443383,9.638007397308634
-0.8630602585632556,-0.7302817572458317,9.627100196897167
-0.8630501645909543,-0.5974962677937375,9.627747813921957
-0.8619214356432893,-0.46411154226946344,9.700165694717398
-0.8635755177263248,-0.3321444298947403,9.594041793702061
-0.9609250754421059,1.1087597024331992,3.3482121986214253
-0.961011402843421,1.2567072191029351,3.3426735372175997
-0.9611222766277964,1.4047171735329331,3.335560009637007
-0.9600169044440754,1.5507965379481217,3.4064793487758678
-0.9598902331305974,1.6982673355387492,3.414606426670538
-0.9611556947439219,1.8483763360460037,3.3334159438229776
-0.9616173538822073,1.9972052734476613,3.3037964532325788
-0.9618477823773746,2.1456604376110664,3.289012440357375
-0.9620812217724638,2.294193682688183,3.2740352517936344
-0.9623076300240309,2.4427809069840785,3.2595091728736136
-0.9625529141315817,2.5914886149696432,3.243772041919037
-0.9628617721812033,2.74045273620804,3.223956083919134
-0.9632286434963121,2.889685930488936,3.2004180651416547
-0.9636934941428292,3.039341019988923,3.1705938112525374
-0.9642420862591337,3.1894161314725187,3.1353968061911957
-0.7306720468578256,-0.5978225837927664,9.59750686889096
-0.729725463605174,-0.46437074956692886,9.669280617973847
-0.7300633624936539,-0.3318469829516609,9.643659765323846
-0.8130716502847242,1.1087340685700784,3.349637551189872
-0.8122528423046053,1.2552998471980263,3.41172286523647
-0.8119667670455779,1.4024880521696346,3.433414241882673
-0.8125234503594795,1.5511811325044609,3.391204274213493
-0.8134072965738229,1.7007607110179934,3.3241874996842142
-0.8135117850677338,1.8488904206084857,3.316264761855294
-0.8136208282500555,1.9970693057046818,3.3079966692335034
-0.8137708063002957,2.145395762064416,3.2966247302986815
-0.813968495086789,2.2939112134264055,3.281635171463229
-0.8141629894664068,2.4424889683992204,3.2668878254040052
-0.8143546100290301,2.591128304637823,3.2523583837069197
-0.814596435515884,2.740006192189792,3.2340222027458836
-0.8148578594756644,2.8890415017773554,3.2141999867485396
-0.8152331341172233,3.038596227164196,3.1857451541863
-0.5972536714638462,-0.3318075952576923,9.650230138720005
-0.6649447502358042,0.9604757503406061,3.3770403523656327
-0.6642106846555086,1.107017807759181,3.4450690022906514
-0.6644659639149074,1.2551023762837141,3.4214113021655947
-0.6653143738913311,1.4045525671039212,3.3427859220520375
-0.6653911323835798,1.5525793088950197,3.3356724205637036
-0.66547275264647,1.7006525900965346,3.3281083602944435
-0.6655560579651153,1.8487668276808757,3.320388139497922
-0.6656444521578461,1.996933356473538,3.3121963133803405
-0.6657336810785832,2.1451418612532125,3.3039271298428474
-0.6658920629265201,2.2936282167469026,3.28924928146391
-0.6660537544278227,2.4421970995686832,3.27426471491669
-0.6662104974211779,2.590818601082358,3.2597387454265174
-0.6663794092716584,2.7395597936723735,3.244085041652667
-0.4650130444823464,-0.33215217463024743,9.592749872317249
-0.4648419277304878,-0.19921796902735192,9.613138781367795
-0.516660605893708,0.8118952378329697,3.4388378744511243
-0.516642247127203,0.9594784589505199,3.441025358823545
-0.5173853087197716,1.1086828043995107,3.352488058616075
-0.517408859858639,1.256564373942409,3.3496818925149228
-0.5174364183410208,1.4044702783541994,3.3463982432827564
-0.5174961123952693,1.5524883371858078,3.339285575296067
-0.5175570165412193,1.7005444829211493,3.332028722421697
-0.5176218013290456,1.848649290460877,3.3243094831742255
-0.5176882214908577,1.9967974257504508,3.316395385789839
-0.5177576123141144,2.144995822444188,3.3081273280517323
-0.5178521622320089,2.293345289884611,3.29686151301172
-0.517977963221701,2.441896112330876,3.2818720691995864
-0.33216825322924926,-0.19930095193754954,9.590067755430354
-0.33273286551184544,-0.06654657310236908,9.49588317271072
-0.3693562241912273,0.5170987138677182,3.386636418197483
-0.3691186907503843,0.6644136433506916,3.426260047894111
-0.3694382395065696,0.8127641269144531,3.372955209888282
-0.19955548998738606,-0.19955548998738606,9.51930072718492
-0.19944502657368846,-0.06648167552456281,9.550011921531876
-0.22194069448418574,0.22194069448418574,3.2957345455383233
-0.2216537903335205,0.36942298388920086,3.3755000428653403
-0.22166543754781015,0.5172193542782236,3.3722618678925045
-0.06447690213716907,-0.06447690213716907,11.222121710490818
-0.06447692605177116,0.06447692605177116,11.222101764176436
-0.07396472055157029,0.22189416165471088,3.308671668533904
0.07393754196530074,-0.3696877098265037,3.3313403553975434
0.07392613136368353,-0.2217783940910506,3.3408575301475736
0.06447695354933013,-0.06447695354933013,11.222078829445849
0.06447697746397035,0.06447697746397035,11.222058883099663
0.22051200631066742,-3.013664086245788,3.6929404500945395
0.22050311226710032,-2.866540459472304,3.695413184653219
0.22049835687155114,-2.719479734749131,3.6967352864425607
0.22051081110951004,-2.5726261296109505,3.693272741608979
0.22052475576832503,-2.4257723134515756,3.6893958278632084
0.22053969560674613,-2.2789101879363765,3.685242232877286
0.22056178940063964,-2.1320972975395165,3.679099685083287
0.220595463530743,-1.9853591717766867,3.669737555854695
0.22065629818095137,-1.8388024848412614,3.652824220452139
0.22073452288314258,-1.6922980087707598,3.6310760782273874
0.22081475117954438,-1.5457032582568107,3.60877089390938
0.2208990478015364,-1.3990273027430637,3.5853346279627516
0.22132659167196292,-0.6639797750158888,3.4664682770416704
0.2213339466604115,-0.5164458755409602,3.464423432761535
0.22153642718294692,-0.3692273786382449,3.4081295118070116
0.19915360810310445,0.06638453603436816,9.631032496460875
0.19917275198687187,0.19917275198687187,9.625710086847981
0.3676165910756713,-3.3085493196810414,3.6768295721977964
0.3675601324606847,-3.1610171391618884,3.6862475945422375
0.3675291405822276,-3.013738952774266,3.6914174380439775
0.36750752229381056,-2.8665586738917224,3.6950236462977273
0.36749959653382747,-2.719497014350323,3.6963457648908857
0.36751126213981616,-2.5725788349787133,3.6943997919354814
0.3675341950717179,-2.425725687473338,3.690574284258304
0.3675588228474701,-2.2788647016543147,3.6864660548519765
0.36758645006555696,-2.1320014103802305,3.681857479928233
0.3676425685673502,-1.9852698702636913,3.672496192834103
0.367722102667505,-1.838610513337525,3.659228883096155
0.367852449945483,-1.6921212697492218,3.637485282463608
0.3679850141723737,-1.5455370595239697,3.615371866269683
0.3681193577768327,-1.3988535595519642,3.5929616270364164
0.3682995369643466,-1.2522184256787785,3.5629054236666846
0.36849392355855465,-1.1054817706756639,3.5304792423275373
0.3682520082619954,-0.957455221481188,3.5708338218544995
0.36829519266414645,-0.8102494238611222,3.5636301087544453
0.3686296596265469,-0.6635333873277844,3.5078367222869318
0.3312460758431266,0.19874764550587595,9.74389879131585
0.5148664564506649,-3.604065195154654,3.6526144300481747
0.5147771648000191,-3.4563609636572714,3.6632537118497197
0.5146886708314558,-3.308712883916501,3.6737979482085947
0.5146023234316343,-3.161128558222896,3.684086416535564
0.5145535795404369,-3.0138138230225593,3.6898943503211044
0.514513800507649,-2.866576888542616,3.6946341029918486
0.5145027043026609,-2.7195142941712076,3.6959562383868416
0.5145063084170709,-2.572531542085354,3.6955268008238136
0.5145384133356741,-2.425681091439606,3.6917014344680084
0.5145720813005159,-2.2788192171879986,3.687689827973486
0.5146069428712922,-2.1319430490382105,3.6835360009039775
0.514676445832864,-1.985180576783904,3.6752545816575264
0.5147572029357418,-1.8384185819133636,3.665632208582551
0.5149396510209057,-1.6919445676401186,3.6438931481197656
0.5151236321758921,-1.5453708965276765,3.621971419269201
0.5149953746458796,-1.3978445883245305,3.637253564857332
0.5148164815245457,-1.2502685979881825,3.6585690441486847
0.5149808901900852,-1.103530478978754,3.638979417227908
0.5154679431155812,-0.9572976086432223,3.580946070446373
0.46327758953967196,0.19854753837414513,9.79953285880557
0.46314380206111194,0.3308170014722228,9.815473909011551
0.6620049901799908,-3.6042493909799505,3.6494791004403737
0.6618901748951656,-3.456537580008087,3.6601194696758768
0.6617752928649921,-3.308876464324961,3.670766024456711
0.6616642637921182,-3.161284815895676,3.681055511026834
0.6615853237297195,-3.013888696990944,3.6883711869202855
0.66152954220054,-2.8666280162023403,3.6935406734385126
0.6615076802136536,-2.7195315742116866,3.695566706932645
0.6614959502393425,-2.5724842509307764,3.6966537682762777
0.6615372264730197,-2.425636497067739,3.6928285426746186
0.6615794713172863,-2.2787737345373196,3.688913552244749
0.6616242915431906,-2.131900494972503,3.684759891401022
0.6616970971120801,-1.9850912913362404,3.67801272235846
0.6611810796091794,-1.8366141100254982,3.725834027432981
0.6610335628277455,-1.6893079938931275,3.7395049687652104
0.6611961634419007,-1.5427910480311016,3.724436151271412
0.6615994007950975,-1.3967098461229834,3.687066611718457
0.6625053794862515,-1.2513990501406973,3.603106119802696
0.6630801804125627,-1.105133634020938,3.5498371312514863
0.5943917501293156,0.33021763896073086,9.915455276372334
0.8094437734916315,-3.7528756770975646,3.6247177598473286
0.8091684675484994,-3.604477719079679,3.6455925636514834
0.8090182203937453,-3.4567142144096388,3.6569849071728058
0.8088764593332665,-3.3090400609088175,3.6677338008977145
0.8087407437139963,-3.161441089063804,3.678024304957276
0.8086243736945534,-3.0139635746796993,3.6868479478358793
0.8085561928887518,-2.866699229332847,3.692017690734005
0.8085145243024167,-2.719548854471765,3.6951771705281757
0.8084970877183604,-2.5724907336493286,3.6964992824559033
0.8085306347799112,-2.4255919043397336,3.693955609333152
0.807549232930314,-2.2758205655308847,3.7683694444661455
0.807412150879931,-2.128632034138,3.7787635568280464
0.8074871114387924,-1.9820138189861267,3.773079745786859
0.8078192613672901,-1.8359528667438412,3.747894802403259
0.809021913706203,-1.69159127411297,3.656704865368887
0.8093087013984152,-1.5450438844878833,3.634959469173438
0.8096013393468121,-1.398402313417221,3.612770483026111
0.8098969203151261,-1.2516588768506494,3.5903583452727617
0.7262114728909554,0.3300961240413434,9.935725526116272
0.7254270644753061,0.4616354046661039,9.995202526840309
0.7262356206485578,0.5941927805306382,9.933894546020007
0.7257732246482893,0.7257732246482893,9.968955270374927
0.7253114170906921,0.8571862201980908,10.003971376639967
0.9571408000625747,-3.902189415639728,3.5910067188638095
0.9567300063242447,-3.7533254094258828,3.617362747062998
0.9563519340690301,-3.604711136106344,3.641619404577483
0.9561613036008727,-3.456890866864694,3.6538500242914154
0.9559954829406758,-3.3092151332561857,3.6644888768063595
0.9558317653473996,-3.1615973776875523,3.674992799097474
0.9556707299794708,-3.0140384560891,3.685324633062251
0.9545498858616046,-2.863649657584814,3.7572366327374738
0.9541625651632986,-2.715693454695542,3.7820866591477653
0.9539615390706072,-2.568357989805481,3.7949842495280066
0.954200386070711,-2.422200980025651,3.779660115582786
0.9548601028792101,-2.2769740914811933,3.737333484999361
0.9556413825973893,-2.1318153919480225,3.6872075255154186
0.95570612656422,-1.9849281090179955,3.6830536311000515
0.955844628989681,-1.8381627480570788,3.6741674834047515
0.9560169945536339,-1.6914146826718137,3.6631087177999575
0.9563558546779147,-1.5448825344797084,3.6413678630648434
0.9566987113396912,-1.398251962727241,3.619370595329471
0.9570479591769243,-1.2515242543082856,3.5969632775255533
0.8584765530692321,0.3301832896420123,9.921185184045143
0.856417479901,0.46114787379284616,10.053292822069835
0.8563704372437884,0.5928718411687766,10.056311021921353
0.856843524787726,0.7250214440511527,10.025958298680273
0.8563189824708941,0.8563189824708941,10.059612297765767
0.8557950819895882,0.9874558638341402,10.093225117462097
1.1033947182361228,-3.898661337767634,3.6465282959237015
1.1026773205528815,-3.7491028898797967,3.6864186794209886
1.1021403717816969,-3.600325214486877,3.71627533062199
1.1017289096463119,-3.452083916891777,3.7391543874666766
1.1013736315316824,-3.3041208945950475,3.7589093721450837
1.1012325926089117,-3.1568667654788802,3.766751740260837
1.1012060479358086,-3.00996319769121,3.768227737764917
1.101517013650016,-2.8639442354900417,3.7509367123211277
1.1025384426427371,-2.719594825185418,3.694140885980019
1.1025100393908245,-2.5725234252452576,3.695720228425401
1.1025012380919452,-2.4255027238022793,3.6962096183353097
1.1025700328536767,-2.278644734564265,3.692384334964345
1.102641125685781,-2.1317728429925102,3.688431269038986
1.102715827273379,-1.9848884890920824,3.684277540853415
1.1028480440564532,-1.838080073427422,3.6769257214862634
1.1030164265804565,-1.6912918540900332,3.6675629320409726
1.1033722986912868,-1.5447212181678016,3.647774918629949
1.103764456076142,-1.3981016443631131,3.62596928858877
0.9895171019242203,0.32983903397474007,9.97861145224784
0.9888875853192056,0.46148087314896263,10.013615271438454
0.9863083261587395,0.5917849956952437,10.157033126630026
0.987674717340544,0.724294792716399,10.08105592524958
0.9870706882705496,0.8554612631678097,10.114642528340802
0.9864708006088999,0.9864708006088999,10.14799885139216
0.9858763777969175,1.117326561503173,10.181051305398391
0.985282670922385,1.2480247165016876,10.214063950216357
1.250728109281778,-3.899328811290249,3.6360242243116687
1.2505136520800666,-3.7515409562402,3.6465460527035276
1.2503788802447782,-3.604033243058478,3.6531583096557085
1.2505011728638729,-3.4572679485060016,3.647158315524301
1.2502757056250844,-3.3095533384193407,3.6582203249862744
1.250057442373323,-3.1619100012972288,3.668928888097966
1.2498477083042479,-3.014338590616127,3.6792189873118133
1.249679977656461,-2.866912889917764,3.687448289372945
1.2495746093416038,-2.7196623850376085,3.6926179330968267
1.249519317515194,-2.572539771354811,3.6953306939848503
1.2494923702030798,-2.4254851892177434,3.6966527992413916
1.2495563982096363,-2.2786028437940424,3.693511418621469
1.2496350009483588,-2.1317302957354354,3.6896549637140623
1.2497196593597235,-1.984848870747796,3.6855014017483256
1.2498382362393283,-1.8379974062343065,3.6796837114656498
1.2500290526002273,-1.6912157770473664,3.670321764243937
1.250358043057493,-1.5445599355416089,3.654180636287947
1.1202985320400172,0.32949956824706383,10.035238696986106
1.1196128234078448,0.461017044932642,10.068881346880616
1.1175064101128849,0.5916210406479979,10.17222746459099
1.1163392042223204,0.7223371321438543,10.22949362296891
1.117570461747619,0.8546127060422969,10.169084924711186
1.1168973002534601,0.9854976178707001,10.202111979363707
1.1162249492131489,1.1162249492131489,10.235099271041442
1.1155784504446515,1.2468229740263752,10.266818182989347
1.3994345768277003,-3.903685924835164,3.56745606220953
1.3988276438134581,-3.7547478860255983,3.5940992791788062
1.398231663832431,-3.605965869883638,3.6202616786054946
1.3977094622325088,-3.457491827627785,3.643185345965726
1.397438374924281,-3.3097224669259284,3.65508556856237
1.3971960314335423,-3.1620752290338063,3.665723991672216
1.396957670214076,-3.014487604146164,3.6761876005685465
1.3967358519597894,-2.8669841171806203,3.6859250044302954
1.396618081531991,-2.719729948246509,3.6910949045457357
1.3965304638793221,-2.572556117672436,3.6949411545858837
1.3965003459122696,-2.425500600794994,3.6962632766521253
1.3965373592489265,-2.278560954564038,3.6946384608385685
1.3966245038055505,-2.131690032124261,3.690812978824347
1.3967176231746588,-1.9848092539850413,3.6867252137877173
1.396815207312714,-1.8379147464640975,3.6824414537978
1.397028453483567,-1.6911397068485285,3.673080348264598
1.250843657207403,0.3291693834756324,10.090317758983574
1.2500788116806454,0.4605553516718167,10.123893038032826
1.2493220530259008,0.5917841303806899,10.15711331862164
1.246278397900585,0.7215295987845491,10.290724049922346
1.247058563429643,0.8532505960308083,10.256476251607083
1.247083703821713,0.9845397661750366,10.255372635713897
1.2463640815420896,1.115167862432396,10.286962699332157
1.2456452892910683,1.2456452892910683,10.31851632625704
1.244926080347539,1.375970930910438,10.35008824519874
1.5455991550127024,-3.6063980283629724,3.6129055983396086
1.5449707088110722,-3.4577915863866853,3.6378658127527217
1.5446160859357143,-3.309891612719388,3.6519504917304317
1.5443482052278383,-3.162236801180812,3.6625900021425792
1.5440821775757863,-3.0146366324098683,3.6731559140978405
1.5438231301204173,-2.867100098795061,3.6834445911753733
1.5436688597583728,-2.719797514812371,3.6895718003210902
1.5435434785187991,-2.5725724641979983,3.694551610231663
1.5435101898160628,-2.4255160125680986,3.695873749112728
1.5435129162695962,-2.278519066874166,3.6957654616179454
1.543609230396074,-2.1316508419755307,3.6919401202575273
1.5437097190695621,-1.9847696388037228,3.687948976974532
1.3811311893025378,0.3288407593577471,10.145136483918698
1.380298910526348,0.46009963684211597,10.178192386955892
1.3794676342194379,0.5912004146654734,10.211208474575152
1.3776787221324727,0.7216412354027237,10.282259312564193
1.3753604111390003,0.8514135878479526,10.374336469404717
1.3770534768953089,0.983609626353792,10.307092393168233
1.3762596065722066,1.114114919606072,10.338622814434899
1.3754638444221592,1.244467287810525,10.370228374044451
1.3746695639674087,1.3746695639674087,10.401775084651163
1.6918088409703433,-3.3100607758115412,3.6488150942713418
1.6915154178215683,-3.1623983898403236,3.6594556923224673
1.69122123254675,-3.0147856754094238,3.6701239278552578
1.6909374858528359,-2.8672418238374173,3.6804136222126473
1.690726944565276,-2.719865084735444,3.6880486204172698
1.690584390202983,-2.5726284198741043,3.6932181637063053
1.6905219019500706,-2.425531424537058,3.6954842166231643
1.6904854440045152,-2.278480381049564,3.6968063152580086
1.511175123817804,0.32851633126474,10.199255257994771
1.5102653775912618,0.4596459844842971,10.232245988158986
1.509387427582876,0.5906298629672123,10.26408367099765
1.5085165829626113,0.7214644527212489,10.295663686439212
1.5050778434335752,0.8506961723754991,10.420364976312797
1.5049234027659946,0.9814717844126052,10.425965560565729
1.5059054297920917,1.11306053506372,10.390353663877711
1.505036144228262,1.2432907278407381,10.421877142222819
1.5041701190878234,1.3733727174280128,10.453282385674314
1.6409816080142234,0.3281963216028447,10.252636980994623
1.640034641943227,0.4592096997441036,10.284230202394738
1.6390887681788677,0.5900719565443924,10.315786981638723
1.638142577401622,0.7207827340567137,10.347354337247168
1.6371962136536697,0.8513420310999082,10.378927463602842
1.6330723414840527,0.9798434048904316,10.516510435655285
1.6353067631482097,1.1120085989407826,10.44196438749259
1.6343776346574368,1.242127002339652,10.472962501381993
1.6334536415858167,1.3721010589320861,10.503789284492768
1.7695649253065242,0.4587760917461359,10.335895477349567
1.7685419501727095,0.5895139833909032,10.367496476464773
1.7675206306440663,0.7201009976698047,10.399046331836772
1.7665004900431245,0.8505372729837266,10.430559768637075
1.7627311546787172,0.9792950859326207,10.546999317926392
1.761673761887438,1.109201998225424,10.579663522125607
1.7634940349646635,1.2409772838640225,10.523432978487328
1.7625005142844876,1.3708337333323792,10.554124092178533
1.8977490769513603,0.5889566100883532,10.419150380822273
1.8966552091994202,0.7194209414204698,10.450610931638522
1.895582498571044,0.8497438786697784,10.481462985897643
1.8945110006028252,0.9799194830704269,10.512280163037076
1.8898663553675283,1.1078526910775166,10.64586404206571
1.891464322524283,1.2392352457917717,10.599905171033434
1.891397575096515,1.3696327267940283,10.601824882844511
2.025581622595611,0.7187547693081201,10.501122780336317
2.0244370539091947,0.8489574742199848,10.531917741948654
2.0233131101190818,0.9790224726382654,10.562157784579313
2.020775537046844,1.1081672299934304,10.630431944335264
2.017450045053284,1.2365016405165288,10.719905297484942
2.0200689766362756,1.3684338228826383,10.649442162750702
2.15196270065247,0.9781648639329409,10.60984450136857
2.1508123422581753,1.1079942369208782,10.638919434649651
2.146452572703936,1.2358363297386297,10.749111188401422
2.147455117043257,1.3665623472093453,10.723772207157268
0.0,0.0,65.0
