-3.786538857538705,-2.3250677195413103,9.592690364703529
-3.791979979153532,-2.1953568300362556,9.513072032126324
-3.790801164449758,-2.0616637911919735,9.530321281045197
-3.789621149753842,-1.9280528656642355,9.547588089096202
-3.6593805117024685,-2.461765071508933,9.50621053985406
-3.6517582054075297,-2.3238461307138825,9.621801323425046
-3.653081467690794,-2.1918488806144762,9.601734309810801
-3.6560845571748732,-2.0607022049531105,9.55619304537369
-3.6551385834473016,-1.9272548894540318,9.570538551861688
-3.654193098901264,-1.7938766121878933,9.584876640007444
-3.653444269741243,-1.6606564862460196,9.596232487702132
-3.6527302028877946,-1.5275053575712596,9.607061171819296
-3.524561795859431,-2.4605431405056404,9.533755646662321
-3.5235011654844093,-2.326840392301025,9.550446851684924
-3.516408419720155,-2.1894618462408513,9.662065825186374
-3.5216781094874094,-2.0598494602662205,9.57913639530939
-3.5208673502136847,-1.9265123237018273,9.591895363542257
-3.520179141701976,-1.7932988080368557,9.602725742944685
-3.5194912021798928,-1.6601373595188174,9.613551889240945
-3.5188035312958044,-1.5270279475434623,9.624373807964666
-3.5182864267007687,-1.3940380181267198,9.632511514574936
-3.51784528827604,-1.2611143486272596,9.639453736921112
-3.390012749465441,-2.459421014318065,9.559050925696752
-3.389135663768408,-2.3258774163116525,9.573394961267319
-3.383781276943329,-2.189505532139801,9.660961678336491
-3.3826781750568395,-2.0561377142502355,9.679002028043811
-3.386945247007667,-1.9259100424161244,9.609217476714463
-3.3862834222004476,-1.7927382823414135,9.620041092477834
-3.385718451012286,-1.6596659073589637,9.629280744711082
-3.385259183527021,-1.5266855141396372,9.636791697366363
-3.384852696059694,-1.3937628748481092,9.643439475012329
-3.3844463061992043,-1.2608721532898997,9.650085656376476
-3.3840400139104014,-1.1280133379701338,9.656730242033667
-3.256565753210205,-2.5919604974530204,9.56765233751156
-3.2557233244557224,-2.4584033266298313,9.581991923178855
-3.2550147634892035,-2.325010545349431,9.594052848955478
-3.254378544548927,-2.1917243259207058,9.604882389078263
-3.248097920178119,-2.0549190923575855,9.711789413239202
-3.2529015302601443,-1.9251866199498813,9.630023711490551
-3.252660327226524,-1.7922822211248195,9.634129401788279
-3.2522697428844602,-1.6593212973900309,9.640777818765415
-3.2518792523350446,-1.5263923021164494,9.647424639230437
-3.2514888555674113,-1.3934952238146048,9.6540698633683
-3.2511553271420492,-1.2606520656265088,9.659747090555179
-3.2508857807663216,-1.1278583321026014,9.664335233262193
-3.250616279081921,-0.9950866160454861,9.668922615245982
-3.122401436638833,-2.5909288516790316,9.589715384870686
-3.121791090144561,-2.4575802199010375,9.600546622828944
-3.1211809822166914,-2.3242837101613656,9.61137362717647
-3.1205711127153783,-2.1910392919065425,9.622196400394962
-3.118272394726756,-2.056732856096371,9.662989559309402
-3.1143185852855533,-1.9216008292187456,9.733154049973628
-3.1192994512004377,-1.7919379826045068,9.644763366208565
-3.11892495301287,-1.659002634581314,9.65140922888255
-3.1185586460356407,-1.5261031672089307,9.657909729947733
-3.1183000843852726,-1.3932830164274623,9.662498177310503
-3.1180415656063665,-1.2604848882238502,9.66708586387427
-3.117783089692627,-1.127708777122865,9.671672789750744
-3.1175215332384774,-0.9949536808207906,9.676314383044058
-3.1172634345446046,-0.8622218010442523,9.680894614758813
-2.988598641589254,-2.5901188227106866,9.607038877043536
-2.9880146325914207,-2.4568120312418347,9.617863344157406
-2.9874862434182172,-2.323600411547502,9.627656911122791
-2.9870655837038864,-2.19051476138285,9.635453738330575
-2.986706900956683,-2.0575091984368257,9.642101837273955
-2.982246548841285,-1.9218922203643836,9.724773397076163
-2.9817000044392414,-1.789020002663545,9.734903466866413
-2.9857055844439886,-1.6587253246911047,9.660660999380099
-2.985458050029642,-1.5259007811262617,9.665248990554176
-2.9852105566783615,-1.3930982597832355,9.669836220634153
-2.984960002065,-1.2603164453163334,9.674480190474732
-2.9847128699090035,-1.127558195298957,9.679060725886487
-2.9844657786709745,-0.9948219262236582,9.68364050289351
-2.9842187283407506,-0.8621076326317724,9.688219521684147
-2.8548794847031065,-2.5893093000795617,9.624351540555686
-2.854459655519942,-2.4561629594008805,9.632494901206975
-2.8541015997758468,-2.3231059533059217,9.639440052173995
-2.853758907909913,-2.190094045605282,9.646087192412153
-2.8534162983280966,-2.0571140755388604,9.652732736598232
-2.853102280065619,-1.9241852586489057,9.658823699458829
-2.848001059452789,-1.7882797350052397,9.757771273562646
-2.8497164760253355,-1.6568119046658927,9.72449760803952
-2.8523927520538805,-1.5256984487730059,9.672586302735311
-2.8521535165895466,-1.3929121825204762,9.677226715419273
-2.851917391529618,-1.2601495450944824,9.681806796078064
-2.851681305566243,-1.1274088882471194,9.686386118387148
-2.8514414318962427,-0.9946888715917126,9.691038910246071
-2.851196820213899,-0.8619897363437369,9.695783604585401
-2.850952250496116,-0.7293133664059831,9.700527484944743
-2.721483545816753,-2.5887282508988627,9.636778010876185
-2.7211567616843575,-2.4556780532273472,9.643425790353717
-2.7208300560202288,-2.3226598039197075,9.650071973548933
-2.720503428796107,-2.189673491470037,9.656716561036724
-2.720264609066039,-2.056785436123103,9.661574878020282
-2.7200390852119027,-1.9239300846620775,9.666162716598109
-2.7198135987617507,-1.791096760160177,9.670749794265546
-2.7149415626303446,-1.655452172335576,9.769861772471934
-2.719360216285049,-1.5254947554769787,9.679972967685856
-2.7191350961554113,-1.3927277321771618,9.684552593284003
-2.718910013343819,-1.2599826891105503,9.689131459720024
-2.718676399613724,-1.1272560681325199,9.693883870888854
-2.7184431892113246,-0.9945523862968261,9.698628077150211
-2.718210018815471,-0.8618714693805152,9.703371469557183
-2.7179913327003535,-0.7292171868220461,9.707820207803572
-2.5882310652045413,-2.5882310652045413,9.647410954660444
-2.587920341142773,-2.4552064774944258,9.654056181019392
-2.5876546819287354,-2.3222542017309165,9.65973763871397
-2.587440145006529,-2.1893724303901396,9.66432578165437
-2.587225643654969,-2.05651269111036,9.66891316387158
-2.587008440402458,-1.9236729428633663,9.673558329651868
-2.586794252063248,-1.79085755912071,9.678139017704794
-2.583964193857007,-1.6563873037544916,9.7386633854749
-2.5819407868201734,-1.5226830281247177,9.781936499566996
-2.5861468743856175,-1.3925406246691787,9.691984006673806
-2.5859250248599897,-1.2598096274958923,9.696728538870744
-2.5857032133932902,-1.1271014007098956,9.701472257129453
-2.585481440134532,-0.9944159385132816,9.706215158263092
-2.585299277589246,-0.8617664258630819,9.71011093427947
-2.5851206545458103,-0.7291365948718953,9.713931013580051
-2.5849420561834537,-0.5965250898884893,9.71775056504461
-2.44720334163619,2.070710519846007,12.663466874714778
-2.4463547689503033,2.1954465875195033,12.681614672949813
-2.4455665000957154,2.32015283342414,12.698472797617214
-2.4447829384139728,2.4447829384139728,12.715230253450372
-2.444095692927052,2.569433933589978,12.72992786585531
-2.4434769147323396,2.694089931627964,12.743161218774446
-2.44285844977376,2.818682826662031,12.75638787274341
-2.438831091978322,2.9391041364866957,12.842518003853563
-2.4548324006507456,-2.4548324006507456,9.662488724743959
-2.454628885856991,-2.3219462433782345,9.667076411541274
-2.454425404804715,-2.1890821177988,9.67166333772883
-2.454219497990079,-2.0562379577754717,9.67630494612277
-2.4540163138874362,-1.9234181919658284,9.68088517838953
-2.453813163440575,-1.790620416564744,9.68546465197835
-2.453608243591266,-1.6578434078319364,9.690084011926778
-2.4498539914558135,-1.5228822109049651,9.7747134024386
-2.449820219223249,-1.3904385028023847,9.775474705450499
-2.45297689084284,-1.2596367817841612,9.70431614028935
-2.452787689013915,-1.12695650576315,9.708581180272802
-2.4526182167493897,-0.9943046824659688,9.712401470955996
-2.4524487679021902,-0.8616711887223911,9.716221233759356
-2.452278133874606,-0.7290556614221801,9.72006771322691
-2.4521389963005253,-0.5964662423433711,9.723204190923902
-2.324267503714387,1.8217231785869519,12.605718761325313
-2.3233156318105066,1.946561745570965,12.627176121184021
-2.3224234832740396,2.0713506742714407,12.647287180367883
-2.3215320195705664,2.1960438022964817,12.667382801856888
-2.3207548667910016,2.3207548667910016,12.6849015948671
-2.3200071159294033,2.4454129059796417,12.701757601706426
-2.3192789421123505,2.5700118007190915,12.718172297390268
-2.318642998905703,2.6946391608904117,12.732507905132351
-2.314774251248174,2.815265981247779,12.81971828538596
-2.3133125746950203,2.938532189477458,12.852667802721434
-2.321830829635427,-2.4545068770431655,9.66982676798473
-2.3216359531912896,-2.3216359531912896,9.674470752927697
-2.3214437392823393,-2.1887898113233484,9.679051288574001
-2.321251557199778,-2.0559656649483746,9.683631065784503
-2.3210594069343955,-1.9231635086027847,9.688210084778696
-2.3208613832052727,-1.7903787813297816,9.692929070803245
-2.320662294348409,-1.657615924534578,9.697673439255162
-2.3204632397266423,-1.5248758432489364,9.702416991870798
-2.316308166212903,-1.3897848997277418,9.801434084060531
-2.3200136858115865,-1.259436000869147,9.713130044553061
-2.3199481488144373,-1.1268319579955837,9.714691817856732
-2.319787872635587,-0.9941948025581089,9.718511264401904
-2.3196436415275974,-0.8615819239959648,9.72194835038107
-2.3195120338583224,-0.7289894963554727,9.72508461468022
-2.319380441122027,-0.5964121134313783,9.728220523120392
-2.201380626175222,1.572414732982301,12.540204117712278
-2.2003104219221177,1.6973823254827762,12.565707520441741
-2.1993799503123275,1.8223433874016428,12.58788103743533
-2.1984502653292255,1.9471988064344568,12.610035808794933
-2.1975664503579506,2.071991224623211,12.63109747911195
-2.196722652413524,2.196722652413524,12.651205527399554
-2.1958784444178012,2.321357212670247,12.671323347376351
-2.195170745360926,2.4460474019736034,12.688188103806162
-2.194463502207253,2.5706572454427823,12.705041995877203
-2.1905616753503767,2.6912614868590343,12.79802411720867
-2.1892746099457066,2.8147816413587656,12.828695409402904
-2.1926474847065234,2.944412336605903,12.748318431707595
-2.188681162267657,-2.321328505435394,9.681797358025882
-2.188499980006345,-2.188499980006345,9.686376680596553
-2.18831590402536,-2.055690697720793,9.691029140988313
-2.188128178813126,-1.9229005207751713,9.695773834509879
-2.1879404858480895,-1.7901331247848005,9.700517712994035
-2.1877528250800955,-1.6573885038485572,9.705260777708439
-2.1875913450901154,-1.5246848768809895,9.709342131796163
-2.1854387921075764,-1.3907337767957304,9.763747206476992
-2.183558239235827,-1.2572001983479004,9.811277567057509
-2.1871422662603117,-1.1267096523159181,9.72069245277374
-2.1870181733909413,-0.9940991697231552,9.723828859580081
-2.1868940946021973,-0.8615037342372293,9.726964910503185
-2.186770029880505,-0.7289233432935016,9.73010060588615
-2.1867258280928508,-0.5963797712980502,9.7312177916548
-2.077427491101466,1.4479040089495065,12.493697616653996
-2.076406790383552,1.5730354472602668,12.51949549444624
-2.0753891651359124,1.6980456805657465,12.54521564073022
-2.074407331581453,1.8229640186624887,12.570031163640841
-2.0735301744230346,1.9478616790034569,12.592201024776735
-2.0726537586140616,2.0726537586140616,12.614352148547162
-2.0718360981605306,2.197401922291472,12.63501824986907
-2.0710406363417557,2.3220758649892415,12.655123287936533
-2.070269576954982,2.4466822273104336,12.674611562492863
-2.0662273751930496,2.5671309813004553,12.776776893853722
-2.0653231018438496,2.691178587251077,12.799632107868966
-2.068313316938724,2.8204272503709875,12.724055396462553
-2.067774761100044,2.945012538536426,12.737667219660807
-2.0555849580159613,-2.188203342404088,9.693874099259347
-2.055408628269206,-2.055408628269206,9.698618303645581
-2.0552323287712735,-1.9226366946569975,9.703361694178227
-2.0550669100100754,-1.7898969861378078,9.707812335246345
-2.0549249157820495,-1.6571975127274594,9.711632732268491
-2.054782941168875,-1.5245163757059395,9.715452601547227
-2.0546409861723762,-1.3918535712780613,9.719271943033448
-2.051114550592575,-1.2571347245567397,9.81415174325614
-2.0522846801275776,-1.1254464374893167,9.782669059394955
-2.0542851775784894,-0.9940089568928174,9.728845079290032
-2.0541966231016864,-0.8614372935587716,9.731227663879423
-2.054197539469771,-0.7289088043279832,9.731203008723007
-2.0541984558386726,-0.5963801968563889,9.731178353544607
-1.9532667690386993,1.3231807145100867,12.446775466553888
-1.9523002335048254,1.4484808184068059,12.472780393139637
-1.951334654069077,1.5736569790879653,12.498759595620378
-1.9503775422379181,1.6987159238846385,12.524510974676126
-1.949421773911715,1.8236526272077334,12.550226206330649
-1.9485250030411765,1.9485250030411765,12.57435409385809
-1.9477011427677895,2.0733592810108727,12.596520300040368
-1.9468779785479633,2.1980880402960876,12.618667778694146
-1.9461245709894197,2.3227938427938235,12.638938433587242
-1.9418381028384815,2.442957613248412,12.754267136641253
-1.941630232148197,2.5679625650992284,12.759859959512966
-1.9440498327072753,2.696585251819769,12.694759885381728
-1.943423574422716,2.821098737065233,12.711609551165267
-1.9428511178592074,2.945612985141379,12.727011665609936
-2.312306166167016,3.6549355529736705,2.7867134859142553
-1.9225378210118431,-2.0551266362540392,9.706205382852893
-1.92240230062153,-1.92240230062153,9.710103062548193
-1.9222694783117564,-1.7896991694626698,9.713923143192083
-1.9221366743545898,-1.6570143744436119,9.717742695999661
-1.9220123913809202,-1.5243546552331437,9.721317178199897
-1.921903342536631,-1.3917231101127328,9.724453514106251
-1.8038635642902976,-1.1818416455695053,13.119376195820372
-1.8058931469339041,-1.0586270171681507,13.061003702635801
-1.8062246984754948,-0.9342541543838766,13.051468003184091
-1.9216691799510752,-0.8614379082539302,9.731188225783306
-1.9216700371998612,-0.7289093244551197,9.731163570591725
-1.9217396051432494,-0.5964019464237671,9.729162738393981
-1.8291561026521597,1.1984126189790012,12.39194165266477
-1.828051297541701,1.323761284426749,12.423716771053613
-1.8270732409131223,1.4490580876207522,12.451846497165384
-1.82616923695308,1.5742838249595517,12.477846406635749
-1.8252671925606947,1.6993866965220261,12.503789957302466
-1.8243723806290142,1.8243723806290142,12.529525496354317
-1.8234784458731284,1.9492355800712753,12.555235807097155
-1.8226634311661867,2.074065283740833,12.578676311269852
-1.8218928501543032,2.19883619846209,12.600838865234351
-1.817823357085847,2.319291869385391,12.717880887224162
-1.8178776713302922,2.444732040754531,12.716318764157286
-1.819733031227427,2.5727260096663622,12.662957062779128
-1.8190991939329768,2.697285011693724,12.681186753137865
-1.818513035461305,2.8218305722675425,12.698045160702854
-1.8179288359288672,2.9462984582295433,12.714847227538165
-2.1622365215504975,3.6534341226198066,2.812270411729237
-2.1641574732314215,3.805932108096638,2.7570222358267316
-1.7896250313225253,-1.922189848457527,9.716213364355504
-1.7895013965023636,-1.7895013965023636,9.720032600731237
-1.7893989361504257,-1.6568508668059496,9.723197730932263
-1.789297414774789,-1.5242163162896352,9.72633385496463
-1.6811899444788794,-1.3075921790391285,13.06591070316152
-1.6785935652255128,-1.181232508862398,13.146116150758687
-1.6795940963828067,-1.0575222088336191,13.115208474539351
-1.6821161672581724,-0.9345089818100958,13.037298506968853
-1.68247931802502,-0.8100826346046393,13.026080319270541
-1.6828596028127556,-0.6856094678126041,13.0143328399394
-1.7895703705405492,-0.5965234568468498,9.717901905225908
-1.7038364193326545,1.198995998789646,12.36633237700211
-1.7028068062935562,1.324405293783877,12.39813842942904
-1.70177843693102,1.4496631129412394,12.429906063109861
-1.7009040640811792,1.5749111704455363,12.45691654923101
-1.700062567594787,1.700062567594787,12.482911442794816
-1.6992242401791102,1.8250927024145998,12.508808439745536
-1.6983912986524212,1.9500048243787058,12.534539059755588
-1.6968256339113368,2.073897997002745,12.582904429022413
-1.6937370726943821,2.1955850942334583,12.67831400160928
-1.6940411128723296,2.3214637472694886,12.668921814960058
-1.69540901481764,2.4489241325143687,12.626665589237092
-1.6947579746594075,2.5735213689272487,12.646777045306948
-1.6941074340088929,2.6980229504586073,12.666873070949983
-1.693537672359822,2.8225627872663703,12.6844737308028
-1.6929920070766749,2.9470601604668043,12.701330023355716
-2.0122812938056502,3.6519179035732168,2.8380790665184676
-2.0120502503165962,3.8005393617091263,2.8452162928808846
-2.012438039786937,3.950341337359543,2.833236984387412
-2.0147990021776185,4.104220189621075,2.7603038622099803
-1.6567945034526175,-1.7893380637288268,9.725078157227586
-1.6567005085741282,-1.6567005085741282,9.72821406789803
-1.6566100312054692,-1.5240812287090317,9.731232625402136
-1.557081832179837,-1.307948739031063,13.051749087057011
-1.5573677543302165,-1.1835994932909644,13.042209989430596
-1.5548305520246826,-1.0572847753767842,13.126857577798027
-1.5580220696289757,-0.9348132417773855,13.02038034977155
-1.5583742624190249,-0.810354616457893,13.00863029332038
-1.5587266144998357,-0.6858397103799277,12.9968749225201
-1.5590999535133252,-0.5612759832647971,12.984419373718794
-1.5796348248079615,1.0741516808694138,12.299323302059314
-1.5784928889653775,1.1996545956136868,12.337421216023145
-1.5774403929364462,1.3250499300666148,12.372535187983921
-1.5764872721498508,1.4503682903778627,12.404333746511242
-1.5755390161199212,1.5755390161199212,12.435970004255978
-1.5747592314950254,1.7007399700146273,12.46198562303399
-1.5739802184163045,1.8258170533629132,12.487975501049071
-1.5714174219024504,1.9485576031590384,12.57347697797153
-1.5695582119802702,2.0718168398139567,12.635504998298522
-1.5701321850823948,2.1981850591153527,12.616355780762085
-1.5710025368801233,2.3250837545825824,12.587318608381992
-1.570338461561922,2.4497280000365986,12.609473867368415
-1.5697056219295655,2.5743172199644873,12.630587023613579
-1.56910289702878,2.6988569828895015,12.650695475032379
-1.5685006347212755,2.8233011424982957,12.670788493150667
-1.5679919267460976,2.947824822282663,12.687760298350504
-1.8595147372304446,3.6446488849716716,2.961810259689912
-1.8615541282836232,3.7975704216985915,2.893770933849332
-1.8656807722397675,3.955243237148307,2.7560954878761095
-1.524081636360363,-1.6566104743047423,9.731217842471821
-1.5240823162468748,-1.5240823162468748,9.731193187296782
-1.4329060167189223,-1.3083054935259726,13.037579745810802
-1.433213577849741,-1.1839590425715252,13.026426452749718
-1.4317496396480134,-1.0582497336528796,13.079514213689208
-1.4312693867783834,-0.9334365565945978,13.096929941691478
-1.43419196505157,-0.8106302411161047,12.990946549420698
-1.4345416851678452,-0.6860851537759259,12.97826441713763
-1.4348915758805163,-0.5614793123010716,12.96557609840442
-1.4553315728265401,0.9491292866260044,12.224346946658898
-1.4541109405105197,1.0747776516816885,12.268611545063003
-1.4530591351520892,1.2003531986038998,12.306753859647962
-1.452008850201941,1.3257472110539463,12.344841038660036
-1.4510741542526358,1.4510741542526358,12.378736537151212
-1.4501974897269985,1.5763016192684765,12.410527603677274
-1.4493559995280696,1.7014179124894728,12.441043120289208
-1.4465891564411304,1.8239602407301208,12.54137898431896
-1.4452724000108605,1.947975843492899,12.589129395164996
-1.447210617597165,2.0764326252481062,12.518842526669438
-1.4465013463319332,2.201197700939898,12.544563300487248
-1.4458145692886808,2.3258756114643995,12.569468351429897
-1.4452032040628604,2.450561954715285,12.591638693673012
-1.444592355459763,2.5751428945152295,12.613790301284034
-1.4440210515315264,2.699691531124158,12.634507874150309
-1.443466627552239,2.82417383651525,12.654613318244053
-1.7115966048749442,3.4976104534401036,2.931238301443031
-1.7128973717496263,3.6492161398144214,2.884067730445132
-1.7141842019129574,3.80101714337221,2.837402555644701
-1.7156234508936967,3.9533931694506927,2.7852101162837144
-1.3087298217599148,-1.3087298217599148,13.020726555079023
-1.309025659813048,-1.1843565493546626,13.008976653148494
-1.3093216316446594,-1.059927035140915,12.997221437892051
-1.307249142027227,-0.933749387162305,13.079535222406733
-1.308442302592791,-0.8099880920812514,13.032146052946423
-1.3102734766680317,-0.6863337258737309,12.9594166810015
-1.3106001494842277,-0.5616857783503834,12.94644210415779
-1.3109826143136805,-0.4369942047712268,12.931251616692279
-1.3296882004638964,0.9497772860456403,12.188315403821306
-1.3285615361408574,1.0755021959235513,12.233063519096262
-1.327479206840276,1.2010526157126307,12.276050765002154
-1.3265191336664166,1.3265191336664166,12.314182322181821
-1.3255604479484129,1.451804300133976,12.35225877329902
-1.324737692752373,1.577068681848063,12.384936425020648
-1.3216404501449999,1.6992520073292856,12.507950677265178
-1.3208636617526852,1.8240498186108511,12.53880264959868
-1.3225425709084564,1.9523247475315308,12.47212083594546
-1.3218884523487129,2.077253282262263,12.498100688254915
-1.3212399336167182,2.2020665560278636,12.523858130275428
-1.3205924620183358,2.3267581473656396,12.549573982929324
-1.3199827185496014,2.4513964773064028,12.57379137445325
-1.3194246074132874,2.5760194716164184,12.595958066832978
-1.3188669679906042,2.700537124933142,12.618106023999829
-1.3183552994293048,2.825047070205653,12.63842814061912
-1.5621924084543444,3.496335390350199,2.953865631767954
-1.563349009192382,3.6478143547822244,2.907928521579535
-1.564545529827171,3.799610572437415,2.86040589909161
-1.5657953011946921,3.9517690934913654,2.8107682988964413
-1.184486480357006,-1.3091692677630067,13.003272926698891
-1.184758763266701,-1.184758763266701,12.991320219448177
-1.185047658349784,-1.0603057995761225,12.978638269052809
-1.1852666419618898,-0.935736822601492,12.969025300647488
-1.183457596215152,-0.8097341447787882,13.048439003983212
-1.1859489830478793,-0.6866020428171933,12.939071811259915
-1.1862951206686088,-0.5619292676851305,12.9238770212025
-1.1866414603996032,-0.4371836959366959,12.908673358884862
-1.203878135788884,0.9504301072017505,12.152015751786308
-1.2028523940960012,1.0762363526122116,12.19704388147543
-1.201833367883295,1.201833367883295,12.241777214224534
-1.2008831979428267,1.327291955621019,12.283487886222161
-1.2000148052174777,1.452649501052736,12.321608692395316
-1.1969268925025998,1.5749038059244735,12.457162248577134
-1.1966250229990667,1.7004671379460423,12.470413751610103
-1.1977071380231001,1.828079315929995,12.422910938788107
-1.197063022106398,1.9531028255420178,12.451186415190534
-1.1964707288277474,2.07808073954293,12.477186975321928
-1.1958795958906074,2.2029360976932244,12.503136598644971
-1.195293325417827,2.327676475813663,12.528872768934662
-1.1947076297083874,2.4522946083487955,12.554583708195487
-1.1941716162969689,2.576896645693459,12.578113688084123
-1.1936667418038913,2.7014563103982803,12.600276728066582
-1.4118202280691206,3.3437847506900225,3.023749284711222
-1.4128936095474525,3.4950526130910666,2.9766298581074366
-1.4139427891802543,3.64648403525434,2.930572846970236
-1.4150175647128804,3.798205042124047,2.8833922240067906
-1.4160806215425652,3.950119628513471,2.8367260300457886
-1.0604312786089651,-1.1851878996217844,12.972481941171011
-1.0606899510166432,-1.0606899510166432,12.959790799714447
-1.0609529036926861,-0.9361349150229584,12.946889657153477
-1.0596771257579458,-0.8103413314619585,13.00948264255262
-1.0598772475407763,-0.6858029248793259,12.999664147115702
-1.061882273290331,-0.5621729682125282,12.90129236622085
-1.0622191573042352,-0.43738435888997923,12.884763959834984
-1.0788402404517425,0.8249954779925089,12.069290368044499
-1.077905489783547,0.9510930792207767,12.115151668301351
-1.0769723575453,1.0769723575453,12.160933564173327
-1.0760585065029582,1.202653624915071,12.205769474399297
-1.0742449650969,1.3270084862961706,12.294746535107933
-1.0722918644453596,1.4507478166025451,12.390570735571004
-1.0721997139541342,1.5767642852266677,12.395091878471135
-1.0728023539761533,1.70386256219742,12.365524790757817
-1.0721540592609078,1.8289686893274308,12.397331816526737
-1.0715065476806183,1.9539237045940687,12.429100419656777
-1.0709530471891324,2.078908856308316,12.456256594127723
-1.0704232028222078,2.2038124763986633,12.482252137568025
-1.0698952432922646,2.3285955295184584,12.508155206001163
-1.0693707859236858,2.4532623912366907,12.533886449284196
-1.0688468425108715,2.5778070907615134,12.55959247655997
-1.2617843787055514,3.1915722520199243,3.093574874964652
-1.262727846421046,3.3425148875851223,3.047285893683174
-1.26370618805311,3.4937759316762453,2.999285907303417
-1.2646455031950332,3.6451546856798016,2.9532006620874753
-1.2655818191010397,3.7967454573031194,2.9072625671904433
-0.9360136949947715,-1.1856173469933773,12.953630009854479
-0.9362674617579154,-1.0611031233256376,12.939519491048593
-0.9365407235948321,-0.9365407235948321,12.924324962651838
-0.9368141449883604,-0.8119055923232457,12.909121562224158
-0.9353667126881957,-0.6859355893046769,12.989604996850055
-0.9364215540782685,-0.5618529324469611,12.930951298125109
-0.9377209452802585,-0.437603107797454,12.858699582554763
-0.9526055310488651,0.8255914602423498,12.031052869471914
-0.9517569767998773,0.9517569767998773,12.078236119712479
-0.9509324754486914,1.0777234721751836,12.124081925826921
-0.9488382380601182,1.2018617682094832,12.240530493359344
-0.9474719182528173,1.3264606855539443,12.316503726011724
-0.9477489530764596,1.4532150613839048,12.301099403394929
-0.9477982940122943,1.5796638233538238,12.298355836056281
-0.947113107103377,1.7048035927860787,12.3364551625561
-0.9464787561525754,1.8298589285616458,12.371727792075923
-0.9459068662295532,1.9548741902077433,12.403527320957188
-0.9453352879099439,2.0797376334018765,12.435309523354235
-0.94486740541301,2.2046906126303565,12.46132579392544
-0.9443999858575802,2.3295199651153644,12.487316322966429
-0.9439349762635424,2.4542309382852103,12.51317284783319
-0.9434723082355714,2.5788243091772283,12.5388991715987
-1.1129857505772378,3.1905591516547487,3.113225823446612
-1.1137486628737714,3.3412459886213144,3.070804632530553
-1.114607365862878,3.4924364130370176,3.0230570688766676
-1.1154570321398052,3.6438263049900304,2.9758119851203233
-0.8120206329203578,-0.9369468841388744,12.901740696990274
-0.812277181074722,-0.812277181074722,12.885280878448832
-0.8122151563934551,-0.6872589784867698,12.889260306799322
-0.8113215791256793,-0.5616841701639318,12.946591140914265
-0.8131023490749656,-0.4378243418095969,12.832339099998414
-0.8261973855573169,0.8261973855573169,11.99217743589594
-0.825444887126967,0.9524364082234233,12.040456822847588
-0.8232836710216147,1.07660172364365,12.179117827878379
-0.8223991155002995,1.2019679380388995,12.235869837678486
-0.8232941239753275,1.3299366618062984,12.17844717904147
-0.8225964044743895,1.4553628694546892,12.223212016296785
-0.8219038892867079,1.5805844024744382,12.267642951123356
-0.8213093686765224,1.7057963810973926,12.305786672667764
-0.8207157074076101,1.8308273472938996,12.34387525991795
-0.8201849294509279,1.9558256009983666,12.377929330096073
-0.8196894083032332,2.0807500364620535,12.409721366155402
-0.8192115096104674,2.2055694489512585,12.440382766872204
-0.8188060897168917,2.3304481015019225,12.466394015707273
-0.9632531586075883,2.889759475822765,3.1988452053246377
-0.9637208564907017,3.039427316624521,3.168838276187529
-0.964281558730405,3.189546694262109,3.132864300291395
-0.9649029440781017,3.3400486525780444,3.0929969697594473
-0.9656261928798715,3.4911100819503047,3.046594203514857
-0.6876552024492185,-0.8126834210763492,12.85921701247549
-0.6878868307489007,-0.6878868307489007,12.84165402325577
-0.6871686201966557,-0.562228871069991,12.896111635749037
-0.6872368269674136,-0.4373325262519905,12.890939924083504
-0.7300633624936539,-0.3318469829516609,9.643659765323846
-0.6995576229442169,0.8267499180249835,11.956727622668538
-0.6976039312272994,0.9512780880372264,12.104864385792702
-0.697217700387837,1.0775182642357481,12.13414996134243
-0.6977192750362483,1.2051514750626107,12.096118554320853
-0.6971150491003658,1.3308560028279712,12.14193339479042
-0.6965183315521078,1.4563565114271346,12.187178919113876
-0.695928148559503,1.5816548830897796,12.231928967147738
-0.695359021833848,1.706790326319445,12.275082444339631
-0.6948561077322526,1.831893374930484,12.313215414088504
-0.6943539205400185,1.9568155942491432,12.351293266646195
-0.693920863335419,2.081762590006257,12.384129405521875
-0.6935016749778846,2.2065962385659965,12.415913952636842
-0.8146121030219039,2.7400588919827675,3.2328342294295638
-0.8148751253937456,2.8891027173050983,3.2128908154014013
-0.8152610556036175,3.038700298158938,3.183628034796257
-0.8156717132914203,3.188534879230098,3.15249031736807
-0.8161971672492171,3.33898841147407,3.1126482850736394
-0.5625925288796052,-0.43757196690635963,12.862410083071978
-0.563191128409068,-0.31288396022726006,12.806935587429898
-0.5726567414526477,0.6999137951087916,11.929721216735523
-0.5717137628498064,0.8258087685608314,12.017110631225776
-0.5716505512648914,0.952750918774819,12.02296868927511
-0.5717795961425055,1.0800281260469549,12.011009609542349
-0.5712598504471973,1.2059930176107496,12.0591764203904
-0.5707647934054432,1.3317845179460341,12.105055239790758
-0.5702705936640898,1.4573581838082297,12.150854609901565
-0.5697844458642969,1.582734571845269,12.195907775956051
-0.5693017284085276,1.7079051852255829,12.240643038979826
-0.568849855255634,1.8329606447125986,12.28251984311541
-0.5684384960975866,1.957954819891687,12.320642061221584
-0.6660629655222154,2.4422308735814564,3.27341108775763
-0.6662206653521026,2.590858143035954,3.258796444585961
-0.6663948213052966,2.739623154255108,3.2426567498635492
-0.6666099529777313,2.888643129570169,3.2227196793555564
-0.6668722596753248,3.037973627409813,3.1984107197985736
-0.4380864710296438,-0.312918907878317,12.80110587023583
-0.43914259879341616,-0.18820397091146407,12.675266098925185
-0.44605498135866756,0.5734992617468583,11.851641655878716
-0.4454770490215821,0.7000353627482004,11.920503469407876
-0.516642247127203,0.9594784589505199,3.441025358823545
-0.4450439782219274,1.0808210899675381,11.97210473609099
-0.4446384799410092,1.2068758741255965,12.020420681081724
-0.44423810986213325,1.3327143295863997,12.068125590367899
-0.5175594280785563,1.7005524065438276,3.3317413828427362
-0.5176246072350795,1.8486593115538554,3.3239751537628166
-0.5176917238657621,1.9968109349107965,3.3159780706958415
-0.5177615373430189,2.145012083278221,3.307659652873909
-0.51786017161417,2.29338076000561,3.295907178835442
-0.517986740924036,2.4419374929275977,3.280826188111753
-0.31338211108207564,-0.31338211108207564,12.723837624742117
-0.3133257724864823,-0.1879954634918894,12.7332356263098
-0.33273286551184544,-0.06654657310236908,9.49588317271072
-0.31913680336728745,0.44679152471420247,11.763881016872482
-0.3188959411407289,0.574012694053312,11.804059930793784
-0.3694382395065696,0.8127641269144531,3.372955209888282
-0.18821790883972275,-0.18821790883972275,12.671391056418187
-0.18833606208074832,-0.06277868736024944,12.63854192541276
-0.1922184785324147,0.1922184785324147,11.559147018159905
-0.19184913169680004,0.3197485528280001,11.66183334723759
-0.1917615132902759,0.44744353101064377,11.686193140413096
-0.06270365632801807,-0.06270365632801807,12.701122626183576
-0.06270359026474438,0.06270359026474438,12.701177727197638
-0.06408419461599715,0.19225258384799143,11.549665010136792
0.07393754196530074,-0.3696877098265037,3.3313403553975434
0.0641291499176989,-0.19238744975309668,11.51216940065106
0.06270362681676087,-0.06270362681676087,12.701147240467833
0.06270356075354938,0.06270356075354938,12.701202341430033
0.2205642156781185,-3.3084632351717778,3.678425127990593
0.2205331092570015,-3.1609745660170216,3.6870733791389583
0.2205143982600423,-3.013696776220578,3.6922754369498136
0.2205036964780243,-2.866548054214316,3.6952507615067134
0.2204989112830707,-2.7194865724912054,3.6965811481685904
0.2205092914810336,-2.5726084006120584,3.693695230865046
0.22052319989947977,-2.4257551988942776,3.689828392717814
0.22053823311508747,-2.2788950755225708,3.6856488368745346
0.22055873822205038,-2.132067802813154,3.6799479780655986
0.2205926224567359,-1.985333602110623,3.6705274352642263
0.22065029088799087,-1.8387524240665907,3.654494376528554
0.22132659167196292,-0.6639797750158888,3.4664682770416704
0.19185456624282926,-0.4476606545666016,11.660322427072224
0.191988437403953,-0.3199807290065883,11.623103377713683
0.1923568679866132,-0.1923568679866132,11.520671786576948
0.1882879621162149,0.0627626540387383,12.651914745511469
0.18818645915013285,0.18818645915013285,12.680134743552387
0.3677509848330169,-3.6039596513635654,3.6544109668186877
0.3676868098843937,-3.456256012913301,3.6651161727510413
0.3676238325513028,-3.3086144929617256,3.6756216010259735
0.36756362731764597,-3.1610471949317556,3.6856646075001436
0.3675324408896988,-3.01376601529553,3.6908669043563407
0.367508320424805,-2.866564899313479,3.694890507793687
0.3675003450061501,-2.719502553045511,3.6962209100913057
0.3675092374463825,-2.5725646621246776,3.69473753681293
0.36753231379628776,-2.4257132710554994,3.69088810517016
0.3675569370000825,-2.2788530094005113,3.686780638425084
0.3675826079975895,-2.1319791263860193,3.6824983862270244
0.3676390770241205,-1.9852510159302508,3.6730786271032088
0.3677149783444084,-1.8385748917220421,3.6604173117199963
0.367846138474354,-1.6920922369820284,3.638538116935962
0.36797937898694383,-1.5455133917451642,3.616311887598691
0.3681145614764413,-1.3988353336104768,3.5937617115632534
0.3682520082619954,-0.957455221481188,3.5708338218544995
0.31918621120586416,-0.7022096646529011,11.75563915461963
0.31908252617576655,-0.5743485471163798,11.772935149756528
0.3194961157852392,-0.4472945620993348,11.703943089211478
0.31319565074710454,0.18791739044826272,12.75494160420616
0.5152097411020936,-3.900873754058709,3.611711365559131
0.5149989413935435,-3.752135144438675,3.636828579618097
0.5148757124902101,-3.604129987431471,3.651511554108751
0.5147858590698906,-3.456419339469265,3.6622177719096243
0.5146968967128873,-3.308765764582847,3.6728178177038586
0.5146100064887115,-3.1611757541449417,3.683170964656803
0.5145572390942545,-3.0138352575520626,3.689458307039878
0.514514672109599,-2.866581744610623,3.6945302498466006
0.5145035063922545,-2.719518533787631,3.695860667780245
0.5145041850249042,-2.5725209251245214,3.6957798073196386
0.51453649081687,-2.425672028136673,3.6919305064940744
0.5145702133490304,-2.27881094483142,3.687912398192566
0.5146052930456969,-2.1319362140464584,3.6837325809795445
0.5146732983830808,-1.9851684366204547,3.675629606701378
0.4442452835866541,-1.5865902985237645,12.067270826499254
0.4445865294820256,-1.4607843111552268,12.026610683941442
0.4449306613278152,-1.3347919839834457,11.98560667452103
0.445275106541335,-1.208603860612195,11.94456532669816
0.44562008547587817,-1.0822202075842755,11.903460384929708
0.44600426583917013,-0.9557234267982218,11.857684513186676
0.4456677368192854,-0.8276686540929585,11.8977826304357
0.4459263749891444,-0.7007414464115126,11.866965366404116
0.44689602928409244,-0.5745806090795474,11.75142908479856
0.43836287617882946,0.18786980407664122,12.768171634477866
0.4378757408013493,0.312768386286678,12.826214805581024
0.6627789169180942,-4.050315603388354,3.5777563653778657
0.6624859517970315,-3.901306160582519,3.604906557671299
0.6622148635241913,-3.752550893303751,3.6300293392140546
0.6620143480900761,-3.6043003396015254,3.6486118673125603
0.6618988113437994,-3.4565826814620633,3.659319097125419
0.6617834100074078,-3.3089170500370395,3.6700137779890767
0.6616716837902942,-3.161320266998072,3.680367871568045
0.6615887933393549,-3.013904502990395,3.6880496449959637
0.6615326621355284,-2.8666415359206234,3.6932515371940013
0.661508395471841,-2.719534514717569,3.6955004212353586
0.6614940400069924,-2.5724768222494148,3.696830796775245
0.661535669077431,-2.425630786617247,3.692972872448607
0.5698194682850246,-1.9627115018706403,12.192662114991734
0.5701596619455177,-1.837181132935557,12.161135074278178
0.5705009731508895,-1.7115029194526687,12.129504466429246
0.5708426932351218,-1.5856741478753384,12.097835966220828
0.5712479028865369,-1.4598557518211497,12.060283646288788
0.5716867634909016,-1.3339357814787707,12.019612764528887
0.5721298092442232,-1.2078295972933601,11.978554029093644
0.5725727852585352,-1.0815263721550108,11.937501756637715
0.5719887908453559,-0.9533146514089265,11.991622740591687
0.57252212130267,-0.8269763974371901,11.94219697816817
0.5624084762639434,0.31244915347996854,12.879466939155058
0.5624678115605847,0.4374749645471214,12.873968111486576
0.8105155202429989,-4.199944059440995,3.543453610922704
0.8101588843712618,-4.05079442185631,3.570495176997646
0.8097948168449682,-3.9017386629803013,3.5981002410089005
0.8094634132815574,-3.7529667343054025,3.6232285919899567
0.8091782618667714,-3.604521348315618,3.6448499190503583
0.809025668677292,-3.456746038893884,3.6564201483595866
0.8088833742797377,-3.3090683493261994,3.667209481846477
0.8087468075272948,-3.161464793061243,3.6775645222461932
0.808627104090688,-3.013973751610746,3.6866409182201423
0.8085584961337727,-2.866707395383376,3.6918430494335723
0.8085150122753678,-2.719550495835328,3.69514017045654
0.6953141477971917,-2.212363197536519,12.278484974268494
0.6956966461669304,-2.0870899385007915,12.249482409584047
0.6961033376745753,-1.9617457698101668,12.218645423886194
0.6965172200415104,-1.8362726710185275,12.187263198317524
0.696933504972341,-1.7106549667502915,12.155698800691937
0.6973507489801463,-1.5848880658639688,12.124061681993005
0.697768492858874,-1.4589704850685548,12.092386661070414
0.6982840555920868,-1.333087742493984,12.0532946212034
0.6982358704088992,-1.206043776160826,12.056948215578679
0.6979635887372008,-1.078671000775674,12.07759370696003
0.6989644600254328,-0.9531333545801356,12.001703620689646
0.7004545251101484,-0.8278098933119935,11.888720893382818
0.6878031160641099,0.3126377800291409,12.848001607331334
0.6862425997927886,0.43669983623177455,12.966326226939628
0.6872386634364086,0.5622861791752434,12.890800675618593
0.6868528296686724,0.6868528296686724,12.920056143593143
0.9579916695212315,-4.2004250125161695,3.5364159660024086
0.957573701747511,-4.051273353547162,3.5632322716143534
0.9571557777408533,-3.90225047848194,3.5900457691846057
0.956744601514655,-3.7533826674805697,3.616426337341686
0.9563588542902841,-3.6047372200172245,3.641175411572
0.9561664330419128,-3.4569094117669157,3.6535209255732894
0.9559995733051013,-3.309229292209966,3.6642264439840346
0.9558353795445824,-3.161609332339773,3.67476091658812
0.9556740222054452,-3.014048839263327,3.6851134078352743
0.9545498858616046,-2.863649657584814,3.7572366327374738
0.8209319252688329,-2.3364985565343703,12.330002984087457
0.8213609645326228,-2.2113564429724457,12.302476345095897
0.8218125966285934,-2.0861396683648907,12.273500177383482
0.8222647256825322,-1.9607851150891153,12.24449212545035
0.8227516473886058,-1.8353690595591976,12.213251819139344
0.8232408810844365,-1.7098079837907527,12.181863178368623
0.8237334366824792,-1.5841027628509217,12.150261408379485
0.8242266447487474,-1.4582471407093225,12.118617776820066
0.8237388394536284,-1.330655048348169,12.149914773132956
0.8237471885493849,-1.2039381986491011,12.14937910527177
0.8255800804809259,-1.079604720628903,12.031782981167886
0.8266296619389567,-0.9538034560834115,11.964443107347854
0.8272698569167227,-0.8272698569167227,11.923368973755728
0.812439835721419,0.31247685989285345,12.87484515352152
0.8106814098945648,0.4365207591739964,12.987663622632446
0.8100796455603713,0.560824370003334,13.026272092726813
0.8110708130539002,0.6862906879686848,12.962679988047313
0.810626014146861,0.810626014146861,12.99121774664254
0.8101937450626678,0.9348389366107707,13.018951606995294
1.1056417540925785,-4.348857566097475,3.5215834792061784
1.1047739413976845,-4.198140977311201,3.5698375815148538
1.1041165183598813,-4.0484272339862315,3.6063931178798825
1.1033947182361228,-3.898661337767634,3.6465282959237015
1.1026773205528815,-3.7491028898797967,3.6864186794209886
1.1021403717816969,-3.600325214486877,3.71627533062199
1.1017289096463119,-3.452083916891777,3.7391543874666766
1.1013736315316824,-3.3041208945950475,3.7589093721450837
1.1012325926089117,-3.1568667654788802,3.766751740260837
1.1012060479358086,-3.00996319769121,3.768227737764917
0.946363453644845,-2.460544979476597,12.378139105297315
0.9468368179121547,-2.3355308175166485,12.351818024817128
0.9473106559633261,-2.210391530581094,12.325470599925211
0.9478137559852876,-2.085190263167633,12.297496084140796
0.9483349684712767,-1.9598922681739719,12.268514437788475
0.9488618984373235,-1.8344663369788254,12.239214875059403
0.9494258435445648,-1.7089665183802167,12.207857111959818
0.9499904592165151,-1.5833174320275252,12.176462062590673
0.94914536194871,-1.4553562216546887,12.223453089872692
0.9493899621700053,-1.3291459470380074,12.209852270049993
0.9517261236072931,-1.205519756569238,12.079951689351255
0.9524570143104758,-1.0794512828852059,12.039311036160363
0.9531890283065612,-0.9531890283065612,11.998607923073507
0.9539303937367475,-0.8267396745718478,11.957384830202415
0.936626183343108,0.312208727781036,12.919573034659955
0.9361121034127317,0.43685231492594145,12.948158080374505
0.9338801291169504,0.5603280774701702,13.072265409816282
0.933916988431436,0.6848724581830531,13.070215874078116
0.9345946289845855,0.8099820117866408,13.032536157276809
0.934098012517683,0.934098012517683,13.060150159633636
0.9336026407921655,1.0580829928977875,13.087694949038756
1.2520432582239225,-4.34532660207126,3.571499594835224
1.251418377641037,-4.1959322073846534,3.6021578623406256
1.2510244609082635,-4.047432079409087,3.6214844423288497
1.250728109281778,-3.899328811290249,3.6360242243116687
1.2505136520800666,-3.7515409562402,3.6465460527035276
1.2503788802447782,-3.604033243058478,3.6531583096557085
1.25049632499306,-3.457254545569049,3.647396164681851
1.2502714483271085,-3.3095420691011697,3.6584291991036153
1.2500528757987106,-3.1618984505496797,3.6691529361319155
1.0716571107747883,-2.584584796574489,12.421713402450727
1.0721383225092698,-2.4596114457565603,12.398103902513398
1.0726374582910783,-2.334563879809994,12.373615002170965
1.0731740300674688,-2.2094759442565532,12.34728939451572
1.0737111390357668,-2.084262799304724,12.320937430827563
1.0742904509301499,-1.9590002340490966,12.292514881762202
1.0748812701195434,-1.8336209902039269,12.263527754858515
1.0754866656730973,-1.708125880774919,12.23382547359747
1.0744593459683114,-1.580087273482811,12.284228451679219
1.0748590684012236,-1.4542210925428318,12.26461702893419
1.0774115983719408,-1.330920209753574,12.139383266194379
1.0780568283054937,-1.2048870434002577,12.107726606590695
1.078765285424443,-1.078765285424443,12.072967856737158
1.0795938468278774,-0.9525828060245978,12.03231647814279
1.0606408935088998,0.3119532039732058,12.962197688705302
1.060059222620559,0.4364949740202302,12.990735976152969
1.0594936452114927,0.5609084004060844,13.018484675627839
1.0567833691452437,0.6838010035645694,13.151457872312633
1.0583679708750484,0.8093402130220958,13.073713187884223
1.0578218678902582,0.9333722363737573,13.100506421426353
1.0572910426536772,1.0572910426536772,13.126550088884493
1.0567607498963612,1.1810855440018153,13.152567631524242
1.4007203279916178,-4.202160983974854,3.511014006126075
1.4000305637945394,-4.052720053089456,3.5412933561188424
1.3994161317488438,-3.9036344727730907,3.5682657664544024
1.3988054193983719,-3.754688231016683,3.5950748891707818
1.3982116425638083,-3.6059142360856105,3.6211405746144507
1.397697238180396,-3.457461589183085,3.6437219588456458
1.397428246992788,-3.3096984797197604,3.6555301656923476
1.196817127240636,-2.708586130070913,12.461980736979584
1.1972904635757255,-2.5836267898213023,12.441202162772385
1.1978268639802174,-2.4586972471172883,12.417655194616216
1.19836477190484,-2.333657713709425,12.394042049163744
1.1989331773247753,-2.208561116124586,12.369090121068744
1.199532978348253,-2.0833993834469653,12.342759985070359
1.2001333800531617,-1.9581123569288428,12.316403480287732
1.2007910561456,-1.8327863488538105,12.287532737693148
1.199537159943954,-1.7046054378150926,12.342576420889586
1.2000745503366728,-1.579045460969306,12.318985994113596
1.2028519267826834,-1.4560839113685116,12.197064395650521
1.203567398896739,-1.3302587040437641,12.165656516489342
1.204289844446929,-1.204289844446929,12.133942516607107
1.205011132254776,-1.078167855175326,12.102279339434652
1.2058379821889709,-0.9519773543597138,12.065982183602237
1.1844602225918734,0.31170005857680877,13.004425593166431
1.183830494527388,0.436148076931143,13.032069469937035
1.1832014357073515,0.5604638379666401,13.059683968135985
1.1808002356391085,0.6836211890542208,13.165092131645956
1.1798882478529236,0.8072919590572636,13.20512667893614
1.1813868152075053,0.9326738014796095,13.13934239264048
1.1807944272899107,1.0565002770488674,13.165347107243392
1.1802094117629953,1.1802094117629953,13.191028187771636
1.244638619677917,1.3756532112229607,10.362707227543012
1.547579407818681,-4.053184163334641,3.5342552150591118
1.5469059710871322,-3.9040960222675243,3.5610023338570542
1.5462308137076253,-3.75513197614709,3.5878177922230634
1.545563093651769,-3.6063138851874608,3.614337859842017
1.544930749304486,-3.457702153205278,3.6394528982496936
1.321879391400291,-2.8325986958577665,12.498460565066658
1.3223649882152793,-2.7076997377741434,12.479173948982435
1.322887807072077,-2.5827809566645312,12.458408972233372
1.3234220072833007,-2.457783727811844,12.437191958307466
1.3240160952872417,-2.3327902631251405,12.413596360275108
1.324610716946812,-2.2076845282446866,12.38997956685818
1.3252506163475066,-2.082536682831796,12.36456446178996
1.325913668408856,-1.9573011295559302,12.33822979451788
1.324419765505382,-1.8289606285550513,12.397563651077675
1.3251066504991966,-1.7037085506418241,12.370282403011757
1.32804569004061,-1.5810067738578688,12.253551556469944
1.3288138226990178,-1.4553675200989244,12.22304336690361
1.329603829650519,-1.329603829650519,12.191666388498511
1.330397788440476,-1.2036932371604308,12.160132453563278
1.3311942114030044,-1.0776334092310036,12.128500648236646
1.3319915884261095,-0.9514225631615068,12.09683095015722
1.3074074603293302,0.4358024867764434,13.073247239830394
1.3067322123650784,0.5600280910136051,13.100066295981932
1.3060764759686752,0.6841352969359726,13.126110404467667
1.3030819401337015,0.80666977246372,13.24504541643018
1.302944916851967,0.9306749406085478,13.250487617342223
1.3041268941865392,1.0557217714843412,13.203542616122022
1.3034863616676773,1.179344803413613,13.228982866962731
1.374393882509074,1.374393882509074,10.412724420158163
1.3735366512755067,1.5043496656826978,10.446771368546038
1.3726898456850565,1.6341545781964957,10.480404238072545
1.6944453562772874,-3.9045914731607057,3.5532053928760376
1.6936910588642695,-3.7555758261772936,3.5805589797230155
1.6929472107426886,-3.6067136228865975,3.6075336369914552
1.6922544896134253,-3.458085261383956,3.6326542422633636
1.4473987446105046,-2.8318671090205525,12.51202035214142
1.4478503398149698,-2.706850635306248,12.495643856038114
1.4484029407647043,-2.5819356770153425,12.475604521672892
1.4489756297433574,-2.456958676521345,12.454836721805698
1.4495740409536515,-2.331923457186309,12.433136139610276
1.4502248092067573,-2.2068638400972396,12.409536899282287
1.4508761621264383,-2.081691884790107,12.385916456802917
1.449195780145501,-1.9532638775874145,12.446853261912416
1.4499535834182182,-1.8282023443099276,12.419372539752352
1.4530651062947195,-1.7057720813024968,12.30653732414659
1.4538640245481418,-1.580286983204502,12.277565622200548
1.4546638218775936,-1.4546638218775936,12.248562041738012
1.4555162282620864,-1.3289495997175573,12.217650664256468
1.456381650684593,-1.203097885348142,12.186267277564681
1.4572522550621587,-1.0770994928720303,12.154695974203278
1.4308297808704664,0.43546993330840283,13.11287166199056
1.4301119476698587,0.559609023001249,13.1389029229436
1.4293948343677707,0.6836236164367598,13.164908077739653
1.4286864128873311,0.8075184072841437,13.190598035248506
1.4251052872392236,0.9294164916777544,13.320462767295709
1.4267466439572838,1.054551867272775,13.26094116115005
1.4265848095158626,1.178483103513104,13.26680987072249
1.425903939445719,1.3019122925373956,13.291500713185641
1.5029932514062259,1.5029932514062259,10.495959918144152
1.5020751463363893,1.632690376452597,10.529253770580887
1.5011670905279513,1.7622396280110733,10.562183199993399
1.8403640047002479,-3.607113449212486,3.6007279055612145
1.5724965457874047,-2.956293506080321,12.53747463231236
1.57285327776978,-2.831135899985604,12.525573136741535
1.5733438885690123,-2.7061514883387012,12.50920509983274
1.5738348057363383,-2.581089081407595,12.49282684169713
1.5744580260944303,-2.456154520707311,12.472034609158584
1.575080598551243,-2.3311192858558396,12.451263992271542
1.5757455442558035,-2.206043761958125,12.429079694959668
1.5738161505802366,-2.077437318765912,12.493449225639942
1.5746477892269575,-1.9525632586414272,12.465703623452626
1.577950676775989,-1.830422785060147,12.35551080789962
1.5787402964622295,-1.705039520179208,12.329167066203532
1.5795678476911634,-1.5795678476911634,12.301557830776389
1.5804364013227932,-1.4540014892169697,12.272580649837813
1.581305910694417,-1.3282969649833103,12.243571582957216
1.582244528967707,-1.2025058420154573,12.21225686553862
1.5831853978353188,-1.076566070528017,12.180867062510437
1.6403491142778954,0.45929775199781075,10.273738597259474
1.553308205106319,0.5591909538382749,13.177646982733144
1.5525449038352437,0.6831197576875072,13.203112674472976
1.5517823523233336,0.8069268232081335,13.228553352320517
1.549180584504193,0.9295083507025158,13.315355012125849
1.547395341601825,1.0522288322892408,13.374915302610354
1.549532057538514,1.1776443637292708,13.303628968575211
1.5487930341905989,1.300986148720103,13.328284686415216
1.6322249501333537,1.5016469541226853,10.544781588524593
1.6312627098227188,1.6312627098227188,10.576884397806893
1.6303195417566714,1.760745105097205,10.608350908002777
1.6293774637075302,1.8900778579007351,10.639781052433811
1.6981370609843742,-2.956016365417244,12.542392783719578
1.6983293344752397,-2.830548890792066,12.536453211765306
1.6987726271753079,-2.705452702538453,12.522759338122079
1.6993025436827296,-2.580422381147849,12.50638954522229
1.6998583092348576,-2.4553508911170163,12.489221242552446
1.7005302476980728,-2.330356265364026,12.468464211340589
1.6982889301242658,-2.2014856501610853,12.537701353403534
1.699280720375846,-2.076898658237145,12.507063694845996
1.7027007030154475,-1.954952659017736,12.40141609423906
1.7034812266858443,-1.8296650212551662,12.377304728280798
1.7043333095449513,-1.7043333095449513,12.350982808239287
1.7051862455893942,-1.5788761533235134,12.32463453222082
1.7060945001934245,-1.4533397594240283,12.296577395747413
1.7070327155150247,-1.3276921120672414,12.267594734715168
1.7079835941721462,-1.2019143810841029,12.23822088719033
1.7699572213533303,0.4588777981286412,10.323776954994287
1.7688437018918084,0.5896145672972695,10.35817498321137
1.6755204145769012,0.6826194281609598,13.241049671347355
1.6747000228393099,0.8063370480337417,13.266392612457828
1.6739007276927265,0.9299448487181813,13.291083853119552
1.6703568475720756,1.0517061632861218,13.40055880403012
1.6694716026360126,1.17481335000312,13.427905142681539
1.762307332208899,1.3706834806069215,10.560091731467075
1.7612880821755912,1.500356514445874,10.59157765750384
1.7602700104499671,1.629879639305525,10.623027184122044
1.7592608921703998,1.7592608921703998,10.654200127437711
1.758370189792976,1.8886198334813447,10.681715053373331
1.7574803888728212,2.017847853891017,10.709202132150764
1.8237540218003732,-2.9557392767109496,12.547310013099263
1.8239604990480134,-2.830283533005538,12.54137155488047
1.8241670230821236,-2.704799379052804,12.535431751043689
1.8247054814712256,-2.5797560255282845,12.519945237721828
1.8252747122806874,-2.4546797854809244,12.503573683870385
1.8226342500660628,-2.325429905256701,12.579515584099397
1.8239072097476852,-2.2012673221092753,12.542904199697873
1.8273419890383553,-2.0793891599401975,12.444117076460117
1.8281469777873276,-1.954226079703695,12.420964927218463
1.8289678919223762,-1.8289678919223762,12.397354750562592
1.8298223270661667,-1.7036276838202242,12.372780481677957
1.8307376847958665,-1.5782221420654023,12.346454028302588
1.8316539589398693,-1.4526910708833447,12.320101218085924
1.8326450706095514,-1.327087809751744,12.291596018080433
1.8336529739160603,-1.2013588449794876,12.262607876565113
1.8993152707541252,0.45845541018203023,10.37410533800739
1.898129800259989,0.5890747655979276,10.40820046025209
1.8969458086816584,0.7195311688102842,10.442253047642112
1.8957732117571184,0.8498293707876737,10.475977915265311
1.7966143932845091,0.9292833068712978,13.327868412908558
1.8898663553675283,1.1078526910775166,10.64586404206571
1.891464322524283,1.2392352457917717,10.599905171033434
1.8912432644674337,1.3695209846143486,10.60626298551194
1.8901503699390227,1.4990847761585353,10.637695545606057
1.88912980981249,1.6285601808728363,10.667047707844013
1.8881735816399405,1.7579547139406344,10.694549629315837
1.8872183210131008,1.8872183210131008,10.722023723364359
1.8862723746544925,2.0163601246306646,10.749229931273547
1.8853650790368122,2.1454154347660275,10.775324511568805
1.9493522508488499,-2.9554695416095464,12.55209674505629
1.9495681105410438,-2.8300182249789345,12.54628897570732
1.9497888361969278,-2.7045458050473514,12.54035028615511
1.950043669111958,-2.579090013986783,12.533493930630932
1.9471028960633523,-2.449581062789379,12.612616305912702
1.9489360388782913,-2.3261494657579607,12.563295052163639
1.9519544190472424,-2.2038195053759186,12.482084634180517
1.9527261133105833,-2.0787084432015885,12.461321970045041
1.9534984177295704,-1.9534984177295704,12.440542889490068
1.9543769170948788,-1.8282880837339188,12.416906602256113
1.9552545815082438,-1.7029636677652447,12.393292779653024
1.9561851537755532,-1.5775686723996396,12.368255455471967
1.957163808101168,-1.4520892769782858,12.341924469182793
1.958143442133314,-1.3264842672515997,12.315567123597418
2.0284442973235004,0.45803580907304847,10.424101663648287
2.02717709460173,0.5885352855295345,10.458196130529203
2.0259379339573256,0.7188812023719543,10.491536116961491
2.0247002873316147,0.8490678624293868,10.524835368269635
2.0234676403661584,0.9790972453384637,10.558000102228618
2.020775537046844,1.1081672299934304,10.630431944335264
2.017450045053284,1.2365016405165288,10.719905297484942
2.0199600658821546,1.3683600446298465,10.652372439047902
2.018937338827752,1.497921251388332,10.679889215239676
2.0179156468842185,1.6273513281324343,10.707378141465014
2.0168949888564263,1.7566504741652746,10.734839249879208
2.0159072689965902,1.8858487355129394,10.761414147068322
2.0149378367601494,2.0149378367601494,10.787497010299909
2.013969336458576,2.1439028420365487,10.813554799546147
2.0130471298023984,2.272795146551095,10.83836704446658
2.0750083735806055,-2.955314956311771,12.554840023113535
2.075154403867382,-2.829756005273703,12.551149155236097
2.0742248944467363,-2.702777892763929,12.574642202727595
2.0717724922117116,-2.5740203691115204,12.63662586948341
2.073812813570085,-2.4508696887646457,12.58505741250437
2.0766117135693953,-2.32832222430508,12.51431612775
2.077259598208279,-2.203154119311811,12.497941054778998
2.0780281720011646,-2.0780281720011646,12.478515602797643
2.078849764398024,-1.9528588695860225,12.457750122890332
2.079692750514285,-1.8276087807549777,12.436443923701695
2.0806263440914563,-1.702330645165737,12.412847650485865
2.0815607762909205,-1.5769399820385759,12.389230181365058
2.0825697125393066,-1.4514879814667894,12.363729646703703
2.1573467472264105,0.4576190069874204,10.47376447996313
2.1560283934564537,0.5880077436699419,10.507085441580365
2.154711649993405,0.7182372166644685,10.540365703215606
2.1534321930923515,0.8483217730363809,10.572703559155684
2.152187019872922,0.9782668272149645,10.604174906222703
2.1509432857692885,1.1080616926690274,10.635609880107268
2.1464827681552032,1.2358537149984503,10.748348008217448
2.1452142307452555,1.3651363286560716,10.780409877580688
2.147596429374708,1.4968096325944933,10.720200584062148
2.146516452640774,1.626148827758162,10.747496643829244
2.145483946842811,1.7553959565077544,10.773592891170061
2.144452433868056,1.884518805520413,10.799664045228056
2.143421912593264,2.0135175542542783,10.825710134392885
2.142490818506936,2.142490818506936,10.849243233792741
2.14156956027978,2.271361654842191,10.872527735059528
2.2008031479027568,-3.0811244070638595,12.553965659873477
2.2007830765699294,-2.955337274251048,12.55444396790012
2.198964772580393,-2.8272404218890768,12.597774891688964
2.196806448202837,-2.6989336363634853,12.649208639650617
2.199582659396831,-2.576653972436288,12.583050397485977
2.2014602089237596,-2.453055661372189,12.53830762843895
2.2018983003893986,-2.32772106041165,12.52786773058942
2.2025850957917075,-2.2025850957917075,12.511501116751887
2.203272319888842,-2.0773710444666227,12.495124286942264
2.2041190613622565,-1.952219740063713,12.474946093161421
2.2049905657088864,-1.8269921830159346,12.454177790037853
2.205904935374789,-1.7016980930034087,12.432387988917661
2.2068952632807144,-1.5763537594862245,12.408788072036579
2.2846480173127337,0.5874809187375601,10.555908312259497
2.283326564107074,0.7176169201479377,10.587399079740877
2.282006638653049,0.8476024657854182,10.618853440279288
2.2806882383393137,0.9774378164311344,10.650271456104143
2.2795220056994743,1.107196402768316,10.678063254355557
2.278368405424669,1.2368285629448201,10.705554018209149
2.2733215928003943,1.3639929556802366,10.825821616178146
2.2733010814318777,1.493883567798091,10.826310410434289
2.2750024474001855,1.6250017481429897,10.785766167263773
2.2739089098325653,1.7541583018708362,10.81182561237057
2.2728600708602484,1.8832269158556345,10.836819871767105
2.2718825305137855,2.0122388127407813,10.860115055904004
2.270905830671609,2.1411397832046597,10.883390210481828
2.269938599799365,2.269938599799365,10.906439715653995
2.2691243954020113,2.3987886465678403,10.925842537675678
2.324634026345809,-2.9529134929257577,12.59745650674386
2.322191127844827,-2.8242865068383027,12.652525000750458
2.3253903447698567,-2.702480670948752,12.580407367541
2.326776349583765,-2.5783197387279553,12.549163663491441
2.327039767480721,-2.452825700858057,12.543225624365405
2.327303245057184,-2.327303245057184,12.537286239927411
2.3278458727626345,-2.2020163661268164,12.525054176035525
2.3285719916219496,-2.0768344790141713,12.508685803777652
2.329306389026905,-1.9515810286441635,12.492130814253137
2.3302270908800193,-1.8263942063654208,12.471376098304148
2.3311485207415266,-1.7011083800005735,12.450604971388522
2.4131508103337858,0.5869826295406506,10.602086667774174
2.411756213542074,0.717008604026022,10.633524054564951
2.4104311529841005,0.8469082429403596,10.663393936332774
2.4092109741204935,0.9767071516704703,10.690899545923386
2.407992030140096,1.1063747165508548,10.718377318434975
2.4067771605183705,1.235912595941866,10.74576324562591
2.405619428543426,1.365351567551674,10.771861160172037
2.3999368010458246,1.4918526060555126,10.899960521716316
2.4022331161901302,1.6231304839122502,10.848196350298394
2.4022552820028316,1.7529970976777418,10.847696682414778
2.401222297122674,1.8820390977447985,10.870982513430256
2.4001902003216355,2.010970167837046,10.894248325120486
2.3992475065587375,2.139869397741577,10.9154987887854
2.3983870644138032,2.2687445203914356,10.934895113717559
2.3975272392083573,2.3975272392083573,10.95427753142905
2.44778364361732,-2.9498931089747193,12.651056384200416
2.4511539955784896,-2.8282546102828725,12.578977152344812
2.4522934510572347,-2.703810728088746,12.554608458336624
2.452330455999494,-2.5780909922045967,12.553817060926605
2.4525957834569785,-2.4525957834569785,12.548142698264783
2.4528734509975743,-2.327085068895135,12.542204427345908
2.4531511814188725,-2.201545932042578,12.536264811643825
2.453806952609754,-2.076298190669792,12.522240316796896
2.454572403234718,-1.9510703718019553,12.505870188778673
2.541435801212749,0.5864851848952498,10.648186755487622
2.5401241926380447,0.7164452851030383,10.676237160801108
2.5388386661167766,0.8462795553722589,10.703729768472527
2.5375544401165735,0.9759824769679128,10.731194562859024
2.536303428839075,1.1055681612888277,10.757949018465936
2.535083665086853,1.2350407599141078,10.784035206293929
2.5338650741872053,1.364388886100803,10.810096311188843
2.530901162593399,1.4925827369140559,10.873483302645774
2.527009261777919,1.6198777319089226,10.956716515221196
2.5305101496949045,1.7518916420964725,10.881845607145067
2.529420409274519,1.880851073563104,10.905151081863544
2.5285131097273856,2.0098437538858707,10.924554828170692
2.527606460841007,2.138743928403929,10.943944659276113
2.5267004619348903,2.2675516966082347,10.963320589733023
2.525792474373093,2.3962646551744724,10.982739050102396
2.578102186824444,-2.8296243513926824,12.553589328436857
2.578137569707245,-2.4523747614288425,12.552869533383124
2.5784201156503532,-2.3268669336356846,12.54712169272669
2.6684051249383134,0.7159135701054011,10.716553930316216
2.6670544998813375,0.8456514267916436,10.744029736652934
2.665771526088414,0.9752822656421027,10.770129311281273
2.6644897862496904,1.1047884479571888,10.796203783542055
2.663209278375123,1.2341701533933498,10.822253193918783
2.6620345837239703,1.363481128248863,10.846150042694944
2.66088985952338,1.492694311439945,10.869437201689905
2.6561875842167613,1.6196265757419277,10.965095730309145
2.6542490881976764,1.7479201312521284,11.00453061338775
2.657735431054242,1.8798616463554392,10.933607835333518
2.656782606433172,2.008786848766545,10.952991175384966
2.655821402967794,2.1376123487301757,10.972544966519301
2.65488217088593,2.2663628288050623,10.991651793135048
2.654003580199178,2.395076401643161,11.00952499001805
2.796526444752044,0.715390485866802,10.756216280970811
2.7951814913367548,0.8450548694739026,10.782304130884768
2.793837830975672,0.9745945922008159,10.808366899629604
2.792530486174187,1.1040236805804924,10.833725261175253
2.7913293709227665,1.2333780941286643,10.857023104841964
2.790129288545079,1.3626212804522477,10.880300914019301
2.7889145819585934,1.4917450089545965,10.90386238667515
2.7879141783929113,1.6208803362749487,10.923267057333796
2.782629035168106,1.7472321848729966,11.025782149421858
2.7815950542648817,1.8759594552018972,11.045838114417052
2.7849135402477545,2.0077283662251255,10.981469963610763
2.783958405326538,2.1365262180412965,10.999996565490818
2.783037241232541,2.265262870770673,11.017864240576912
2.7821166865317104,2.3939143581784483,11.035720095359586
2.781202260979628,2.522485771586174,11.053457064007738
2.9231278383523915,0.844459153301802,10.820524558232137
2.921828725046495,0.9739429083488317,10.844603312684619
2.9205722487627828,1.1033272939770513,10.867891800127204
2.9193168526615096,1.2326004489015263,10.891160266646601
2.918142731423709,1.3617999413310642,10.912922323007749
2.91709614807982,1.490960253463019,10.932320495004895
2.91605031521284,1.6200279528960224,10.951704757091996
2.914994426548664,1.7489966559291985,10.971275400975372
2.909091796041289,1.8747480463377195,11.080679245863806
2.909451786506275,2.004289008482101,11.074006908684055
2.912031047908189,2.135489435132672,11.026200915408836
2.9110679740755048,2.264163979836504,11.044051258586407
2.9101562783917383,2.392795162233207,11.060949320060466
3.0497632484234476,0.9733286963053556,10.878756132710755
3.0484525830871654,1.1026317853719534,10.90201526219564
3.04732760232189,1.231898392427998,10.921979224439255
3.0462348701854873,1.3610836654020264,10.941370900978875
3.0451429214472983,1.4901763232614438,10.9607486752965
3.0440467816700223,1.6191738200372459,10.980200823993364
3.0429981486060975,1.7481053194120135,10.998809916292352
3.041991250584583,1.8769733248287854,11.016678376540881
3.035455543355352,2.002108975404594,11.132661348327716
3.0382275688589067,2.13322361217753,11.083468851709569
3.0390744817441946,2.263140571511634,11.068439495308638
3.0381706969028386,2.3917513996894684,11.084478104150776
3.1764692163946915,1.1020403403818317,10.931033092511555
3.1753303663836734,1.2312505502304039,10.950418277559315
3.1741796307837045,1.3603626989073019,10.970005775764193
3.1730565048527697,1.4893938696247695,10.9891233099368
3.171997318794336,1.6183659789767022,11.00715247755685
3.1709478980722197,1.7472570050602025,11.02501542236466
3.1698991714992557,1.8760627749689471,11.042866551560536
3.1671153042376954,2.0036851924769095,11.090252758252937
3.1622369424838257,2.1296697775911477,11.17329086196613
3.167014904094072,2.2621535029243374,11.091961741300864
3.166445293910292,2.3909893035649143,11.101657485877276
3.302049276809712,1.3596673492745872,10.997623216811043
3.300956637072063,1.488666718679558,11.015492466435866
3.29986472019866,1.6175807451954218,11.033349894193698
3.298765572477219,1.7464053030761746,11.051325576691994
3.29778424745741,1.875210650514998,11.06737436307403
3.2968035063927497,2.0039393862387302,11.083413599336339
3.2921006201399075,2.1301827542081755,11.160325545253706
3.28996107166474,2.2578164217307037,11.195316150546404
3.2949328460909992,2.390441476575823,11.114006753459734
3.4266332761086105,1.7456433670741978,11.074862746001799
3.425614357574448,1.8743927616916791,11.090897529235953
3.4249659685431384,2.0032819816007037,11.10110126704214
3.424433661852749,2.1321945441724663,11.109478209955931
3.4188245107944177,2.257714299581219,11.197749762913723
0.0,0.0,65.0
