-3.9270253607168666,-2.196471811926383,9.484891228451701
-3.9257761680631087,-2.062695952711125,9.5025506677677
-3.924545950892693,-1.9290141114557304,9.519941856709707
-3.790257967208491,-2.4603428909949856,9.538269726544435
-3.786536149639691,-2.3250660567963015,9.592729988593518
-3.7919808478230514,-2.195357332950188,9.513059321140688
-3.790802698259812,-2.0616646253693713,9.530298837253703
-3.789622996130149,-1.9280538050486724,9.547561071614645
-3.788642870544234,-1.7946203070999003,9.561902961098276
-3.7876632518149496,-1.6612558121995393,9.576237433897866
-3.660551426548438,-2.5956637388252557,9.488453845317878
-3.659387075247041,-2.461769486984373,9.506111004984852
-3.6517582054075297,-2.3238461307138825,9.621801323425046
-3.653081467690794,-2.1918488806144762,9.601734309810801
-3.656085470183978,-2.060702719558242,9.556179199769261
-3.6551400288710982,-1.927255651586579,9.57051663229263
-3.6541950766092257,-1.793877583062711,9.584846648453158
-3.6534461732208365,-1.6606573514640166,9.596203621806538
-3.652732508432395,-1.5275063217080926,9.607026208686534
-3.6520191224043,-1.3944073012816418,9.617844568220434
-3.525655929576009,-2.594350589688007,9.516537197506388
-3.524560594621284,-2.4605423019054244,9.53377455062045
-3.523500694956755,-2.3268400815752157,9.55045425640737
-3.516408419720155,-2.1894618462408513,9.662065825186374
-3.5216786669614035,-2.0598497863359153,9.579127622307077
-3.5208681646483866,-1.9265127693359096,9.59188254673358
-3.5201803440402646,-1.793299420548814,9.602706821673571
-3.5194927921185934,-1.6601381094899026,9.613526868278463
-3.5188055089296695,-1.527028805761932,9.624342685819691
-3.5182881818716134,-1.3940387135717713,9.632483893344109
-3.5178469474228566,-1.2611149434157412,9.639427626826269
-3.3909253321948425,-2.5930605481489972,9.544126364532545
-3.3900114923994815,-2.4594201023290356,9.55907148400582
-3.389134902231516,-2.3258768936882954,9.57340741559453
-3.383781276943329,-2.189505532139801,9.660961678336491
-3.3826781750568395,-2.0561377142502355,9.679002028043811
-3.386945796220923,-1.925910354713858,9.60920849477062
-3.386284345227725,-1.7927387710029132,9.620025997104435
-3.3857194091577294,-1.6596663770381026,9.62926507500815
-3.38526017810108,-1.526685962673036,9.636775431902542
-3.3848539200323287,-1.3937633788368413,9.643419457918142
-3.3844477594602567,-1.26087269470088,9.650061889453475
-3.3840416963376456,-1.1280138987792152,9.65670272728076
-3.2565637739484123,-2.5919589221222057,9.567686027949932
-3.255721821541776,-2.4584021917764427,9.582017505357975
-3.255013989331463,-2.3250099923796164,9.594066026451124
-3.254378129957615,-2.1917240467061485,9.60488944613514
-3.248097920178119,-2.0549190923575855,9.711789413239202
-3.2529015302601443,-1.9251866199498813,9.630023711490551
-3.252660704329592,-1.7922824289163057,9.634122982845767
-3.252270340550128,-1.6593216023214938,9.640767645468273
-3.2518800704574073,-1.5263926861330688,9.647410713381348
-3.2514898939636856,-1.3934956688415796,9.654052188078545
-3.2511561675568954,-1.2606523915016534,9.659732785249687
-3.2508867732951665,-1.1278586764493435,9.664318338714935
-3.25061742367433,-0.9950869664309173,9.668903132315457
-3.123157519905214,-2.7244565599173143,9.576297895213102
-3.1223997893393167,-2.5909274847709227,9.589744617926357
-3.121789788385962,-2.457579195112353,9.600569723899042
-3.121180025767424,-2.3242829979119115,9.611390600370726
-3.1205705013057554,-2.1910388626189348,9.622207250499251
-3.118272394726756,-2.056732856096371,9.662989559309402
-3.1143185852855533,-1.9216008292187456,9.733154049973628
-3.1192996812734117,-1.7919381147740876,9.644759283322607
-3.1189253944577158,-1.659002869392402,9.651401394981292
-3.1185590691123606,-1.5261033742464742,9.657902222008111
-3.118300653440426,-1.3932832706861478,9.662488078830648
-3.118042280591555,-1.2604851772604158,9.667073175713057
-3.11778395056107,-1.1277090885008125,9.67165751273835
-3.117522510898266,-0.9949539928398721,9.676297033446886
-3.1172645576894435,-0.8622221117013354,9.680874683377006
-2.988596860341895,-2.5901172789629756,9.607071892037368
-2.9880131820908726,-2.456810838608051,9.617890228838185
-2.987485399790836,-2.3235997553928724,9.627672547554553
-2.9870650700761496,-2.1905143847225097,9.635463258297854
-2.986706590083138,-2.057508984279495,9.642107599240767
-2.982246548841285,-1.9218922203643836,9.724773397076163
-2.9817000044392414,-1.789020002663545,9.734903466866413
-2.9857057625693817,-1.6587254236496565,9.66065769786853
-2.98545836794533,-1.525900943616502,9.665243098062923
-2.9852110143359623,-1.3930984733567824,9.669827738059972
-2.9849605720922483,-1.2603166859945047,9.674469625156
-2.984713579300262,-1.1275584632912101,9.679047577489158
-2.9844666273801015,-0.9948222091267005,9.683624772272807
-2.9842197163216198,-0.862107918048468,9.688201209695002
-2.9839652568623,-0.7294137294552289,9.6929175549216
-2.854877587924369,-2.5893075797453577,9.624388332074602
-2.8544584681048164,-2.456161937671586,9.632517933311462
-2.854100795054434,-2.3231052983001206,9.639455661228709
-2.8537582967515047,-2.190093576576736,9.646099046955705
-2.853415880639796,-2.0571137744147365,9.652740838432521
-2.853102099811657,-1.9241851370822805,9.658827195816578
-2.6667406855577465,-1.6744650816292828,13.273650244363807
-2.6719000640811483,-1.553430269814621,13.173574590413459
-2.67221012040598,-1.4293216923101755,13.167560476634392
-2.852153844710729,-1.3929123427657049,9.677220350904292
-2.8519178528434668,-1.2601497489308342,9.681797848045875
-2.8516819000220215,-1.12740912326452,9.686374587821895
-2.8514421669694445,-0.9946891280125969,9.691024652146758
-2.85119769323915,-0.8619900002816036,9.695766670651878
-2.8509532614260875,-0.7293136250159759,9.700507876095045
-2.7214822943396437,-2.5887270604694175,9.636803469712824
-2.7211556949012663,-2.455677090520655,9.643447491954369
-2.720829173842524,-2.322659050841179,9.650089919716642
-2.7205027311352037,-2.189672929938091,9.656730753573548
-2.720264230481775,-2.0567851498764638,9.661582579571409
-2.5474945180630453,-1.801886366434837,13.17624205871391
-2.5431825012109575,-1.674778720309655,13.263961547802843
-2.54548092927451,-1.552122517850311,13.217204556270012
-2.5483815377511734,-1.429579887031146,13.158197390401284
-2.5486976657106495,-1.3054305117054545,13.151766389771367
-2.5490226766146655,-1.1812544111141132,13.145154683132326
-2.7186768866596354,-1.1272562700783855,9.693873962899175
-2.7184438078160373,-0.9945526126156234,9.69861549285585
-2.7182107689338575,-0.8618717072229304,9.70335620987619
-2.7179920495829797,-0.7292173791564092,9.707805624238652
-2.5719415120057505,2.0700992657607262,12.678916122388785
-2.5711157508625586,2.194854909272916,12.695714606271153
-2.5702905197974744,2.319530469085526,12.712502306758559
-2.5695456510927457,2.4442019607955383,12.727655193321496
-2.568897453129835,2.568897453129835,12.74084150406317
-2.5682495821154925,2.6935300495357604,12.754021163680264
-2.5675730769868785,2.8180680113270618,12.767783327949012
-2.5668805902824263,2.9425216522749764,12.78187060589785
-2.5628338047891415,3.062898937430925,12.864194485441963
-2.568194015865502,3.1945828002229413,12.755151549582493
-2.5882297656604676,-2.5882297656604676,9.647438747051169
-2.587919217242022,-2.4552054112296107,9.654080217055913
-2.587654003923777,-2.322253593264928,9.659752138706004
-2.5874395882872645,-2.1893719593199927,9.664337687798714
-2.5872252081825464,-2.056512344965614,9.668922476999136
-2.423664154394471,-1.8022118071138373,13.166882112777849
-2.421576225561644,-1.6764758484657534,13.21153510693788
-2.4198341153473732,-1.551175714966265,13.248792333334158
-2.424542952553848,-1.4298586643266284,13.148087904631694
-2.424852153139362,-1.3056896209211948,13.14147525973587
-2.4251614325757065,-1.181488903049703,13.134860928515486
-2.4254944268542253,-1.0572668014492776,13.127739425454536
-2.585481950188927,-0.9944161346880488,9.706204250105898
-2.5852997956370567,-0.8617665985456856,9.710099855172984
-2.5851212733128586,-0.7291367693959344,9.713917780465522
-2.5849427756419083,-0.5965252559173635,9.717735178517216
-2.4490476598783095,1.8210867214479738,12.62402380060238
-2.44811059642122,1.9459340638219955,12.644064085701729
-2.4471742497750673,2.0706859036558263,12.664089040894197
-2.4463336646929976,2.195427647801408,12.682066014137028
-2.445548279139838,2.3201355468762563,12.698862475763136
-2.4447695436906804,2.4447695436906804,12.715516716519204
-2.444086352477513,2.5694241141430263,12.730127623161287
-2.443469832245794,2.694082122732542,12.743312686691063
-2.4428536229910667,2.818677257297385,12.756491099585261
-2.4388583166449602,2.9391369457003367,12.841935769985582
-2.437161332838819,3.0620744951051826,12.878227911170633
-2.4408597376798964,3.1918935031198643,12.799132854302023
-2.454831570912658,-2.454831570912658,9.66250742892953
-2.454628171205565,-2.3219455673566154,9.667092521411476
-2.4544248052018127,-2.189081583017833,9.671676854143378
-2.454218992046486,-2.0562375338767853,9.676316351243258
-2.2997890523233506,-1.8025373653345182,13.157518786244815
-2.3000773103381515,-1.6784347940305429,13.151020794308586
-2.296320819564858,-1.5515681213276067,13.235700648814095
-2.297849753921586,-1.4283930902755804,13.201234987458918
-2.3009606441704626,-1.3059506358805328,13.131108438625006
-2.301297574431287,-1.1817474030863364,13.123513263450363
-2.301634603380132,-1.057507790742223,13.115915863623037
-2.301971731060364,-0.9332317828623097,13.108316238165479
-2.4524491995153177,-0.8616713403702468,9.716211504216794
-2.4522798696334887,-0.7290561774586046,9.720028585269858
-2.452139516825332,-0.5964663689575133,9.723192457109661
-2.3252134500583397,1.6967773824750045,12.584394977078212
-2.3242340860878916,1.8216969863932124,12.606472070709074
-2.3232887653259,1.9465392358135916,12.627781752914508
-2.3223998839480577,2.071329626223944,12.647819162904554
-2.3215116827103754,2.196024564726031,12.667841240986924
-2.3207409404348316,2.3207409404348316,12.685215526641578
-2.319995920757182,2.4454011056629756,12.702009966376565
-2.3192716899517185,2.570003764541094,12.718335777602043
-2.3186389215006566,2.694634422284547,12.732599819125198
-2.314774251248174,2.815265981247779,12.81971828538596
-2.3133125746950203,2.938532189477458,12.852667802721434
-2.3168438034504697,3.0682526045695413,12.773065866956529
-2.3162190037646218,3.192626194378262,12.787150274369125
-2.3218299772471425,-2.454505975946979,9.669847080744319
-2.3216351898261904,-2.3216351898261904,9.674488944228571
-2.3214430843907308,-2.1887891938541175,9.679066894907457
-2.3212510107396582,-2.05596518094084,9.683644088151468
-2.1759031723686886,-1.8028911999626276,13.1473422066003
-2.1761806679747173,-1.6787679438662106,13.140729373418509
-2.1764582343684853,-1.5546130245489183,13.134114853336108
-2.1728109025291698,-1.4278471645191686,13.221032254866039
-2.1770804831068866,-1.3062482898641319,13.119286412758228
-2.1773993462111347,-1.1820167879431875,13.111687775264848
-2.177718302612583,-1.0577488898403975,13.104086914461234
-2.178094742600607,-0.9334691754002601,13.095116196404192
-2.178479741720807,-0.8091496183534426,13.085941510745386
-2.3195124055534486,-0.7289896131739411,9.725075757034148
-2.3193808870248027,-0.5964122280920922,9.728209897075843
-2.201340640250365,1.5723861716074035,12.541156998568589
-2.200279567878323,1.6973585237918494,12.56644278485733
-2.1993525079299405,1.8223206494276651,12.588535000571653
-2.1984262288624965,1.9471775169924967,12.610608607575543
-2.1975479157649818,2.07197374914984,12.631539166002604
-2.1967072026519947,2.1967072026519947,12.651573701502024
-2.195868452709188,2.3213466500068556,12.671561453857414
-2.1951633365002174,2.4460391463859565,12.688364659970908
-2.194458672997608,2.5706515883686265,12.70515707790765
-2.1905616753503767,2.6912614868590343,12.79802411720867
-2.1892746099457066,2.8147816413587656,12.828695409402904
-2.1926501737685036,2.9444159476319904,12.748254350266656
-2.192089470743782,3.0689252590412948,12.761616131449664
-2.1914981844939074,3.1933259259768367,12.775706723329861
-2.18868037857634,-2.321327674247633,9.681817165568361
-2.188499298567792,-2.188499298567792,9.686393903733766
-2.188315289830983,-2.0556901207503175,9.691044664550901
-2.0519730891110632,-1.8032490783097224,13.13704932621797
-2.0522420293244688,-1.679107114901838,13.13025195002622
-2.05254254461727,-1.5549564731949015,13.122656523999446
-2.0496741306738953,-1.4285607577424118,13.195154751021363
-2.0501927030621756,-1.3046680837668392,13.182048003015304
-2.0534711970922004,-1.1823015983258123,13.09918513553145
-2.0538341393472535,-1.0580357687546458,13.090011888391345
-2.0541972099219707,-0.9337260045099867,13.080835398013583
-2.0545604088756497,-0.8093722822843468,13.071655662899424
-2.054924962786781,-0.6849749875955936,13.062441681677512
-2.186725825086319,-0.596379770478087,9.731217867643906
-2.077390310720582,1.4478780953507087,12.494637338656219
-2.0763736459870072,1.5730103378689448,12.520333208260439
-2.075359756608098,1.6980216190429893,12.545958931680538
-2.0743853933765224,1.8229447396339138,12.570585644616344
-2.073511446373523,1.947844085987249,12.592674370120875
-2.072638235687814,2.072638235687814,12.614744485446003
-2.071825107311953,2.1973902653308595,12.63529603998272
-2.071032548719653,2.322066797049308,12.65532769994779
-2.070265593968038,2.446677520144045,12.67471223118902
-2.0662273751930496,2.5671309813004553,12.776776893853722
-2.0653231018438496,2.691178587251077,12.799632107868966
-2.0683165770846594,2.8204316960245355,12.723972997337185
-2.067779655727099,2.945019509671929,12.737543509558137
-2.067258132822602,3.0695651063123486,12.750724830899394
-2.055584219357084,-2.188202556089799,9.693893973096579
-2.055407989145197,-2.055407989145197,9.698635499467514
-1.9280207846826285,-1.8036323469611686,13.12602619946091
-1.9283031328038787,-1.6794898253453137,13.1184295391133
-1.928585563633924,-1.5553109384144548,13.110830653460901
-1.9288680772091111,-1.431095670187405,13.103229541525813
-1.925703828178046,-1.3045090448948053,13.18836460471595
-1.9295490942022764,-1.1826268641884918,13.084906576368056
-1.9298902275747127,-1.0583268989925845,13.075728281318106
-1.930231931794527,-0.9339831928038034,13.066534627449329
-1.9305748895145822,-0.809595921409341,13.057307247783001
-1.9309179691276572,-0.6851644406582009,13.048076588548646
-1.9312611706987484,-0.560688726977056,13.038842647997534
-1.9532326151499873,1.32315757800483,12.447694387108228
-1.9522696307116227,1.4484581131086234,12.473603770410989
-1.9513075950800367,1.5736351573226104,12.499487625784624
-1.9503542018690891,1.6986955951763034,12.525138954255361
-1.9494019347175406,1.8236340679615703,12.550759985762383
-1.9485111115057372,1.9485111115057372,12.574727849759043
-1.947690260679056,2.0733476968518985,12.596813085880818
-1.9468701016106635,2.1980791469797816,12.618879710039678
-1.9461203360843256,2.322788788229679,12.639052374970888
-1.9418381028384815,2.442957613248412,12.754267136641253
-1.941630232148197,2.5679625650992284,12.759859959512966
-1.9440534786873345,2.696590309146948,12.69466178920166
-1.9434294984035758,2.8211073363922874,12.71145016469476
-1.9428579339668641,2.945623319240084,12.726828276202099
-1.9423678175926482,3.0701942923238636,12.740015003314824
-1.9225371649748517,-2.0551259349731175,9.706224251025091
-1.804043473180944,-1.804043473180944,13.114201865754936
-1.8043077257312983,-1.6798727101636226,13.10660174154065
-1.804601563242341,-1.5556910027951214,13.098150729129436
-1.8049205252020029,-1.4314886924015884,13.088977116576558
-1.8031910652102905,-1.3057590472212448,13.138717831445817
-1.8022811193633386,-1.180804871307015,13.164888634550017
-1.8058793330041178,-1.0586189193472415,13.061401002802334
-1.8062002278568143,-0.9342414971673179,13.052171798630233
-1.8065212367709587,-0.8098198647593953,13.042939313955557
-1.8068526656865673,-0.6853579076742152,13.03340714132959
-1.8072478854536815,-0.5608700334166598,13.022040290497003
-1.8291178140988305,1.198387533375096,12.393042863460643
-1.8280170743245971,1.3237365020971221,12.424701059381782
-1.8270486642206853,1.449038595761233,12.452553343381425
-1.8261479743471858,1.5742654951268844,12.478457936952857
-1.8252493737010012,1.699370106549208,12.504302442600512
-1.8243578357172656,1.8243578357172656,12.529943820173052
-1.823467168246831,1.949223524677647,12.555560161055475
-1.8226567175514654,2.074057644110288,12.578869400440574
-1.8218889462380317,2.1988314868390035,12.600951145129265
-1.817823357085847,2.319291869385391,12.717880887224162
-1.8178776713302922,2.444732040754531,12.716318764157286
-1.8197373077101668,2.572732055728167,12.662834067561178
-1.819105247492379,2.697293987661114,12.681012647709807
-1.818521219354836,2.8218432714126767,12.697809785084686
-1.817938340791182,2.9463138626615706,12.714573859753692
-1.8174262929283627,3.0708237363272337,12.729300784265362
-2.164152999123002,3.805924239837004,2.7571509149244022
-1.6800145803194597,-1.804460104787568,13.10221919252173
-1.6803114983320244,-1.6803114983320244,13.09304701859277
-1.6806085213141657,-1.5561190012168202,13.08387160202048
-1.680905649322369,-1.4318825901634995,13.07469294105995
-1.6812034301852354,-1.3076026679218498,13.065494112590997
-1.6785935652255128,-1.181232508862398,13.146116150758687
-1.6795940963828067,-1.0575222088336191,13.115208474539351
-1.68209989987317,-0.9344999443739833,13.037801027120196
-1.6824468485164124,-0.8100670011375319,13.027083343565913
-1.6828149013177602,-0.6855912560924209,13.015713725805632
-1.6831831151851238,-0.5610610383950413,13.00433913251188
-1.683552776941168,-0.43647664587363616,12.992919812100716
-1.7049708411512017,1.073500159243349,12.331288648470313
-1.703805378413632,1.1989741551799633,12.367291270353604
-1.702779548459575,1.324384093246336,12.398980458486292
-1.701754952952885,1.4496431080709762,12.430631512974408
-1.7008880449267552,1.5748963378951435,12.457411401225016
-1.7000496265161302,1.7000496265161302,12.48331120912507
-1.6992144417742978,1.8250821782020235,12.509111124895519
-1.6983845411927077,1.9499970658138495,12.534747806255254
-1.6968256339113368,2.073897997002745,12.582904429022413
-1.6937370726943821,2.1955850942334583,12.67831400160928
-1.6940411128723296,2.3214637472694886,12.668921814960058
-1.6954135640719188,2.448930703659438,12.626525057003526
-1.6947648900018837,2.5735318700028604,12.64656342160854
-1.6941167125807015,2.6980377274433396,12.666586444100687
-1.6935477542977262,2.8225795904962103,12.684162286956074
-1.693004069426728,2.9470811578909712,12.700957402066336
-1.6924720218137619,3.0715232988471977,12.717393027518838
-2.0120502503165962,3.8005393617091263,2.8452162928808846
-2.012438039786937,3.950341337359543,2.833236984387412
-2.0148190048966192,4.104260935900521,2.7596859528546673
-1.5562720625365007,-1.6807738275394208,13.078765083098027
-1.5565472351918923,-1.5565472351918923,13.06958461624572
-1.5568237227089268,-1.4322778248922126,13.060360282230405
-1.557100367211694,-1.307964308457823,13.051130710767666
-1.5573771100502998,-1.1836066036382278,13.041897858568667
-1.5548305520246826,-1.0572847753767842,13.126857577798027
-1.5580107498545468,-0.9348064499127281,13.020758006533164
-1.5583516224508007,-0.8103428436744163,13.009385620834749
-1.5586926441958766,-0.6858247634461857,12.998008259148392
-1.5590498329784992,-0.5612579398722597,12.986091523547543
-1.5594178194266246,-0.43663698943945484,12.97381455008044
-1.579601282752081,1.074128872271415,12.300442351231297
-1.5784635480449094,1.199632296514131,12.33840010452277
-1.577419426580591,1.3250323183276964,12.373234679489244
-1.5764697984707672,1.4503522145931058,12.404916713344868
-1.575527686451195,1.575527686451195,12.436347991116783
-1.5747507507977037,1.7007308108615198,12.46226856088817
-1.573974580669905,1.82581051357709,12.488163590755391
-1.5714174219024504,1.9485576031590384,12.57347697797153
-1.5695582119802702,2.0718168398139567,12.635504998298522
-1.5701321850823948,2.1981850591153527,12.616355780762085
-1.5710075745419056,2.3250912103220203,12.587150539040437
-1.570345912146891,2.4497396229491497,12.609225296709248
-1.5697147451238707,2.5743321820031477,12.6302826504091
-1.5691142074141355,2.6988764367523133,12.650318131514375
-1.568514129201479,2.823325432562662,12.670338282616413
-1.5680053774965648,2.947850109693542,12.68731154675261
-1.5675020261752604,3.0723039713035103,12.704104640215064
-1.8615541282836232,3.7975704216985915,2.893770933849332
-1.865682691333184,3.9552473056263504,2.7560314619885347
-1.4321649495008315,-1.681237114631411,13.064453557333493
-1.4324194223259257,-1.5569776329629628,13.05522544067648
-1.4326739855986002,-1.4326739855986002,13.045994044058943
-1.4329286393670853,-1.3083261489873386,13.03675936573186
-1.4332308167134091,-1.1839732833719467,13.025801308414934
-1.4317496396480134,-1.0582497336528796,13.079514213689208
-1.4312693867783834,-0.9334365565945978,13.096929941691478
-1.434175714748204,-0.8106210561620283,12.991535844938277
-1.4345141914039523,-0.6860720045844989,12.979261441713632
-1.4348528278636776,-0.561464150033613,12.966981243411489
-1.4351916242405787,-0.4367974508558283,12.954695245926857
-1.4552965158131523,0.9491064233564037,12.225618242362351
-1.4540847888091608,1.0747583221632928,12.269559901536155
-1.4530368461901457,1.2003347859831637,12.307562139042446
-1.4519904131895975,1.3257303772600673,12.345509632254071
-1.4510620151219789,1.4510620151219789,12.379176746488987
-1.4501885544501962,1.576291907011083,12.410851629539998
-1.4493514240003593,1.701412541217813,12.441209045682072
-1.4465891564411304,1.8239602407301208,12.54137898431896
-1.4452724000108605,1.947975843492899,12.589129395164996
-1.4472138351318928,2.076437241710977,12.518725847075835
-1.4465071416816813,2.2012065199503845,12.544353139879625
-1.445821962827391,2.3258875054179766,12.569200234637066
-1.4452128162324904,2.4505782536116145,12.591290121197183
-1.444604182963776,2.5751639783267306,12.613361392669717
-1.4440339617738234,2.6997156676641048,12.634039701480226
-1.4434815464906887,2.824203025742652,12.654072302894527
-1.4429414392774174,2.948619462871244,12.67365856861668
-1.712899195207596,3.6492200245727044,2.88400160518065
-1.714186793993518,3.8010228910291053,2.837308557309953
-1.7156267989699991,3.9534008845830417,2.7850887027745017
-1.3082229951705506,-1.5574083275839887,13.04085636142996
-1.3084750948456607,-1.4330917705452475,13.030843631735827
-1.3087613166716259,-1.3087613166716259,13.019475660814422
-1.309047663727069,-1.1843764576578242,13.00810271611067
-1.3093341361110633,-1.059937157804194,12.996724793689651
-1.307249142027227,-0.933749387162305,13.079535222406733
-1.308442302592791,-0.8099880920812514,13.032146052946423
-1.3102551103698004,-0.6863241054318002,12.96014614159914
-1.3105659706747228,-0.5616711302891669,12.947799595716198
-1.3109361279563372,-0.436978709318779,12.933097931370547
-1.3296612295951935,0.9497580211394239,12.189386615110337
-1.3285387072491759,1.07548371539219,12.233970222056215
-1.3274631616902417,1.2010380986721234,12.276688035756777
-1.3265066030919828,1.3265066030919828,12.314680003325847
-1.325551422579443,1.4517944152060567,12.352617236989403
-1.3247331343714404,1.5770632552040955,12.385117471807412
-1.3216404501449999,1.6992520073292856,12.507950677265178
-1.3208636617526852,1.8240498186108511,12.53880264959868
-1.32254611198061,1.9523299748285192,12.471980193962139
-1.321894369758728,2.0772625810494296,12.497865664441633
-1.3212481477315545,2.2020802462192575,12.52353188744511
-1.3206030240291577,2.326776756622802,12.54915448790483
-1.319994016277912,2.4514174588018367,12.573342658683657
-1.319437926970496,2.576045476466206,12.59542904938813
-1.3188823060850239,2.70056853150743,12.617496835616777
-1.3183712101786929,2.8250811646686276,12.637796207901303
-1.31786690335464,2.9495116408413367,12.657825935864814
-1.5633524397371223,3.647822359386619,2.9077922694515834
-1.5645493148044336,3.799619764525053,2.860255569845002
-1.565799933621484,3.9517807848542215,2.8105843112047637
-1.1840024895380374,-1.5578980125500492,13.024519212694749
-1.184261515167193,-1.4335797288866021,13.013148475107158
-1.1845206541558366,-1.3092070388038195,13.001772761251402
-1.1847853797912837,-1.1847853797912837,12.990151804116032
-1.185065005825572,-1.0603213210018276,12.977876747516738
-1.1852666419618898,-0.935736822601492,12.969025300647488
-1.183457596215152,-0.8097341447787882,13.048439003983212
-1.1859364782116901,-0.6865948031751891,12.93962075003229
-1.1862714876874971,-0.5619180731151302,12.924914464591822
-1.1866066864872074,-0.4371708844952869,12.91019986818835
-1.2038581784763174,0.9504143514286716,12.15289184024477
-1.202836307204414,1.0762219590776334,12.197750065737722
-1.2018210133723672,1.2018210133723672,12.24231955400088
-1.2008757635273997,1.327283738635547,12.283814243066509
-1.2000105396940492,1.4526443375243754,12.321795940845348
-1.1969268925025998,1.5749038059244735,12.457162248577134
-1.1966250229990667,1.7004671379460423,12.470413751610103
-1.1977115457397,1.828086043497437,12.422717448325471
-1.1970688983757256,1.9531124131393416,12.450928458027242
-1.1964787543585778,2.0780946786227927,12.476834669623962
-1.1958896760353874,2.2029546663809767,12.502694099261767
-1.195305529159239,2.3277002409943073,12.528337047656294
-1.194721952671788,2.4523240081157756,12.553954957060569
-1.194185950919194,2.5769275782993137,12.577484425148754
-1.19368290204508,2.7014928835757077,12.599567323894838
-1.1931830477247298,2.82595984987436,12.621509987743423
-1.4128974385516315,3.4950620848382465,2.976461772030838
-1.413947156137608,3.6464952974075153,2.9303811457617996
-1.4150222705387805,3.7982176735514632,2.883185647106984
-1.416085966886694,3.950134539210252,2.836491379499421
-1.0599633188465258,-1.434068019615888,12.995441264874714
-1.0602103191129524,-1.3096715706689412,12.983322789042028
-1.0604605765270536,-1.1852206443537656,12.971044509068449
-1.0607109521131035,-1.0607109521131035,12.958760431271543
-1.0609681438663985,-0.9361483622350575,12.946141934572076
-1.0596771257579458,-0.8103413314619585,13.00948264255262
-1.0598772475407763,-0.6858029248793259,12.999664147115702
-1.0618676626499237,-0.5621652331676067,12.902009202260082
-1.0621916291219602,-0.43737302375610126,12.886114564093198
-1.078823138308355,0.8249823998828597,12.070129443703507
-1.077891816595675,0.9510810146432427,12.115822510479695
-1.0769612169636547,1.0769612169636547,12.161480150099678
-1.0760515481806772,1.202645847966639,12.206110867797854
-1.0742449650969,1.3270084862961706,12.294746535107933
-1.0722918644453596,1.4507478166025451,12.390570735571004
-1.0721997139541342,1.5767642852266677,12.395091878471135
-1.0728068680623732,1.7038697316284752,12.365303317940985
-1.072160926296766,1.8289804036827184,12.396994901877633
-1.0715157618208497,1.9539405068497848,12.428648349959325
-1.0709626222013608,2.0789274430967595,12.455786819111005
-1.0704346960868165,2.203836139002269,12.481688248097726
-1.0699085350821413,2.3286244587081897,12.507503076200969
-1.0693859730784336,2.4532972323564066,12.533141327951164
-1.0688639212823394,2.57784828073976,12.558754547588144
-1.0683977620189256,2.702417868636106,12.58162553412427
-1.2627321987199864,3.3425264083764343,3.047072358571306
-1.2637107449871725,3.4937885302586533,2.999062332259932
-1.2646505389961902,3.645169200636077,2.9529535925782042
-1.265587418056036,3.796762254168108,2.9069878678883256
-0.935823413499634,-1.3101527788994878,12.964210475878808
-0.9360443911808906,-1.1856562288291281,12.95192317044755
-0.9362954618159454,-1.061134856724738,12.937962567909793
-0.9365599598128276,-0.9365599598128276,12.923255346550746
-0.9368246072886219,-0.811914659650139,12.908539813524037
-0.9353667126881957,-0.6859355893046769,12.989604996850055
-0.9364215540782685,-0.5618529324469611,12.930951298125109
-0.9377033046710929,-0.43759487551317666,12.859680475971594
-0.9525940038052465,0.825581469964547,12.03169383358339
-0.951748613715563,0.951748613715563,12.078701143015884
-0.9509271252138556,1.0777174085757029,12.124379421796576
-0.9488382380601182,1.2018617682094832,12.240530493359344
-0.9474719182528173,1.3264606855539443,12.316503726011724
-0.9477489530764596,1.4532150613839048,12.301099403394929
-0.9478035985673545,1.5796726642789243,12.298060880077777
-0.9471208965639465,1.7048176138151037,12.336022035189501
-0.9464873996603307,1.829875639343306,12.371247176028255
-0.9459175796699487,1.954896331317894,12.402931607790094
-0.9453484453436742,2.0797665797560834,12.434577913691136
-0.9448796617665811,2.204719210788689,12.460644288178138
-0.9444139307067612,2.329554362410011,12.486540929632113
-0.9439504728335545,2.4542712293672415,12.512311172175302
-0.9434894731549471,2.578871226623522,12.537944728571361
-1.112989426440212,3.190569689128608,3.113021429723098
-1.113753537505099,3.3412606125152973,3.0705335821527697
-1.1146127581412852,3.492453308842694,3.022757235104379
-1.1154624697581144,3.6438440678765067,2.975509630255331
-0.8118128969071314,-1.0616014805708642,12.915068787736836
-0.8120423301806566,-0.9369719194392192,12.900348627075559
-0.8122940287450262,-0.8122940287450262,12.884199952348467
-0.8122151563934551,-0.6872589784867698,12.889260306799322
-0.8113215791256793,-0.5616841701639318,12.946591140914265
-0.8130886259788129,-0.4378169524501301,12.833219557209496
-0.8261907744811634,0.8261907744811634,11.99260159452659
-0.8254410243784103,0.952431951205858,12.040704652111735
-0.8232836710216147,1.07660172364365,12.179117827878379
-0.8223991155002995,1.2019679380388995,12.235869837678486
-0.8232976324479383,1.3299423293389774,12.178222079692489
-0.8226024441354343,1.4553735550088451,12.222824518966725
-0.8219111729772114,1.5805984095715604,12.267175638371498
-0.8213188042194642,1.7058159779942719,12.305181299672391
-0.8207272889630425,1.8308531830714023,12.343132201363055
-0.8201964576755016,1.9558530913800425,12.377189693184405
-0.8197027251433953,2.0807838407486186,12.408866973836126
-0.8192239678916073,2.2056029904774044,12.43958345865886
-0.8188200107480338,2.33048772289825,12.465500859227255
-0.818416451762232,2.455249355286696,12.49139271447575
-0.9637235808961451,3.03943590898015,3.1686634816373953
-0.9642854930392222,3.1895597077451194,3.1326118798076976
-0.9649072530381013,3.3400635682088122,3.0927205121101196
-0.9656317623227896,3.491130217628547,3.0462368748097006
-0.6876743664537582,-0.8127060694453507,12.85776392057955
-0.687898564878256,-0.687898564878256,12.840764294376996
-0.6871686201966557,-0.562228871069991,12.896111635749037
-0.6872368269674136,-0.4373325262519905,12.890939924083504
-0.7300633624936539,-0.3318469829516609,9.643659765323846
-0.6995576229442169,0.8267499180249835,11.956727622668538
-0.6976039312272994,0.9512780880372264,12.104864385792702
-0.697217700387837,1.0775182642357481,12.13414996134243
-0.6977229985791109,1.2051579066366462,12.095836220326056
-0.6971209632912536,1.3308672935560297,12.14148495705225
-0.6965261107943139,1.4563727771153836,12.186589065684096
-0.69593806090341,1.5816774111441136,12.231177373368311
-0.6953692827926673,1.7068155123092743,12.274304417175522
-0.6948681833084117,1.831925210540358,12.312299795339868
-0.6943678055689928,1.9568547247853434,12.350240447908043
-0.6939340324529897,2.081802097358969,12.383130870065528
-0.6935163530725398,2.206642941594445,12.414801000469296
-0.8146136643329109,2.7400641436652458,3.232715844549894
-0.8148768439236495,2.8891088102747573,3.2127605095526945
-0.8152638380129161,3.038710668957233,3.1834170613332375
-0.8156756749164905,3.188550365582645,3.1521899310228108
-0.8162014465027434,3.339005917511223,3.1123238148614263
-0.5625925288796052,-0.43757196690635963,12.862410083071978
-0.563191128409068,-0.31288396022726006,12.806935587429898
-0.5726567414526477,0.6999137951087916,11.929721216735523
-0.5717137628498064,0.8258087685608314,12.017110631225776
-0.5716505512648914,0.952750918774819,12.02296868927511
-0.5717835113803076,1.0800355214961366,12.010646769560523
-0.5712651339872188,1.2060041717507952,12.058686774636485
-0.5707718680159515,1.3318010253705534,12.104399608721081
-0.5702794530699709,1.4573808245121478,12.150033575054813
-0.5697947441696111,1.5827631782489198,12.194953392824829
-0.5693137647628431,1.7079412942885293,12.239527584235617
-0.568861601636699,1.8329984941626967,12.281431261295474
-0.5684517219840838,1.9580003757229552,12.319416368004767
-0.6660638842293374,2.442234242174237,3.273325947673605
-0.6662216782296666,2.590862082004259,3.2587025773688154
-0.6663963583461323,2.739629473200766,3.2425143064419615
-0.6666116187791621,2.8886503480430354,3.2225653031997794
-0.6668749262087346,3.037985774950902,3.198163602003227
-0.4380864710296438,-0.312918907878317,12.80110587023583
-0.43914259879341616,-0.18820397091146407,12.675266098925185
-0.44605498135866756,0.5734992617468583,11.851641655878716
-0.4454770490215821,0.7000353627482004,11.920503469407876
-0.516642247127203,0.9594784589505199,3.441025358823545
-0.44464482420145973,1.206893094261105,12.019664749544255
-0.44424535610362526,1.3327360683108758,12.067262185954633
-0.5175596685068482,1.7005531965225011,3.3317127353226965
-0.5176248864715082,1.8486603088268148,3.32394188217436
-0.5176920730246742,1.9968122816666007,3.3159364677012277
-0.5177619280677559,2.145013701994989,3.307613097226728
-0.5178609701123728,2.2933842962119364,3.295812036150366
-0.5179876149775255,2.4419416134654774,3.2807220428605604
-0.31338211108207564,-0.31338211108207564,12.723837624742117
-0.3133257724864823,-0.1879954634918894,12.7332356263098
-0.33273286551184544,-0.06654657310236908,9.49588317271072
-0.31913680336728745,0.44679152471420247,11.763881016872482
-0.3188959411407289,0.574012694053312,11.804059930793784
-0.3694382395065696,0.8127641269144531,3.372955209888282
-0.18821790883972275,-0.18821790883972275,12.671391056418187
-0.18833606208074832,-0.06277868736024944,12.63854192541276
-0.1922184785324147,0.1922184785324147,11.559147018159905
-0.19184913169680004,0.3197485528280001,11.66183334723759
-0.1917615132902759,0.44744353101064377,11.686193140413096
-0.06254936257693733,-0.06254936257693733,12.829813526202294
-0.06254938937552358,0.06254938937552358,12.829791174459857
-0.06408419461599715,0.19225258384799143,11.549665010136792
0.07393754196530074,-0.3696877098265037,3.3313403553975434
0.0641291499176989,-0.19238744975309668,11.51216940065106
0.06254943357684911,-0.06254943357684911,12.829754307714936
0.0625494603754962,0.0625494603754962,12.829731955921751
0.22056445818791834,-3.3084668728187747,3.6783577050734095
0.22053322687240465,-3.1609762518378,3.6870406795383985
0.22051451060643484,-3.013698311621276,3.692244202247032
0.2205037238803473,-2.866548410444515,3.6952431430741584
0.22049893734408008,-2.719486893910321,3.696573902649938
0.22050922019234423,-2.5726075689106827,3.693715050647185
0.22052312705303145,-2.425754397583346,3.6898486455902955
0.2205381644837672,-2.278894366332261,3.6856679178511698
0.2205585953622199,-2.1320664218347924,3.679987696157518
0.2205924890782275,-1.9853324017040475,3.670564517345575
0.22065000960758185,-1.8387500800631822,3.654572578505288
0.22132659167196292,-0.6639797750158888,3.4664682770416704
0.19185456624282926,-0.4476606545666016,11.660322427072224
0.191988437403953,-0.3199807290065883,11.623103377713683
0.1923568679866132,-0.1923568679866132,11.520671786576948
0.1882879621162149,0.0627626540387383,12.651914745511469
0.18818645915013285,0.18818645915013285,12.680134743552387
0.3677513611283608,-3.603963339057936,3.6543481959207824
0.36768716802916357,-3.4562593794741376,3.6650564296020818
0.3676241723401971,-3.3086175510617744,3.6755649198728833
0.36756379097385955,-3.161048602375192,3.685637307541107
0.36753259576931935,-3.0137672853084188,3.6908410684457778
0.36750835781373103,-2.866565190947102,3.6948842708404683
0.3675003801598865,-2.7195028131831602,3.696215045996432
0.367509142594515,-2.572563998161605,3.6947533593230517
0.3675322253942217,-2.4257126876018633,3.690902851770545
0.3675568486276339,-2.27885246149133,3.686795380084895
0.3675824285288795,-2.1319780854675012,3.6825283239136155
0.36763891337431676,-1.9852501322213105,3.6731059259930063
0.3677146457259637,-1.8385732286298184,3.6604727967499713
0.3678458425108621,-1.6920908755499655,3.6385874874488735
0.3679791159961197,-1.5455122871837028,3.616355757846989
0.368114336350714,-1.398834478132713,3.5937992654269166
0.3682520082619954,-0.957455221481188,3.5708338218544995
0.31918621120586416,-0.7022096646529011,11.75563915461963
0.31908252617576655,-0.5743485471163798,11.772935149756528
0.3194961157852392,-0.4472945620993348,11.703943089211478
0.31319565074710454,0.18791739044826272,12.75494160420616
0.5152108243277108,-3.9008819556240963,3.6115822970234603
0.514999964703208,-3.7521425999805147,3.636706650190085
0.5148761460504861,-3.604133022353403,3.6514598945199666
0.5147862672495244,-3.456422080103949,3.6621691364759883
0.5146972822491335,-3.308768243030144,3.672771880275903
0.5146103674881746,-3.161177971713072,3.6831279508364716
0.5145574106114532,-3.0138362621527977,3.689437870416775
0.5145147128595658,-2.8665819716461525,3.6945253944051615
0.5145035440134227,-2.719518732642377,3.695856185141537
0.5145040857776734,-2.5725204288883665,3.6957916328290707
0.5145364006031,-2.4256716028431855,3.691941255648281
0.5145701260432379,-2.2788105581914824,3.6879228008553184
0.5146052155858541,-2.131935893141396,3.6837418104773647
0.5146731513665163,-1.9851678695565629,3.6756471240240955
0.44425397726920735,-1.5866213473900261,12.066234956539311
0.44459388154769125,-1.460808467942414,12.025734670362631
0.44493699703955614,-1.3348109911186683,11.984851761579705
0.44528008410886577,-1.2086173711526358,11.943972239402058
0.4456237006894192,-1.0822289873885895,11.903029624882635
0.44600707539299894,-0.9557294472707121,11.857349749133093
0.4456677368192854,-0.8276686540929585,11.8977826304357
0.4459263749891444,-0.7007414464115126,11.866965366404116
0.44689602928409244,-0.5745806090795474,11.75142908479856
0.43836287617882946,0.18786980407664122,12.768171634477866
0.4378757408013493,0.312768386286678,12.826214805581024
0.662780085401256,-4.050322744118787,3.5776480775980133
0.6624870632532831,-3.9013127058248895,3.6048035547921558
0.6622158981576275,-3.752556756226556,3.6299334557974703
0.6620147856051098,-3.6043027216278203,3.6485713211299426
0.6618992162653693,-3.4565847960524843,3.6592815715030937
0.6617837897451521,-3.3089189487257604,3.6699785862476872
0.6616720320141175,-3.161321930734117,3.6803356003415857
0.6615889555949187,-3.0139052421546295,3.6880346081556112
0.6615328086142552,-2.8666421706617724,3.6932379624531464
0.6615084289349124,-2.7195346522879733,3.695497320085231
0.661494049994801,-2.572476861090893,3.6968298711670258
0.6615355962201719,-2.4256305194739634,3.6929796244079824
0.5698308325068183,-1.962750645301263,12.191608949325307
0.5701695629779799,-1.83721303626238,12.160217507933496
0.5705095304950194,-1.711528591485058,12.128711424794112
0.5708499036698678,-1.585694176860744,12.097167747802324
0.5712552473724988,-1.4598745210630524,12.059603004834145
0.571692376714325,-1.3339488790000917,12.019092565759912
0.5721340853076607,-1.207838624538395,11.978157750027492
0.5725753086988035,-1.0815311386532953,11.937267899828157
0.5719887908453559,-0.9533146514089265,11.991622740591687
0.57252212130267,-0.8269763974371901,11.94219697816817
0.5624084762639434,0.31244915347996854,12.879466939155058
0.5624678115605847,0.4374749645471214,12.873968111486576
0.8105165443799413,-4.199949366332422,3.5433759567409737
0.8101599455986507,-4.050799727993254,3.5704147104690946
0.8097958313741449,-3.9017435511663345,3.598023315326593
0.8094643341770081,-3.752971003911583,3.623158765993324
0.8091787217076968,-3.604523396697922,3.6448150520620644
0.8090260170327866,-3.4567475273219066,3.6563937346450004
0.8088836966590106,-3.309069668150498,3.667185037753491
0.8087470914339515,-3.161465902878174,3.6775429953016996
0.8086272311818401,-3.0139742253141315,3.686631281657867
0.8085586039548234,-2.86670777765801,3.6918348740078883
0.8085150349545808,-2.7195505721199535,3.6951384508274074
0.6953283882699882,-2.2124085081317806,12.277405204350252
0.6957093829528096,-2.0871281488584286,12.248516655255251
0.6961152371414125,-1.9617793046712537,12.217743158454589
0.6965274896497685,-1.836299745440299,12.186484515318185
0.6969419609270203,-1.7106757222754134,12.155057636200901
0.6973575579606396,-1.5849035408196355,12.123545397708376
0.6977736509162018,-1.4589812700975129,12.091995556419704
0.6982883448671723,-1.333095931110056,12.052969391116278
0.6982358704088992,-1.206043776160826,12.056948215578679
0.6979635887372008,-1.078671000775674,12.07759370696003
0.6989644600254328,-0.9531333545801356,12.001703620689646
0.7004505007227824,-0.8278051372178338,11.889026038617757
0.6878031160641099,0.3126377800291409,12.848001607331334
0.6862425997927886,0.43669983623177455,12.966326226939628
0.6872363263489847,0.5622842670128056,12.890977882986121
0.6868487412793026,0.6868487412793026,12.920366141717416
0.9579924594891586,-4.2004284762216955,3.536365282617979
0.9575745220894044,-4.051276824224404,3.563179639473063
0.9571564804665271,-3.902253343440457,3.5900006831573634
0.9567452835263627,-3.753385343064961,3.6163825802974046
0.9563591781572941,-3.604738440746724,3.6411546326572974
0.9561666715082329,-3.45691027391438,3.6535056258633176
0.9559997649000156,-3.309229955423131,3.6642141514866324
0.9558355475760952,-3.161609888136315,3.6747501358899797
0.9556741448772649,-3.014049226151374,3.6851055373600516
0.82053820905714,-2.46161462717142,12.355263338882637
0.8209471840056911,-2.336541985246967,12.329024002030536
0.8213756222023577,-2.2113959059294244,12.301535926776864
0.8218254764602851,-2.0861723633222624,12.272673822997831
0.8222758237247911,-1.960811579651425,12.243780088514441
0.8227614359723481,-1.8353908956306226,12.212623795474258
0.8232487380367932,-1.7098243020764168,12.18135908583129
0.8237391202647186,-1.5841136928167665,12.149896756633865
0.8242303763628398,-1.4582537427957933,12.118378360984167
0.8237388394536284,-1.330655048348169,12.149914773132956
0.8237471885493849,-1.2039381986491011,12.14937910527177
0.8255800804809259,-1.079604720628903,12.031782981167886
0.8266246502024623,-0.9537976733105334,11.964764654285041
0.8272622952582245,-0.8272622952582245,11.923854120597113
0.8124440049254779,0.3124784634328761,12.874577662443905
0.8106814098945648,0.4365207591739964,12.987663622632446
0.8100796455603713,0.560824370003334,13.026272092726813
0.8110675763966563,0.6862879492587092,12.962887648051918
0.8106204242789037,0.8106204242789037,12.99157638579345
0.8101860200788614,0.934830023167917,13.019447232590437
0.8097531207275364,1.05890792710524,13.047221530118229
1.1056452269859098,-4.3488712261445786,3.5213903714640296
1.1047739413976845,-4.198140977311201,3.5698375815148538
1.1041165183598813,-4.0484272339862315,3.6063931178798825
1.1033947182361228,-3.898661337767634,3.6465282959237015
1.1026773205528815,-3.7491028898797967,3.6864186794209886
1.1021403717816969,-3.600325214486877,3.71627533062199
1.1017289096463119,-3.452083916891777,3.7391543874666766
1.1013736315316824,-3.3041208945950475,3.7589093721450837
1.1012325926089117,-3.1568667654788802,3.766751740260837
0.9459488793814474,-2.5855936036426233,12.401191209787413
0.9463806457024283,-2.4605896788263135,12.377183153269414
0.9468521468903933,-2.3355686289963034,12.350965667979565
0.947324118130628,-2.210422942304799,12.324722045770493
0.9478261148980993,-2.0852174527758187,12.296808875660503
0.948345270652891,-1.959913559349308,12.26794159237086
0.9488704888033701,-1.834482945019849,12.238737213918327
0.949432204072966,-1.7089779673313388,12.20750343934128
0.9499945849208629,-1.583324308201438,12.176232655760302
0.94914536194871,-1.4553562216546887,12.223453089872692
0.9493899621700053,-1.3291459470380074,12.209852270049993
0.9517220873444628,-1.205514643969653,12.080176122850219
0.9524500699039762,-1.0794434125578396,12.03969717490169
0.9531791670155116,-0.9531791670155116,11.999156253087577
0.9539181513318364,-0.8267290644875916,11.95806556034448
0.9366324578226196,0.3122108192742066,12.919224146728176
0.936115647105354,0.4368539686491652,12.947961035888575
0.9338801291169504,0.5603280774701702,13.072265409816282
0.933916988431436,0.6848724581830531,13.070215874078116
0.934590126538161,0.8099781096664062,13.032786512580074
0.9340908835488656,0.9340908835488656,13.060546560830225
0.9335934308560232,1.0580725549701595,13.088207060930507
0.9331223507059463,1.1819549775608653,13.114401134710654
1.25204517601087,-4.345333257920078,3.5714055032169796
1.251418377641037,-4.1959322073846534,3.6021578623406256
1.2510244609082635,-4.047432079409087,3.6214844423288497
1.250728109281778,-3.899328811290249,3.6360242243116687
1.2505136520800666,-3.7515409562402,3.6465460527035276
1.2503788802447782,-3.604033243058478,3.6531583096557085
1.250496096778971,-3.457253914624214,3.6474073614589457
1.250271245791836,-3.309541532978389,3.658439136011147
1.0712044888978285,-2.709517236623919,12.44392020957946
1.0716746489030267,-2.584627094413182,12.420852936240372
1.0721539644967566,-2.4596473303160886,12.397336465902598
1.0726522545209394,-2.334596083369103,12.372889060630179
1.07318670976955,-2.209502049525544,12.346667295335578
1.073721697839512,-2.0842832958061117,12.320419388438943
1.0742992948419448,-1.9590163611823697,12.292080976435287
1.0748877769537626,-1.8336320900975949,12.263208512639174
1.0754908144712911,-1.708132470042639,12.23362192276177
1.0744593459683114,-1.580087273482811,12.284228451679219
1.0748590684012236,-1.4542210925428318,12.26461702893419
1.0774077521303635,-1.3309154585139786,12.13957197281512
1.0780504149721664,-1.2048798755571273,12.108041261412964
1.0787534677169808,-1.0787534677169808,12.07354766421814
1.0795787214035248,-0.9525694600619337,12.033058570822
1.0606500688520317,0.3119559026035387,12.961747522494512
1.0600653058510392,0.43649747887983964,12.990437517035396
1.0594965232553302,0.5609099240763512,13.018343471307716
1.0567833691452437,0.6838010035645694,13.151457872312633
1.0583648815049402,0.8093378505626014,13.07386476042111
1.0578161449028094,0.9333671866789495,13.10078720608336
1.0572825127323944,1.0572825127323944,13.126968589019803
1.0567494186889757,1.1810728797112082,13.153123570045445
1.056218218540522,1.3047401523147624,13.179185631655692
1.055696454377551,1.4282952029813927,13.20478473926314
1.4007192995827424,-4.2021578987482275,3.5110591513400564
1.4000297082398936,-4.052717576483903,3.541330913357477
1.3994152563371587,-3.903632030835232,3.568304195379703
1.3988043739633023,-3.7546854248488644,3.595120781802642
1.3982106962927985,-3.60591179570248,3.6211821141307254
1.3976966620725468,-3.457460164074195,3.6437472488958775
1.1963632580143149,-2.833491926876009,12.481904741752416
1.1968343557107572,-2.708625120819082,12.461224439568312
1.1973058246306958,-2.5836599373609754,12.440527841371427
1.1978417648661077,-2.4587278331462215,12.41700107377175
1.198377549041819,-2.3336825955024896,12.393481156899206
1.1989444728874799,-2.2085819237400943,12.368594267126277
1.1995419027466332,-2.0834148837178366,12.342368220778773
1.2001399282160312,-1.9581230407735246,12.31611602826257
1.2007951681401259,-1.8327926250559816,12.287352228872962
1.199537159943954,-1.7046054378150926,12.342576420889586
1.2000745503366728,-1.579045460969306,12.318985994113596
1.2028474767913702,-1.4560785245369219,12.19725974189349
1.2035601026110854,-1.3302506397280418,12.165976809696623
1.2042792391561068,-1.2042792391561068,12.13440806891316
1.204997649739789,-1.0781557918724427,12.10287119646609
1.2058166746461636,-0.9519605326153923,12.06691754462689
1.1844723687352905,0.3117032549303396,13.003892400331623
1.1838392910334368,0.43615131774916094,13.031683319878091
1.1832068897057872,0.5604664214395835,13.05944454787005
1.1808002356391085,0.6836211890542208,13.165092131645956
1.1798882478529236,0.8072919590572636,13.20512667893614
1.1813825424916575,0.9326704282828876,13.139529956824184
1.1807870199033879,1.0564936493872417,13.165672277569726
1.1801991203134234,1.1801991203134234,13.191479963037494
1.1796162487304278,1.3037863801757361,13.217066928462948
1.179033952595372,1.4272516268259765,13.242628632806934
1.1784548432235817,1.5505984779257656,13.268050444241617
1.5475777825005508,-4.053179906549062,3.5343197683795324
1.5469043019588553,-3.9040918097056827,3.5610686272001715
1.5462289572193484,-3.755127467532703,3.5878915270078764
1.5455613908243688,-3.6063099119235273,3.6144054916248223
1.5449288700409083,-3.457697947234414,3.639527537608977
1.321894245359526,-2.8326305257704125,12.49787060524762
1.3223815218130768,-2.707733592283919,12.478517278379648
1.3229022759256466,-2.582809205378643,12.457834307788794
1.3234356278748192,-2.4578090231960927,12.43665098457916
1.3240273677773609,-2.3328101241791597,12.413148646899465
1.324619636908726,-2.2076993948478765,12.389625289656173
1.3252573058481738,-2.082547194904273,12.364298772586118
1.3259177308605121,-1.9573071265083748,12.338068444725145
1.324419765505382,-1.8289606285550513,12.397563651077675
1.3251066504991966,-1.7037085506418241,12.370282403011757
1.3280409503091914,-1.581001131320466,12.253739806016455
1.3288051363843791,-1.4553580065162246,12.223388364256259
1.329591995789031,-1.329591995789031,12.192136398054316
1.3303822750628935,-1.2036792012473798,12.16074860372813
1.3311755165660402,-1.0776182753153658,12.129243157520385
1.331969704522581,-0.9514069318018434,12.097700120696963
1.3081182559809192,0.3114567276145046,13.045016323927733
1.3074196446064805,0.4358065482021602,13.072763312694939
1.3067402570855287,0.5600315387509409,13.099746781046825
1.306081037954944,0.6841376865478278,13.125929214486533
1.3030819401337015,0.80666977246372,13.24504541643018
1.302944916851967,0.9306749406085478,13.250487617342223
1.304121207852348,1.0557171682614246,13.203768462217155
1.3034772868632685,1.1793365928762904,13.22934329409749
1.3028340013768214,1.3028340013768214,13.254892885500709
1.3022025931318075,1.426221887715789,13.279970744411898
1.301577952885751,1.5494975629592274,13.304779796375584
1.6944426321483375,-3.904585195820082,3.5533041797690217
1.6936882574352785,-3.755569614313009,3.580660569798603
1.6929446259073782,-3.606708116063545,3.6076273725868973
1.4469633185517825,-2.9568380857362513,12.527810495799784
1.447412848704824,-2.831894703987699,12.511508886024465
1.447862658387809,-2.7068736656815555,12.495197139469596
1.448416043238353,-2.581959033598803,12.475129377989944
1.4489864665842782,-2.456977052034211,12.45444373826345
1.4495832706635254,-2.331938304980454,12.432801436525985
1.4502314617003524,-2.206873963457058,12.409295655499456
1.4508802323075243,-2.0816977246151436,12.385768857129506
1.449195780145501,-1.9532638775874145,12.446853261912416
1.4499535834182182,-1.8282023443099276,12.419372539752352
1.453059280727569,-1.7057652425932333,12.306748580547882
1.453855019205464,-1.5802771947885477,12.277892188908552
1.4546516296232364,-1.4546516296232364,12.249004177535731
1.4554991469675294,-1.3289340037529616,12.218270094558186
1.4563611127056322,-1.2030809191916092,12.187012059903147
1.4572276336689445,-1.0770812944509591,12.155588836098275
1.431568713766863,0.311210589949318,13.086075248789562
1.430844956543274,0.4354745519914312,13.11232133651292
1.4301233043343369,0.5596134669134362,13.138491088695282
1.4294023796946342,0.6836272250713468,13.164634456552449
1.428690132076937,0.8075205094347905,13.190463163811685
1.4251052872392236,0.9294164916777544,13.320462767295709
1.4267466439572838,1.054551867272775,13.26094116115005
1.4265777983917296,1.178477311714907,13.26706411976214
1.425893327191454,1.3019026030878493,13.291885552393182
1.4252095124939586,1.4252095124939586,13.31668317782895
1.4245263533345733,1.5483982101462754,13.341457031051895
1.4239154589044136,1.6715529300182248,13.363610300520044
1.5723247879838043,-3.0817565844482564,12.543204913979828
1.5725021060598092,-2.956303959392441,12.537289127337573
1.5728662579939017,-2.831159264389023,12.525140083111566
1.5733549274680934,-2.7061704752451208,12.508836813794453
1.5738472081276176,-2.581109421329293,12.492413066055555
1.5744668254364433,-2.4561682476808517,12.471741040498728
1.5750869309566264,-2.3311286578158072,12.45105272695654
1.5757493919924626,-2.2060491487894476,12.428951324577788
1.5738161505802366,-2.077437318765912,12.493449225639942
1.5746477892269575,-1.9525632586414272,12.465703623452626
1.5779448357447574,-1.8304160094639186,12.355705679710297
1.5787313126827083,-1.7050298176973249,12.329466788172581
1.5795539208921483,-1.5795539208921483,12.302022464577071
1.5804190091775,-1.4539854884433,12.273160896494687
1.581285045524586,-1.3282794382406522,12.244267698636769
1.5822177336169974,-1.202485477548918,12.213150827290143
1.5831548347026236,-1.0765452875977841,12.181886727150491
1.5541055088724829,0.4351495424842952,13.151046880386225
1.5533230707104908,0.5591963054557767,13.177151027980138
1.5525557102034222,0.6831245124895058,13.202752146263101
1.551789107386772,0.8069303358411214,13.228327986046779
1.549180584504193,0.9295083507025158,13.315355012125849
1.547395341601825,1.0522288322892408,13.374915302610354
1.5495270847978835,1.1776405844463915,13.30379487198033
1.5487841501465436,1.3009786861230968,13.328581080952851
1.5480616904617677,1.4242167552248264,13.352684192429457
1.5474318426169593,1.5474318426169593,13.373697534954474
1.5468025070863176,1.6705467076532232,13.394693785362477
1.6293488044330842,1.8900446131423776,10.640737199470621
1.6979506795200794,-3.081466048017922,12.548150343501419
1.6981421469333664,-2.95602521873586,12.542235672305736
1.6983336575456212,-2.8305560959093685,12.536319666639152
1.698782012983515,-2.7054676503070794,12.522469398604436
1.6993098297826625,-2.5804334452255246,12.506164468355884
1.6998645985321652,-2.455359975657572,12.489026958183175
1.700533871554459,-2.3303612313894435,12.468352265821423
1.6982889301242658,-2.2014856501610853,12.537701353403534
1.699280720375846,-2.076898658237145,12.507063694845996
1.7026951385413573,-1.954946270177114,12.401587987900001
1.7034708549025788,-1.8296538811916585,12.377625125818298
1.7043195427392852,-1.7043195427392852,12.35140808232395
1.7051690765350398,-1.5788602560509628,12.32516490608186
1.7060712539724765,-1.4533199570876651,12.297295500990955
1.70700571694337,-1.3276711131781767,12.268428754830389
1.7079498355867662,-1.2018906250425392,12.239263732701886
1.6771908977735095,0.4348272697931321,13.189446327069433
1.6763625414195658,0.5587875138065219,13.215035305278946
1.6755350029039717,0.6826253715534699,13.240599019424728
1.6747102151948177,0.8063419554641715,13.266077757671297
1.6739066748918756,0.9299481527177087,13.290900136596207
1.6703568475720756,1.0517061632861218,13.40055880403012
1.6694837075655968,1.1748218682869014,13.427531206056457
1.6715799475158812,1.3001177369567967,13.362775695756625
1.6708999775894955,1.4233592401688295,13.383780829050494
1.670220560638273,1.546500519109512,13.404768880240333
1.6695475119064556,1.6695475119064556,13.425560209057238
1.6689003678843812,1.7925226173572983,13.445551308540495
1.7574521952953934,2.0178154834873037,10.710073067509704
1.823559655083077,-3.0811870034162334,12.552900162343207
1.823758497627389,-2.9557465306374926,12.547181284573327
1.8239641554113897,-2.830289206672846,12.541266394813725
1.8241698596176472,-2.7048035849503047,12.535350169911212
1.824710585477448,-2.5797632415370813,12.519798442236876
1.8252775577794618,-2.4546836121861726,12.503491844947327
1.8226342500660628,-2.325429905256701,12.579515584099397
1.8239072097476852,-2.2012673221092753,12.542904199697873
1.8273366931322534,-2.0793831335642885,12.444269391146001
1.8281370865142093,-1.9542155062738098,12.421249408500614
1.8289547296328144,-1.8289547296328144,12.39773330901162
1.8298031821554135,-1.7036098592481437,12.373331105312808
1.8307148845038805,-1.5782024866412763,12.34710978375692
1.8316274957613432,-1.4526700828452033,12.320862321218641
1.8326112860376287,-1.327063345061731,12.292567690606568
1.8336151486202708,-1.201334062889143,12.263695763686947
1.8001106676458993,0.43450947150073427,13.227312640038427
1.7992222512836646,0.558379319363896,13.252864237167508
1.7983483291953493,0.6821321248672014,13.277998966864146
1.7974856648285615,0.8057694359576311,13.302809915080282
1.7966238277006723,0.9292881867417271,13.327597071214285
1.7957805920114114,1.0526989677308274,13.351849234425984
1.7917743778482556,1.1739211441074777,13.467071302209938
1.7923554932056112,1.2979125985282012,13.450357938827793
1.7935904330942398,1.4225027572816384,13.414840035450254
1.7928838942885066,1.545589564041816,13.435160682038472
1.7921890723735607,1.6685898260029703,13.455144341054492
1.791494788798515,1.791494788798515,13.475112516965034
1.8862466700314162,2.0163326472749623,10.749969217717513
1.8853355924522153,2.1453818810663137,10.776172570387125
1.9492529629314375,-3.081077263988401,12.554768116064054
1.9493558165197504,-2.9554749476267186,12.552000809618072
1.9495709644722594,-2.8300223677823118,12.54621218983744
1.9497908136820394,-2.7045485480105707,12.540297081328852
1.950046218646376,-2.579093385951659,12.533425334647603
1.9471028960633523,-2.449581062789379,12.612616305912702
1.9489360388782913,-2.3261494657579607,12.563295052163639
1.9519481452676546,-2.203812422076384,12.482253432090033
1.9527167683784727,-2.0786984953706322,12.461573398228445
1.9534859972396532,-1.9534859972396532,12.440877066472844
1.9543586676470686,-1.8282710116698384,12.417397609088148
1.9552328279693139,-1.7029447211345636,12.393878065100928
1.9561561286872309,-1.5775452650703474,12.369036384123334
1.9571308661091515,-1.4520648361454995,12.342810783295363
1.9581065754235478,-1.326459293028855,12.316559033410691
2.028476619365604,0.4580431075986848,10.42323202947287
1.9219294754500313,0.5579795251306543,13.289914689695593
1.921007741730835,0.6816479083561028,13.314714210105599
1.9200868916921285,0.8051977287741183,13.339489954828679
1.9192524423146187,0.9286705366038477,13.361941064013145
1.9184717109782676,1.052065131826792,13.382946873291175
1.9168257479050255,1.1748286841998543,13.427232000306581
1.9131751432874102,1.2960218712592133,13.525452605496518
1.9161743676025356,1.421677756608333,13.444757581469396
1.9154319033233038,1.544703147841374,13.464733804171296
1.914690014184927,1.6676332381610655,13.484694552537086
1.9140423678650647,1.7905557634866733,13.502119669784506
2.0149131739983277,2.0149131739983277,10.788160569256718
2.0139406339112105,2.1438722877119334,10.81432705013696
2.0130182430559462,2.27276253248252,10.83914425098871
2.075026979053038,-3.0811006658666322,12.554369775865098
2.0750081301256063,-2.9553146095728335,12.554846176359248
2.075156292269857,-2.8297585803679866,12.551101426479356
2.0742248944467363,-2.702777892763929,12.574642202727595
2.0717724922117116,-2.5740203691115204,12.63662586948341
2.073812813570085,-2.4508696887646457,12.58505741250437
2.0766061909864404,-2.3283160323181304,12.51445570923326
2.0772514981299235,-2.203145528319616,12.498145781617978
2.078014307889445,-2.078014307889445,12.478866013700227
2.078832625335378,-1.952842769254446,12.458183307109614
2.0796688809709245,-1.8275878044896003,12.437047218626205
2.0805987434714805,-1.7023080628403022,12.41354524715512
2.0815294376203672,-1.5769162406214903,12.390022256043672
2.0825296994856637,-1.4514600935809172,12.364740963586165
2.157383377950828,0.4576267771410847,10.472838650348855
2.1560594488534686,0.5880162133236733,10.506300526548046
2.043507503201831,0.6811691677339435,13.351014249425319
2.042676050479519,0.8046905653404165,13.372028945842956
2.041845274101935,0.9281114882281521,13.39302654786816
2.0410151732194173,1.051432058931215,13.414007076975842
2.0402096412432855,1.1746661570794674,13.434366634986603
2.0364607818108946,1.2959295884251147,13.529117834627954
2.0350543900108558,1.4183712415227177,13.564663928746086
2.0378582651455606,1.543832019049667,13.493796899067043
2.0372249323080815,1.6668203991611577,13.509804180002916
2.0365919930071597,1.7897323574911403,13.525801514430647
2.143398646372967,2.0134956981079384,10.826298180523729
2.1424665898990414,2.1424665898990414,10.849855603956279
2.1415414880334036,2.271331881247549,10.873237251932267
2.1406171847277906,2.400085934391765,10.896598716564036
2.2008937013418555,-3.2070165362409893,12.551807734581011
2.2008029057859693,-3.081124068100357,12.553971429615025
2.2007829142040443,-2.9553370562168597,12.554447837145219
2.198964772580393,-2.8272404218890768,12.597774891688964
2.196806448202837,-2.6989336363634853,12.649208639650617
2.199582659396831,-2.576653972436288,12.583050397485977
2.2014580806511366,-2.4530532898684094,12.53835834604137
2.2018891671034946,-2.327711405223694,12.528085380508095
2.2025732280424415,-2.2025732280424415,12.511783930044913
2.2032577144029006,-2.0773572735798775,12.495472341614033
2.2040967343653195,-1.9521999647235686,12.475478154581445
2.2049647588298096,-1.8269708001732707,12.454792778464956
2.205870956082918,-1.7016718804068227,12.433197729266318
2.2068573181176507,-1.5763266557983218,12.409692320709148
2.207844562656679,-1.450869284031532,12.386165881715577
2.2846822121955372,0.5874897117074239,10.555093434291209
2.283355174999942,0.7176259121428389,10.586717270524417
2.1651706623493228,0.8042062460154626,13.40310228653648
2.1642949235213127,0.9275549672234197,13.423971499073986
2.1634559814436125,1.0508214767011832,13.443963830082033
2.1626176895019964,1.1739924600153695,13.463940668082728
2.1617800469483934,1.297068028169036,13.483902030902875
2.1573532896239547,1.4176893046100274,13.589393458827338
2.1571915534179875,1.5408511095842767,13.593247698412682
2.1596996406560924,1.6660540085061284,13.53347895919444
2.159031788395454,1.7889120532419476,13.549394150259552
2.27186374505586,2.012222174192333,10.860562721008627
2.2708829643016664,2.141118223484428,10.883935125379999
2.2699167673173153,2.2699167673173153,10.906959992583083
2.269099163174879,2.398761972499158,10.926443831913147
2.3267903923506754,-3.2071975678347147,12.548847107553833
2.326633320016734,-3.081217099481621,12.552387875570496
2.324634026345809,-2.9529134929257577,12.59745650674386
2.322191127844827,-2.8242865068383027,12.652525000750458
2.3253903447698567,-2.702480670948752,12.580407367541
2.326773889432197,-2.578317012614056,12.549219120908852
2.327036260033204,-2.4528220038187825,12.543304690217916
2.3272986898503776,-2.3272986898503776,12.537388924659759
2.3278298664447536,-2.2020012250153074,12.525414994882453
2.3285530904676306,-2.0768176212278866,12.509111878828634
2.329276764021249,-1.9515562076934787,12.492798629328448
2.3301954277333645,-1.8263693893045292,12.472089857717847
2.3311131720129508,-1.7010825849824236,12.45140181220976
2.4131908945616765,0.5869923797582456,10.60118307801698
2.4117904000379364,0.7170187675788461,10.632753413115147
2.4104560570393843,0.8469169930138377,10.662832542227129
2.2866564539074834,0.92702288671925,13.453557453780249
2.2857705892833593,1.0502189194004625,13.473526859273193
2.2848996010561016,1.173326822163944,13.493160916911393
2.284189483068387,1.296431868768544,13.509168593093882
2.2834798062714725,1.419460420114699,13.525166323831286
2.2783275452762233,1.5394105035650159,13.64131001691684
2.2820974634117013,1.6653143651923226,13.556327479097355
2.281457147317718,1.7881691154652384,13.570761661675817
2.400173323217179,2.010956027560339,10.894628773479376
2.399230513517667,2.139854241786027,10.915881850619527
2.398366474179077,2.2687250431423704,10.935359264486472
2.3975030569526274,2.3975030569526274,10.954822654529416
2.396633801042175,2.5261815740714813,10.974417661802825
2.4527241819751926,-3.2074085456598675,12.545396733845962
2.450331558067206,-3.0786217011613615,12.596566016874547
2.447783947791277,-2.949893475543334,12.651049879056323
2.4511539955784896,-2.8282546102828725,12.578977152344812
2.452293661418577,-2.7038109600256104,12.55460395949374
2.452326949182931,-2.5780873055512865,12.553892058626268
2.452590761391643,-2.452590761391643,12.54825010147249
2.4528673244344588,-2.3270792565147427,12.5423354516331
2.4531439498698253,-2.201539442190869,12.536419467450237
2.4537833853981206,-2.076278249183025,12.522744331371953
2.4545457802208364,-1.9510492099191263,12.506439555542855
2.4553436757236202,-1.8257683742560253,12.489375552849864
2.5414821860709855,0.5864958890933043,10.64719475673202
2.5401595140064983,0.7164552475402943,10.675481768742493
2.5388685583633457,0.8462895194544486,10.703090485039823
2.537578914228321,0.9759918900878157,10.730671153080038
2.4080482425973018,1.0496620544654904,13.50084810209676
2.407299963138286,1.1727871615289087,13.516851003052082
2.4065521485771098,1.2958357723107514,13.53284396158017
2.4058047984806534,1.418807958078334,13.548826986943823
2.402092938673667,1.5398031658164533,13.628209795245667
2.400276816666603,1.6617301038461099,13.667049857272843
2.4037808615940293,1.7874267945186373,13.59211143254263
2.5285016099195268,2.0098346130129574,10.924800766080587
2.52759116605138,2.1387309866588597,10.944271757662406
2.526681377763516,2.2675345697877707,10.963728728832173
2.5257705914294672,2.396243894433084,10.98320704447967
2.5249062942568377,2.5249062942568377,11.001691130716324
2.5761798712859014,-3.2045164252580727,12.592695051510972
2.573685215619545,-3.0758676967160414,12.643443907095723
2.577229915804861,-2.9543855132397185,12.571333964139725
2.578104212601836,-2.8296265748068934,12.553548117986175
2.5780718920193464,-2.7038314965080947,12.554205616572176
2.5780484734943587,-2.5780484734943587,12.55468202033348
2.5781315132264164,-2.452369000386103,12.552992740555581
2.5784122823441775,-2.3268598645545016,12.547281045910871
2.578703038864678,-2.201331862445457,12.541366177230508
2.5789938609673118,-2.0757755466322267,12.535449974410838
2.668446070593567,0.7159245555251033,10.715720971614417
2.667088709519672,0.8456622737501399,10.743333808946815
2.6658003195084836,0.975292799820177,10.76954356586694
2.6645131738150662,1.1047981452403932,10.795728009593077
2.663227270483631,1.2341784911997316,10.821887179911855
2.5288388917336224,1.2952589445464895,13.55575402872364
2.52812933640352,1.4182188960312427,13.570188534239733
2.527420179143489,1.541109865331396,13.584614941804318
2.5223965518700138,1.6610904122070822,13.68681074319344
2.6577300776193242,1.8798578597795221,10.933716740421772
2.656773260039177,2.008779781980841,10.95318130936036
2.655808973432819,2.137602344470318,10.972797820924796
2.6548670868519646,2.2663499521907013,10.9919586480937
2.653984821218412,2.3950594728068597,11.009906604530492
2.653103141779221,2.523683476326576,11.027842635997672
2.704200574007263,-2.9557541157753806,12.54704667835508
2.7040180180176097,-2.829786297925405,12.550587688181032
2.703852033302547,-2.703852033302547,12.553807267599424
2.703827472037385,-2.5780680547333206,12.55428367859772
2.7039403918038993,-2.326646383645216,12.552093391642309
2.7965718106099633,0.7154020910862697,10.755336326558137
2.795221170091667,0.8450668653765505,10.781534488314882
2.7938718335621995,0.9746064535682092,10.807707356805352
2.792556461411136,1.1040339498602165,10.833221423588533
2.791350284992323,1.233387335229166,10.856617437923333
2.7901451499741836,1.362629026731578,10.879993252373033
2.7889244286284622,1.4917502757780146,10.903671392368011
2.787919821421613,1.620883617105589,10.923157600393388
2.782629035168106,1.7472321848729966,11.025782149421858
2.7815950542648817,1.8759594552018972,11.045838114417052
2.784907468794847,2.0077239891311685,10.981587730628128
2.7839490987645212,2.136519075796028,11.000177083410875
2.783024077322582,2.265252155960241,11.018119578868479
2.7820996703893273,2.3938997163815143,11.036050154797742
2.78118408888725,2.5224692899209944,11.053809545226187
2.9231733284459644,0.8444722948843898,10.819681410226345
2.9218647757642495,0.9739549252547498,10.843935121252272
2.9206029971823892,1.1033389100466804,10.867321885523026
2.919342307903479,1.2326111966703577,10.890688459824112
2.9181604272466553,1.3618081993817723,10.912594335161259
2.917109441049302,1.490967047647421,10.93207411299445
2.9160592118606794,1.620032895478155,10.951539859851863
2.9149996879095825,1.7489998127457496,10.971177882908954
2.909091796041289,1.8747480463377195,11.080679245863806
2.909451786506275,2.004289008482101,11.074006908684055
2.9120240804882704,2.1354843256913982,11.026330054870819
2.911056971951054,2.2641554226285976,11.044255180332037
2.9101433819950637,2.3927845585292746,11.061188351688763
2.909274192916816,2.521370967194574,11.07729856339462
3.0511219480922946,0.8439273473446772,10.85464458367229
3.0498046115159068,0.9733418972923107,10.878022101301838
3.048488411981402,1.1026447447592307,10.901379440931976
3.0473537993194157,1.2319089827035936,10.921514331273393
3.04625646484897,1.3610933140814547,10.940987681052164
3.0451599203816357,1.4901846418888856,10.960447011398081
3.0440598835770656,1.6191807891367371,10.979968316926929
3.043006430173717,1.7481100769083058,10.998662951198924
3.041995303534227,1.8769758255849487,11.016606452703456
3.035455543355352,2.002108975404594,11.132661348327716
3.0382275688589067,2.13322361217753,11.083468851709569
3.0390674016009234,2.2631352990645177,11.068565139868355
3.038159830153684,2.391742845014602,11.084670945998866
3.037415683862714,2.520408758949912,11.097876601522223
3.1776490424954287,0.9727497068863558,10.910950423972501
3.176504566019383,1.1020526045373369,10.930431381127804
3.1753609136461898,1.231262395087298,10.949898310635788
3.174205945870537,1.3603739768016587,10.969557847746579
3.1730780904674827,1.4894040016480021,10.988755885665356
3.1720133648324524,1.6183741657308433,11.006879346402478
3.170959532018639,1.7472634156021072,11.024817392596034
3.16990639919925,1.8760670525873113,11.04274352368109
3.1671153042376954,2.0036851924769095,11.090252758252937
3.1622369424838257,2.1296697775911477,11.17329086196613
3.167010230075252,2.2621501643394657,11.092041301136547
3.166441115060678,2.3909861481070425,11.101728617081797
3.1659469297895444,2.5198353114651475,11.110140499977803
3.3044228084906,1.1014742694968667,10.958806003198163
3.3032278370738895,1.2306142922432137,10.978348805646192
3.3020782896735335,1.3596792957479256,10.997148734611557
3.300981047960099,1.4886777275114174,11.015093245872258
3.299884535205429,1.617590458434034,11.03302583559499
3.298779989171816,1.7464129354439026,11.051089803174293
3.297794539467946,1.8752165028347143,11.067206045467529
3.296809678974853,2.0039431382004005,11.08331265168944
3.2921006201399075,2.1301827542081755,11.160325545253706
3.28996107166474,2.2578164217307037,11.195316150546404
3.294938885650032,2.39044585821669,11.113907981298823
3.294675428262782,2.519457680436245,11.118216616300884
3.4287703310167954,1.4879569361016283,11.0412317823248
3.4276749823654016,1.6168278218704726,11.058469350984168
3.4266511683224077,1.7456524819755663,11.074581175139947
3.4256279657038973,1.8744002076493023,11.090683377271276
3.4249712029937482,2.0032850432604943,11.101018892173038
3.424436662252548,2.132196412345926,11.10943099248096
3.4189472177481006,2.257795332475161,11.195818716085476
3.418422299792671,2.3864457564590347,11.204079382025718
3.5545162250163758,1.7449443286444026,11.096456929546697
3.553961419029113,1.8739069300335323,11.104870453789367
3.5534067862083947,2.002829279499277,11.113281351995283
3.553105310467056,2.1318631862802335,11.117853172625487
3.552818456007377,2.2608844720046943,11.122203264380154
0.0,0.0,65.0
