-3.7888727521115317,-2.3552452242855466,9.590181967248682
-3.7920507522030222,-2.1522450215206343,9.51854260977197
-3.790879921470331,-1.9466680677820618,9.544935800139896
-3.586410884225794,-2.356784295348379,9.534369613587785
-3.5828651164716,-2.1497190698829605,9.618866701651186
-3.584471892195225,-1.9458561700488366,9.580576582492455
-3.583708174523544,-1.7406582561971502,9.59877628530245
-3.5830104644035043,-1.5355759133157876,9.615403001303804
-3.3808633368119025,-2.5612601036453806,9.549781669976156
-3.3799932100205745,-2.355752843347673,9.571773840876475
-3.3753995820483707,-2.1479815522126,9.687876289880478
-3.3785303860639635,-1.9452144647034944,9.608746239349301
-3.3778799785824063,-1.7401199889666943,9.625185076346185
-3.3774127864067403,-1.535187630184882,9.636993206233612
-3.377008134955499,-1.3303365380127723,9.647220639705907
-3.3766018327807297,-1.1255339442602434,9.657489794677048
-3.174655239564694,-2.5602058383586237,9.584954668924198
-3.174018421654071,-2.3549168934852784,9.602088444593932
-3.1734004973989514,-2.1497229175928383,9.618713880831677
-3.169346421252382,-1.942502645283718,9.727790007750698
-3.172493171670362,-1.739754319948263,9.643125749960547
-3.1721130991925457,-1.5348934350931671,9.653351713245371
-3.171801831617307,-1.3301104455169352,9.661726460121116
-3.1715392430000073,-1.125384892677422,9.668791485126206
-3.1712746235515192,-0.9206926326439894,9.675911150249647
-2.9688964156182966,-2.559393461739911,9.612057640362522
-2.968354053060352,-2.354211835185796,9.627656440843467
-2.9679585838009417,-2.1492113882696477,9.639030467283007
-2.96575809465384,-1.9430828896007917,9.702318374354235
-2.965428707467426,-1.7383547595498705,9.711791825142043
-2.9670221632520213,-1.5346666361648384,9.665962704943766
-2.966776540272931,-1.3299343111568314,9.673027027117627
-2.9665291832605853,-1.1252352074436702,9.680141221537255
-2.966283918112853,-0.9205708711384716,9.687195252182178
-2.7634043685224365,-2.5587077486318854,9.634934791616743
-2.7630732741657824,-2.353729085400481,9.64516271615355
-2.7627422591416093,-2.1487995348879183,9.655388190009404
-2.7624915233294725,-1.9439755164170363,9.663133737203637
-2.759342497568261,-1.7373637947652014,9.760411136237508
-2.76203240852598,-1.5344624491811,9.677316375685606
-2.7618040430969812,-1.32975750223188,9.684370873376892
-2.761572773899781,-1.1250852041813924,9.691515072150182
-2.761336171953006,-0.920445390651002,9.698824006320265
-2.7610996105543406,-0.7158406397733476,9.706131687907842
-2.558217399960114,-2.558217399960114,9.651294083279893
-2.557947321896456,-2.3533115361447394,9.66030458146119
-2.5577355498874725,-2.148497861905477,9.667369839838528
-2.557522092020425,-1.9437167899355234,9.674491342772768
-2.557310628561999,-1.7389712274221596,9.681546307110679
-2.5542700340145283,-1.532562020408717,9.782988354158022
-2.556880467859645,-1.3295778432870156,9.695897573458382
-2.556661414539666,-1.1249310223974531,9.703205755080177
-2.556465155859605,-0.9203274561094578,9.709753448942479
-2.556288685925781,-0.7157608320592186,9.71564093938224
-2.4670174699251097,2.2696560723311006,12.693958091547685
-2.4662386705422574,2.4662386705422574,12.719940840119477
-2.465585665205777,2.6628325184222392,12.741726776070891
-2.464954477236813,2.8593471935947035,12.76278482858126
-2.352999903518715,-2.352999903518715,9.67160552185048
-2.3528036731475837,-2.14821204939562,9.678721553810973
-2.352609146097621,-1.9434597293849913,9.685775817107412
-2.3524107347353405,-1.7387383691522085,9.69297093979496
-2.3522091918906907,-1.5340494729721896,9.700279621502432
-2.3497998641281694,-1.3281477492898353,9.787650670451526
-2.3518505962028233,-1.1247981112274374,9.713283614518645
-2.3516882572969675,-0.9202258398118569,9.719170617819103
-2.3515498861594475,-0.7156890957876579,9.724188462056603
-2.2729900384567845,1.6800361153811016,12.573056269017343
-2.272024819415812,1.8768900682130623,12.608058646604675
-2.2711175051534522,2.073629026444457,12.640961184840435
-2.2702474110217916,2.2702474110217916,12.672513984816533
-2.2695129435881403,2.4668618952045005,12.699148463983406
-2.2688114371078494,2.6633873392135627,12.724587658260347
-2.2656264454350117,2.8566594312006672,12.840087121504325
-2.1479269711361093,-2.1479269711361093,9.69004410530934
-2.1477429411638016,-1.9431959943862966,9.697353287153902
-2.147558942750888,-1.7385000965126236,9.704661215543126
-2.1474012045173856,-1.533858003226704,9.710926159334903
-2.145265121293771,-1.3280212655628103,9.79576571302681
-2.1471160331224692,-1.1246798268736744,9.722252409924266
-2.146994298249591,-0.920140413535539,9.727087395831902
-2.1468900433837503,-0.7156300144612501,9.731228122274743
-2.077150100006559,1.4836786428618276,12.501113492474062
-2.076127182256997,1.6806743856366166,12.541741069329177
-2.075166887220717,1.877531945580649,12.579881438295075
-2.074285746080723,2.074285746080723,12.614878024678148
-2.0734731288523656,2.2709467601716384,12.647153023242822
-2.0727038418035733,2.4675045735756824,12.677707062129954
-2.0696507083665585,2.660979482185575,12.798969415251108
-2.0714130450414943,2.860522776485873,12.72897408206208
-2.0708868552576516,3.0570234529993905,12.749872943082522
-2.3217224676345536,3.6484210205685836,2.787348464248552
-1.943096174738216,-2.147632614184344,9.701735181826294
-1.9429405099312431,-1.9429405099312431,9.708568573863545
-1.9428063890462928,-1.7383004533572093,9.714456228273477
-1.9426728971815568,-1.5336891293538606,9.720316269879945
-1.9425627511018573,-1.3291218823328497,9.72515147546423
-1.8663749431405912,-1.080532861818237,13.069652845949278
-1.9424248445156398,-0.9200959789810924,9.731205315034444
-1.9424257110273082,-0.715630525115324,9.73116727680312
-1.8810547871273453,1.2870374859292364,12.42523532500988
-1.8800780499905503,1.4842721447293816,12.468112246922061
-1.8791458068357088,1.6813409850635288,12.50903596677206
-1.8782204875673807,1.8782204875673807,12.54965574103612
-1.8773764938340665,2.0749950721323893,12.586705477382182
-1.8765821976243489,2.2716521339663167,12.621573585981949
-1.873695541665337,2.4653888706122853,12.748292349382297
-1.8751851924358698,2.6647368524088675,12.682899484343778
-1.8745786112212364,2.861198932916624,12.709527257972383
-2.0981511619878086,3.4232992642958986,2.895113082651932
-2.0997505854712553,3.646935227397443,2.8249014021282903
-2.101624387730156,3.8714133458187083,2.7426450097919
-2.102371232953779,4.0940913483836745,2.7098599101704934
-1.7382285090116856,-1.9427259806601194,9.717986005083603
-1.7381219214549246,-1.7381219214549246,9.72321546798807
-1.738023376355613,-1.5335500379608349,9.728050347001428
-1.6700644477465378,-1.2771081071002937,13.062292232157219
-1.668554000303939,-1.0796525884319605,13.136398714285704
-1.6706925799090357,-0.8844843070106659,13.031474433694541
-1.6710710068580985,-0.6880880616474523,13.012907822803797
-1.684986168430615,1.090285167808045,12.330193785025415
-1.6838718130319341,1.2876666805538322,12.384866960740169
-1.682849926196451,1.4848675819380448,12.435003388116144
-1.6820121472023248,1.6820121472023248,12.476107005696505
-1.681179539227667,1.8789653673720983,12.516956919605377
-1.6791424826526997,2.074234831512159,12.616900216147869
-1.6779463475645697,2.270162705528535,12.67558571623998
-1.6789209672188146,2.4690014223806096,12.627768339777617
-1.6782735172148724,2.6654932332236205,12.659533921811828
-1.6776914581115185,2.8619442520725906,12.688091256098275
-1.8751977552952308,3.4194782596560094,2.9979183512237597
-1.8759469787763736,3.641544135271784,2.9611594975558546
-1.8780287284710446,3.8665297350874446,2.8590234402570474
-1.881443578143735,4.094906611254012,2.6914820289483004
-1.5334934345555877,-1.5334934345555877,9.731197738741471
-1.4739889461255833,-1.2774570866421722,13.039902127857971
-1.4730737378214258,-1.080254074402379,13.09079162901692
-1.4746365051071995,-0.8847819030643197,13.003895075260473
-1.4749828743000055,-0.6883253413400026,12.984635464788582
-1.475343326932899,-0.491781108977633,12.964592754734412
-1.4876228376995733,1.0909234143130204,12.281799368186938
-1.486541928693751,1.288336338201251,12.341902537984069
-1.485593403889589,1.485593403889589,12.394644579223666
-1.4847223804704677,1.6826853645331967,12.44307721154955
-1.4825512087168906,1.8778981977080615,12.563803659253338
-1.482121498915294,2.074970098481412,12.587697364486374
-1.4825235565659096,2.273202786734395,12.565341237270275
-1.4818939479014754,2.4698232465024588,12.60035017535887
-1.4812894622941626,2.666321032129493,12.633962163880156
-1.480718268625813,2.862721986009905,12.665722978019872
-1.6552170553931809,3.420781914479241,2.962843129689574
-1.6564530074519435,3.644196616394275,2.8941189021655305
-1.6577176774940405,3.868007914152761,2.8237978317811923
-1.2778692984220978,-1.2778692984220978,13.01345511982926
-1.2781588110467423,-1.081518993962628,12.99488034084122
-1.2769861435402245,-0.8840673301432322,13.07011726630094
-1.278782531170993,-0.688575209092073,12.954863213876294
-1.2791358991296404,-0.4919753458190924,12.932191554077718
-1.291217255245104,0.8939196382466104,12.157066393314523
-1.290115538576287,1.0916362249491658,12.227751199049152
-1.2890904158389906,1.2890904158389906,12.293521831000945
-1.2881538932809968,1.4863314153242269,12.353607982868809
-1.2858308815599373,1.6814711528091488,12.502649598440115
-1.2866347118586698,1.8804661173319022,12.451076821048517
-1.2859954377348919,2.0773772455717485,12.492091873765233
-1.2853610370353181,2.274100296293255,12.532794253493606
-1.2847473497729363,2.4706679803325695,12.572167684205013
-1.2842017791518499,2.6671883105461496,12.607170833796488
-1.4329000195563573,3.1964692743949503,3.066872013267485
-1.4339991124506075,3.4195363450745253,2.9963555457279654
-1.4350562313311401,3.6428350487636627,2.928532080018698
-1.4361354024754092,3.8665183912799472,2.8592937678045587
-1.0816463194911508,-1.27830928667136,12.985226007204503
-1.081910647645882,-1.081910647645882,12.9651835834662
-1.0821828736261419,-0.8854223511486614,12.944542314833697
-1.081512113627013,-0.6882349813990083,12.995402035558143
-1.082816044878435,-0.4921891113083795,12.896532724064699
-1.0933341599949236,0.8945461309049374,12.099006935307017
-1.0923853459857138,1.0923853459857138,12.170949829323561
-1.0914550020425222,1.2899013660502536,12.241492248653685
-1.0892943990130852,1.4854014531996618,12.405317859626763
-1.089838905872993,1.6842964908946254,12.364031159669366
-1.0891773515487746,1.881306334493338,12.414192869099722
-1.088585428177363,2.078208544702239,12.459074879653969
-1.0880446077271118,2.2750023616112336,12.500082061205603
-1.0875087805560195,2.471610864900044,12.540710632249997
-1.0870038960367527,2.6681004720902113,12.578993006991126
-1.2120293874304247,3.195350203225665,3.099057435431959
-1.2129247736741422,3.418242543990764,3.0311656494650947
-1.2138387590301625,3.6415162770904868,2.9618636040035113
-0.8855479908421809,-1.0823364332515546,12.932898806465289
-0.8858070131925679,-0.8858070131925679,12.908894219858553
-0.8851925798861952,-0.6884831176892628,12.965836091843173
-0.8863812613588506,-0.49243403408825037,12.855676457682037
-0.8951825202066787,0.8951825202066787,12.040030317704606
-0.8941509633611516,1.0928511774414076,12.135628614921956
-0.8925142371319243,1.2891872314127797,12.287310261167192
-0.8928604139442102,1.488100689907017,12.255228739015351
-0.8921943350896698,1.6852559662804878,12.316956800423355
-0.8915808185691402,1.882226172534852,12.373813710376169
-0.8910396750007946,2.0790925750018543,12.42396354352232
-0.8905745182716692,2.2759126578053768,12.467071387201898
-0.8901328255776491,2.4725911821601363,12.508004729484256
-0.9907914094719454,2.9723742284158363,3.179590825462057
-0.991347335151481,3.1943414132658834,3.1280710778364806
-0.9920187051874896,3.41695331786802,3.0658526625126257
-0.689520524156855,-0.689520524156855,12.84222700105316
-0.6889749073043847,-0.49212493378884625,12.907238358857882
-0.7165004363566235,-0.3070716155814101,9.627515582925966
-0.6960362648179738,0.8949037690516805,12.065863247688782
-0.6955026443209184,1.0929327267900146,12.129445215344163
-0.695522059726875,1.2916838252070537,12.127131830231775
-0.6949233855038018,1.4891215403652898,12.198465081667194
-0.6943352143453974,1.6862426634102508,12.268546871583183
-0.6938306284185004,1.8832545628502158,12.328669311145305
-0.693369665829736,2.080108997489208,12.383593941235205
-0.7699426002248871,2.529811400738915,3.25977305194003
-0.7701558875668088,2.7505567413100316,3.2343594313047674
-0.7704319244071773,2.9716659941419703,3.201469080291531
-0.7708046465257281,3.193333535606588,3.157058481716504
-0.4927223350756461,-0.29563340104538766,12.80758414897302
-0.4979453109869226,0.6971234353816916,11.936324663620837
-0.4980756539870611,0.89653617717671,11.914581776586871
-0.49760131696764237,1.0947228973288132,11.993707285576875
-0.497149774367218,1.2925894133547668,12.06903039262221
-0.4967172133839321,1.4901516401517962,12.141187122058298
-0.4962914144301514,1.687390809062515,12.212215858096215
-0.5496582766631141,2.088701451319834,3.3099375949387024
-0.5497614479676031,2.3089980814639333,3.2927272958335294
-0.5498949439492233,2.529516742166427,3.2704584509797883
-0.29595925696501274,-0.29595925696501274,12.716989225805904
-0.29617539007616606,-0.09872513002538869,12.656899592874453
-0.2993312166985317,0.4988853611642194,11.779512216542798
-0.098758902234156,-0.098758902234156,12.62873140128248
-0.10009422811445168,0.10009422811445168,11.51498383762626
-0.09999818138947646,0.2999945441684294,11.595092976164509
0.10946795025117027,-2.7366987562792566,3.6966974206438863
0.10947421392835352,-2.517906920352131,3.691473111503086
0.1000366163078,-0.30010984892340004,11.563035785276611
0.10014029327100112,-0.10014029327100112,11.476562537902012
0.09875921116913562,0.09875921116913562,12.628473729663924
0.32855582898089697,-3.614114118789866,3.654444219140089
0.32849864748746327,-3.3944860240371204,3.670341898734705
0.3284439556194253,-3.1749582376544443,3.685547409159284
0.3284161055330804,-2.9557449497977237,3.693290329513502
0.3284057802947488,-2.736714835789573,3.6961609668627204
0.3284170558717338,-2.5178640950166256,3.693026115018384
0.3284385346835531,-2.299069742784872,3.687054545409552
0.3284693017045227,-2.080305577461977,3.6785006547697066
0.32852764340594537,-1.8616566459670236,3.6622804125107677
0.3286450046004915,-1.6432250230024574,3.62965148738661
0.32896042616415194,-0.7675743277163545,3.5419575386071926
0.29946919088685825,-0.49911531814476373,11.74115243776427
0.2960829241726007,0.09869430805753356,12.682607094026253
0.2960363576984962,0.2960363576984962,12.6955535709493
0.5477910202255576,-3.834537141578903,3.6214199587178655
0.5476188922053766,-3.6142846885554856,3.6501331239372945
0.5475234623519336,-3.3946454665819883,3.6660520495479716
0.5474304284985844,-3.1750964852917893,3.6815712915598624
0.5473727439135371,-2.9558128171331,3.6911938214613684
0.5473461830977683,-2.7367309154888413,3.6956245067776194
0.5473524502473628,-2.5178212711378687,3.6945790657066624
0.5473874499496829,-2.2990272897886683,3.688740665693146
0.5474260493198748,-2.0802189874155244,3.6823017948311048
0.49691265754024816,-1.689503035636844,12.108584525772258
0.4972591909987094,-1.4917775729961282,12.050778292734805
0.49764453658982344,-1.2938757951335411,11.986497697323301
0.4980312358525339,-1.0956687188755747,11.921991292097928
0.4979228878851185,-0.8962611981932133,11.940065125087571
0.4983854093766795,-0.6977395731273514,11.862910597946865
0.49243586554552116,0.2954615193273127,12.855370947079223
0.767324964497502,-4.055860526629654,3.571669673360276
0.7669921175482349,-3.834960587741175,3.6113290644055382
0.7667096093479298,-3.6144881583545256,3.6449904911185484
0.7665690195695087,-3.394805658093539,3.661742049189442
0.7664375929663525,-3.175241456574889,3.6774017962888337
0.7663394375220819,-2.9558806875851733,3.6890972171305094
0.766289158705578,-2.7367469953770645,3.695088040388498
0.766280397435239,-2.5177784487157853,3.6961319635705934
0.6945041080258794,-2.0835123240776383,12.248422846009092
0.6949151059708752,-1.8861981447780902,12.19945160485669
0.695331673530892,-1.6886626357178804,12.149816732745492
0.6957496240344383,-1.4908920515023678,12.100017080099704
0.6962551746637353,-1.2930453243755087,12.03977969428432
0.6959255513575366,-1.0935972949904147,12.079054981700821
0.6973369064940846,-0.8965760226352516,11.910889146360105
0.7142322308960724,0.3060995275268882,9.897776877280918
0.6885010226842447,0.49178644477446054,12.963702675270738
0.6888576585130447,0.6888576585130447,12.921208790840453
0.9871324377152708,-4.277573896766174,3.5186816579461606
0.9866768273001314,-4.056338067789429,3.5609048083916974
0.9862416327691806,-3.8353841274357023,3.6012359411815282
0.985839545127075,-3.6147449987992752,3.638498932633823
0.9856352510416811,-3.3949658646991243,3.6574316427214058
0.9854647575818376,-3.1753864410970327,3.6732319202518227
0.9844787004337601,-2.9534361013012806,3.764613587412441
0.8916007440909011,-2.4766687335858366,12.371967136472108
0.8920488421731928,-2.2796803744426035,12.330440182490676
0.8925255738939774,-2.082559672419281,12.286259640299406
0.8930208692055644,-1.8852662794339696,12.240358739527167
0.8935539972561121,-1.687824217039323,12.190951734908708
0.894090221350822,-1.4901503689180366,12.141257808099482
0.8935208911226227,-1.2906412871771218,12.194019806244526
0.8953039367723116,-1.0942603671661586,12.028778182663473
0.8959994220784134,-0.8959994220784134,11.964324913518567
0.8845261589649421,0.4914034216471901,13.027595853874757
0.8849472816016289,0.6882923301346003,12.988568817059956
0.8844734950798081,0.8844734950798081,13.032476416458863
0.8840018889928393,1.0804467532134703,13.07618194666503
1.205360485289914,-4.273550811482422,3.6047204159997364
1.2048366134198059,-4.052632245139347,3.644442488042941
1.2043536334501896,-3.8320342882506035,3.681063971736208
1.2039213741435366,-3.6117641224306096,3.7138396107806813
1.204019828418251,-3.393146789178708,3.706374411718997
1.2045119250848428,-3.1755314388600406,3.669061663396505
1.088823071074525,-2.6725657199101978,12.441055839464468
1.0893137464062512,-2.475713060014207,12.40385086246765
1.0898283777907705,-2.2787320626534293,12.36482944120418
1.0903761479248175,-2.0816271914928333,12.323295306677664
1.090968176968939,-1.884399578400895,12.278405283593543
1.0915819404702123,-1.6869902716357827,12.23186726655888
1.0909435315201206,-1.4876502702547096,12.28027400063938
1.092889839331967,-1.2915970828468704,12.132697114893489
1.0935620191367486,-1.0935620191367486,12.081729738794436
1.0944054982733296,-0.8954226804054514,12.017773758445088
1.0813164684063972,0.4915074856392714,13.010236643010188
1.0793608125822458,0.6868659716432474,13.158522332643841
1.0801713112272746,0.88377652736777,13.097067065801383
1.0796272300525538,1.0796272300525538,13.138321488595935
1.425536699428731,-4.057296759912542,3.5392937052637734
1.424915822406889,-3.8363118295570087,3.579128422225182
1.424304931094491,-3.6155432866244768,3.618322468175478
1.4238297484678348,-3.395286323269452,3.64880960938369
1.423581623611285,-3.175682083440559,3.664728999349876
1.2863679052102475,-2.67168718774436,12.468194812131188
1.28689025013709,-2.474788942571327,12.43468179492325
1.2874706255862745,-2.277832645268024,12.39744560975889
1.2880902616265202,-2.080761191858225,12.357690512672107
1.288737738362613,-1.88353977145305,12.31614919029424
1.2879980822055475,-1.6843051844226389,12.363604632562101
1.2901837622494698,-1.4886735718263113,12.22337405089307
1.290954151889991,-1.290954151889991,12.173946785588399
1.2917305401501988,-1.093002764742476,12.124134656117434
1.2769031178739723,0.4911165837976816,13.075444092386206
1.276249942071773,0.6872115072694162,13.117351059935828
1.2742236945876966,0.8821548654837899,13.247352641863415
1.2749724242204052,1.078822820494189,13.199315056399115
1.2743434412220653,1.2743434412220653,13.23966984298481
1.3181411414012216,1.5209320862321787,10.429662500433764
1.644327207495765,-3.8367634841567857,3.56836530937143
1.6436102558060637,-3.6159425627733404,3.608230893717902
1.642979310095654,-3.395490574197685,3.6433141772887296
1.4833273672708598,-2.8677662433903293,12.520645919695781
1.483791811616317,-2.670825260909371,12.494820825070818
1.484371987090156,-2.473953311816927,12.462560584080649
1.4849884730723009,-2.276982325377528,12.428281323326217
1.4856582409539993,-2.0799215373355993,12.39103936077288
1.4847640561226196,-1.8807011377553182,12.440759866810808
1.4871450573337646,-1.6854310649782664,12.308366002655944
1.4879664673000372,-1.4879664673000372,12.262692090781755
1.488826346968942,-1.2903161673730832,12.214879098691867
1.4897154404606803,-1.0924579896711657,12.16544169294204
1.4722314757659933,0.49074382525533106,13.137625006349026
1.4714913071425946,0.6866959433332107,13.1787815516373
1.4694150111817132,0.8816490067090279,13.294232498954557
1.4694784369239817,1.07761752041092,13.290705756058955
1.4693325181560681,1.273421515735259,13.298819464462966
1.5195492548649754,1.5195492548649754,10.50655384652869
1.518617470365479,1.7210997997475428,10.558365055137287
1.8629640230611275,-3.616341927118659,3.5981370901236716
1.8622044731687162,-3.3957846275429535,3.6354025844005236
1.680760828112339,-2.8671802361916368,12.537499976523435
1.6811948367999565,-2.6701329760940484,12.5162063809004
1.6817353902346064,-2.473140279756774,12.489685422729593
1.6817944646795921,-2.2753689816253306,12.486787076730835
1.6813428992932393,-2.07695299324459,12.508942049681124
1.6838765996284606,-1.881979728996515,12.384632117858558
1.6847168153908776,-1.6847168153908776,12.343408946084708
1.685591067879432,-1.4872862363642045,12.300515843953761
1.6865221760359348,-1.289693428733362,12.254833254799351
1.7259659780356773,0.5076370523634345,10.31961768520351
1.666463002081116,0.6861906479157536,13.238988528442832
1.6656496509382277,0.8818145210849441,13.278893652073577
1.6629165681835383,1.0760048382364071,13.412985804242467
1.7216616124196216,1.3165647624385342,10.530801063455911
1.7206320677836862,1.5182047656914877,10.581313202449735
1.719630937548841,1.719630937548841,10.630431256984082
1.7186991413061599,1.920899040283355,10.676147605436995
1.878321048715099,-2.8669110743546247,12.545241295925251
1.8785340206505539,-2.6694957135560498,12.535892228809871
1.8778947437452829,-2.470914136506951,12.56395528171835
1.8778683899818573,-2.273209103662248,12.565112162330266
1.880461264832206,-2.0784045558671753,12.45128983665191
1.881277072821378,-1.881277072821378,12.41547740142309
1.8821356511971792,-1.684016108965897,12.377787426722733
1.8830815031455335,-1.486643291957,12.33626630645169
1.8840747601755625,-1.2891037832780166,12.292664192319918
1.927239170130725,0.5071682026659803,10.397827838390242
1.9260253968068426,0.7095883040867315,10.451110202771261
1.9248409716182198,0.9117667760296829,10.503104239252792
1.921434803461125,1.1124096230564409,10.652628610334546
1.9225368946786487,1.3154199805696019,10.604248880217085
1.9214209931238166,1.5169113103609078,10.653234858148878
1.9204423099198198,1.7182904878229965,10.696197208748359
1.9194646233550432,1.9194646233550432,10.739115808761923
1.9185294404172402,2.1204799078295813,10.780168579550747
2.0758488128289154,-2.866648360573264,12.55279716385715
2.0742879572891484,-2.666941659371762,12.614790201350914
2.0752867575452836,-2.4705794732681943,12.575120507295438
2.076993685514274,-2.2748026079442045,12.507325860779616
2.0777214228508254,-2.0777214228508254,12.478422066135565
2.0785464718285063,-1.8805896649876963,12.445653311497836
2.0794674639743684,-1.6833784232173457,12.409073948978218
2.0804348804979114,-1.4860249146413653,12.370650733447945
2.128153616531843,0.506703242031391,10.47538924592547
2.1268452665938264,0.7089484221979421,10.52735343139679
2.125568826361927,0.9109580684408256,10.57805024807115
2.1243320403379387,1.1127453544627297,10.62717210490122
2.1207074316758696,1.3128188862755383,10.77113193652113
2.1220895649373013,1.515778260669501,10.716237273360875
2.1210273910536364,1.7170221737100866,10.758423999625606
2.1200008249013367,1.9180959844345427,10.799196481349867
2.119007077095064,2.119007077095064,10.838665505512608
2.1180900807244027,2.319812945555298,10.87508616645124
2.2735210277968276,-3.0643109505087684,12.553800650773098
2.2713273935433915,-2.863847583163407,12.633349863094807
2.2721705174849083,-2.667330607482284,12.602775100992986
2.2738457139264128,-2.4715714281808836,12.542026342535607
2.2742130624258166,-2.2742130624258166,12.528704940515482
2.2749250716009652,-2.077105500157403,12.50288488005637
2.2757549832039246,-1.8799715078641117,12.472789245741467
2.276658731664074,-1.6827477581864896,12.44001601655377
2.3287336511433376,0.5062464459007257,10.551588709310934
2.3273714336425106,0.7083304363259815,10.60098770507875
2.3260175942155525,0.9101807977365206,10.650082881202977
2.3248245699490777,1.1118726204104286,10.693346310614757
2.3236409750281575,1.3133622902333066,10.736267797421263
2.3201977785800545,1.51317246429134,10.86113071150389
2.32138119289052,1.715803490397341,10.81821577429396
2.320348340404894,1.9168094985953474,10.855670788295214
2.319344416788692,2.1176622935896754,10.892076735537756
2.318446809000768,2.318446809000768,10.924627281460062
2.469810077826756,-2.864979690279037,12.60078951621783
2.471192098976753,-2.6688874668948928,12.554681739488771
2.4713394175630934,-2.4713394175630934,12.549766812906753
2.471619613057398,-2.273890044012806,12.540418771241875
2.4721037636548915,-2.076567161470109,12.524266263262888
2.52766972809243,0.7077475238658804,10.670442910395252
2.5263825129471504,0.9094977046609741,10.713387715198664
2.5251137847093874,1.1110500652721305,10.755715749264397
2.5238916039623858,1.3124236340604407,10.79649083943248
2.52034879529481,1.5122092771768858,10.914688039988178
2.5206278598755594,1.7140269447153802,10.905377728505457
2.5205356835778887,1.9156071195191955,10.908452966646863
2.5196265923494208,2.1164863375735137,10.938782585979126
2.518711376130717,2.3172144660402596,10.969316550724116
2.727844649883377,0.7072189833030977,10.733419593549002
2.7265065664218424,0.908835522140614,10.774754688495392
2.7251872077995416,1.110261455029443,10.815511349412944
2.7239654594216742,1.311538924906732,10.85325270610069
2.722786872835274,1.5126593737973744,10.889660740316671
2.7188511033631255,1.7118692132286348,11.011241650248706
2.7207386440800345,1.9145938606489132,10.952933123918726
2.719756247878629,2.115365970572267,10.983280588353779
2.718833750753601,2.316043565456771,11.011777694361726
2.926416092202591,0.9081980975801144,10.83382724746538
2.9251496184985593,1.1095395104649708,10.870252089730315
2.9238914305076737,1.3107099516068883,10.906438627959858
2.9228368342043245,1.5118121556229263,10.936769699090988
2.921782998414597,1.7127693438982121,10.967078897214705
2.9172745834375533,1.9113178305280523,11.096744680152767
2.919775199323914,2.1143199719242136,11.024824877210193
2.91880480035696,2.314914152007244,11.052734362573247
2.917931797254268,2.515458445908852,11.077842661475259
3.1250127718898026,1.1088754997028332,10.92060005616274
3.123885824434085,1.3100166360530034,10.950920913311649
3.122756902400661,1.5110114043874165,10.981294897062199
3.121692915770885,1.7118961151001624,11.009921774425578
3.1206542266981603,1.9126590421698404,11.03786801347728
3.116219559816334,2.110987443746549,11.157184047552022
3.118733036616611,2.3138987045865176,11.089558205174342
3.3225762199030275,1.5102619181377397,11.022969542274978
3.321464539303492,1.711057489944223,11.051066906906442
3.320471082750054,1.911786380977304,11.07617619732595
3.319602236264691,2.112474150350258,11.098136008910501
3.3158704103275896,2.3110611950768045,11.192456692513076
0.0,0.0,95.0
