-2.0592288137045043,2.255345843581124,3.2128993979304568
-2.0601957262545914,2.452613959826895,3.1744961988876526
-2.0613590085148155,2.650318725233334,3.128293716379474
-2.062713939904935,2.848509726535386,3.074479439318509
-2.064274552794755,3.047262435077972,3.012496039236325
-1.8617998726499871,1.8617998726499871,3.2704898293898452
-1.862234132335668,2.0582587778446855,3.251426646542484
-1.8627996485416056,2.254967995602996,3.226601549503968
-1.8635175740692438,2.4519968079858474,3.195085970104259
-1.8644172931461551,2.6494351007866417,3.155589996059291
-1.8655972062223174,2.847490472655116,3.1037940328221794
-1.866932377650811,3.046047563535534,3.045182520141566
-1.8683413218561593,3.2450138748028032,2.9833325214105315
-1.6652115916285237,1.6652115916285237,3.3003859817569747
-1.6656125227676515,1.8615669372109045,3.2807152567396116
-1.666004639544727,2.05800573120231,3.261476987261915
-1.6664362896325313,2.2545902742087187,3.240299110683438
-1.666965977957898,2.4514205558204383,3.2143112230480284
-1.667734248745717,2.6487543950667267,3.176617858948319
-1.6675680537366144,2.844674915197754,3.184771818579449
-1.6676969051820776,3.0410943565084945,3.1784500313585653
-1.6695688467035454,3.240927761248059,3.08660770901497
-1.3545179908393425,-0.6321083957250265,9.682998885046473
-1.4689808138555955,1.4689808138555955,3.318375729769116
-1.4691760717930675,1.66506621469881,3.3075185522389887
-1.4694715996297314,1.8613306928643263,3.291085938900494
-1.4698233905517522,2.057752746772453,3.2715248570652733
-1.47016621843494,2.254254868266908,3.252462158574076
-1.4694030090529804,2.449005015088301,3.2948998687121076
-1.469417275337639,2.6449510956077504,3.2941066021886485
-1.471390795931355,2.8446888721339527,3.1843704054289645
-1.472789281047711,3.04376451416527,3.1066086438427902
-1.4738334489071827,3.242433587595802,3.048548439129462
-1.1740552076728978,-0.8128074514658523,9.674041316643866
-1.1728468289359137,-0.6315329078885689,9.751569431353502
-1.1744697502712507,-0.45171913471971176,9.64744476613079
-1.2728746982302872,1.2728746982302872,3.3339026126127607
-1.2730325366663209,1.468883696153447,3.3237758899223593
-1.2731967164205635,1.6649495522422753,3.313242315943981
-1.2733804531649668,1.8610945084718744,3.301453989188076
-1.272789440435793,2.056044480703973,3.3393726493397793
-1.2725080088818566,2.2513603234063617,3.3574289566287803
-1.2743116428698253,2.4505993132112027,3.2417099867117543
-1.2747166846146067,2.647488498814952,3.21572299944485
-1.2752931231170535,2.844884659261119,3.17873940400996
-1.2759917026729386,3.0427494448354686,3.133919386671991
-1.2768133080459414,3.2411414742704667,3.081206182065955
-0.9937322004981946,-0.8130536185894319,9.651228072810397
-0.9929034635023515,-0.6318476585924054,9.71406624476063
-0.9941107479814595,-0.4518685218097543,9.622525080227646
-0.9943048276598866,-0.2711740439072418,9.607809178480494
-1.0769828556664978,1.2727979203331337,3.338828589407541
-1.0771108895118333,1.4687875766070453,3.329120548341436
-1.0772448216151138,1.6648329061324485,3.3189652776369485
-1.0761443472674344,1.8587947816437502,3.4024076684475233
-1.0773750513015417,2.056806916121125,3.3090907390682247
-1.0778568363576102,2.25370065783864,3.2725598585257245
-1.0781082370837627,2.450245993372188,3.2534976444124197
-1.0784257280611123,2.6470449688772755,3.229424201658645
-1.078822662386911,2.844168837201856,3.1993270447287614
-1.0793378440267247,3.0417702877116786,3.160263900895913
-0.8134769632722852,-0.632704304767333,9.611995110524035
-0.8126124307068876,-0.45145135039271533,9.692114632292828
-0.8138019965255251,-0.271267332175175,9.581873042425244
-0.8810524865149842,1.0768419279627583,3.349514294672943
-0.8811146434840645,1.2727211516992045,3.3437539718850786
-0.8801992621870927,1.466998770311821,3.428585839052232
-0.8806453032166605,1.6634411282981365,3.387249519972329
-0.8814375182618722,1.8608125385528411,3.3138319379160492
-0.8815595588892732,2.0569723040749706,3.3025219686967517
-0.8817718054700857,2.25341683620133,3.2828522706051046
-0.8819801145642877,2.449944762678577,3.2635474743770203
-0.8822005291732014,2.6466015875196036,3.2431208140476855
-0.8824809329738643,2.8435496729157848,3.217134727102618
-0.6329208761152727,-0.6329208761152727,9.586190193891767
-0.6326884525517739,-0.451920323251267,9.613883934252712
-0.6326129353361438,-0.2711198294297759,9.622881964103712
-0.6845681208674261,1.0757499042202412,3.432315926614393
-0.6846007896226953,1.2714014664421487,3.4284233779729334
-0.6853484675310608,1.4686038589951305,3.339336034348264
-0.6854295816638756,1.664614698326555,3.329671120430092
-0.685514675993315,1.8606826919818549,3.3195319579879907
-0.6856056018387411,2.0568168055162235,3.308697958554262
-0.685735482518929,2.253130871133624,3.2932224113211106
-0.6859002096903876,2.4496436060370987,3.2735948337721936
-0.6860601879056123,2.6462321533502187,3.25453310401835
-0.45188371034594865,-0.2711302262075692,9.61999143725231
-0.48920563076954415,0.6848878830773618,3.3942156088759816
-0.4889194127261887,0.8800549429071398,3.441960455757993
-0.48946113954900744,1.0768145070078163,3.3515934617553
-0.4894724032140781,1.2726282483566032,3.349714537709062
-0.4895050936328136,1.4685152808984407,3.3442613558665215
-0.489561106929576,1.6645077635605585,3.334917618323189
-0.489621296818668,1.8605609279109385,3.3248771715195744
-0.4896839755473739,2.0566726972989704,3.3144215542924513
-0.4897490677777181,2.2528457117775034,3.3035633339840444
-0.27135001622271154,-0.09045000540757052,9.558885106707095
-0.2934998923344672,0.489166487224112,3.4007452551595065
-0.2936016194278058,0.6850704453315469,3.3724629449420718
-0.09049230871691143,-0.09049230871691143,9.523601429210629
-0.09797206299591828,0.09797206299591828,3.2850058714382726
-0.09793444462926701,0.293803333887801,3.316382005777342
0.09749521903223148,-2.242390037741324,3.682724368950474
0.09750993904331992,-2.047708719909718,3.6704469341095347
0.09787412442040888,-0.2936223732612267,3.3666929348518835
0.09796072198150665,-0.09796072198150665,3.2944650059886555
0.09042457671479728,0.09042457671479728,9.580094269984073
0.2924389148004835,-2.8269095097380066,3.6957197281839598
0.29244153132269246,-2.6319737819042315,3.6949922789826104
0.2924597077266667,-2.4371642310555557,3.6899388494687457
0.2924793979048847,-2.242342050604116,3.684464558300874
0.29251570659740245,-2.047609946181817,3.674369964307502
0.29257938539443495,-1.8530027741647546,3.6566658951864923
0.2926825457604204,-1.6585344259757155,3.6279851044827467
0.2927888348276983,-1.4639441741384913,3.5984344678252143
0.2929248999505014,-1.2693412331188396,3.560605450140784
0.293077116433171,-0.6838466050107324,3.5182860085664487
0.29332961117111717,-0.48888268528519524,3.4480870647797275
0.27095104076899734,0.09031701358966578,9.669808826050286
0.48748244331534435,-3.2173841258812725,3.681665415272761
0.48743051445295094,-3.022069189608296,3.690327816687642
0.4874015104849647,-2.8269287608127955,3.69516605118271
0.4873929457075843,-2.631921906820955,3.696594766087671
0.4874231698062891,-2.4371158490314455,3.69155299811284
0.4874552316349375,-2.2422940655207126,3.6862046731727673
0.48750266237676154,-2.0475111819823986,3.6782926160594513
0.4875776841690876,-1.8527951998425327,3.665778017240214
0.48774957958609966,-1.658348570592739,3.6371036532177783
0.4879250908281667,-1.4637752724845001,3.6078261231210575
0.4877506792824256,-1.2681517661343067,3.6369202097420157
0.4877785490538056,-1.0731128079183723,3.6322711738127254
0.48828036597731744,-0.8789046587591715,3.548561663765767
0.4506719336505139,0.27040316019030836,9.822131358622954
0.4509756275571351,0.4509756275571351,9.771471313223145
0.6826276849252629,-3.413138424626315,3.663522816141267
0.6825115475653456,-3.2175544385223436,3.6773608188090634
0.6824208834509754,-3.0221496267114625,3.688163632455087
0.6823667615533959,-2.826948012149783,3.694612366640399
0.6823521423211751,-2.631929691810247,3.6963542778963188
0.6823789874952894,-2.4370678124831766,3.693155620795153
0.6824227207581252,-2.2422460824909827,3.687944713570957
0.6824708091033613,-2.0474124273100838,3.6822148894201234
0.6819174468982446,-1.8509187844380925,3.7481491217473746
0.681930177836277,-1.6561161461738156,3.7466322045849694
0.6823440583204816,-1.462165839258175,3.697317503022518
0.6832677317241838,-1.26892578748777,3.587259938138118
0.6836196891691535,-1.074259511551527,3.545323492657431
0.6304184114298887,0.2701793191842381,9.884363951389489
0.6302506411879236,0.4501790294199455,9.904354116979121
0.6302771629842743,0.6302771629842743,9.901193990996276
0.8778757644794914,-3.6090448095267984,3.643913210876889
0.8777121860471898,-3.4133251679612937,3.659072646498231
0.8775613006896577,-3.2177247691954114,3.673055766592526
0.8774216326732246,-3.022230068096662,3.6859993330131573
0.8773481634367316,-2.8270107488516905,3.6928080066573017
0.8769221040292473,-2.630766312087742,3.732292552802818
0.8763898243219855,-2.434416178672182,3.7816209382216215
0.8763677328482491,-2.23960642838997,3.7836682391351673
0.8767150897656038,-2.0456685427864088,3.7514773521571527
0.8775533033713191,-1.8526125293394513,3.673796908507086
0.8777525213471405,-1.657976984766821,3.655334620804581
0.8780625516426528,-1.463437586071088,3.626602933874011
0.8783813103973945,-1.2687730039073477,3.5970623474210583
0.8105426238612673,0.27018087462042245,9.88393150682387
0.8088972065236731,0.44938733695759614,10.03641859114498
0.809508261955858,0.6296175370767784,9.979789759611776
0.8089976283606864,0.8089976283606864,10.02711211747507
1.0725078505542307,-3.6075264064096855,3.6781414741144687
1.0717662611570862,-3.4101653764089104,3.7343717646505468
1.0714211372604308,-3.2142634117812925,3.7605404464771652
1.071173585831725,-3.0187619237075882,3.779310791377398
1.0712731333510324,-2.8242655333799944,3.7717626981139745
1.0722822563533077,-2.631965538321755,3.6952469336989964
1.072267567829685,-2.4369717450674657,3.6963606766327928
1.0723340612311463,-2.2421530371196696,3.691318879517965
1.0724048620051816,-2.047318372918983,3.6859504800916625
1.0725134142117125,-1.8525231700020486,3.677719615228881
1.0726884586610637,-1.6577912542943711,3.6644470411041112
1.0730666409775875,-1.4632726922421648,3.6357717369322557
0.9896220491852715,0.2698969225050741,9.962876275121246
0.9889929243881321,0.44954223835824186,10.010579047386884
0.9870835828818824,0.6281440981975615,10.155352999175307
0.9877800061779908,0.8081836414183561,10.102547384063968
1.2679452373498061,-3.4136987159417855,3.650170846157195
1.2677269972942853,-3.2180762239008778,3.6641728635221114
1.2675116440063197,-3.022527766476608,3.6779896693806506
1.2673481415812042,-2.8271612389119167,3.6884797867434287
1.2672512964918774,-2.631983461944668,3.694693250258311
1.2672241465465848,-2.436969512589586,3.696435157831303
1.267278911396546,-2.2421088432400427,3.6929215114554665
1.2673604431774248,-2.04727456205584,3.687690531244556
1.2674547184530378,-1.8524338192775167,3.6816419438618766
1.2676470730619538,-1.6576923263117855,3.669300705367249
1.1676293977553702,0.44908822990591163,10.086313490210713
1.1656931320083852,0.6276809172352842,10.210541952981643
1.4628419515409992,-3.218252293390198,3.659722764596239
1.4625908572252975,-3.022687771598948,3.6736846838793724
1.4623637016966988,-2.8272364899469506,3.686315504079957
1.4622412539087255,-2.632034257035706,3.6931241254830383
1.4621916648299969,-2.436986108049995,3.69588149062929
1.4622160768060077,-2.2420646511025453,3.694524080216965
1.4623076807623672,-2.047230753067314,3.6894305079426175
1.462406132869267,-1.852381101634405,3.6839561491704984
1.6576907255569828,-3.0228477936627334,3.6693792425634655
1.6574146755752523,-2.8273544465695477,3.682922973024219
1.6572508620684905,-2.6321043103440727,3.690960089953208
1.6571618385407736,-2.437002703736432,3.6953278158863867
1.6571455579139245,-2.2420204607070744,3.696126585806226
0.0,0.0,85.0
