-2.7658152773421847,-1.9755823409587032,10.149161264025267
-2.767676540326194,-1.713323572582882,10.075236840519253
-2.7671973627536266,-1.4494843328709472,10.094268501339556
-2.503912269349755,-1.9767728442234906,10.08296418408409
-2.5015251806330756,-1.711569860433157,10.187752885820487
-2.503318989275479,-1.4492899411594877,10.109008062686115
-2.5034452147888495,-1.1858424701631392,10.103467000228036
-2.5036575820079454,-0.922400161792401,10.094144479022617
-2.2399498991199547,-1.97642638157643,10.102228991012765
-2.2398522401050878,-1.712828183609773,10.107020396417425
-2.2387170456858065,-1.4485816177966981,10.16271598871164
-2.2402201556805554,-1.1859989059485294,10.088969500868686
-2.240536844211804,-0.9225739946754486,10.073431937416046
-2.2409483648852904,-0.6591024602603794,10.053241662286212
-2.3539474671647183,2.3539474671647183,4.509211650095011
-2.3534120022680627,2.6302840025348933,4.535482951350076
-2.353008693393534,2.9066577977214245,4.5552703342536915
-2.3526644113350983,3.1830165565121917,4.572161707955999
-1.9763759597716346,-1.9763759597716346,10.105032659294537
-1.976498478109658,-1.712965347695037,10.098220115006526
-1.9767579199964103,-1.4496224746640343,10.083794035023871
-1.9770745151169709,-1.1862447090701826,10.066189990478492
-1.9774376695551812,-0.922804245792418,10.045997048478043
-1.9778274787488215,-0.6592758262496071,10.024321987924708
-2.079054488490835,1.801847223358724,4.3956667340522415
-2.078079611627642,2.078079611627642,4.449874062628609
-2.0773746658776133,2.354357954661295,4.489072065312968
-2.076842484411742,2.63066714692154,4.518663633922216
-2.0764093287841607,2.906973060297825,4.54274894183699
-2.0743968350296735,3.1807418137121664,4.654652213241036
-2.0758188634115164,3.459698105685861,4.575581345268006
-1.7132708714462874,-1.7132708714462874,10.07861808154756
-1.713577470112131,-1.4499501670179569,10.058947082871555
-1.7127520465176602,-1.1857514168199186,10.1119052599377
-1.7142385188093503,-0.9230515101281117,10.016534999922627
-1.7146456920080462,-0.6594791123107869,9.990411261156794
-1.8034774710174388,1.5260193985532173,4.291072020804137
-1.8024898256695225,1.8024898256695225,4.354438148891418
-1.8015265354018568,2.078684463925219,4.416241684558287
-1.8007410081064776,2.3548151644469324,4.466640163445533
-1.8002042811081507,2.6310677954657584,4.501075916922886
-1.7983145066453599,2.904969587657889,4.622321555266566
-1.799449854811806,3.1836420508208874,4.5494789934193705
-1.7991726836593385,3.4599474685756504,4.567261958515516
-1.450045702278613,-1.7136903754201793,10.051703215195147
-1.4503259397284398,-1.4503259397284398,10.030454484720408
-1.4506192442574881,-1.1868702907561266,10.00821495574732
-1.4497305194336594,-0.9225557850941469,10.075601646068051
-1.4514172283953723,-0.6597351038160784,9.947708589166055
-1.451911901850847,-0.3959759732320492,9.910200458347404
-1.5265584171615523,1.5265584171615523,4.2502014621530435
-1.5257272340848447,1.8031321857366347,4.313225105791815
-1.5248914130330729,2.079397381408736,4.376600419352471
-1.5233250715456281,2.354229656025062,4.495366730274469
-1.5229919157196572,2.630622399879408,4.520627944849906
-1.5231251019078138,2.9077842854603717,4.510529232429974
-1.5227807029862375,3.18399601533486,4.53664294373047
-1.5225226670227818,3.4602787886881408,4.556208268220999
-1.186977750055054,-1.4507505834006216,9.99825629370929
-1.1872774098440404,-1.1872774098440404,9.970485681070897
-1.1876683439126796,-0.9237420452654175,9.934256333703189
-1.1872411557675069,-0.6595784198708371,9.973845484264316
-1.2504657214456256,1.2504657214456256,4.114584458231278
-1.2494577569584,1.5271150362824888,4.207996361852651
-1.2487663849971755,1.8037736672181426,4.272068431679386
-1.2470379796020727,2.078396632670121,4.432246335000542
-1.2473993777369685,2.356198824614274,4.398754194976092
-1.2468205879531598,2.632176796790004,4.452392846126372
-1.246406669959197,2.908282229904793,4.490752201291386
-1.2460912754878095,3.1844554818021797,4.5199810068071855
-0.9241705255766453,-0.9241705255766453,9.883202033053593
-0.9242935121837831,-0.660209651559845,9.868547928647487
-0.9731160967287769,1.2511492672227131,4.0512376706615925
-0.9716279622581161,1.5268439406913252,4.228551919837798
-0.971141407962431,1.8035483290730863,4.286525853863083
-0.9710773339264603,2.080880001270986,4.294160405581252
-0.9705455141433915,2.357039105776808,4.357527814502305
-0.9700315981977659,2.632942909393936,4.418761944774047
-0.9696156673538295,2.9088470020614885,4.468320950869142
-0.6604093674081986,-0.3962456204449192,9.835232759248086
-0.6488450930880287,0.6488450930880287,11.764302290453372
-0.6482129383465205,0.9074981136851288,11.869753823086384
-0.6471271303136706,1.1648288345646072,12.050880553127314
-0.6466783329890307,1.4226923325758674,12.125745712901278
-0.6943106532538952,1.8052076984601275,4.180062725833153
-0.6938719147065993,2.0816157441197976,4.253249952313723
-0.6934938721739647,2.35787916539148,4.31631230374316
-0.6931139458340682,2.633832994169459,4.3796888984265365
-0.39690690340369794,-0.13230230113456598,9.65138193673971
-0.38913921074395097,0.6485653512399182,11.81096682476418
-0.38888606055724456,0.907400807966904,11.881347997341294
-0.388764039903298,1.1662921197098939,11.915272351951174
-0.13238702676825637,-0.13238702676825637,9.580715315584271
-0.13009218683115595,0.13009218683115595,11.494759240472959
-0.12997775921141727,0.38993327763425184,11.590199226007229
0.1300051233292465,-0.3900153699877395,11.567375793904532
0.13009099438310545,-0.13009099438310545,11.495753818748298
0.1324604876554509,0.1324604876554509,9.519444216638135
0.3890010927117076,-1.1670032781351227,11.849366595231686
0.3893185408455703,-0.9084099286396641,11.761109216541328
0.3892806648970684,-0.6488011081617806,11.771639541257741
0.39723866040316197,0.13241288680105398,9.559146387018288
0.6959439013705409,-2.6445868252080555,3.907615956456155
0.69604037453936,-2.366537273433824,3.8915229924365065
0.6961666535474833,-2.0884999606424497,3.8704580314837216
0.6963724971622757,-1.810568492621917,3.836120671914472
0.64762377636895,-1.4247723080116899,11.96803361033544
0.6474852392343585,-1.1654734306218453,11.991143384272107
0.6484318539629839,-0.9078045955481775,11.833235885692943
0.6490973443314545,-0.6490973443314545,11.722223542195678
0.6614955364684445,0.39689732188106674,9.654045805199118
0.9748797400220585,-3.203176288643906,3.8410959848608286
0.9745609340969383,-2.923682802290815,3.8790823593183035
0.974358821624956,-2.644688230124881,3.9031644714696228
0.9743550494570029,-2.3662908343955786,3.9036139329541584
0.9745413548476464,-2.0883029032449563,3.881415266697374
0.9743393248642707,-1.809487317605074,3.9054875501634143
0.9745339148870267,-1.5314104376796132,3.882301753138748
0.9069203760147548,-1.166040483447542,11.938592441680896
0.9075663305877684,-0.9075663305877684,11.861625640377667
0.9263180932531911,0.6616557808951365,9.62731497605077
1.254093642552398,-3.483593451534439,3.7783712075993208
1.253653282630394,-3.203780611166563,3.8191810368286667
1.2532106775483993,-2.9241582476129317,3.8601989335756457
1.25285696395693,-2.644920257242408,3.8929789177265093
1.2527053313156975,-2.3662211813740957,3.9070312914441985
1.2517708760878465,-2.0862847934797437,3.9936308123487123
1.2530844455076766,-1.810010865733311,3.871897337012811
1.2534413273298797,-1.5319838445142973,3.838823740866985
1.1900602168648378,0.6611445649249098,9.7125923678461
1.1908774631635533,0.9262380269049859,9.636855044301456
1.1908077702158437,1.1908077702158437,9.643313754897946
1.533112007026243,-3.4843454705141887,3.7532819220884477
1.5325287031402866,-3.204378197475145,3.7975103685905935
1.531991979045612,-2.9247119599961686,3.8382069479881267
1.5303278634881015,-2.643293582388539,3.9643868821197543
1.5308356794425897,-2.365836959138548,3.9258822341707997
1.5311084213881332,-2.087875120074727,3.90520184297543
1.5314031504548302,-1.809840086901163,3.8828542998287645
1.5317124840714547,-1.5317124840714547,3.8593993809715954
1.455472744047051,0.6615785200213868,9.64020308241858
1.454216296073683,0.9254103702287075,9.73547202080681
1.4553062661656186,1.1907051268627789,9.65282610491164
1.4552328056626067,1.4552328056626067,9.658396175685567
1.4551821409882495,1.7197607120770222,9.662237775053072
1.8131647439329346,-3.765803698937633,3.6695483355309477
1.8120292608742699,-3.4846716555274417,3.7423995518993536
1.8099239799729294,-3.202173195336721,3.877471822057373
1.8108768763378955,-2.925262646391985,3.8163351465860273
1.8102382153338672,-2.6457327762571907,3.8573108622829437
1.809715028701444,-2.3665504221480425,3.890877882300444
1.809472369208171,-2.087852733701735,3.906446621185083
1.8096554647378402,-1.8096554647378402,3.8946994339890892
1.71995359801555,0.6615206146213654,9.649862447094733
1.719857693854997,0.9260772197680752,9.656015541760283
1.7192764469521167,1.1902683094283883,9.693307638337217
1.719734379345745,1.4551598594463995,9.66392725116566
1.71975680369788,1.71975680369788,9.66248853192026
2.0912279573660504,-3.764210323258891,3.7187697308021654
2.091615530195737,-3.4860258836595626,3.6972190216620504
2.0906673534506024,-3.2056899419575906,3.74994170932915
2.0898630681437425,-2.92580829540124,3.7946634168023365
2.089131931103244,-2.6462337793974426,3.8353177674029553
2.0884204492312817,-2.366876509128786,3.8748792064582176
2.087932791854283,-2.087932791854283,3.901995045048423
1.9844058342434119,0.6614686114144707,9.658537250127608
1.9843367462093358,0.9260238148976901,9.662378840696888
1.9829486750246252,1.1897692050147752,9.73956154308513
1.9843481859627594,1.4551886697060237,9.66174274141494
1.9844072622792397,1.7198196273086745,9.658457845219914
1.9844805122106566,1.9844805122106566,9.654384835334838
2.3699658575041362,-3.2064243954467724,3.7233077358398106
2.368972822962482,-2.926378193071301,3.7720285945990213
2.368127769493365,-2.6467310364925845,3.813489116852594
2.3672934572351005,-2.3672934572351005,3.8544226473502192
2.2488844959640177,0.6614366164600051,9.66387441959479
2.2489138201448924,0.9260233377067203,9.662435698971592
2.2489597149409137,1.1906257314393072,9.660183980848046
2.247014248218781,1.45395039590627,9.755633640868808
2.2491515430564006,1.719939415278424,9.650772394313393
2.2492935991216862,1.984670822754429,9.643802754082003
2.5135855302195584,0.9260578269229951,9.658326238698336
2.5136811449366654,1.1906910686542098,9.654128932581258
2.5138399038448647,1.4553809969628164,9.647159715323824
2.5126363409115373,1.7191722332552624,9.699993862777234
2.514629897684619,1.9852341297510145,9.612480472667627
2.778545596297345,1.1908052555560051,9.64354679799169
2.7790718755912764,1.4557043157859066,9.622644381868199
2.7783751647379957,1.7199465305520925,9.650315886981488
2.7802261360256058,1.985875811446861,9.576800222328856
3.0436004816439435,1.9849568358547456,9.627899200831962
0.0,0.0,120.0
