-1.1433063015789628,1.1433063015789628,4.045455562883987
-1.1423291303994838,1.3961800482660358,4.136013733529765
-1.141396730458585,1.6486841662179563,4.222422783173499
-0.8905681566868225,0.8905681566868225,3.886992636462665
-0.8897084023731161,1.1439108030511491,3.9894341117570065
-0.888140775470802,1.3956497900255458,4.176220045859353
-0.8876458183197012,1.6484850911651594,4.235195197199559
-0.6372587873490599,0.6372587873490599,3.6970469453678874
-0.6361995389086469,0.8906793544721057,3.873743194160056
-0.6352925277472333,1.14352654994502,4.025044308912612
-0.6352709473511475,1.3975960841725246,4.028644196238687
-0.6347233943226003,1.6502808252387609,4.119983076210374
-0.3822318063061352,0.6370530105102252,3.73137316584949
-0.38217698063162797,0.8917462881404653,3.746615877337689
-0.3817491275713784,1.1452473827141352,3.8655681896502045
-0.38136769866121667,1.398348228424461,3.9716135941639124
-0.12786132180976936,0.12786132180976936,3.355443975996124
-0.1276766594253215,0.3830299782759645,3.509464267082066
0.12777256199545461,-0.38331768598636384,3.429475362942469
0.12788191874516475,-0.12788191874516475,3.3382648087576854
0.3822273896110546,-1.4015004285738668,3.732601101656016
0.3824553933202029,-1.1473661799606085,3.6692111882983767
0.38270678259038543,-0.8929824927108994,3.5993195882211637
0.3826339191700647,-0.6377231986167744,3.6195771792854856
0.6365973675244624,-1.6551531555636023,3.807380269849901
0.6368556907126763,-1.401082519567888,3.7642886431908806
0.6365852381120735,-1.1458534286017323,3.809403611671712
0.6375915553366194,-0.8926281774712672,3.641536969731831
0.8907712033427915,-1.9087954357345531,3.8627992143891277
0.8904155350162736,-1.653628850744508,3.9051778189545274
0.8908462078125775,-1.399901183705479,3.8538622792484034
0.8917800126273262,-1.1465743019494194,3.742597536129608
0.8922945860161146,-0.8922945860161146,3.681285070167746
1.1440399326009225,-1.9067332210015377,3.9774671851331362
1.145427483401409,-1.6545063649131466,3.848877573805126
1.1458031325899871,-1.4004260509433175,3.8140647344208105
1.1462324406576,-1.1462324406576,3.774279122582314
0.0,0.0,110.0
