-2.8460802724606653,-1.9353345852732524,10.047448980133112
-2.84549060842873,-1.7072943650572379,10.067121687406583
-2.6153142029687038,-1.93305832393339,10.15912828491716
-2.6171647674297773,-1.7068465874542025,10.092020039776315
-2.61690047143312,-1.4791176577665461,10.101604380612045
-2.6167216893427443,-1.2514755905552255,10.10808767400718
-2.389498650985826,-1.9343560507980495,10.095458427899104
-2.3868858359177643,-1.7049184542269744,10.1992325045845
-2.389223881544787,-1.479043355242011,10.106371540500817
-2.3893443396755516,-1.2515613207824319,10.101587263399765
-2.389605277046462,-1.0241165473056268,10.091223523895223
-2.389918859264477,-0.7966396197548258,10.078768870851746
-2.1616307299574165,-1.9340906531197934,10.108479528631207
-2.1617178449276517,-1.7066193512586725,10.104655345403742
-2.159696669240662,-1.4776871947436105,10.19338115385024
-2.1621255906726895,-1.2517569209157673,10.086756074646672
-2.162436774506341,-1.024312156345109,10.07309569005271
-2.1628337785021627,-0.796833497342902,10.05566796186831
-2.16324346210782,-0.5692745952915316,10.037683622677434
-2.289433087089534,2.289433087089534,4.4981965973136795
-2.2888841227131094,2.5298192935250152,4.522295100190064
-2.28841642102971,2.7701882991412274,4.542826323793491
-2.2880363295984507,3.0105741178926984,4.55951162222604
-2.2877203037806217,3.250970958004041,4.573384560811917
-1.934203579044605,-1.934203579044605,10.102939088896022
-1.9343706544571686,-1.706797636285737,10.094741934380039
-1.9346244879157448,-1.4794187260532166,10.082288204358676
-1.9330173895239045,-1.2507759579272322,10.161136633568972
-1.9352945218192783,-1.024567688021971,10.049414597441071
-1.9356705988369862,-0.7970408348152296,10.030963280297755
-1.9360525364492545,-0.569427216602722,10.012224427134441
-2.050581617759968,1.8093367215529128,4.393129662247276
-2.049604747937518,2.049604747937518,4.441057437817321
-2.04883765885856,2.2898773834301553,4.478692824205197
-2.048260684974314,2.5302043755565053,4.507000664409091
-2.0477830722506165,2.770530038927305,4.530433587511752
-2.047411176373211,3.0108987887841336,4.5486797670313734
-2.045177611164385,3.2482232647904943,4.658264288519831
-2.0468545569878223,3.491693067802755,4.57598896255341
-1.7068779739553661,-1.9344617038160818,10.090274815896592
-1.707101965740251,-1.707101965740251,10.077819913395459
-1.7074117832260542,-1.4797568787959139,10.060592734368328
-1.707728604776376,-1.2523343101693423,10.04297609935854
-1.7067956182171626,-1.0240773709302977,10.094854147635289
-1.708428390009198,-0.7972665820042925,10.004065043531185
-1.7088594671615678,-0.5696198223871893,9.98009530773939
-1.8109723834456226,1.5695093989862063,4.302179856168607
-1.8099814114729251,1.8099814114729251,4.357282141761942
-1.8090007693935815,2.0502008719793925,4.41181004104628
-1.8081922056815996,2.2903767938633597,4.456769646166848
-1.8076093986304758,2.530653158082666,4.489176214123987
-1.8058521711034323,2.768973329025263,4.586885590085501
-1.8057032224942888,3.0095053708238146,4.595167770637403
-1.806434015776475,3.2515812283976553,4.554532534471122
-1.8061663461688495,3.4919216025931092,4.5694161109701525
-1.4798543357588214,-1.7075242335678706,10.054340013786359
-1.4801361912570516,-1.4801361912570516,10.036256506745445
-1.4804282285710786,-1.2526700395601433,10.01751974674761
-1.4798420584860947,-1.0245060404903734,10.055127708719368
-1.4811456048073202,-0.7975399410500954,9.971493757187318
-1.481624847145279,-0.569855710440492,9.94074614982398
-1.5709143758913846,1.3292352411388637,4.212038241345994
-1.5700660270921336,1.5700660270921336,4.266467271756014
-1.5692091794970693,1.8106259763427723,4.321441574601337
-1.5683502127709048,2.0509195090081063,4.376551838328794
-1.5675556286294705,2.2910428418430726,4.427531393478304
-1.5654236123685612,2.5287612199799834,4.564318971891936
-1.5664314486392612,2.771378716823308,4.499657418678609
-1.5660607545950311,3.0116552972981365,4.523440699121778
-1.565745886465005,3.2519337641965484,4.543642256593742
-1.252758707925681,-1.480533018457623,10.010796554675636
-1.2530742739785805,-1.2530742739785805,9.986869067435137
-1.253408839047472,-1.0255163228570228,9.96150099839393
-1.2525675843626667,-0.7970884627762425,10.02528831186359
-1.2542636416978108,-0.5701198371353686,9.896686423691762
-1.3299315239779628,1.3299315239779628,4.159243276249995
-1.3289842159603522,1.5706177097713256,4.231071979926838
-1.3282651152237686,1.8112706116687753,4.285597089776715
-1.326803974585442,2.050515233450229,4.396386649233094
-1.3256938096849669,2.289834762183125,4.48056381672906
-1.3261859490958252,2.5318095391829387,4.443247827364374
-1.325699211734727,2.7719165336271567,4.4801542115908575
-1.3253300359088869,3.012113717974743,4.508146607417757
-1.3250227992149322,3.252328688982107,4.53144252916492
-1.0256415916012394,-1.2535619452904037,9.949891867308608
-1.025990956353174,-1.025990956353174,9.91751490666168
-1.0263413124872907,-0.7982654652678925,9.885046070856433
-1.0257053805028529,-0.5698363225015849,9.943980307124562
-1.0896178987510547,1.0896178987510547,4.020964099250193
-1.0887029388002853,1.3306369252003485,4.1057569186618394
-1.0878210953406957,1.5712971377143383,4.187480706851076
-1.0861009843089593,1.8101683071815986,4.346889939964896
-1.0865544542869514,2.0523806358753527,4.304865151972635
-1.0859598590976278,2.292581924761659,4.359968550180341
-1.0853768123548746,2.532545895494707,4.414001709910721
-1.0848916953918746,2.77250099933479,4.4589593443979965
-1.0845498733031675,3.012638536953243,4.490637297749146
-1.084272234812297,3.2528167044368907,4.516367112915717
-0.7985286355518962,-0.5703775968227831,9.853688796205788
-0.781807292255416,0.781807292255416,11.846070862670814
-0.7811173483747545,1.0042937336246844,11.928279079458434
-0.7804635513292302,1.2264427235173616,12.006180327313615
-0.845984109326198,1.571113345891511,4.1992725673719065
-0.8458547018371823,1.8125457896511048,4.214691732914417
-0.8453979224649486,2.0531092402720184,4.2691179242456485
-0.8449362608996766,2.2933984224419794,4.324125838808214
-0.8444737310079867,2.53342119302396,4.379237216229711
-0.8440500273322998,2.7733072326632713,4.429722371038508
-0.8437025031080293,3.013223225385819,4.471130589255324
-0.5706913231077969,-0.34241479386467816,9.801355221196857
-0.5592545441510721,0.5592545441510721,11.709156887754332
-0.5587092705625408,0.782192978787557,11.800115527845733
-0.557577623320134,1.0036397219762412,11.988888826970253
-0.5572482544481616,1.2259461597859553,12.043831786455513
-0.5572457069390426,1.4488388380415107,12.044256743706256
-0.6044907282152782,1.8134721846458344,4.163180203851823
-0.6040678334814068,2.053830633836783,4.233724478696246
-0.6037407676023784,2.294214916889038,4.2882832693702255
-0.6034104781403766,2.5343240081895813,4.343379795099864
-0.343007372851765,-0.11433579095058835,9.63660557396824
-0.3353489658374643,0.5589149430624406,11.765806712439016
-0.33513626823670395,0.7819846258856425,11.824941199917049
-0.33506448325883825,1.0051934497765147,11.844898960886326
-0.3347682331027519,1.227483521376757,11.927262847845242
-0.11440987639747326,-0.11440987639747326,9.57481355211948
-0.11211655512490318,0.11211655512490318,11.487590813232941
-0.11201516310858858,0.3360454893257657,11.572158268122365
0.11202915031741512,-0.33608745095224535,11.56049203744206
0.11211987289839395,-0.11211987289839395,11.484823577012449
0.11447944100621235,0.11447944100621235,9.51679219969671
0.33501350524112256,-1.2283828525507825,11.859071941397104
0.33528194357580093,-1.0058458307274027,11.7844403363206
0.3355652384735111,-0.7829855564381926,11.705678288599557
0.3354853222865254,-0.5591422038108756,11.727896699816739
0.3432877633592667,0.1144292544530889,9.558651008916513
0.6060555116193771,-2.5454331488013833,3.9021542281433312
0.6061718805305722,-2.3034531460161745,3.8827423986803637
0.6062832605170348,-2.061363085757918,3.864162785959124
0.6064839108753977,-1.819451732626193,3.830691728283824
0.6066929250826328,-1.5774016052148452,3.795825473160235
0.5581114660384636,-1.22784522528462,11.899837002889143
0.5579673464861458,-1.0043412236750624,11.923877995823943
0.5587660394731978,-0.7822724552624768,11.79064574419688
0.5594793047306543,-0.5594793047306543,11.671663935418195
0.5716906992400288,0.34301441954401723,9.634646442632203
0.8487073401807934,-3.0310976435028336,3.8747940717547493
0.848488242246476,-2.78788993880985,3.9009000362932085
0.8484274417656532,-2.5452823252969594,3.9081445372568027
0.8485544522217915,-2.3032192274591483,3.893010983057451
0.8487101755879528,-2.061153283570743,3.874456227224229
0.8489271243533205,-1.819129552185687,3.848606340537728
0.7809542830894538,-1.4503436685947002,11.947708639891204
0.7803683246465082,-1.22629308158737,12.017526780259416
0.7816096398229325,-1.004926679772342,11.869621552043725
0.7822270615467292,-0.7822270615467292,11.796054497763038
0.8004807574382867,0.5717719695987763,9.621089502654002
1.0917716875500714,-3.2753150626502143,3.8213642976061237
1.0913857133736828,-3.0316269815935635,3.8571339928900983
1.091064497605676,-2.7882759383256164,3.886902280109524
1.0908771142224973,-2.545379933185827,3.9042678110895963
1.09088500436712,-2.3029794536639203,3.903536601371016
1.0910958665579529,-2.060958859053911,3.883995199965426
1.090256111864841,-1.8170935197747349,3.961818462047262
1.0916456454096375,-1.576821487813921,3.833045102261096
1.0920208043956792,-1.3346920942613856,3.7982776918106964
1.0283172948077983,0.5712873860043325,9.701924272003353
1.0291568982015205,0.8004553652678491,9.624115031411563
1.029069001595165,1.029069001595165,9.632260744306791
1.3351282030231322,-3.519883444333712,3.7652101715996906
1.3346366888658163,-3.2759264181251857,3.8024787517262126
1.3341686382471811,-3.032201450561775,3.8379682319868493
1.3337071123648538,-2.7886603258537854,3.8729629805001053
1.3333636247974363,-2.5455123746132875,3.899007589263107
1.332134161135582,-2.3009590055978237,3.992230468629799
1.3328182436562341,-2.059810012923271,3.940360580744354
1.3336708935824058,-1.8186421276123717,3.8757092342461306
1.3339973118934088,-1.5765422776922107,3.8509588851517833
1.3344459181424688,-1.3344459181424688,3.8169437551916303
1.257802741779711,0.5717285189907778,9.628337622309544
1.2565697706140513,0.7996353085725781,9.721826454720855
1.257624680847884,1.0289656479664506,9.641838918267013
1.257551414420821,1.257551414420821,9.647394273421966
1.2574812994894942,1.4861142630330386,9.652710669495875
1.5789535287954044,-3.765196876358272,3.6962559378053896
1.578224317845247,-3.5206542475009353,3.7430412282619443
1.5775969096349878,-3.276547427703436,3.7832949783536947
1.5770422048850417,-3.0327734709327725,3.818884162578442
1.5752469386222159,-2.7869753529469974,3.9340662693954584
1.5747127860719157,-2.5437668082700173,3.9683368494087006
1.5757193239995537,-2.3029743966147325,3.9037585963120875
1.5757012385505185,-2.060532388873755,3.9049189367951413
1.5760078367162227,-1.8184705808264106,3.885247970207459
1.5762856795345852,-1.5762856795345852,3.8674219118418307
1.4863256045399775,0.5716636940538375,9.639151254644077
1.4857448986283273,0.8000164838767916,9.676408641879576
1.4858200816811205,1.0286446719330833,9.671584988365368
1.486071313699008,1.2574449577453144,9.6554662466949
1.4860080987286248,1.4860080987286248,9.659522042551984
1.4859563671324245,1.7145650389989513,9.662841079044085
1.8223705547550344,-3.7662324798270714,3.6683927178468565
1.8214602928350139,-3.521489899481027,3.71900717886453
1.8189648063805055,-3.2741366514849104,3.8577669128419956
1.8187648810009345,-3.031274801668224,3.868883620141503
1.819366152602277,-2.7896947673234913,3.8354503441163956
1.818724448813216,-2.5462142283385023,3.8711318229324974
1.81825603971504,-2.3031243169723843,3.8971773747879723
1.8180771181027624,-2.060487400516464,3.9071261826757535
1.8182812388505758,-1.8182812388505758,3.89577619493501
1.7148393267008466,0.5716131089002823,9.647589508161161
1.714743715808522,0.8002137340439769,9.652905883235192
1.7131018862901388,1.0278611317740833,9.74419863571461
1.7145937876705983,1.2573687776251055,9.661242529782172
1.7145477446970578,1.4859413787374502,9.663802716293489
1.7145701021526192,1.7145701021526192,9.662559546016809
1.7145985173396738,1.9432116529849637,9.660979539926416
2.06409087474287,-3.763930418648763,3.730330359909388
2.0648555187495576,-3.522400590808069,3.692814935129846
2.063891163397196,-3.2779447889249584,3.7401287182313325
2.0630621103241857,-3.033914868123803,3.7808042194145344
2.0623365131324403,-2.790219988355654,3.8164039058425914
2.0616089505938837,-2.5466934095571503,3.8521000172995485
2.0609742331205614,-2.3034417899582746,3.8832409082480552
2.06056641804441,-2.06056641804441,3.9032493771296686
1.9433200469443088,0.5715647196895026,9.655661450210417
1.9432388756084225,0.8001571840740562,9.659643927178863
1.9431712267529264,1.028737708280961,9.662962956070203
1.9412270362482393,1.2560880822782725,9.758350001542027
1.943192583826805,1.4859707993969684,9.661915122448818
1.943244372620198,1.714627387606057,9.659374229476441
1.9433074970984021,1.9433074970984021,9.656277178308699
2.307261388642615,-3.278739868071084,3.715567715170039
2.306263172928672,-3.034556806485094,3.7593875061925246
2.3053945935001363,-2.790740823710691,3.797516508284147
2.3045878203541093,-2.547176011970331,3.832932330904086
2.303772024699051,-2.303772024699051,3.8687442246885126
2.171816021255095,0.5715305319092355,9.661364411194114
2.17176151654168,0.80012266398904,9.66375706552546
2.1717898360125125,1.0287425539006638,9.662513894058193
2.171827379190067,1.2573737458468808,9.660865819226501
2.170447273583317,1.4850428713991117,9.72144985775843
2.1719839698035788,1.7147241866870355,9.653991786024747
2.172121173792392,1.943476839708982,9.64796878915817
2.400415517693395,0.8001385058977984,9.661869469873054
2.40048120598848,1.0287776597093488,9.659260505214661
2.400559183456195,1.2574357627627688,9.656163447250904
2.3986948725755988,1.4849063496896566,9.730208925116258
2.4008441230424418,1.7148886593160297,9.644846403486369
2.4012321081823393,1.943854563766656,9.629436663948084
2.629249851581935,1.028836898445105,9.653770626210743
2.629415941443818,1.257546754603565,9.647747599506673
2.629678614468008,1.4863400864384395,9.638222113596811
2.6273768694944812,1.7135066540181398,9.721691816589782
2.630707143289451,1.9444357146052464,9.60092389149446
2.858629731850727,1.2577970820143198,9.628766768483345
2.859176636837731,1.4867718511556203,9.610520612820068
2.8597854969541445,1.7158712981724866,9.590207474843211
2.8579768487297965,1.9434242571362614,9.650548627009982
0.0,0.0,105.0
