-2.965512725407486,-1.9528986240488324,9.672485038290553
-2.9616444132004185,-1.8058807397563525,9.751178230381434
-2.966049984060031,-1.6638816983751394,9.661555569291139
-2.9658046659521053,-1.5190706825608344,9.666546082971777
-2.9655593884207017,-1.3742836190242276,9.671535771203011
-2.82145700597088,-1.9533163887490705,9.659579756934043
-2.81779900992461,-1.8062814166183394,9.73781062070843
-2.8174408299542115,-1.6615676689473553,9.745470751587888
-2.8207542580612808,-1.5188676774176126,9.674608908220208
-2.8205212703670512,-1.3741001060762557,9.679591644214945
-2.82028832115812,-1.2293564476843084,9.684573557153008
-2.8200554104102196,-1.084636696311623,9.689554647553358
-2.676411767549038,-1.953057235779028,9.667585320809764
-2.6761904271934984,-1.808236775130742,9.672574836353512
-2.6717845863874246,-1.6608390672138045,9.771892518985716
-2.673456454826907,-1.51736717706392,9.734204797984447
-2.6755246534808452,-1.3739180653009746,9.68758289161665
-2.675297772679469,-1.2291908685284045,9.6926973014236
-2.6750688139823877,-1.084487357019887,9.69785855173052
-2.674839894471673,-0.9398086115711285,9.703018918687519
-2.531402580071943,-1.9527962760554989,9.675646697591809
-2.531193495681402,-1.8079953540581442,9.680629263677623
-2.530984445827187,-1.6632183501150084,9.685611006748744
-2.5268090806495516,-1.5160854483897308,9.785111657544114
-2.530556233497841,-1.3737305267559707,9.695815480761397
-2.5303396733393755,-1.2290221270505537,9.700976197438123
-2.5301231502213954,-1.0843384929520266,9.706136031425025
-2.5299449445542286,-0.9396938365487135,9.710382744970822
-2.5297705408659223,-0.7950707414150042,9.714538855813657
-2.386434786522252,-1.9525375526091155,9.683638992937013
-2.3862377020423278,-1.8077558348805514,9.688620238897357
-2.386033860344101,-1.6629932966034646,9.693772271346752
-2.383796106481336,-1.516961158669941,9.750330770491082
-2.3818824325748453,-1.3713868551188504,9.798698254423833
-2.3854417639459347,-1.228863939002451,9.70873731472632
-2.3852773172071577,-1.08421696236689,9.712893652422416
-2.3851128931399486,-0.9395899276005859,9.717049417102032
-2.384955670757403,-0.794985223585801,9.721023161550264
-2.3848206531700824,-0.6504056326827499,9.72443568704022
-2.2415016935170797,-1.952275668547134,9.691728923706002
-2.2413098570754477,-1.8075079492543933,9.696890340339195
-2.2411180534672246,-1.6627650074111664,9.70205087357975
-2.240930695531944,-1.5180498260055104,9.707091794664876
-2.237552497819215,-1.37140314382468,9.797983210896156
-2.2385955156979813,-1.2276168957053444,9.769920504027816
-2.240467293326208,-1.084097077415907,9.71955976911331
-2.240336276234927,-0.9394958577759371,9.723084822999922
-2.240209450207293,-0.7949130307187169,9.726497115070103
-2.2400826385381563,-0.6503465724788196,9.729909020820635
-2.0966008186275578,-1.9520076587222093,9.700008087060382
-2.096421407997828,-1.8072598344808861,9.705168086725408
-2.0962672090885777,-1.6625567520357687,9.709602976237115
-2.096122699441755,-1.5178819547681677,9.71375919446298
-2.095978209717582,-1.3732271029184158,9.717914839696796
-2.092570188651909,-1.2266790761062916,9.815932374018722
-2.0957267739186225,-1.0839966071992877,9.725146343428534
-2.0956081383458485,-0.9394105447757253,9.728558401658844
-2.095515326443129,-0.7948506410646354,9.73122774955457
-2.095516259338141,-0.6503326322083887,9.731200918714308
-2.095517192233984,-0.5058144946771685,9.731174087850135
-2.324686210863955,2.48500939782009,3.1400815692802695
-2.3261767996562157,2.64702877202259,3.0972109897592475
-2.3278867141174424,2.8095184480727755,3.0480324206831853
-2.329678567217658,2.9723485167949435,2.996497227864296
-2.3314012231202383,3.135332679368597,2.946952204285438
-2.3331184320441136,3.298546748752023,2.897563840366786
-1.9516157725310377,-1.807051641232442,9.712113948455368
-1.9514812402730575,-1.6623729083807526,9.716269820504323
-1.9513480928494922,-1.5177151833273828,9.7203829132621
-1.9512376215677918,-1.3730931411032608,9.723795511242123
-1.9487954144180633,-1.2270193350039655,9.799238387052739
-1.9488243090837971,-1.0826801717132206,9.798345794186986
-1.950997552790543,-0.9393691920843356,9.731211540201834
-1.9509984213484353,-0.7948512086975107,9.731184709347126
-1.950999289907138,-0.6503330966357127,9.731157878467378
-1.9511366365170089,-0.5058502390970023,9.726915067519641
-2.161759551542935,2.161759551542935,3.22050613208701
-2.162657188255823,2.3228540170155134,3.1927769957354997
-2.1637026160692168,2.484251151783175,3.160482404875907
-2.1650539178123047,2.6461770106594837,3.1187389804502743
-2.1665089643170803,2.808437546336956,3.0737907487776823
-2.1681706243669265,2.971196781539862,3.0224599626918547
-2.1698132273816646,3.134174661773516,2.971717872586666
-2.171410826861029,3.2973275519000804,2.9223659987580533
-2.1730581827695956,3.460796365151578,2.871477085735364
-2.174753106538545,3.6245885108975755,2.819118741184809
-1.8068518278164047,-1.8068518278164047,9.71878023744388
-1.8067419927297406,-1.6622026333113615,9.722444618161163
-1.8066397115419162,-1.5175773576952096,9.725856981403076
-1.8065374419338849,-1.3729684558697526,9.729268958313334
-1.806478897181519,-1.228405650083433,9.731222161685615
-1.803663127178104,-1.0821978763068627,9.82516348424653
-1.806480505622386,-0.9393698629236409,9.731168499965335
-1.8065170834304967,-0.7948675167094186,9.72994817029845
-1.8067467565794544,-0.6504288323686036,9.722285683893787
-1.8069764881352364,-0.5059534166778662,9.71462124888739
-2.0006983818394106,2.0006983818394106,3.251561097844146
-2.001306232382543,2.161410730973147,3.2312816418260724
-2.0019747796504337,2.322290744394503,3.2089771871071378
-2.0029422988269623,2.4836484505454335,3.1766982612943337
-2.004034694908997,2.645325797279876,3.1402531210370626
-2.005319678765998,2.8074475502723977,3.0973827577440005
-2.006792730474939,2.97005324110291,3.048237967661464
-2.008337662133508,3.1330067529282735,2.9966950777605916
-2.0098227170872804,3.29610925602314,2.9471498285876123
-2.011303061100023,3.4594412650920403,2.8977617485123375
-2.0128395101284986,3.623111118231298,2.846501860947896
-2.013718470364409,3.7857907242850892,2.8171774889502785
-1.6621457840535356,-1.8066802000581907,9.724506180463102
-1.6620516917970138,-1.6620516917970138,9.727918310302051
-1.661960292511044,-1.5174420062057357,9.731232783165645
-1.6619610323932068,-1.3729243311074317,9.731205952328565
-1.66196177227625,-1.2284065273346196,9.731179121459554
-1.6603904438233483,-1.0828633329282706,9.78816124622864
-1.6597590097440709,-0.9381246576814314,9.811059358601263
-1.6623346946848605,-0.7950296365884116,9.717655589076884
-1.6625460801774063,-0.6505615096346373,9.70998997690753
-1.6627596997697174,-0.506057299929914,9.702243348098186
-1.839990736890223,1.839990736890223,3.275196824817371
-1.8404246225787795,2.000461546281282,3.259462540622877
-1.8409046862220029,2.1610620229562643,3.2420536746631683
-1.8414965065893358,2.321886899612641,3.2205921005727873
-1.8422599664290775,2.4830460417087568,3.1929062505749783
-1.8431505127021364,2.6445203008335,3.1606117810448353
-1.8443004555475744,2.8065441714854393,3.118910641747675
-1.8455390095425104,2.968910580568386,3.073996137627063
-1.8469544891047747,3.131792394568966,3.02266566443663
-1.8467214322135093,3.2919816835110383,3.031117160896102
-1.8469572207610396,3.453006977944552,3.022566604575644
-1.8483469464412177,3.6163309821676,2.9721700614745004
-1.8504233879562348,3.7812999666931755,2.896870687071967
-1.517442414323554,-1.6619607394972258,9.731216573809583
-1.5174430898687032,-1.5174430898687032,9.73118974295003
-1.5174437654144544,-1.3729253115654587,9.731162912066573
-1.5175145253329525,-1.2284641395552471,9.728352515992917
-1.5177074609935561,-1.0840767578525403,9.720689623856543
-1.5155133758067627,-0.938174946927996,9.807832861513063
-1.5170641470659734,-0.7946526484631289,9.746240344866166
-1.5182906913222933,-0.6506960105666971,9.697525263852867
-1.5184873640901788,-0.5061624546967263,9.689713943738418
-1.67937675165258,1.67937675165258,3.299614679976031
-1.6797855432354356,1.8397651187816675,3.2833785637708814
-1.6801888041019357,2.0002247667880186,3.2673621129336397
-1.6805850536232074,2.1607522118012668,3.2516241341116228
-1.6810950713924253,2.3215122414466824,3.2313675825704564
-1.6816555621168923,2.482443925029698,3.209106379267837
-1.682468275095115,2.6438787180066092,3.1768275777727553
-1.6833848244298648,2.805641374049775,3.140424671913493
-1.6822921968897635,2.9640386326152974,3.183820936548173
-1.6831602992623718,3.1258691272015477,3.1493422153837685
-1.685231457545112,3.2902137980642663,3.067081307947973
-1.6882461066144094,3.456884884972362,2.947347451724866
-1.6894895884385905,3.6203348323684086,2.89795965549051
-1.6907801306600976,3.7841269590964086,2.8467027452340403
-1.3729256808159525,-1.5174441735334212,9.731146702664894
-1.3730947848479347,-1.3730947848479347,9.723723353944756
-1.3732693724760943,-1.2287147016891369,9.716059285673545
-1.3734440045071836,-1.0842978982951452,9.708393268197277
-1.3736211489558872,-0.9398460492856071,9.700616960316573
-1.3716534747676934,-0.794115169602349,9.786994153665255
-1.3739770426420816,-0.6508312307251967,9.684993897347901
-1.3741892939229177,-0.5062802661821275,9.67567646561389
-1.5190893637780312,1.5190893637780312,3.314836126695255
-1.5192934393911839,1.6792190645902558,3.3058775913844727
-1.5196202751419914,1.8395403330666211,3.2915301170870777
-1.5199909129381837,1.9999880433397152,3.275259815440535
-1.5203493395693055,2.1604964299142764,3.2595255609569875
-1.520745392387514,2.321137704170416,3.2421395876795316
-1.5212342862937038,2.482013835531833,3.2206780653831544
-1.519701641845062,2.6394817989940553,3.28795827196889
-1.5203901830965874,2.800718758335819,3.2577326069841206
-1.5235486398814975,2.966910509242916,3.1190822989043596
-1.5245710248017466,3.129382629856217,3.0742015252158126
-1.5257403268914758,3.292387021186869,3.0228713643113565
-1.526896607358924,3.4556081113912493,2.9721128281160105
-1.5280208310144612,3.6189967050342506,2.922761525626939
-1.529179945664099,3.7827082866427713,2.8718785741679085
-1.2288090923121255,-1.3733748678782578,9.711428236079684
-1.2289664401890639,-1.2289664401890639,9.703708339775162
-1.229125618852429,-1.0845226048697905,9.695898620324343
-1.2292848387623094,-0.940041347288825,9.688086877212143
-1.2281542669076395,-0.7946880550578844,9.743555674457362
-1.2280493844518983,-0.6501437917686521,9.748701480668672
-1.2299032960156788,-0.5064307689476325,9.657743754968052
-1.359093526959453,1.5189868830723299,3.319334836788613
-1.35927614550039,1.6791058267945997,3.3103750959471796
-1.359494140811429,1.8393156022742865,3.2996796787045923
-1.3598250667154395,1.9997427451697638,3.283443592694738
-1.360151557231696,2.1602407085444586,3.267425118350161
-1.3585403082212333,2.3175099375538686,3.346477187711116
-1.359117657407198,2.478391022330773,3.3181509342282567
-1.3613375837514312,2.6425964861057194,3.2092355709287403
-1.3619954917864914,2.8041083654427763,3.176956890673253
-1.3627365994138916,2.9659561281361175,3.140596221909604
-1.3636103797950139,3.1282826360003266,3.0977262825978187
-1.3646106778778007,3.2911198701758724,3.048649055608948
-1.3656615451203407,3.454320378833803,2.9970907740478765
-1.3666713917951092,3.6176595665164655,2.947545068288349
-1.36767801404302,3.781227450589526,2.898157561301275
-1.0847479840262308,-1.0847479840262308,9.683366574023218
-1.084928144625908,-0.940271058675787,9.67334887312996
-1.0851291846590176,-0.7957614020832795,9.66217018632014
-1.0836277643214032,-0.6501766585928419,9.74565558703604
-1.0855403103224592,-0.5065854781504809,9.639309838756475
-1.1989742272794994,1.3588374575834326,3.33189826673825
-1.1991246460717178,1.518891218357509,3.323534337711223
-1.199280431621002,1.6789926042694026,3.314871994007788
-1.1994415437536465,1.839143700422258,3.3059134694580337
-1.1981163785996436,1.9968606309994057,3.3795983271391776
-1.1983173655993569,2.1569712580788423,3.36842258921331
-1.200274661006939,2.3205310112800817,3.259588582288231
-1.200586922599203,2.481212973371686,3.242225500474788
-1.2009728905425423,2.642140359193593,3.2207640298886275
-1.201469242085983,2.80342823153396,3.1931647584108447
-1.2020500287634732,2.9650567376165666,3.1608705318801356
-1.202798470782391,3.127276024034217,3.119253950369554
-1.2036050100766527,3.289853694209517,3.074406911543946
-1.204528137689216,3.452980661375752,3.023077062922596
-1.2054411385731412,3.6163234157194237,2.9723103037819953
-0.9407253067597234,-0.7959983364889968,9.644204866801324
-0.9409180602128503,-0.6514048109165886,9.63183803894568
-0.9396304726868283,-0.5059548699082921,9.714448093526151
-0.9042374208637725,0.7651239715001151,11.985223387462888
-0.9033793187616255,0.9033793187616255,12.04027817796166
-0.902552283903195,1.0414064814267634,12.093339731769944
-0.900284598692236,1.177295244443693,12.23883166553184
-1.039175913366117,1.51879556568894,3.3277333098260584
-1.038166427759363,1.6770380756112784,3.3925006824409394
-1.0379748076763007,1.8364169674273012,3.4047947946473442
-1.0396121534132354,1.9992541411792988,3.299744677306464
-1.0398652139522437,2.1597200597469675,3.2835086199378196
-1.0401149146852668,2.320256348144057,3.267488123647709
-1.040360211036139,2.480858964778485,3.251750207176485
-1.0406752224000149,2.6417140260923455,3.23153945999438
-1.0410208445468605,2.802748427626163,3.2093647620898906
-1.0415239488016492,2.964337392743155,3.177086203073273
-1.0420900198901768,3.12627005967053,3.140767768345839
-1.0427582015416235,3.288698943323581,3.0978980437018038
-1.0435226088758616,3.451651706281696,3.048854595915202
-0.7955159162601952,-0.5062374012564879,9.680783908694906
-0.7959422202213076,-0.36179191828241253,9.648459827899892
-0.7664570059448518,0.6271011866821514,11.884147354808228
-0.7656490167302497,0.7656490167302497,11.945412346543584
-0.7649219339505746,0.9039986492143155,12.000542687001968
-0.7628378732534215,1.040233463527393,12.158564550511556
-0.7625349813133515,1.1784631529388159,12.18153103554593
-0.762817563851211,1.3175939739248188,12.160104491065326
-0.8786215307361949,1.6773683768600083,3.3793819938915846
-0.8794718434889427,1.8388956727496073,3.3149078612817533
-0.879589992244295,1.9990681641915793,3.3059493474929695
-0.8797784444432042,2.1594561818151377,3.2916601438748643
-0.8799926245528661,2.3199805556393738,3.2754201465937456
-0.8802005869162933,2.480565290400463,3.2596516038379946
-0.8804292768538884,2.641287830561665,3.2423114130489097
-0.8807123193303629,2.802266470596609,3.220849994172795
-0.8810757395957135,2.9636183968219454,3.1932940080893246
-0.8815016481774786,3.125324025356515,3.1609999065465075
-0.8820499481049267,3.287640715663817,3.1194256009536474
-0.6510871335918024,-0.36171507421766796,9.661278405170592
-0.6282627890274973,0.4886488359102757,11.776497246391749
-0.6275798685099199,0.6275798685099199,11.839786088783981
-0.6261529238832645,0.7652980180795455,11.972026475848644
-0.6251547624317586,0.9030013235125403,12.06452989485625
-0.6254997567725872,1.0424995946209785,12.032557956832825
-0.6250944813762573,1.1807340203773748,12.07011636959622
-0.7193407679004886,1.5186082877899203,3.335954457102673
-0.7194291171009535,1.6786679399022246,3.3277668005895435
-0.719519379556334,1.838771747755076,3.319401835464788
-0.7196160087365957,1.9989333576016544,3.3104468417244277
-0.7197307894561762,2.1591923683685286,3.2998096757816455
-0.7199059849048979,2.319697062471337,3.2835736470541548
-0.7200788764477528,2.4802716855422595,3.267551130048062
-0.7202486966751424,2.640911887808855,3.2518132435303215
-0.7204665343601948,2.8018143002896467,3.2316253965385755
-0.7207053444970748,2.962899749599085,3.209493952650675
-0.5069114120118371,-0.3620795800084551,9.60047415619762
-0.5067846796319018,-0.2171934341279579,9.615574577051767
-0.4890341638887565,0.4890341638887565,11.730584633964618
-0.487678518481349,0.6270152380474487,11.89211254175973
-0.48712997855816303,0.7654899663056848,11.957472189386003
-0.4874589536011581,0.9052809138307222,11.91827414384884
-0.48697376881401977,1.0435152188871855,11.97608489814509
-0.4865115684311662,1.1815280947614035,12.031157013918502
-0.5594547888166267,1.518520141073701,3.339823932036907
-0.5595207439854002,1.6785622319562006,3.331965239518908
-0.5595909392753922,1.8386559433334315,3.323601327932934
-0.5596635993737015,1.998798569191791,3.3149437294223247
-0.5597387848625733,2.158992455898497,3.305985225489323
-0.5598584644844654,2.3194136385785,3.2917251551019433
-0.5599947606521966,2.479976797174013,3.2754851894783457
-0.3620956257550584,-0.217257375453035,9.59779751951288
-0.34893617735916754,0.4885106483028346,11.79296258090416
-0.3487309427816911,0.6277156970070439,11.827198345224382
-0.3488231565110501,0.7674109443243103,11.811815910430774
-0.34845058885844216,0.9059715310319497,11.873964981532033
-0.348082766279999,1.044248298839997,11.935322513299205
-0.21767645265581725,-0.21767645265581725,9.48128508349258
-0.21741666395606385,-0.07247222131868795,9.55351190484641
-0.2101737578050537,0.2101737578050537,11.567194906255267
-0.20976281253042195,0.3496046875507033,11.681446492121793
-0.20970117520931264,0.48930274215506286,11.698582987222295
-0.20968773363758522,0.6290632009127557,11.702320031985181
-0.2094588341154134,0.7680157250898493,11.765959000545294
-0.07033103898700348,-0.07033103898700348,11.339395516065927
-0.07015292113019052,0.07015292113019052,11.487957250692972
-0.0700698590782437,0.2102095772347311,11.557236337808071
0.07993285215651562,-0.39966426078257805,3.3308665254809426
0.07011372764938241,-0.21034118294814722,11.520647131421981
0.07018771830243399,-0.07018771830243399,11.45893417371964
0.06997660507893756,0.06997660507893756,11.635016163737461
0.2385350805350707,-3.2599794339792996,3.6821398899147653
0.23850914513529786,-3.100618886758873,3.689350486403015
0.2384902383248405,-2.9413796060063664,3.694606984559286
0.23848507789205559,-2.7823259087406487,3.6960416953731965
0.238488989203666,-2.6233788812403263,3.6949542669930793
0.238503922107239,-2.4645405284414696,3.690802600043426
0.23851990090013223,-2.305692375367945,3.6863601534672483
0.23853983962690553,-2.14685855664215,3.680816760478848
0.23857638596524794,-1.9881365497103995,3.6706560958575665
0.23863957765073993,-1.8295700953223395,3.653087454175264
0.20941192302567876,-0.9074516664446081,11.779001287992727
0.20962543133662248,-0.7686265815676158,11.719641405724069
0.20984194859821342,-0.6295258457946403,11.659444970745206
0.20978261060294903,-0.48949275807354775,11.67594220402566
0.20990198032670176,-0.3498366338778363,11.642754864773686
0.21033295550113762,-0.21033295550113762,11.522934537863932
0.21710296626957765,0.07236765542319255,9.640726578858228
0.21716106238568203,0.21716106238568203,9.624574614576467
0.3977139405973147,-3.579425465375832,3.6562049895576934
0.39764426004981773,-3.419740636428432,3.667828600116607
0.3975773394211747,-3.260134183253632,3.678991820752003
0.39752472692494,-3.1006928700145324,3.6877682610747513
0.3974911018048695,-2.941434153356034,3.6933773631087803
0.3974775557403882,-2.782342890182717,3.69563702070036
0.39747462916588056,-2.6233325524948112,3.696125210928045
0.3974995164594346,-2.464497002048495,3.6919736906181555
0.39752554591513295,-2.305648166307771,3.6876316429884213
0.39755257031267843,-2.1467838796884635,3.6831236262758438
0.3976101273392121,-1.9880506366960602,3.673522374773256
0.39769272942713807,-1.829386555364835,3.6597432852584006
0.3978342225373324,-1.670903734656796,3.6361404166135998
0.3979785003749532,-1.512318301424822,3.6120730196566626
0.3981272539027249,-1.3536326632692646,3.5872590200801255
0.3484570304375265,-1.0453710913125795,11.872890443381138
0.34878984368201327,-0.9068535935732346,11.817372918308145
0.34913166035974863,-0.768089652791447,11.760353504895662
0.3488794048345248,-0.6279829287021447,11.802432967412287
0.3493066202474289,-0.4890292683464005,11.731167947794297
0.36110254029497346,0.21666152417698406,9.76345693314262
0.5569508182868264,-3.739526922782977,3.6381771139598698
0.5568268407734122,-3.5796011192576493,3.6529492868643842
0.556729981682738,-3.419912744622533,3.6644902445381575
0.5566346983059173,-3.260288947220373,3.6758434527011445
0.5565478973745163,-3.1007668568008766,3.6861859602383475
0.556500819961162,-2.9415043340804274,3.6917953297991204
0.5564719743664147,-2.7823598718320737,3.6952323410877597
0.5564599335846964,-2.6233111154707114,3.6966670247215063
0.556489494850018,-2.464453477192937,3.693144739828213
0.5565250935379372,-2.3056039589428825,3.688903083751768
0.5565629262458511,-2.1467427155197116,3.6843952396487367
0.5566301247098172,-1.9879647311064899,3.67638840597958
0.556715410905071,-1.8292077786880905,3.6662263823354238
0.5569120230262764,-1.670736069078829,3.642799648167383
0.5566681791940552,-1.510956486383864,3.6718541367764317
0.48713595844682767,-1.1830444705137242,11.956759673487994
0.48754034428811105,-1.0447293091888095,11.90857627794255
0.48743721808356444,-0.9052405478694769,11.92086397498209
0.487557571925394,-0.7661618987399049,11.906523569917752
0.4886366826148418,-0.6282471633619394,11.777945336263578
0.489439753992545,-0.489439753992545,11.682257748092105
0.505038223494003,0.21644495292600127,9.823668378328485
0.5049571600590294,0.36068368575644955,9.833327251495781
0.7164540485182738,-3.9006942641550464,3.6034777241728904
0.7161619664620327,-3.7399569359683924,3.630546079489875
0.7159553580760221,-3.57977679038011,3.6496932646198985
0.7158308127400208,-3.420080549757877,3.66123535471381
0.7157071593398667,-3.2604437258816152,3.6726947857195995
0.7155867198692737,-3.100875786100186,3.68385636964625
0.7155181260358345,-2.9415745181473194,3.69021322114196
0.7154683338056713,-2.7823768536887217,3.6948276565353098
0.715452852611079,-2.623327126240623,3.696262357733147
0.7154738575765299,-2.464409953874714,3.694315747675816
0.7155186571543264,-2.305560117497274,3.6901640003707854
0.7155671843092215,-2.1467015529276643,3.6856668043152467
0.7148878438764709,-1.98579956632353,3.748623866626886
0.714750836638609,-1.826585471409779,3.7613208485749254
0.7149742941139804,-1.6682733529326208,3.7406121942350268
0.6254462731505794,-1.3203865766512233,12.03751448755154
0.6259615169459677,-1.1823717542312724,11.989764884895607
0.6255025687052952,-1.042504281175492,12.032297364331363
0.6259969502479888,-0.9042178170248729,11.986481145998717
0.627599173650565,-0.7670656566840238,11.837997007958037
0.6281993640689962,-0.6281993640689962,11.782375078583044
0.6479938760556195,0.35999659780867754,9.947942348700245
0.8761614321141561,-4.06220300343836,3.5659165651749305
0.8757805263209598,-3.901204162702457,3.594798374301078
0.8754097346525186,-3.740387048060761,3.622913289812388
0.8751086475388067,-3.579989921749664,3.6457429256538347
0.8749472577865989,-3.4202483713476135,3.6579801457261993
0.8747947246739991,-3.260598519239451,3.6695458197648065
0.874647506905125,-3.101022979027262,3.680708463065443
0.8745430205729218,-2.9416447055634642,3.688631036985001
0.8744690471905244,-2.7824015137880322,3.6942399963365773
0.873978383338095,-2.6219351500142847,3.7314441029269574
0.873356397343378,-2.4612771197858834,3.7786055824828537
0.8732063012712079,-2.3020893397150024,3.789986470315057
0.8734375857628163,-2.1438922559632765,3.772449550006172
0.8740536492891784,-1.9864855665663144,3.725737135819287
0.8747628925589864,-1.829049684441517,3.6719594587440554
0.8749718679681564,-1.6704008388482985,3.656114102785935
0.7640031607497065,-1.3196418231131293,12.070207766115146
0.7633169780380473,-1.1796716933315274,12.122236898929074
0.7643284599289302,-1.0422660817212683,12.045542274093116
0.7658987783142867,-0.9051531016441571,11.926474418777588
0.7665638493038557,-0.7665638493038557,11.876046061637396
0.7672959586150802,-0.6277876025032474,11.820534589341783
0.7919716524569367,0.35998711475315304,9.949524244197406
0.7908341291819114,0.5032580822066709,10.035775833678734
0.7915800288135255,0.6476563872110663,9.97921872383074
1.0356020661595229,-4.062746567241205,3.5570270136188498
1.0351402842461144,-3.901682609850739,3.586654381312286
1.034694135494143,-3.740817259094209,3.615278744321799
1.0342836150762593,-3.5802125137255127,3.641617236612518
1.033699479014866,-3.4191598152030176,3.6790946980968044
1.0328124281334337,-3.2573315041131368,3.736006807176622
1.0323981932884052,-3.0971945798652154,3.7625836126095322
1.032080097447227,-2.9374587388882616,3.7829922561156764
1.0320682677906863,-2.7786453363595403,3.7837512325368863
1.0322765035260282,-2.620394201258379,3.7703910802252665
1.0334257372273985,-2.4643229118499503,3.69665763929234
1.0334904431548946,-2.305478680883995,3.692506185434567
1.03355740822424,-2.146619232465729,3.6882097877747526
1.0336276704104244,-1.9877455200200465,3.6837018510960178
1.0337660181892412,-1.8289706475655803,3.67482562534191
1.0339539316324438,-1.670233274175486,3.66276932665491
0.9031314184185979,-1.319961303842566,12.05618316341247
0.9024108265957634,-1.1800756963175365,12.102415461109942
0.9038901819635431,-1.0429502099579344,12.007501814304305
0.9046383731309153,-0.9046383731309153,11.959498776123134
0.905389304284465,-0.766098642086855,11.911319943750811
0.9337049670148518,0.5027642130079971,10.094621353274299
0.9336090109929776,0.6463446999182152,10.100777775299328
0.9339617748739448,0.790275347970261,10.078144872392322
0.9333641738056098,0.9333641738056098,10.116486232396817
0.9327731530942777,1.076276715108782,10.154405404674115
1.1937844302382785,-4.21803832017525,3.620473207922913
1.1932890499542101,-4.057182769844314,3.6480184732201195
1.1928063695736162,-3.8965008072738128,3.674857569495856
1.1923541140600384,-3.7360428907214533,3.700004912868735
1.1919280095749154,-3.575784028724746,3.7236981470657895
1.1918193671988728,-3.4165488526367684,3.7297391284428443
1.1923915987514793,-3.259203703254043,3.6979206034936425
1.1928143872306805,-3.1013174067997693,3.6744117534268668
1.1926155772072178,-2.9417850904444705,3.6854664421501298
1.1925146948115657,-2.782534287893653,3.6910759353847737
1.1924432544211174,-2.623375159726458,3.6950483270424996
1.1924174526061462,-2.464329402052702,3.696483018453094
1.1924679127938032,-2.305437964734686,3.6936772159198483
1.192543374779055,-2.146578074602299,3.6894812063682707
1.1926244434281774,-1.9877074057136286,3.6849734422945346
1.1927554027304546,-1.82889161752003,3.6776915442449507
1.192938151720954,-1.6701134124093355,3.6675299177369993
1.0786568016973521,0.3595522672324507,10.022062397451343
1.077965971138285,0.5030507865311995,10.06047553506886
1.0753134328138694,0.6451880596883216,10.207968025599499
1.0765893883698103,0.7894988848045276,10.137019432314382
1.0759105033138634,0.9324557695386816,10.174768348800903
1.0752324739130297,1.0752324739130297,10.212469687198713
1.0745615502505974,1.2178364236173436,10.249775916110565
1.0739126337665117,1.360289336104248,10.285858451658946
1.354570673520889,-4.063712020562667,3.5412377961779384
1.3539770929965846,-3.902639856284274,3.570360401358073
1.3533728857033183,-3.7416779781209386,3.6000043834772555
1.3528211172908382,-3.5809970751816307,3.627075577644831
1.3523947880112408,-3.42076328732255,3.64799240152648
1.3521550369927555,-3.2610797951001755,3.6597552103906565
1.3519204848169548,-3.1014646416388967,3.671262950503916
1.3516929781899707,-2.941920011354642,3.682425017657806
1.3515489015678366,-2.7826006796984872,3.689493791666223
1.351443936720088,-2.6233911712801707,3.694643640243825
1.3514146943051244,-2.4643444425564036,3.696078349218638
1.351439767255152,-2.3053972500234945,3.6948482050436553
1.3515243873266833,-2.146538732812968,3.690696524129905
1.3516151191508108,-1.9876692928688393,3.6862449847293703
1.3517310479638116,-1.8288125943039806,3.6805572154852797
1.2212727181329288,0.3591978582743908,10.081182365004082
1.2204913190616835,0.502555249025399,10.11951983685205
1.2184744030770995,0.645074683981994,10.218474983619053
1.2171230365754275,0.7875502001370415,10.284776540813851
1.218182568593981,0.9315513759836327,10.232793142793462
1.2174394793879808,1.074211305342336,10.269251032959815
1.2167045199041602,1.2167045199041602,10.305310057800305
1.2159675525321554,1.3590225587124092,10.341467594860163
1.2152322898241694,1.5011692991945624,10.37754149666727
1.5134541725531219,-3.9031186555317356,3.5622104150359206
1.5127961704926036,-3.74218000069223,3.591095467015691
1.5121504361648597,-3.5814089277588783,3.619441988616714
1.5115940341195622,-3.4209759719547987,3.6438669911575943
1.5113062572269693,-3.2612398182266182,3.656499855095092
1.5110416902234287,-3.101611890458617,3.668113848588334
1.5107873939767897,-2.942059661954801,3.6792769751849903
1.5105906976788896,-2.782667074671639,3.6879115724453726
1.5104629226537967,-2.623435602503963,3.693520655551609
1.5104138768267832,-2.4643594832436992,3.6956736750445174
1.5104060068370329,-2.3053565367512605,3.696019152781844
1.5105005788700239,-2.146500822604771,3.6918676185349426
1.5105996979290517,-1.9876311814855943,3.6875164784033245
1.363611767385499,0.3588452019435524,10.140009971819026
1.3627519322123876,0.502066501341406,10.17775511755579
1.361893180706424,0.6451072961240957,10.215452692344414
1.358755954392134,0.7866481841217617,10.353171022723465
1.3602242989931994,0.9306797835216628,10.288713458422563
1.3594034084831326,1.0732132172235258,10.324749006752455
1.3585790211011257,1.215570703090481,10.360938061178778
1.3577577930388955,1.3577577930388955,10.396988427413312
1.356937557201774,1.4997730895388028,10.432995236833115
1.3561247406192367,1.6416246860127603,10.468676354941024
1.671516408371524,-3.5818208750818368,3.6118066434995058
1.670835054194318,-3.4212336823978893,3.6388682222157342
1.6704730975178663,-3.2613998570586915,3.653244180299424
1.6701825226230966,-3.1017675420143225,3.664785043555028
1.6698969146510734,-2.942199325813796,3.6761286338278296
1.6696400836819256,-2.78273347280321,3.6863292779581087
1.6694988519208376,-2.623498195875602,3.6919386284952793
1.6694150002066594,-2.4643745241145925,3.695268995930661
1.6693788779083378,-2.305332736159133,3.6967036777043063
1.6694711551277053,-2.146462913735621,3.6930386715750956
1.5056872074571985,0.35849695415647587,10.198102176894729
1.5047328060271346,0.5015776020090449,10.236008467471045
1.5038239042855546,0.6444959589795235,10.272107631236274
1.5021918764419304,0.7868624114695827,10.33692744365515
1.4995707476559395,0.9283057009298674,10.441031719141257
1.5010974332117089,1.072212452294078,10.380395822680185
1.5001903520832711,1.2144398088293147,10.416422676525691
1.4992834833926127,1.3564945802123638,10.452441092906682
1.4983959313011157,1.4983959313011157,10.487692305260424
1.4975094294214895,1.640129375080679,10.522901805987296
1.829655560165129,-3.261559911598708,3.6499881859565733
1.8293372802364367,-3.101919736053089,3.6615301818866755
1.8290215423640759,-2.9423390029335135,3.672979993543791
1.8287137552001647,-2.7828252796524247,3.684141483392665
1.8285423703450363,-2.6235607922341826,3.690356525944992
1.647503402410272,0.35815291356745044,10.255492567282595
1.64650858709817,0.5011113091168343,10.29156821405887
1.6455149724637446,0.6438971631379871,10.327600319865041
1.644516902917264,0.7865080840039088,10.36379397709868
1.6409584713820402,0.9274982664333271,10.492835737494417
1.6411305940572953,1.0703025613417145,10.486593938881995
1.6415477202616835,1.2133178801934181,10.471467414965879
1.6405762603048821,1.3552586498170764,10.506696111018826
1.6396059494033284,1.4970315190204302,10.54188313812002
1.6386697496871916,1.6386697496871916,10.57583316870413
1.6377521771991133,1.780165409999036,10.609107707775692
1.789100320953209,0.35782006419064183,10.31101611969109
1.7880162688628163,0.5006445552815886,10.347182882946932
1.7869352072440488,0.6432966746078577,10.3832498763852
1.785855452073727,0.78577639891244,10.41927328334635
1.784777585692562,0.9280843445601324,10.455233675447893
1.7805730936993744,1.0683438562196248,10.595506331970896
1.782665814507371,1.2122127538650123,10.525687788476404
1.7816223443112573,1.3540329816765555,10.560500635462105
1.7806244683135988,1.495724553383423,10.593792342831009
1.7796277094989443,1.6372574927390289,10.627046778104244
1.7786596216773274,1.7786596216773274,10.659344675378357
1.9304274007756483,0.35748655569919413,10.366649620889504
1.9292606158778114,0.5001786781905437,10.40269308598009
1.92809524057937,0.6426984135264567,10.438693006757838
1.9269439376797277,0.7850512338695187,10.474258213291513
1.9258036348482703,0.9272387871491672,10.50948361376981
1.9219981530740309,1.067776751707795,10.627039771495994
1.9207546166027376,1.2093640178609828,10.665454190019084
1.9224934097418722,1.3528657327813174,10.611740664992894
1.9214175605500015,1.4944358804277789,10.644975010810889
1.9204441346886942,1.6359338925125912,10.675045370065064
1.9195029106835435,1.7773175098921699,10.704120973147482
2.0702449117660913,0.49971428904698756,10.458025997043343
2.0690194741616694,0.6421094919812078,10.49327060678494
2.0677954864426615,0.7843362189954924,10.528473516610198
2.0665902228778643,0.9264025137038704,10.563137904110448
2.0654327894228626,1.0683273048738946,10.596426657675877
2.0609283183388265,1.2081303935089673,10.725979010954667
2.0617819761701277,1.3508226740424973,10.701427098226922
2.062153639208995,1.4932836697720309,10.690737758587765
2.0611432295269463,1.634699802728268,10.719797985558472
2.0601365901390847,1.7759798190854177,10.748749775717094
2.211004282347687,0.4992590314978647,10.512270860055402
2.209696716836037,0.6415248532749784,10.547451299826953
2.2084459055771206,0.7836420955273654,10.581104749514786
2.207209396973538,0.9256039406663222,10.61437338199842
2.205974272237172,1.0674069059212123,10.647604781122148
2.2048687754582037,1.2091215865415956,10.677348501420376
2.199893687107607,1.3483219372595012,10.811204736168747
2.2027086723387566,1.4921574877133512,10.735466719602925
2.2016613233859275,1.6334906592863332,10.763645955309677
2.2006359945347485,1.7747064472054421,10.79123273361909
2.350215852803455,0.6409679598554877,10.599060731595735
2.34890036465205,0.7829667882173501,10.632309265638554
2.347648363061773,0.9248311733273652,10.66395319755199
2.34649754785197,1.0665897944781682,10.693039676696074
2.345347860257916,1.2082095037692293,10.722097655719821
2.342602558519811,1.348771170056861,10.791484261900727
2.3393660021719014,1.4886874559275736,10.873287168145126
2.3420239833247516,1.6323197459536147,10.806107561281067
2.3409534813978112,1.773449607119554,10.833164148391148
2.489271332701282,0.7823424188489744,10.679651462170447
2.4880514166140753,0.9241333833137994,10.708722558812013
2.486832695628646,1.0657854409837053,10.737765175692026
2.485654959270606,1.2073181230742942,10.76583111222807
2.4844974156221133,1.3487271684805757,10.793415848280858
2.480394706352665,1.4882368238115988,10.891185079226432
2.478679176286644,1.6288463158455087,10.932066858607648
2.4812375963804634,1.7723125688431878,10.871098666961437
2.627031956240722,1.065012955232725,10.780718691674352
2.625808882147066,1.2064527296351384,10.808289566341884
2.624618822841759,1.3477772333511735,10.835116212514635
2.6235256192106884,1.489028054146607,10.859759511276891
2.618506943444958,1.6277205324117308,10.972891889153011
2.618329164334788,1.7691413272532353,10.97689943504939
2.7635656295377817,1.4880738005203438,10.8976599314787
2.762378642628044,1.6290950969344875,10.923045145148443
2.7585231959284258,1.7682840999541187,11.005498740431804
0.0,0.0,70.0
