-3.356410925524144,-2.0571550833857657,9.694763771365174
-3.359205956144619,-1.8421452017567266,9.619562639546416
-3.358668556360668,-1.625162204690646,9.634021540889464
-3.358265981797267,-1.4083050891407893,9.644852929493027
-3.142728863721487,-2.2757691771776285,9.612491141246807
-3.140163477462889,-2.0573484852343067,9.686273794230928
-3.14175495799311,-1.8417184236511333,9.640501483999401
-3.1413784099846565,-1.6248509017162018,9.651331319446768
-3.14105103307643,-1.4080573596549515,9.660746952953701
-3.1407908657912804,-1.1913344663346237,9.668229581526177
-2.925223079122601,-2.275173505984245,9.63614961935997
-2.9248724661651586,-2.058243587301408,9.646980498226583
-2.9214741762332275,-1.8394467035542543,9.751957983585129
-2.9242819136587044,-1.6246010631437247,9.665223414028816
-2.924039712974876,-1.4078709729138292,9.67270530028621
-2.923795920422455,-1.1911761157276668,9.680236361383109
-2.9235540724632028,-0.9745180241544009,9.687707351531074
-2.7080210741895967,-2.274737702319261,9.653458583741951
-2.7077585505713557,-2.0578964984342303,9.66221704621266
-2.707534275761023,-1.8411233075174955,9.669699430169516
-2.7044775129635052,-1.622686507778103,9.771680891583472
-2.707084477388987,-1.407683928242273,9.684705859637674
-2.706857034283282,-1.1910170950846442,9.692293946069228
-2.706625010285597,-0.974385003702815,9.700034862828048
-2.7063998437984242,-0.7577919562635588,9.707546995415498
-2.491014428531165,-2.274404478224107,9.666693359990248
-2.490806539295929,-2.057622793331419,9.67423218506434
-2.4906004932827748,-1.8408786254698768,9.681704168154852
-2.4903944813624266,-1.6241703139320172,9.689174914915355
-2.488306764741839,-1.4064342583323435,9.764883165941512
-2.4899673281369075,-1.1908539395437383,9.704665055342133
-2.4897849778971595,-0.9742636870032363,9.711277742902027
-2.4896130247606507,-0.7577083118836764,9.717513393418542
-2.273914008363817,-2.0573507694720248,9.686173520494435
-2.273721617172444,-1.8406317853300735,9.693814787758697
-2.2735267235772425,-1.6239476596980305,9.701555443858382
-2.2714345259576714,-1.4061261351166539,9.784651977887265
-2.2731880116497707,-1.1907175299117847,9.71500818223447
-2.273035739391824,-0.9741581740250674,9.721056031990997
-2.2729067935904403,-0.7576355978634802,9.726177416831646
-2.272779503832524,-0.541137977102982,9.731233028023098
-2.4403907865374705,2.6728089566838964,3.0741579378731103
-2.442261563580853,2.9074542423581584,2.999855641191516
-2.4440571072364685,3.14235913787546,2.928541414904501
-2.0570712108416633,-2.0570712108416633,9.698445618188217
-2.056894896624369,-1.84037964434812,9.706185480472683
-2.0567509872236376,-1.6237507793870822,9.712502832301709
-2.056608942805889,-1.4071534871829767,9.718738314887986
-2.05434256637436,-1.1893562226377876,9.81822797450829
-2.0563696939382017,-0.9740698550233589,9.72924088987051
-2.0563248620942796,-0.7575933702452611,9.73120892343718
-2.0563257799782333,-0.5411383631521667,9.73116863005923
-2.204826201508066,2.204826201508066,3.212279629123074
-2.2058807339425286,2.4380787059364786,3.165987640067897
-2.207224782145743,2.67190368365011,3.106986453684712
-2.2088187715904413,2.9063404889347915,3.0370133172342832
-2.2104829297232027,3.141212584343499,2.963959907447858
-2.2121295491895463,3.3764082592893074,2.891676412106264
-2.213827525348938,3.6120343834640565,2.817138454602315
-2.2158517905498107,3.8485846888496718,2.7282770223113886
-1.840174851062941,-1.840174851062941,9.716233171971325
-1.8400560431861814,-1.623578861634866,9.722062195575518
-1.839951660833583,-1.4070218582845047,9.727183465425242
-1.83877130246224,-1.1897931957108612,9.785094918736476
-1.8398701047556767,-0.9740488789882995,9.731184818838386
-1.8398786864542513,-0.7575971061870448,9.73076377837441
-1.8401134738870508,-0.5412098452608973,9.719244495940586
-1.7831948382995493,1.7831948382995493,12.511820875616237
-1.7822990121003395,1.9919812488180264,12.5557724401326
-1.973208548177665,2.437492912454762,3.189253801701966
-1.974256876434935,2.67105342105903,3.1378200893653627
-1.9755602971223074,2.9052357310622168,3.0738708785881528
-1.9770745179638611,3.140059528530838,2.9995792636875223
-1.9785280466339945,3.3751360795521084,2.928265364654308
-1.9800122273207523,3.6106105321731365,2.855447597920616
-1.9796066840536537,3.8427659161041516,2.875344605938224
-1.6235237624325014,-1.8399935974235015,9.725125947193433
-1.6234316666102784,-1.6234316666102784,9.730246869316261
-1.623414507171209,-1.406959239548381,9.731201007615098
-1.6234152318163728,-1.1905045033320067,9.731160714240644
-1.621851280582026,-0.9731107683492157,9.81812310060809
-1.6237534930796944,-0.7577516301038575,9.712351939370876
-1.623962639633323,-0.5413208798777743,9.70072249530341
-1.5757983697946947,1.3656919204887352,12.378862165407782
-1.5748226315610665,1.5748226315610665,12.433117389869238
-1.5740158641562454,1.7838846460437447,12.47797711261886
-1.5717193012456476,1.9908444482444867,12.605675845649984
-1.5724430412342558,2.201420257727958,12.565432802812907
-1.7414880507220274,2.6702816777737755,3.1658063274359876
-1.7425502023773227,2.904250337295538,3.106746146657926
-1.7420821248720662,3.135747824769719,3.132773260527003
-1.7434129766043138,3.3705984214350067,3.0587722047422687
-1.7464230998379346,3.609274406331731,2.8913964618757717
-1.7477641606260315,3.845081153377269,2.816827738864774
-1.406959615250422,-1.623414940673564,9.731176903027645
-1.4070013229283036,-1.4070013229283036,9.728500988981736
-1.4071808751952688,-1.1906915097806121,9.716981133224934
-1.4073607931560799,-0.9743267029542093,9.70543781499434
-1.4063926360948167,-0.7572883425125937,9.76755359823784
-1.4077267202506354,-0.5414333539425522,9.68196037626278
-1.3685991894860294,0.9474917465672512,12.192335311354938
-1.3674156269138746,1.1570439920040478,12.2682712510166
-1.366401766333248,1.366401766333248,12.333319316650872
-1.3654928444406063,1.5755686666622382,12.391634643293145
-1.3631678839313646,1.782604155910246,12.540801290751503
-1.3639843596109178,1.9935156025082643,12.488417201057885
-1.3632971108914798,2.2022491791323904,12.53251024566707
-1.5074138359035207,2.666962940444691,3.2861558980254415
-1.5088403568355053,2.9016160708375107,3.194632044563221
-1.51072705437944,3.137663882172683,3.073583817602838
-1.5118848214724456,3.372666140207764,2.9993028846085963
-1.5129963381321376,3.6079143447766358,2.9279893233410803
-1.514131364412901,3.8435642327404413,2.855167413289024
-1.1909363459027562,-1.1909363459027562,9.698416673788358
-1.1910911651822293,-0.9745291351490969,9.686677653383143
-1.1903096437170884,-0.7574697732745108,9.745935753909222
-1.1915001973204935,-0.5415909987820425,9.655663191658448
-1.1588233920329887,0.9481282298451725,12.133349984622413
-1.1578085935619835,1.1578085935619835,12.21029608590149
-1.1568420149733563,1.3671769267866936,12.283585961773156
-1.1546712010153566,1.5745516377482136,12.448185806415069
-1.155248622462587,1.7853842347149074,12.404403390074506
-1.1545881964801739,1.9942887030112093,12.454479544091342
-1.2760714198894987,2.43613634706177,3.243132977018263
-1.2764815107098135,2.669006795120519,3.2120382417627695
-1.27709362840905,2.9024855191114773,3.1656250160574615
-1.2778733177030195,3.1365981434528662,3.1065058381180393
-1.2787973924362617,3.371374943695599,3.0364387754991213
-1.279760551141857,3.6065979168543243,2.9634082089126537
-1.2807139653815605,3.842141896144682,2.89111650691936
-0.9749722884677825,-0.7583117799193864,9.645608949456403
-0.974145983155722,-0.54119221286429,9.722185806230854
-0.9496485204383851,0.7386155158965217,11.992458871721695
-0.9487723502889697,0.9487723502889697,12.073656892674165
-0.9478538287724145,1.158488012944062,12.15877977593641
-0.9460250407015939,1.3664806143467465,12.328260523701232
-0.9463419069101807,1.5772365115169678,12.298895326700247
-0.9456513330881994,1.7862302958332654,12.362893429926984
-0.9450656770238579,1.9951386514948108,12.417168405415552
-1.043920863319212,2.435815347744828,3.255882217536467
-1.0442268229056915,2.668579658536767,3.227527778698132
-1.0446437307360512,2.9017881409334754,3.1888913440200213
-1.0451999997284558,3.1355999991853674,3.1373397802848046
-1.0458910582584964,3.3700934099440434,3.0732967573182606
-1.0466924741447732,3.605274077609774,2.9990264983177894
-0.7584454278653187,-0.32504804051370795,9.629684524846837
-0.7391574094372921,0.7391574094372921,11.92789115407956
-0.7377337750334508,0.9485148536144368,12.097520089095397
-0.7372136438384795,1.1584785831747535,12.15949477896902
-0.7371265099200557,1.3689492327086747,12.16987696258731
-0.736485995230582,1.5781842754941042,12.24619559070156
-0.7359152643753789,1.7872227849116344,12.314199333015978
-0.8116473100131328,2.203042698607075,3.290572049606695
-0.8118430744179285,2.435529223253785,3.2672463225732002
-0.8120464613268644,2.6681526586454116,3.2430123586665474
-0.8123074288485133,2.901097960173262,3.2119175476310886
-0.8126974670378462,3.134690230003121,3.165443703999955
-0.5416825592535505,-0.32500953555213025,9.640389728667287
-0.5277504846659976,0.7388506785323966,11.96443876531562
-0.5278434051830617,0.9501181293295111,11.948938429252195
-0.5273508051671931,1.1601717713678248,12.031110440687968
-0.5268754693647335,1.369876220348307,12.110402559521276
-0.5264112103867874,1.579233631160362,12.187846921713742
-0.5795964593481063,1.9706279617835614,3.3158640855835415
-0.5796777835215193,2.2027755773817734,3.3022981686277433
-0.579818938559033,2.4352395419479382,3.2787516948495465
-0.5799565659901372,2.667800203554631,3.2557936711421576
-0.32528336848935924,-0.10842778949645308,9.564258308567773
-0.31724538161964067,0.5287423026994011,11.798990774739877
-0.31695587893223354,0.9508676367967007,11.879478720923274
-0.10847699655146846,-0.10847699655146846,9.523216463691725
-0.10608435545390539,0.10608435545390539,11.51883283901769
-0.105983845851723,0.317951537555169,11.60266430383578
0.10602537799165622,-0.31807613397496864,11.568023831164183
0.10613080826471452,-0.10613080826471452,11.480088210738487
0.10839348538499215,0.10839348538499215,9.592870141174927
0.3465315459150061,-3.5808259744550637,3.6568099997176944
0.3464716660276049,-3.349226104933514,3.6734578906156514
0.3464210597390063,-3.1177895376510567,3.687527522472095
0.34639493064707066,-2.8866244220589223,3.6947919695291063
0.34638812731975144,-2.6556423094514283,3.6966834402026336
0.3464098563333653,-2.424868994333557,3.690642309137388
0.34643326437275096,-2.194077341027423,3.6841343729548015
0.3464798938828644,-1.9633860653362316,3.67117037067149
0.3465793796728792,-1.7328968983643962,3.643511190770809
0.3467050402336956,-1.5023885076793475,3.6085748641102526
0.3168870793802397,-1.1619192910608789,11.898606469573608
0.31717311407954984,-0.9515193422386496,11.819082698340765
0.3174744751008455,-0.7407737752353061,11.735297881415377
0.3173860667999209,-0.5289767779998681,11.75987728214811
0.3247991152684169,0.10826637175613898,9.69889107324235
0.577748038945794,-3.81313705704224,3.624204356683805
0.5775803317144501,-3.5809980566295905,3.6521800775281292
0.5774796270688418,-3.349381836999282,3.668978906241051
0.5773824067733757,-3.1178649965762286,3.685196500584283
0.5773330454749053,-2.8866652273745266,3.693430599349469
0.5773158292128522,-2.65565281437912,3.696302493049714
0.5773397594341605,-2.4248269896234738,3.6923106246866126
0.5773779151237605,-2.19403607747029,3.6859457654475705
0.5774420068928562,-1.9633028234357108,3.675254434929073
0.5269898459321691,-1.5809695377965074,12.09132307859447
0.527398157487305,-1.3712352094669928,12.023211465323783
0.5278158374813299,-1.1611948424589256,11.953537076083293
0.5277775567113034,-0.9499996020803462,11.959922800344444
0.5282067241021494,-0.7394894137430092,11.888332165727277
0.5402462525370931,0.3241477515222559,9.879984142244169
0.8092878801147749,-4.046439400573874,3.5717029212848956
0.8089381835632516,-3.8135657225124717,3.613369976712562
0.8086545361947209,-3.581184374576621,3.6471671376367993
0.8085106173295504,-3.3495439860795657,3.6643153631655565
0.8083729508061557,-3.1180099531094574,3.680718609453905
0.8082851631533253,-2.8867327255475903,3.691178686856489
0.8082469971819702,-2.6556687050264736,3.695726239976409
0.808261662122271,-2.4247849863668125,3.693978882509782
0.7365281147567264,-1.9991477400539714,12.241176963486623
0.7369771134068079,-1.7898015611308191,12.187677861026486
0.7374299563297056,-1.5802070492779405,12.133720705640712
0.7379005830577378,-1.370386797107227,12.07764457369936
0.7376589732964476,-1.1591783866087033,12.106432868212664
0.739067527614853,-0.9502296783619538,11.93860075605076
0.7396841864350668,-0.7396841864350668,11.86512460328376
0.7561391406291641,0.3240596316982131,9.904483340226633
0.7555471371530575,0.5396765265378982,9.975021758592092
1.0411220578950058,-4.280168460235023,3.5152581636677525
1.0406460064951724,-4.046956691925669,3.559375657928342
1.040180313919915,-3.8139944843730214,3.602533160507477
1.0397619698592495,-3.5814023406263034,3.6413026961118646
1.0389793930361213,-3.3478224886719463,3.713827067461068
1.0384567066800872,-3.1153701200402617,3.7622664005257036
1.0381932631121913,-2.8838701753116425,3.7866807181785873
1.0383469640489498,-2.653553352569538,3.7724366676461187
1.0391755648137007,-2.4247429845653015,3.6956470825382723
0.946542198040337,-1.998255751418489,12.280333585702934
0.9470881170523717,-1.7889442210989241,12.229741194022921
0.9476655516365228,-1.5794425860608712,12.176228134380494
0.9471507409334898,-1.3681066257928185,12.223937600720248
0.9488890329012215,-1.1597532624348261,12.062843471102198
0.949636556592447,-0.949636556592447,11.993567606838724
0.9503909039086871,-0.7391929252623122,11.923659371286107
0.9698172692582318,0.5387873718101287,10.123344190798292
0.9702367102763321,0.7546285524371472,10.084472995975275
0.9696049206761316,0.9696049206761316,10.143023341737305
0.9689800330191667,1.1843089292456481,10.200934058162687
1.2719259357221293,-4.278296329247162,3.5574602584511013
1.2715570494678339,-4.045863339215835,3.5854306977989125
1.271491049509447,-3.8144731485283407,3.590435080075352
1.2709569310550883,-3.5817877147916124,3.6309340893450326
1.270638794033556,-3.349865911543011,3.6550565177669228
1.2704184804995702,-3.1182999066807633,3.6717615759470306
1.2702218018050149,-2.886867731375034,3.686674545549465
1.270117624164669,-2.6557004868897627,3.6945737132109286
1.1557818252466068,-2.2064925754707945,12.363973810612464
1.1563750455943773,-1.9973750787539244,12.318993458094624
1.1570244384510522,-1.7881286776061716,12.269753880043098
1.1563533787264937,-1.5768455164452189,12.320636327155029
1.1584089398638762,-1.3690287471118534,12.164775414883735
1.1591226584363166,-1.1591226584363166,12.11065840236462
1.1599485314680076,-0.9490487984738244,12.04803738769435
1.1854572568863122,0.5388442076755965,10.11386323822677
1.1834275404717929,0.7530902530275047,10.267764499671074
1.1839275664147944,0.9686680088848317,10.229850521722085
1.1831888147428855,1.1831888147428855,10.285865644518324
1.1824556206187788,1.397447551640375,10.341459371689453
1.503504328286369,-4.047896268463301,3.5369851668002497
1.5028513126994199,-3.814930255313912,3.5788818551336874
1.5022088541069403,-3.582190344408857,3.6201012195014073
1.5017361954318196,-3.3500268975017518,3.65042642703915
1.5014734721570788,-3.118444903710856,3.6672824338171495
1.5012206905783205,-2.8869628664967704,3.683500593434374
1.5010792113953406,-2.6557555278532954,3.6925777262830195
1.3653985421216102,-2.205643798811832,12.397684965746492
1.3660738466824802,-1.9965694682282404,12.354358243869754
1.3652633543453474,-1.785344386451608,12.40635844956796
1.3675574566672262,-1.5779509115391073,12.259171625997936
1.3683727919543696,-1.3683727919543696,12.206860702498702
1.3692117001110329,-1.1585637462477971,12.153037372271157
1.3996381658553247,0.5383223714828173,10.200912219589569
1.3976303674954336,0.7525701978821566,10.329730128077387
1.3978825164504884,0.9677648190811076,10.31355255682999
1.397015321131605,1.182089887111358,10.369190757089825
1.3961513359385382,1.3961513359385382,10.42462299956928
1.395295099640944,1.6099558842010893,10.479558082310064
1.7342670325760237,-3.8153874716672522,3.5673258609024003
1.7335127731720954,-3.5825930645556636,3.609265913932944
1.7328710921253028,-3.350217444775585,3.6449461281815445
1.732554281578528,-3.1185977068413506,3.6625621513470037
1.73225825414149,-2.8870970902358164,3.6790225446058855
1.732054974308083,-2.6558176272723943,3.6903257739043624
1.5748896948137807,-2.2048455727392926,12.42938838581496
1.5739130570628186,-1.9936232056129035,12.483693627292425
1.5764120202985146,-1.7866002896716497,12.344740569391348
1.577251547741977,-1.577251547741977,12.298059248195969
1.5781412711082257,-1.3677224349604622,12.248586818725897
1.613439668612051,0.5378132228706837,10.285844749494117
1.6124398592984028,0.7524719343392546,10.341438429090886
1.6095207366855377,0.9657124420113227,10.503754147726426
1.6104441626234005,1.180992385923827,10.452407710940832
1.6094682692106101,1.3948724999825286,10.506671564028267
1.608498935416768,1.608498935416768,10.56057067421014
1.6075764420151941,1.82191996761722,10.611865257984405
1.9636558754818945,-3.1187475669418325,3.657932782805972
1.785050726266549,-1.9950566940626133,12.420766182430555
1.78587293737089,-1.78587293737089,12.380426366034925
1.8268666157557867,0.5373137105164079,10.36916982778402
1.8257367884154239,0.7517739717004687,10.424602097219903
1.8246170854396042,0.9659737511150848,10.479537638984937
1.8225385612304164,1.17928965726674,10.581515445572364
1.8224427610394363,1.3936326996183923,10.586215652239972
1.821397867782186,1.6071157656901642,10.637480834536788
1.8204453404116256,1.8204453404116256,10.684214306071468
1.819531923770423,2.0335945030375315,10.729028903447116
2.039896405304852,0.5368148435012768,10.452387255213438
2.038660273349515,0.751085363865611,10.50665112143237
2.037432425701668,0.9650995700692113,10.560551322145045
2.0341431606628357,1.1776618298574313,10.704943866367557
2.035126396284387,1.3924549027208963,10.661781673205894
2.034105006117206,1.605872373250426,10.706618779107046
2.0330910461713643,1.8190814623638523,10.751129712276423
2.0321212691057884,2.0321212691057884,10.793701100162167
2.25257384408668,0.5363271057349239,10.533748180961155
2.251253309364741,0.7504177697882471,10.586196313695595
2.2499625581880434,0.9642696677948759,10.637461523097414
2.24878584615561,1.1779354432243672,10.684197400497638
2.245029846472243,1.3897803811494838,10.83337573460041
2.2465647748827284,1.6046891249162347,10.772412453837305
2.245493427105056,1.8177803933707597,10.814963542812535
2.244500187134161,2.030738264549955,10.854412397102536
2.464951610243469,0.535859045705102,10.611826607441373
2.463574525079206,0.7497835511110625,10.661764759138947
2.4623381051470203,0.9635236063618775,10.706601874328115
2.4611106568759906,1.1770529228537345,10.751113644224631
2.4599367159019536,1.3903990133358866,10.793685043559108
2.4563575837467413,1.6019723372261354,10.923477484252658
2.4577381282982618,1.8165890513508889,10.873413882502973
2.456716245023199,2.02946124588873,10.910471112753925
2.4558431492639397,2.242291571067075,10.942132762740357
2.675783253759386,0.7492193110526281,10.728995109815543
2.674482356404635,0.9628136483056685,10.772396388283994
2.6732069421114173,1.1762110545290234,10.814947486339804
2.672024462592623,1.3894527205481637,10.854398041520824
2.6699333130300102,1.601959987818006,10.924164164231925
2.6680898076466257,1.8143010691997052,10.985668240791185
2.668920650617905,2.0283796944696073,10.957949184381121
2.8864022555792563,0.9621340851930855,10.835374087182842
2.8851713103326206,1.1754401634688454,10.873399546809367
2.8839716307961947,1.3885789333463159,10.910459168999566
2.882946692034889,1.601637051130494,10.942120827058034
2.879346300660169,1.8129217448601065,11.05334148226855
2.8809325237124117,2.0273228870568825,11.004341040700112
3.0959483695955536,1.387838924301455,10.957937252120516
3.0948476482678156,1.6007832663454218,10.989594917505045
3.093827733146354,1.8136231539133798,11.018928528858055
3.0896067957365876,2.0242251420343162,11.140326216683306
0.0,0.0,100.0
