-1.287070509396177,1.3989896841262792,3.326109370970343
-1.2872272191942302,1.5110928225323572,3.3204264997356745
-1.287392531639424,1.623234061632317,3.3144316650080796
-1.2875603891303808,1.7354074810018174,3.3083445375997655
-1.2877319381676637,1.8476153895449088,3.3021235412011976
-1.174796768172446,1.174796768172446,3.3401918106154724
-1.1749285841059796,1.2868265444970253,3.334956431746889
-1.1750689907063487,1.3988916556027964,3.3293798544024114
-1.1752120535130222,1.5109869259453141,3.3236977795965714
-1.1753571546265387,1.6231122611509343,3.3179347486552473
-1.1755103928131811,1.7352772465337436,3.3118485347757627
-1.1756636709541721,1.847471482927985,3.3057607340156423
-1.1735945307692073,1.9559908846153453,3.387941487966472
-1.0627410276204279,1.0627410276204279,3.3476691552243025
-1.0628427255533328,1.1747209071905258,3.343204807383387
-1.0629619721869172,1.286743440015742,3.337970104612417
-1.0630831670203522,1.3987936408162531,3.33264987953487
-1.063212586658967,1.5108810441995846,3.326968600990483
-1.0633420378092346,1.6229957419193584,3.3212859391438343
-1.0616811810807654,1.7322166638686172,3.3941944234956694
-1.0614649705740142,1.843597054154867,3.4036856577953927
-1.0620299261725517,1.9563709166336478,3.378885170366587
-0.950807250839223,0.950807250839223,3.3509220150562484
-0.9508493288609553,1.0627139557857734,3.348857557811627
-0.9509031405756564,1.1746450560052226,3.3462174150556834
-0.9510098211532829,1.2866603462662063,3.3409833883054887
-0.9511165256486424,1.3987007730127095,3.335748188089063
-0.9498272854347274,1.5085492180433906,3.3990016679370214
-0.9494214171223663,1.6196012409734484,3.4189146235210615
-0.949720241850186,1.731842793962104,3.4042535047511038
-0.9515848907441927,1.8471941996799035,3.312768977688144
-0.9517089681281227,1.95940081673437,3.306681418349484
-0.8389489385487211,0.8389489385487211,3.3508461553113236
-0.838926204749137,0.9507830320490219,3.3521102519273853
-0.8389633305239352,1.062686885330318,3.350045899854706
-0.8390004595848135,1.1746006434187388,3.347981365061905
-0.8380124423202183,1.284952411557668,3.4029193562309956
-0.8374704075068877,1.3957840125114795,3.433058813156684
-0.8375650409212119,1.5076170736581813,3.427796790045605
-0.8385606171305354,1.6212171931190351,3.372438489177867
-0.839465100380782,1.7348945407869496,3.3221453469472024
-0.8395707223908704,1.847055589259915,3.316272310852156
-0.8396801860094268,1.9592537673553292,3.310185664874311
-0.7271070698704113,0.8389696960043208,3.3496919518846227
-0.7270758169332163,0.9507914529126676,3.351697102443559
-0.7268713941754773,1.0623504991795436,3.364812618735094
-0.7256705121185195,1.1722369811145315,3.4418597555433124
-0.7256813409080671,1.2838977569911958,3.441164993534919
-0.7263077109545144,1.396745597989451,3.400977850774659
-0.7273120618101736,1.5105712052980529,3.336539917564572
-0.7273968806755621,1.6226545799685617,3.3310980419968246
-0.7274854368404666,1.7347729647734205,3.3254163858232744
-0.7275740145685576,1.8469186523663388,3.3197333461818346
-0.6153111426356759,0.7271858958421624,3.344634573106788
-0.6152596666238856,0.8389904544871168,3.34853769134142
-0.6141957982217238,0.9492116881608458,3.4292044721449955
-0.6143905778740529,1.0612200890551824,3.4144354955615057
-0.614282678996218,1.172721478083689,3.4226168224150726
-0.615262886192239,1.286458762038318,3.348293570720749
-0.6153091227170704,1.3984298243569782,3.3447877314589505
-0.6153781555373139,1.5104736545006796,3.339553385399306
-0.6154472038406704,1.622542628307222,3.3343178653477636
-0.6155214665734965,1.7346514057980353,3.3286869662830156
-0.615596406454689,1.8467892193640671,3.323004723105825
-0.5027786985593846,0.7262358979191111,3.405585288059001
-0.5023929789642289,0.837321631607048,3.441331390331655
-0.5024646245446147,0.9490998463620499,3.434691721836664
-0.5033634526784225,1.0626561778766697,3.3513938992729777
-0.5033618077237296,1.1745108846887022,3.351546343482255
-0.5033840837271942,1.286425991747274,3.3494819414967907
-0.503406361702374,1.3983510047288166,3.3474173567849803
-0.5034587054339699,1.5103761163019096,3.3425664640472093
-0.5035151922040177,1.6224378415462795,3.3373316201747585
-0.5035731862811262,1.7345298638572124,3.331957088422776
-0.39146101936843775,0.5033070249022771,3.3566232759560535
-0.39089529703428444,0.6142640381967327,3.424030242799617
-0.39083867182752635,0.7258432476796918,3.4307772513655124
-0.39113669018935027,0.8381500504057505,3.395267757358525
-0.39153142377902617,0.950862029177635,3.348234447225643
-0.3915145942236795,1.0626824700357014,3.350239722978003
-0.3914977661150711,1.1744932983452132,3.352244826348553
-0.39151098095130593,1.2863932231257196,3.3506702517310316
-0.3915283073825827,1.398315383509224,3.348605772200912
-0.39155370869981904,1.510278590699302,3.345579153583678
-0.27950405644190324,0.3913056790186646,3.375132394607519
-0.2793461668632685,0.5028231003538833,3.401470404845462
-0.27941159069609617,0.6147054995314116,3.390556868982486
-0.1680039146315242,0.1680039146315242,3.291314285983951
-0.16780959092179537,0.27968265153632565,3.345340438317443
-0.1677555274668092,0.39142956408922147,3.360371236457482
-0.051415471640762794,-0.051415471640762794,7.116193792742699
-0.05141555200936393,0.05141555200936393,7.116126760166587
-0.055990199350193136,0.1679705980505794,3.3005770088903077
-0.05602769090307166,0.2801384545153583,3.26930664538407
0.055951611391656074,-0.2797580569582804,3.332761845147367
0.055965666269958414,-0.16789699880987521,3.321039173777251
0.05141553103210623,-0.05141553103210623,7.116144256547059
0.051415611400893034,0.051415611400893034,7.116077223816077
0.16691662051887576,-1.5022495846698818,3.5936053313907337
0.16699282245720892,-1.3916068538100745,3.5724195608317046
0.1670767181830841,-1.2809215060703114,3.5490947525899017
0.16716190584643045,-1.170133340925013,3.525410758067018
0.16724885602901454,-1.0592427548504255,3.5012367454554365
0.16748199879537415,-0.5024459963861225,3.43641806415107
0.16753928437482526,-0.39092499687459237,3.420491446414829
0.16770395356316345,-0.2795065892719391,3.374709886016433
0.16796473149106955,-0.16796473149106955,3.302208038053948
0.2779590304339647,-1.723345988690581,3.632862582798886
0.27805754694756024,-1.6127337722958492,3.616428762618206
0.2781560379894954,-1.5020426051432751,3.599999191437732
0.27826701959409367,-1.3913350979704684,3.5814860339297496
0.2784067911844073,-1.2806712394482738,3.558170336918664
0.2785467032470751,-1.1698961536377153,3.534831207314163
0.27869170619176625,-1.0590284835287116,3.5106428531819134
0.2788367152998432,-0.948044832019467,3.4864534709177164
0.2788845255058391,-0.8366535765175173,3.4784781143052967
0.27866409674162007,-0.7245266515282122,3.5152484641848787
0.27876656800238386,-0.6132864496052445,3.4981549413670407
0.27901201525191494,-0.5022216274534469,3.4572111867068145
0.27953862618724873,-0.3913540766621482,3.36936571694136
0.38895682786118463,-1.8336536170598703,3.655002787792
0.3890905881592261,-1.7231154618480011,3.639064976200096
0.3892269571343067,-1.6125116795564134,3.6228163354327023
0.38936480661140055,-1.5018356826439734,3.606391289838953
0.3895027537652371,-1.3910812634472753,3.58995460586263
0.3896933693134657,-1.2804210706013874,3.56724237556233
0.38988916966773385,-1.1696675090032014,3.5439123650760607
0.3897877879978682,-1.057995424565642,3.555992197259833
0.3895698510586251,-0.9460982097138038,3.5819598268736286
0.38964874425119794,-0.8349615948239956,3.5725595425028516
0.3900259412734745,-0.7243338909364525,3.527615750046536
0.3908057449300282,-0.6141233134614729,3.4347005581786405
0.49991606997330723,-1.9441180498961945,3.670875969402765
0.5000204868549897,-1.8334084518016287,3.661199259745061
0.5001924183883393,-1.722884996670946,3.645265710471982
0.5003644681800128,-1.6122855085800412,3.6293212017501304
0.5005429390494706,-1.5016288171484116,3.61278162732237
0.5005221672323311,-1.3903393534231419,3.6147066306387217
0.5000920631168617,-1.2780130501875355,3.6545660152604498
0.500191007599085,-1.1671123510645314,3.6453964536792256
0.50039111740411,-1.056381247853121,3.6268515167716373
0.5008315909160473,-0.9460152272858671,3.586031160731025
0.5019640823541235,-0.8366068039235391,3.4810788708375924
0.610882757849677,-2.054787458221641,3.6804125171834485
0.6109733028647413,-1.9440059636605402,3.673547029997067
0.6110638746796688,-1.8331916240390067,3.6666795107372607
0.6107987368657622,-1.7213418948035117,3.686783326090442
0.610406867823532,-1.6092544697165843,3.7164964128491604
0.6104675632416817,-1.4984203825023097,3.7118942421467267
0.6106164909760221,-1.3877647522182321,3.700601942387479
0.6111101446509217,-1.2777757569973818,3.6631711354332737
0.6117500271206914,-1.167886415412229,3.6146526731647555
0.6127513436836386,-1.0583886845444666,3.538728824374708
0.6130685322022391,-0.9474695497670969,3.514678315259701
0.6133874968237537,-0.8364374956687551,3.490493134878811
0.7211966793002733,-2.052636702623855,3.728895445024577
0.7207361451922617,-1.94044346782532,3.7584427550366186
0.7206593219714718,-1.8293659711583516,3.763371639740953
0.720837229590651,-1.7189195474853984,3.7519573025920963
0.7212833480577645,-1.6090166995134747,3.7233348826223605
0.7221559561131757,-1.4998623703889036,3.66734940774937
0.7230633219083539,-1.3905063882852962,3.609133918433706
0.7233194791854608,-1.2797190785588923,3.5926991781031887
0.7236555925337017,-1.1689821110159797,3.571134553188571
0.724019160724721,-1.058181850289977,3.547808458847932
0.7243890161028489,-0.9472779441344947,3.524078986205069
0.8313045184992132,-2.0505511456313923,3.775908647862778
0.8316263638523499,-1.940461515655483,3.758012667901653
0.8325949024657538,-1.8317087854246585,3.7041577731575757
0.8333196633317408,-1.7221939708855973,3.663857965166258
0.8336061829805903,-1.6116386204291413,3.6479262456484562
0.8338928996975149,-1.5010072194555266,3.6319835683017416
0.8341889212824924,-1.3903148688041542,3.615523500442478
0.8344844059438751,-1.2795427557806085,3.5990932878345063
0.8348241596253791,-1.1687538234755306,3.5802015281224087
0.8352434975213139,-1.0579750968603308,3.5568845452626334
0.8356632568885787,-0.9470850244737224,3.5335441267919236
0.9440681800650379,-1.9436697824868425,3.68155836413073
0.9442081062728642,-1.83287455923556,3.6746932202487557
0.944348073952989,-1.722046487796627,3.6678260416279116
0.9446273382253486,-1.6114231063844182,3.6541246097044393
0.9449521969229678,-1.5008064304070665,3.6381861966286593
0.9452839134097012,-1.3901234020730902,3.621911322573098
0.9456187037794674,-1.2793664815839854,3.6054856358168763
0.9459537313780725,-1.168531079937619,3.5890483099964854
0.9464243795546714,-1.0577684242081622,3.5659570856981233
1.055386992532898,-1.7219471983431496,3.6704974539639537
1.0556188051531497,-1.611207649970597,3.6603213162475257
1.0559817854198685,-1.5006056950703395,3.6443871657320344
1.0563450153979292,-1.3899276518393806,3.628442053358633
1.0567223853491305,-1.2791902559489476,3.6118762227783066
0.0,0.0,50.0
