-0.25807780397351415,0.25807780397351415,3.2488443081765013
-0.2575583616005691,0.4292639360009486,3.3932604106086757
-0.257574162998681,0.6010063803302558,3.3888672835802254
-0.08598496666558625,0.08598496666558625,3.283014245441734
-0.08594958259041863,0.2578487477712559,3.3125268371556302
0.08594190101389179,-0.429709505069459,3.318933765432874
0.08590012789204621,-0.2577003836761386,3.3537752324997143
0.0859767596857947,-0.0859767596857947,3.2898593937929235
0.2571997983962213,-0.6001328629245164,3.492948659285645
0.25743324105221477,-0.42905540175369133,3.4280466022415794
0.0,0.0,75.0
