-1.2088822804215005,1.2088822804215005,3.3376837455455046
-1.2090248638681051,1.4288475663895788,3.3268724951971507
-1.2091750799396435,1.6488751090086045,3.315482508530252
-1.2093325243908388,1.8689684467858418,3.303544437047435
-0.9889546163614418,0.9889546163614418,3.349813430707812
-0.9890216896425106,1.2088042873408464,3.343597494584884
-0.9891329266975657,1.4287475607853728,3.333288733514806
-0.988236062908019,1.6470601048466984,3.4164045128228793
-0.9887519870933391,1.8676426422874184,3.368591855843576
-0.7691947992938041,0.7691947992938041,3.3488750539717245
-0.7691673367093271,0.988929432911992,3.3521472767734792
-0.7685555644999981,1.2077301727857113,3.4250411799137623
-0.7686241697887198,1.4274448867504799,3.416866720213349
-0.7693653114298501,1.6486399530639646,3.3285581861251075
-0.7694599023843643,1.868688334362028,3.317287481488364
-0.5491440498720648,0.7688016698208907,3.3957172303294385
-0.548851525515415,0.987932745927747,3.4445140512907244
-0.5494155557333996,1.208714222613479,3.350426564426513
-0.5494471816186842,1.4285626722085791,3.3451509604404066
-0.549508771852637,1.648526315557911,3.3348769181227738
-0.32942953801657965,0.5490492300276327,3.4115343985998834
-0.32969717831562684,0.7692934160697958,3.337124664517077
-0.32965705728263983,0.9889711718479194,3.3482791707940436
-0.3296428841919056,1.2086905753703205,3.352219593504742
-0.32965552280849814,1.4285072655034918,3.348705787462933
-0.10996023769953757,0.10996023769953757,3.286098064840047
-0.10991930666811538,0.32975792000434617,3.320237174399054
0.1098481209487716,-0.32954436284631483,3.379610637204024
0.10994468427721864,-0.10994468427721864,3.2990706181843876
0.32866571235750536,-1.6433285617875266,3.6238942875241946
0.3287824348611075,-1.4247238843981325,3.591442932158685
0.3289437256590821,-1.2061269940833008,3.546600636622415
0.32911390411938574,-0.987341712358157,3.499287380648269
0.32896042616415194,-0.7675743277163545,3.5419575386071926
0.32925462210698464,-0.548757703511641,3.460164766919405
0.54751834330258,-1.861562367228772,3.666905972748282
0.5477010821027871,-1.6431032463083615,3.6364227930961306
0.5474222647387945,-1.4232978883208658,3.6829331115785493
0.5475320479593612,-1.2045705055105946,3.6646198599235476
0.5481667657192691,-0.9867001782946845,3.5587407828924995
0.5487048636187393,-0.7681868090662349,3.468979139927768
0.7656790328274674,-2.0782716605316973,3.767785779815327
0.7656957884093099,-1.859546914708324,3.7657893181564646
0.7663180196980541,-1.642110042210116,3.6916491944291607
0.7669471205761549,-1.424330366784288,3.6166905451567004
0.7672345898567909,-1.205654355489243,3.582437995630997
0.7676212503584228,-0.9869416076036864,3.5363666103599627
0.9854192196811506,-1.8613474149532847,3.67745209074792
0.985597504028721,-1.642662506714535,3.660929802013044
0.985937452686096,-1.4241318761021389,3.6294254666705115
0.9862888341087671,-1.205464130577382,3.5968616134744167
0.0,0.0,95.0
