-3.2979202161790164,-2.5064193642960526,9.972907434740534
-3.299543897536952,-2.243689850325128,9.9187372525179
-3.2982394064745106,-1.9789436438847061,9.962258426309106
-3.2970290688907262,-1.7144551158231778,10.002638398120723
-3.2960848421506883,-1.4502773305463028,10.034140228401228
-3.0364466892976627,-2.7724078467500397,9.887321912420433
-3.0352154065387422,-2.5073518575754825,9.931972734891872
-3.031321679633563,-2.2405421110335033,10.073173533437782
-3.032998721267412,-1.9780426443048338,10.012357861547898
-3.032151763882132,-1.7138249100203355,10.043071638360743
-3.031423885005579,-1.4498114232635377,10.069467192316338
-3.0308127344072044,-1.1859702004202104,10.091629751382172
-2.770970833905899,-2.770970833905899,9.944396246883912
-2.769895919638201,-2.506096308244087,9.987088987372843
-2.7690347386372096,-2.2415995503253603,10.021292810034964
-2.76582628219136,-1.975590201565257,10.148724180637231
-2.7676588103385713,-1.7133125968762586,10.07594102854911
-2.767179845360645,-1.4494751570936713,10.094964245674774
-2.7668912306866877,-1.1858105274371518,10.106427254164714
-2.7669335513450344,-0.9223111837816781,10.104746389989387
-2.505113638978079,-2.505113638978079,10.030226318592128
-2.5044318537690597,-2.2408074481091584,10.060155406026979
-2.5039248002435572,-1.9767827370343871,10.082414101431539
-2.5015251806330756,-1.711569860433157,10.187752885820487
-2.5033235890851104,-1.449292604207169,10.10880613970096
-2.5034540028928736,-1.1858466329492556,10.103081219002163
-2.5036906835936983,-0.9224123571134677,10.092691381711163
-2.240675475239057,-2.504284354678946,10.066630338463426
-2.2402218492117636,-2.2402218492117636,10.088886411820596
-2.2399620542701233,-1.9764371067089321,10.10163262771448
-2.239849780078125,-1.712826302412684,10.107141091741866
-2.2387170456858065,-1.4485816177966981,10.16271598871164
-2.240232654639989,-1.1860055230447,10.088356269393188
-2.2405673627601885,-0.9225865611365482,10.071934618014751
-2.2409925514591356,-0.6591154563115105,10.051073753987893
-2.3545811738813467,2.0775716240129527,4.478120349500188
-2.353932999933979,2.353932999933979,4.509921450082743
-2.3534019688654997,2.630272788732029,4.535975216189442
-2.3530027083099783,2.906650404382914,4.555563978027763
-2.3526612806308864,3.183012320853552,4.572315308451593
-2.3514560642763427,3.458023623935798,4.631446359105865
-1.976377149313116,-2.239894102554865,10.104966515693874
-1.9763679867382942,-1.9763679867382942,10.105475994093382
-1.9764857943004022,-1.7129543550603488,10.098925389120495
-1.976753841510529,-1.449619483774388,10.084020816305284
-1.9770803058947088,-1.1862481835368255,10.065867998436829
-1.9774555138235483,-0.922812573117656,10.045004830737412
-1.977859056106582,-0.6592863520355274,10.022566151600827
-2.079020783077308,1.8018180120003342,4.397540899390265
-2.0780569541413465,2.0780569541413465,4.451133915899021
-2.077363137921137,2.354344889643955,4.48971306906239
-1.932481807052655,2.4478102889333635,12.545735530451495
-1.9311067503073573,2.7035494504303004,12.622194574273081
-2.0743968350296735,3.1807418137121664,4.654652213241036
-2.075819558598152,3.4596992643302538,4.575542689913874
-1.713021915873148,-1.9765637490844012,10.094590769282973
-1.7132542417605463,-1.7132542417605463,10.079685022022659
-1.713564165220762,-1.4499389090329524,10.059800708570748
-1.6636351108991145,-1.1517473844686177,13.26318829916461
-1.6642113274662873,-0.8961137917126162,13.226218942827828
-1.6648388946393111,-0.6403226517843503,13.185954993877829
-1.8034510567165314,1.525997047990911,4.292766730325283
-1.6787670587659644,1.6787670587659644,12.292340870212527
-1.6775032540166204,1.9355806777114848,12.373425050675905
-1.6763671715490693,2.192172455102629,12.446314724391726
-1.675291566778849,2.448503059138318,12.515324222370808
-1.6741344149125301,2.7043709779356258,12.58956568316674
-1.6730082052502684,2.959937593904321,12.661821929665123
-1.6721039360985406,3.2155844924971935,12.719838742091426
-1.450018935920549,-1.7136587424515581,10.053732748109624
-1.4503062653589585,-1.4503062653589585,10.031946274538768
-1.4084912115210708,-1.1524019003354216,13.202531823819115
-1.4077471951842195,-0.8958391242081397,13.258946134684166
-1.4096017107665748,-0.640728050348443,13.118329304938428
-1.4101673179708991,-0.3845910867193362,13.075442692008252
-1.4221141723667292,1.4221141723667292,12.169584145140746
-1.4209555226942825,1.6793110722750613,12.25743762303847
-1.4198857501833884,1.9362078411591659,12.33855207711062
-1.418858697451084,2.192781623333494,12.41642734576429
-1.4179442464564178,2.4491764256974493,12.485764697820656
-1.4170116398410855,2.7052040396966177,12.556478682052273
-1.415182352367079,2.959017645858438,12.69518261516329
-1.413853347162729,3.2133030617334755,12.795953134607458
-1.4137939257750356,3.4702214541750873,12.800458703196952
-1.153126986498431,-1.153126986498431,13.135335330654328
-1.1535896087481825,-0.8972363623596976,13.092462366820214
-1.1531094465472749,-0.6406163591929305,13.136960824655048
-1.1545249236031039,-0.38484164120103465,13.00578318100483
-1.1649462184404158,1.1649462184404158,12.040002142793725
-1.1639680833005268,1.4226276573673107,12.130649647317853
-1.1629915727201445,1.6798767161513202,12.221146597732229
-1.1621011627024997,1.9368352711708328,12.303664281446132
-1.1612263269769554,2.1934275065120272,12.384738636261943
-1.1594075865075755,2.4476382381826594,12.553288234577252
-1.1592900927295158,2.70501021636887,12.564176829970563
-1.1589003033948158,2.96163410867564,12.600300090489242
-1.1581317215121212,3.217032559755892,12.671527497467636
-0.8978187517241011,-0.8978187517241011,13.023069489420124
-0.8978725566200049,-0.6413375404428606,13.016658526629271
-0.8986638962419837,-0.385141669817993,12.922368801015793
-0.9064026935848953,1.1653748917520084,12.000275356210437
-0.9056342426260341,1.423139524126625,12.0918378510559
-0.9042568623813344,1.6793341729939069,12.255955508924956
-0.9033553188161013,1.935761397463074,12.363376258541734
-0.9034686467898025,2.194138142203806,12.349872999956133
-0.9028286536936182,2.450534917168392,12.426129479168992
-0.9022476238294684,2.706742871488405,12.495360369348504
-0.9016445344820425,2.962546327583854,12.567219691831312
-0.9010201338598817,3.217929049499577,12.641618296047795
-0.6418563248078663,-0.3851137948847198,12.930118629348158
-0.6482402976703371,0.907536416738472,11.86518993636875
-0.6471271303136706,1.1648288345646072,12.050880553127314
-0.6466784948539852,1.4226926886787674,12.125718711747254
-0.6465734564274009,1.6810909867112427,12.143240470806191
-0.6460307336544683,1.9380922009634047,12.233773602083588
-0.6455438903888525,2.194849227322099,12.314985313616035
-0.6450579294592981,2.451220131945333,12.39604984015746
-0.6446403561499148,2.707489495829642,12.465706433029098
-0.6442279366989645,2.9634485088152367,12.534503296098734
-0.3858333864283514,-0.12861112880945047,12.730056771696383
-0.38913921074395097,0.6485653512399182,11.81096682476418
-0.38888606055724456,0.907400807966904,11.881347997341294
-0.3887473481514909,1.1662420444544728,11.919913016371908
-0.3884119087185623,1.4241769986347284,12.013172361447971
-0.3880836412673992,1.6816957788253966,12.10443774202048
-0.38775840866723277,1.9387920433361636,12.19485936903105
-0.3874518230275175,2.195560330489266,12.280096741751194
-0.3871601376088824,2.452014204856255,12.36119153395451
-0.3868916751572943,2.70824172610106,12.435829844048342
-0.12872125631091455,-0.12872125631091455,12.638203361036801
-0.13009218683115595,0.13009218683115595,11.494759240472959
-0.12997775921141727,0.38993327763425184,11.590199226007229
0.1300051233292465,-0.3900153699877395,11.567375793904532
0.13009099438310545,-0.13009099438310545,11.495753818748298
0.12874106121185697,0.12874106121185697,12.621684801411348
0.3880804659440615,-2.1991226403496817,12.10532054990118
0.38824958993656067,-1.941247949682803,12.058300458555848
0.38844380221240754,-1.683256476253766,12.004305287227666
0.3886837001073306,-1.4251735670602121,11.937608535535944
0.38897462122964294,-1.1669238636889288,11.856726234076149
0.3892806648970684,-0.6488011081617806,11.771639541257741
0.38585580972942385,0.12861860324314126,12.723822613850956
0.6461436186229592,-2.713803198216429,12.21494293902441
0.6464028073594688,-2.4563306679659815,12.171706927789359
0.6466709909441537,-2.1986813692101226,12.12697046031532
0.6469479141012563,-1.940843742303769,12.080776119878394
0.6472448008334081,-1.6828364821668613,12.031251598636771
0.6476016238952615,-1.4247235725695755,11.971728927555517
0.6474852392343585,-1.1654734306218453,11.991143384272107
0.6484318539629839,-0.9078045955481775,11.833235885692943
0.6424223304391856,0.38545339826351144,12.83570161816013
0.9038823691220407,-3.2281513182930026,12.300577142522172
0.9040871079676222,-2.97057192617933,12.276182092614249
0.9044317272232951,-2.7132951816698854,12.235120007314805
0.9047885957918803,-2.4558547600065324,12.192598391465694
0.9051595811247723,-2.198244697017304,12.14839473443466
0.9055415441429882,-1.9404461660206889,12.102883063867722
0.9052316650970137,-1.681144520894454,12.139805782516945
0.9058807429156107,-1.423526881724531,12.062466840149483
0.9069608779410653,-1.1660925573527983,11.933766554776511
0.8990399680315803,0.38530284344210586,12.877559082322136
0.8992348162655338,0.6423105830468098,12.854342518908041
0.8989612014546566,0.8989612014546566,12.886944280180757
1.1620092156386885,-3.227803376774135,12.31218536564289
1.1622730904352596,-2.9702534533345526,12.287731084388156
1.1626316287350724,-2.712807133715169,12.254503976160507
1.16308290275682,-2.455397239153287,12.212682695787493
1.162583606311671,-2.19599125636649,12.258954396828372
1.1632569944024782,-1.9387616573374638,12.196548960689071
1.1645335391677087,-1.6821040010200239,12.078246700947489
1.1650733631135897,-1.4239785549166097,12.02821916223536
1.165724353919105,-1.165724353919105,11.967889367729853
1.1558590511653482,0.38528635038844944,12.882144504402277
1.15457311745347,0.6414295096963721,13.001316873547992
1.1552223307228857,0.8985062572289112,12.94115181007507
1.419768555002009,-3.484886453186749,12.347438287085808
1.4200822788352914,-3.2274597246256627,12.323650484345507
1.4193456756950227,-2.9677227764532295,12.379502696832077
1.4195552661355824,-2.7100600535315666,12.363610706720507
1.4212786383973044,-2.4549358299589805,12.232937690963311
1.4218404719757656,-2.1973898203261832,12.190337209522454
1.4224247406585817,-1.939670100898066,12.146035608242315
1.4230260031097715,-1.6817580036751847,12.100445471100358
1.4236485772454612,-1.4236485772454612,12.053239396330582
1.4119960849524227,0.3850898413506608,12.936778224730546
1.4111314717512602,0.6414233962505729,13.002336674851179
1.4112838140387562,0.898089699842845,12.990785469939382
1.4109877146951117,1.154444493841455,13.01323691299504
1.4552348522474634,1.4552348522474634,9.658240995390997
1.6762534329585073,-3.4814494376830534,12.453612054463932
1.6781004349493562,-3.227116221056454,12.335110646062077
1.6784778729592014,-2.969614698312433,12.310894680961539
1.6788591682459533,-2.7120032717819247,12.286431237651257
1.6793907991305135,-2.4544942448830582,12.252322444654595
1.6800438677041292,-2.1969804423823227,12.210422356760873
1.6807208092214296,-1.9392932414093418,12.166990609744232
1.6814205306120504,-1.6814205306120504,12.122097333673992
1.6679463876048262,0.384910704831883,12.986582012778257
1.6675874021846533,0.6413797700710204,13.009614082097627
1.665680046268818,0.8969046402985943,13.131987725152655
1.6668878223622237,1.1539992616353856,13.054498275324349
1.7197337847420102,1.4551593563201624,9.663965400220377
1.7197557743504646,1.7197557743504646,9.66255457360245
1.7197870628189171,1.984369687867981,9.660547143401104
2.0922446805907065,-4.045006382475366,3.6622355653182836
2.091228138494302,-3.764210649289744,3.718759659295685
2.09161204128153,-3.486020068802551,3.6974130202334834
1.9364990417097139,-2.9692985306215616,12.322360079412078
1.936937533997006,-2.7117125475958086,12.297978030362728
1.9374101199788305,-2.4540528186398523,12.27170022588858
1.9381510737777528,-2.1965712169481204,12.230500021478605
1.9389140381896717,-1.9389140381896717,12.188075932723933
1.9844028668786495,0.6614676222928833,9.65870224831636
1.9229943876151459,0.8973973808870682,13.073276681758102
1.9829486750246252,1.1897692050147752,9.73956154308513
1.9843478256741385,1.4551884054943682,9.66176277500523
1.984405158860344,1.7198178043456316,9.658574804318562
1.984474056308805,1.984474056308805,9.65474381112567
1.9845969610093768,2.2492098891439607,9.64790978342532
2.3711363157244354,-3.4869651701829927,3.6658820097016616
2.3699517163376047,-3.2064052632802884,3.7240015382689933
2.3689585686842993,-2.9263605848453107,3.7727279465801615
2.368113795951313,-2.6467154190044084,3.814174695188626
2.3672769767348782,-2.3672769767348782,3.855231223577846
2.2488861623304506,0.6614371065677795,9.66379266332126
2.248914918064084,0.9260237897910932,9.662381832198975
2.2489610831194162,1.1906264557691026,9.66011685445035
2.247014248218781,1.45395039590627,9.755633640868808
2.249148768318174,1.71993729341978,9.650908530191415
2.2492880699886135,1.9846659441075998,9.644074027738881
2.2496842399697585,2.2496842399697585,9.624636897521967
2.2501168120191584,2.5148364369625886,9.603413787108437
2.5135111809640787,0.6614503107800207,9.661590031075349
2.5135896702063536,0.9260593521812881,9.658144501070211
2.513686197968739,1.1906934621957184,9.65390711398392
2.5138418796063546,1.4553821408247314,9.647072983113148
2.5126363409115373,1.7191722332552624,9.699993862777234
2.514617527235716,1.9852243636071436,9.61302351209109
2.515136128608875,2.250384957176362,9.590257887909459
2.5156790134823352,2.5156790134823352,9.566426263770524
2.778381310956644,0.9261271036522147,9.65007177549684
2.778564612177261,1.1908134052188262,9.642791537734368
2.779085494143359,1.455711449313188,9.62210348914087
2.7783751647379957,1.7199465305520925,9.650315886981488
2.7802186171341234,1.985870440810088,9.577098852733585
2.7809873957001834,2.2512755108049105,9.54656500943041
2.781878875533417,2.5169380302445203,9.511157797604227
3.043509956542837,0.92628563894782,9.631181972550664
3.0440805663637094,1.1911619607510167,9.610489570559636
3.0447176296305227,1.456169301127641,9.587387323229791
3.0454151173596657,1.7213215880728545,9.562093863588345
3.043558399831258,1.9849293911942985,9.62942524148663
3.047381679500436,2.2524125457177138,9.490779117734533
3.048450188829061,2.5182849385979202,9.452031056011208
3.309870130005032,1.1915532468018115,9.5742276036665
3.3108291855463667,1.4567648416404013,9.542231046471443
3.3118933891391613,1.722184562352364,9.506726480097086
3.3130205665377006,1.9878123399226202,9.469120945749069
3.313024245897358,2.2528564872102037,9.468998192856617
3.3154460679718354,2.519739011658595,9.3881999854719
3.5787698421432292,1.7231114054763699,9.44726134897843
3.5800747531815835,1.988930418434213,9.406950992249932
3.5786728052044423,2.253238432906501,9.450258943069812
3.5828191222597967,2.521243086034672,9.322173951297799
0.0,0.0,120.0
