-3.7888930315966967,-2.3552578304520004,9.589724821482378
-3.7920514515342334,-2.152245418438349,9.5185268452543
-3.7908812815989155,-1.9466687662264703,9.54490513974497
-3.7898853259569463,-1.741298663277516,9.567356247426503
-3.587518623399989,-2.5625133024285636,9.507971738418846
-3.5864105304433274,-2.356784062862758,9.534378044367884
-3.5828651164716,-2.1497190698829605,9.618866701651186
-3.5844726475746853,-1.945856580111972,9.580558581492625
-3.5837091432739174,-1.7406587267330458,9.598753199586952
-3.583011826359123,-1.5355764970110526,9.615370545347346
-3.5823928031003884,-1.330603041151573,9.630122121432592
-3.38086226995844,-2.561259295423061,9.549808634349517
-3.379992634595597,-2.355752442293901,9.571788384555134
-3.3753995820483707,-2.1479815522126,9.687876289880478
-3.3785306955519094,-1.9452146428935237,9.608738417142405
-3.377880481273287,-1.740120247928663,9.6251723709981
-3.3774134135919534,-1.5351879152690697,9.636977354331876
-3.3770089905907836,-1.330336875081218,9.647199013803103
-3.3766025625400657,-1.1255341875133553,9.657471350247818
-3.1746539508685783,-2.560204799087563,9.584989341677229
-3.174017796823125,-2.354916429901028,9.602105255856756
-3.173400222026376,-2.1497227310501255,9.618721289812896
-3.169346421252382,-1.942502645283718,9.727790007750698
-3.172493412537083,-1.7397544520364647,9.643119269369635
-3.1721135546208843,-1.534893655461718,9.653339459810198
-3.171802276373792,-1.3301106320277192,9.661714493815353
-3.1715398360071037,-1.125385103099295,9.668775530093555
-3.1712753455496263,-0.9206928422563431,9.67589172467541
-2.968895301635861,-2.5593925014102252,9.61208967942845
-2.9683534602490877,-2.3542113650251384,9.627673490590894
-2.9679582824320097,-2.1492111700369727,9.639039134905374
-2.96575809465384,-1.9430828896007917,9.702318374354235
-2.965428707467426,-1.7383547595498705,9.711791825142043
-2.9670223541181513,-1.5346667348886989,9.665957215474336
-2.96677686984334,-1.3299344588952904,9.673017548397212
-2.966529633713795,-1.1252353783052327,9.680128266126445
-2.966284506898298,-0.9205710538649889,9.687178318220674
-2.7634035974716142,-2.558707034695939,9.634958610354417
-2.76307269014709,-2.3537285879030763,9.645180757231543
-2.7627418620445634,-2.1487992260346607,9.65540045684071
-2.7624913622004748,-1.9439754030299636,9.663138714682702
-2.6456781176632154,-1.665797333343506,13.271647968960878
-2.649037675016348,-1.4716875972313044,13.167866982078095
-2.761804253073651,-1.329757603331758,9.684364386931293
-2.7615731131294514,-1.1250853423860727,9.691504592915479
-2.76133664468371,-0.9204455482279033,9.698809403069347
-2.761100216731553,-0.7158407969304026,9.706112962325065
-2.558216578253072,-2.558216578253072,9.651321497538234
-2.55794685892389,-2.3533111102099786,9.660320027415622
-2.557735206605367,-2.1484975735485086,9.667381292611651
-2.452686161306631,-1.8640414825930396,13.172087371998728
-2.4508716144265623,-1.6665926978100625,13.232625318477204
-2.453266410553833,-1.4719598463322998,13.15272876613568
-2.4535798696465787,-1.275861532216221,13.142270965354513
-2.4538934088323967,-1.0797130998862545,13.131810492462677
-2.556465450346872,-0.9203275621248738,9.709743624090564
-2.5562890799496025,-0.7157609423858887,9.71562779373508
-2.46876898158476,1.876264426004418,12.635523161994172
-2.467820493544318,2.0729692145772276,12.667167160205778
-2.467004607458313,2.2696442388616482,12.694387216490682
-2.4662299860777903,2.4662299860777903,12.720230576169229
-2.465580431611762,2.662826866140703,12.74190138221519
-2.4649481901647925,2.8593399005911597,12.76299458145877
-2.4614514426084497,3.0521997888344776,12.879655064987645
-2.3529994091742346,-2.3529994091742346,9.671623448591902
-2.3528032756511643,-2.1482116864641068,9.678735968487004
-2.256879639112199,-1.8643788323100774,13.157278354372991
-2.257165541896032,-1.668339748357937,13.146910472298345
-2.2548560808990246,-1.4705583136297986,13.230659986563026
-2.2577656454420536,-1.2761284082933346,13.12514851981119
-2.2580969732874308,-1.0799594220070323,13.113133358633462
-2.2584397944195924,-0.8837373108598405,13.100701408782214
-2.3515501425144745,-0.7156891738087531,9.724179165684419
-2.2729677701939823,1.680019656230335,12.573863797785151
-2.272006082598486,1.8768745899726627,12.608738112225424
-2.271103831294762,2.0736165416169565,12.641457049037726
-2.2702388805302447,2.2702388805302447,12.672823331683361
-2.269507092705721,2.4668555355496964,12.69936063840909
-2.2688088033243785,2.663384247380792,12.724683168895368
-2.2656264454350117,2.8566594312006672,12.840087121504325
-2.2676372034980483,3.0563805786278047,12.76716966963943
-2.1481050262086234,-2.352686457276111,9.682972230619413
-2.1479265211347798,-2.1479265211347798,9.690061978167265
-2.061036790593304,-1.8647475724415605,13.141091356635428
-2.061304027309419,-1.6686746887742916,13.130477423866026
-2.0602772944186842,-1.4716266388704886,13.171256527998167
-2.0608733070687606,-1.275778713899709,13.14758448813184
-2.0622569501599446,-1.0802298310361615,13.092629858542892
-2.0626223065852876,-0.8839809885365517,13.078118871460617
-2.0629884423670295,-0.6876628141223431,13.063576930411585
-2.0771272044915374,1.4836622889225266,12.50202284153616
-2.0761080326471277,1.6806588835714844,12.54250164098515
-2.0751537392745347,1.877520049819817,12.580403639805652
-2.074275816143438,2.074275816143438,12.615272415420108
-2.0734671602284056,2.270940223107301,12.647390081138
-2.0727015179376207,2.467501807068596,12.677799359915028
-2.0696507083665585,2.660979482185575,12.798969415251108
-2.0714153058772093,2.8605258985923365,12.728884287670681
-2.07089103127007,3.057029617589151,12.749707082957855
-2.321717565552286,3.6484133172964492,2.787543161939695
-1.9430957088636545,-2.147632099270355,9.70175563284269
-1.8651416155451317,-1.8651416155451317,13.123793606047911
-1.8654153300934146,-1.6690558216625289,13.111778052557796
-1.8657049240291292,-1.4729249400229967,13.09906542384725
-1.8638822513332993,-1.2752878561754153,13.179077324599774
-1.8663660583738242,-1.0805277180058983,13.07004287048764
-1.866698244538867,-0.8842254842552526,13.055460523075752
-1.8670306424831198,-0.687853394599044,13.040868878955138
-1.881030108005566,1.2870206002143347,12.426318692005495
-1.8800613623219637,1.4842589702541817,12.468844804163837
-1.8791326372046742,1.6813292017094452,12.50961408878689
-1.8782106989959013,1.8782106989959013,12.550085440900219
-1.8773710957265455,2.074989105803024,12.586942444142153
-1.8765800556423053,2.271649541040685,12.621667614962064
-1.873695541665337,2.4653888706122853,12.748292349382297
-1.8751880330516006,2.664740889073327,12.682774786659735
-1.8745836588090938,2.8612066371296696,12.709305678365894
-1.8740487183155208,3.0576584351463763,12.732788559180534
-2.099748250829666,3.64693117249363,2.8250038884998645
-2.101622593888169,3.871410041372943,2.742723756078803
-2.102411828831854,4.094170403514662,2.7080778275316817
-1.738228201478046,-1.9427256369460515,9.718001093484247
-1.6694794539126174,-1.6694794539126174,13.090993551962242
-1.6697752304350193,-1.473331085677958,13.076481986082342
-1.6700717931623141,-1.2771137241829462,13.061931846944475
-1.668554000303939,-1.0796525884319605,13.136398714285704
-1.6706771721731113,-0.8844761499739999,13.032230377314121
-1.6710434340002998,-0.6880767081177704,13.014260618959469
-1.671409856453543,-0.491591134251042,12.99628297987259
-1.6849606886685224,1.0902686809031616,12.33144388845892
-1.6838543164197917,1.2876533007916053,12.38572539006283
-1.682837271123885,1.4848564156975457,12.43562427890815
-1.6820040282434243,1.6820040282434243,12.476505342947902
-1.681174504445652,1.8789597402627878,12.517203939112889
-1.6791424826526997,2.074234831512159,12.616900216147869
-1.6779463475645697,2.270162705528535,12.67558571623998
-1.6789243270334873,2.46900636328454,12.627603498526625
-1.6782792315786603,2.665502308977872,12.659253560254058
-1.6776984215484905,2.8619561308768366,12.687749611759685
-1.6771575099475406,3.0583460475513977,12.714288142501204
-1.8759469787763736,3.641544135271784,2.9611594975558546
-1.8780287284710446,3.8665297350874446,2.8590234402570474
-1.8814525818945949,4.094926207652942,2.6910402815009036
-1.4734763953001864,-1.6699399146735445,13.068402148787158
-1.4737387317775177,-1.4737387317775177,13.053815117172007
-1.474001161672419,-1.27746767344943,13.039222891139914
-1.4730737378214258,-1.080254074402379,13.09079162901692
-1.474629960198229,-0.8847779761189374,13.004259000228302
-1.4749634747408988,-0.6883162882124195,12.985714163354956
-1.4753123372061625,-0.4917707790687208,12.96631591625679
-1.4876052025939412,1.0909104819022235,12.282779955583734
-1.4865282512287081,1.2883244843982138,12.34266306361522
-1.485585316964032,1.485585316964032,12.39509424691748
-1.4847185359077222,1.6826810073620853,12.443290985702816
-1.4825512087168906,1.8778981977080615,12.563803659253338
-1.482121498915294,2.074970098481412,12.587697364486374
-1.4825272612419476,2.273208467237653,12.565135241417025
-1.481899941070088,2.4698332351168135,12.600016929517821
-1.4812970811029065,2.666334745985232,12.633538525485875
-1.480727961463995,2.862740725497057,12.66518401470664
-1.480232679098116,3.059147536802773,12.692723835333169
-1.6564545521811942,3.644200014798627,2.8940330086037847
-1.6577199604828083,3.868013241126553,2.8236708878286265
-1.2776082430990805,-1.4741633574220159,13.030204112846931
-1.2778883394679712,-1.2778883394679712,13.012233469411669
-1.278168558677615,-1.0815272419579818,12.9942549446626
-1.2769861435402245,-0.8840673301432322,13.07011726630094
-1.278772310901768,-0.6885697058701826,12.955518933958587
-1.2791116989541365,-0.4919660380592832,12.933744207997435
-1.2912001478521502,0.8939077946668732,12.158163982905194
-1.2901026155053714,1.0916252900430066,12.228580327610985
-1.2890827705001033,1.2890827705001033,12.294012346674648
-1.288149666318174,1.4863265380594315,12.353879179678685
-1.2858308815599373,1.6814711528091488,12.502649598440115
-1.286636590825575,1.880468863514302,12.45095626880996
-1.2859996412539085,2.0773840358716984,12.491822181081517
-1.2853675022909203,2.2741117348223976,12.53237945053273
-1.2847550060221895,2.4706827038888255,12.571676468535486
-1.2842114149529362,2.667208323363791,12.606552612481352
-1.2836983118644067,2.8636346956975225,12.639472684548068
-1.4340013776355067,3.4195417466692852,2.9962102142111746
-1.4350590661582305,3.6428422448632003,2.928350200949552
-1.4361386728130943,3.8665271960352534,2.859083946903695
-1.0814220455451338,-1.4746664257433642,13.002231359752372
-1.0816687286947129,-1.27833577027557,12.983526851267484
-1.081924574802344,-1.081924574802344,12.96412757045249
-1.0821894153275113,-0.8854277034497818,12.944046296727151
-1.081512113627013,-0.6882349813990083,12.995402035558143
-1.082802244221265,-0.4921828382823932,12.897579145393323
-1.0933239519277995,0.8945377788500178,12.099780952010065
-1.0923785912914394,1.0923785912914394,12.171461997408741
-1.0914516427237584,1.2898973959462599,12.241746965712508
-1.0892943990130852,1.4854014531996618,12.405317859626763
-1.089841345485364,1.6843002612046531,12.363846178448043
-1.0891821953383825,1.881314701039024,12.413825593491424
-1.0885914255697278,2.0782199942694803,12.458620133245219
-1.08805256815652,2.2750190061454507,12.499478469433484
-1.0875186127943537,2.471633210896258,12.539965112397255
-1.0870141349526588,2.6681256039747074,12.57821665120936
-1.2120316574922827,3.1953561879342,3.0988853102123954
-1.2129280146701835,3.418251677706881,3.030919904110945
-1.2138422342300133,3.6415267026900393,2.961600100374639
-0.885567135133458,-1.082359831829782,12.931124632162195
-0.8858178458367686,-0.8858178458367686,12.907890317509953
-0.8851925798861952,-0.6884831176892628,12.965836091843173
-0.8863749780436111,-0.4924305433575617,12.856258756408849
-0.895177683650925,0.895177683650925,12.040478539725967
-0.8941509633611516,1.0928511774414076,12.135628614921956
-0.8925142371319243,1.2891872314127797,12.287310261167192
-0.8928638596768289,1.4881064327947149,12.254909409865007
-0.8921996099031047,1.6852659298169756,12.316467963395425
-0.8915872250427536,1.88223969731248,12.373219998094328
-0.8910480426353262,2.079112099482428,12.42318808299737
-0.890583029875738,2.2759344096824417,12.466282584472225
-0.8901428520687128,2.4726190335242024,12.507075536413694
-0.9907931302372819,2.9723793907118456,3.179431355592044
-0.9913499589098699,3.1943498675984703,3.1278279241650324
-0.9920222726952154,3.4169656059501867,3.065522047999849
-0.992782977049791,3.6402042491825672,2.9950246815206327
-0.6895280250074879,-0.6895280250074879,12.841333259442877
-0.6889749073043847,-0.49212493378884625,12.907238358857882
-0.7165004363566235,-0.3070716155814101,9.627515582925966
-0.6960362648179738,0.8949037690516805,12.065863247688782
-0.6955026443209184,1.0929327267900146,12.129445215344163
-0.6955254289196557,1.2916900822793609,12.126730384058718
-0.6949287369795425,1.4891330078133054,12.19782744244732
-0.6943415966375681,1.6862581632626656,12.267786408488888
-0.6938388374432727,1.8832768444888832,12.32769118914581
-0.6933780773161187,2.0801342319483562,12.382591695523004
-0.6929588083139446,2.276864655888675,12.43254844996224
-0.7701569464944362,2.750560523194415,3.234233257924018
-0.770433712301689,2.971672890306515,3.2012560490237405
-0.7708066580039642,3.193341868873566,3.1568188099931405
-0.4927223350756461,-0.29563340104538766,12.80758414897302
-0.4979453109869226,0.6971234353816916,11.936324663620837
-0.4980773667939811,0.896539260229166,11.914296058386952
-0.4976043880653026,1.0947296537436657,11.993194987030535
-0.4971541348676023,1.292600750655766,12.068303005135618
-0.4967231396807189,1.4901694190421566,12.140198539614829
-0.4962986800478144,1.6874155121625691,12.211003859723377
-0.5496585312870799,2.088702418890904,3.309895120389868
-0.5497619996958957,2.309000398722762,3.2926352604658717
-0.5498955672549286,2.5295196093726715,3.270354475580092
-0.29595925696501274,-0.29595925696501274,12.716989225805904
-0.29617539007616606,-0.09872513002538869,12.656899592874453
-0.2993312166985317,0.4988853611642194,11.779512216542798
-0.098758902234156,-0.098758902234156,12.62873140128248
-0.10009422811445168,0.10009422811445168,11.51498383762626
-0.09999818138947646,0.2999945441684294,11.595092976164509
0.10946796024017304,-2.736699006004326,3.6966890891739013
0.10947418701604096,-2.517906301368942,3.691495558100584
0.1000366163078,-0.30010984892340004,11.563035785276611
0.10014029327100112,-0.10014029327100112,11.476562537902012
0.09875921116913562,0.09875921116913562,12.628473729663924
0.3285560658163154,-3.6141167239794694,3.654378373822439
0.32849886749241697,-3.394488297421642,3.6702807326466456
0.3284440594149684,-3.174959241011361,3.6855185517757434
0.3284162014967494,-2.9557458134707444,3.6932636495586735
0.328405802862366,-2.7367150238530495,3.6961546925818993
0.32841699655627277,-2.517863640264758,3.693042605986662
0.3284384769063715,-2.2990693383446006,3.6870706087032232
0.32846918791871965,-2.080304856818558,3.6785322896594295
0.3285274182697959,-1.86165537019551,3.6623430051811283
0.3286448122918543,-1.6432240614592715,3.629704953305634
0.32896042616415194,-0.7675743277163545,3.5419575386071926
0.29946919088685825,-0.49911531814476373,11.74115243776427
0.2960829241726007,0.09869430805753356,12.682607094026253
0.2960363576984962,0.2960363576984962,12.6955535709493
0.5477917375709868,-3.8345421629969074,3.6213002962840193
0.5476191878772245,-3.614286639989682,3.6500838020743345
0.54752373112856,-3.394647132997072,3.666007214153524
0.547430673327956,-3.1750979053021453,3.6815304508751723
0.5473728556759472,-2.9558134206501148,3.6911751780554596
0.5473462083778557,-2.7367310418892785,3.6956202897342365
0.5473523870882979,-2.5178209806061704,3.6945896014501187
0.5473873924054825,-2.299027048103027,3.68875026480508
0.5474259470490584,-2.0802185987864226,3.682318854917213
0.4969178272402153,-1.6895206126167321,12.107722153398853
0.4972642145268921,-1.4917926435806763,12.049940303693035
0.497648274837049,-1.2938855145763275,11.985874109658127
0.49803344345254197,-1.0956735755955924,11.921623036053958
0.4979228878851185,-0.8962611981932133,11.940065125087571
0.4983854093766795,-0.6977395731273514,11.862910597946865
0.49243586554552116,0.2954615193273127,12.855370947079223
0.767325706853683,-4.055864450512324,3.571581220111298
0.7669927973132635,-3.8349639865663177,3.6112480690196946
0.7667099376466272,-3.6144897060483854,3.644951373660959
0.7665692571857746,-3.394806710394145,3.661713736728032
0.7664378016088175,-3.1752423209508156,3.677376936114726
0.7663395265354194,-2.955881030922332,3.6890866110102962
0.7662891768316445,-2.7367470601130166,3.695085880630799
0.6941302871359077,-2.280713800589411,12.292964365433917
0.6945122309967535,-2.083536692990261,12.247454977506592
0.6949220975634792,-1.886217121958015,12.198618542376423
0.6953369084324599,-1.6886753490502597,12.149192983575432
0.695753204697008,-1.4908997243507314,12.099590436871154
0.6962575128566704,-1.2930496667338167,12.039501093840016
0.6959255513575366,-1.0935972949904147,12.079054981700821
0.6973352572361954,-0.8965739021608227,11.911085658792345
0.7142322308960724,0.3060995275268882,9.897776877280918
0.6885010226842447,0.49178644477446054,12.963702675270738
0.6888550429686255,0.6888550429686255,12.92152043827825
0.9871329829567128,-4.277576259479089,3.5186311283474794
0.9866773365288902,-4.056340161285438,3.5608576162253627
0.9862420893306144,-3.8353859029523893,3.6011936298965566
0.985839888452495,-3.6147462576591485,3.6384671153610384
0.985635378239425,-3.394966302824687,3.657419854822578
0.9854648533667156,-3.175386749737195,3.6732230435027873
0.9844787004337601,-2.9534361013012806,3.764613587412441
0.8916118443220632,-2.476699567561287,12.370938435821813
0.8920581732323777,-2.279704220482743,12.329575437737944
0.8925336539690572,-2.0825785259278002,12.285510829002803
0.8930273042712897,-1.8852798645727231,12.239762377505542
0.8935583216216029,-1.6878323852852501,12.190550979507535
0.8940922543617573,-1.4901537572695955,12.141069401241936
0.8935208911226227,-1.2906412871771218,12.194019806244526
0.8953009038430357,-1.0942566602525994,12.029059255757602
0.8959939794972352,-0.8959939794972352,11.964829298221517
0.8845261589649421,0.4914034216471901,13.027595853874757
0.8849456610476977,0.6882910697037649,12.988718999957825
0.8844694070591522,0.8844694070591522,13.032855268885058
0.883995306670016,1.080438708152242,13.076791955562129
1.205360485289914,-4.273550811482422,3.6047204159997364
1.2048366134198059,-4.052632245139347,3.644442488042941
1.2043536334501896,-3.8320342882506035,3.681063971736208
1.2039213741435366,-3.6117641224306096,3.7138396107806813
1.204019828418251,-3.393146789178708,3.706374411718997
1.2045118313204943,-3.1755311916631213,3.669068772986506
1.088833903766784,-2.672592309245742,12.440234461171642
1.0893238661759224,-2.4757360594907327,12.403083540832583
1.0898371577011423,-2.278750420647843,12.364163713089695
1.0903827602737446,-2.081639815068058,12.322793931789178
1.0909727841442998,-1.884407536249245,12.278055949029053
1.0915841091234928,-1.6869936231908524,12.231702830545501
1.0909435315201206,-1.4876502702547096,12.28027400063938
1.0928865803276726,-1.2915932312963405,12.132944225705813
1.093554289750791,-1.093554289750791,12.082315811922953
1.0943944064080702,-0.8954136052429664,12.01861478827712
1.0819113560490143,0.295066733467913,12.965129869491719
1.0813196453182579,0.49150892969011717,13.009995756776334
1.0793608125822458,0.6868659716432474,13.158522332643841
1.080168543847521,0.8837742631479717,13.09727689966384
1.0796215826684517,1.0796215826684517,13.138749695970589
1.079076293747765,1.2752719835200859,13.180095694921476
1.4255360475149337,-4.05729490446558,3.5393355312626227
1.4249150978758245,-3.8363098788964503,3.579174907259855
1.424304221376718,-3.6155414850332073,3.6183680028073155
1.4238294169446024,-3.395285532714052,3.6488308795123316
1.2858935393582667,-2.868531741645364,12.498629550066497
1.2863782604047083,-2.6717086946867017,12.467530435409373
1.2868994302054646,-2.4748065965489703,12.434092812866382
1.2874775076829192,-2.2778448212851643,12.397004062782116
1.2880949785691318,-2.0807688115347514,12.357387879353041
1.2887398873380176,-1.8835429122632563,12.316011314637734
1.2879980822055475,-1.6843051844226389,12.363604632562101
1.2901795903689985,-1.488668758118075,12.223641713686064
1.2909469146573642,-1.2909469146573642,12.174411117659204
1.2917198977407738,-1.0929937596268084,12.124817460203147
1.2775941359802114,0.29482941599543344,13.031109208489895
1.2769092951034298,0.4911189596551653,13.07504776883357
1.2762523756097712,0.6872128176360306,13.117194927088335
1.2742236945876966,0.8821548654837899,13.247352641863415
1.2749681619898345,1.0788192139913984,13.199588515944939
1.2743358504843563,1.2743358504843563,13.24015685551312
1.2737112723406574,1.4696668527007584,13.280229031965561
1.644325628993893,-3.8367598009857504,3.5684530808355817
1.6436087408838251,-3.615939229944415,3.6083151298821434
1.6429784057612986,-3.3954887052400173,3.643364462151766
1.4833365302195205,-2.8677839584244067,12.520136420509232
1.4837991347497665,-2.67083844254958,12.494413627489166
1.4843787813817726,-2.4739646356362877,12.462182792369703
1.484993210555436,-2.276989589518335,12.42801789897527
1.4856603210137038,-2.0799244494191855,12.390923700545315
1.4847640561226196,-1.8807011377553182,12.440759866810808
1.4871402322654304,-1.6854255965674878,12.308634297119042
1.4879583731474024,-1.4879583731474024,12.263142160332066
1.4888137593846045,-1.290305258133324,12.215579022288296
1.48969930620949,-1.0924461578869595,12.166338826404342
1.4722408587206721,0.4907469529068907,13.137103273885671
1.4714966803254317,0.6866984508185348,13.178482779660499
1.4694150111817132,0.8816490067090279,13.294232498954557
1.4694784369239817,1.07761752041092,13.290705756058955
1.469326664449994,1.2734164425233283,13.299144955589611
1.4686186519893774,1.4686186519893774,13.338513480516042
1.4679898968845655,1.6637218831358411,13.373474957034205
1.862961516982044,-3.6163370623769087,3.598260044884995
1.6805739848723567,-3.0645760900613563,12.546666992093833
1.680763774911707,-2.867185263084677,12.537355398878063
1.6812006187672541,-2.6701421592185803,12.515922702538532
1.6817398980627145,-2.4731469089157567,12.489464256952004
1.6817944646795921,-2.2753689816253306,12.486787076730835
1.6813428992932393,-2.07695299324459,12.508942049681124
1.6838723127535318,-1.8819749377833592,12.38484244309818
1.6847081747115407,-1.6847081747115407,12.343832880298379
1.6855774579015022,-1.487274227560149,12.301183584887852
1.6865048513297796,-1.289680180428655,12.255683249966907
1.667298916887831,0.49038203437877376,13.197976372747988
1.6664720152647463,0.6861943592266602,13.238546318199184
1.6656543344860812,0.8818170006102782,13.278663865028022
1.6629165681835383,1.0760048382364071,13.412985804242467
1.6640754935789825,1.272528318619222,13.356125908503245
1.6633954224300465,1.467701843320629,13.38949196879993
1.6627168474576421,1.6627168474576421,13.422784622782501
1.7186825485323758,1.9208804954185377,10.676961690097741
1.8781179077556103,-3.06429763896968,12.554158801699373
1.8783233247528457,-2.866914548306975,12.545141382152082
1.8785354509036136,-2.6694977460209244,12.535829443392544
1.8778947437452829,-2.470914136506951,12.56395528171835
1.8778683899818573,-2.273209103662248,12.565112162330266
1.8804568095181444,-2.0783996315726863,12.45148541655351
1.8812682343684792,-1.8812682343684792,12.415865392869804
1.8821214865886313,-1.6840034353687754,12.37840922637767
1.883063565967474,-1.4866291310269528,12.337053714807539
1.884050446159484,-1.2890871473722785,12.293731531862463
1.8620841335413347,0.49002214040561437,13.258011311289295
1.8611827461947732,0.6856989064928111,13.297580519231929
1.8602858959262392,0.8811880559650606,13.336950557988757
1.8594840581106131,1.0765434020640392,13.372149728893248
1.856509832372504,1.270243569518029,13.50271264077405
1.8579829987748993,1.4668286832433413,13.438043408470264
1.8572594709279853,1.6617584739881972,13.469804919141609
1.8565801884810087,1.8565801884810087,13.499624140033404
1.9185109154064661,2.120459432817673,10.780981792656362
2.075807676899738,-3.0642875230424704,12.554430973735691
2.0758501744588367,-2.8666502409193453,12.552743083532235
2.0742879572891484,-2.666941659371762,12.614790201350914
2.0752867575452836,-2.4705794732681943,12.575120507295438
2.07698945305637,-2.2747979723950715,12.50749396276909
2.077712562831665,-2.077712562831665,12.478773962570571
2.078534326616373,-1.8805786764624324,12.446135687074545
2.079449490512392,-1.6833638732719365,12.409787807162914
2.080410080351348,-1.4860072002509628,12.37163572941752
2.1281751964575193,0.5067083801089332,10.474532148578845
2.0556560492278764,0.6852186830759588,13.354800116166743
2.054815934274865,0.8806354004035135,13.388167251339851
2.05397612841321,1.0758922577402528,13.421522110225027
2.052639595968573,1.2706816546472117,13.474605630026218
2.0503543180307364,1.4645387985933829,13.565370801609703
2.051702154605065,1.6609017442040999,13.51183831179307
2.0510619565020627,1.8557227225494852,13.537265280523798
2.118991701562795,2.118991701562795,10.839276180827625
2.118070872499521,2.3197919079756657,10.875849066139864
2.2735209121302375,-3.0643107946103205,12.553804845267294
2.2713273935433915,-2.863847583163407,12.633349863094807
2.2721705174849083,-2.667330607482284,12.602775100992986
2.2738439587348207,-2.4715695203639356,12.542089992211217
2.2742050300330923,-2.2742050300330923,12.52899622449469
2.2749142050257642,-2.077095578501785,12.503278941872509
2.2757373753720853,-1.879956962263897,12.47342777021349
2.2766375190357304,-1.6827320792872793,12.440785264149781
2.328761346314021,0.5062524665900047,10.550584380987033
2.3273914596652756,0.7083365312024751,10.600261488147027
2.2491721160882725,0.8801108280345414,13.4367813683984
2.2482962394764674,1.0752721145322235,13.468543862283141
2.2474670419404132,1.2703074584880598,13.498613601916759
2.2444383069526532,1.4637641132299912,13.608446625462108
2.246066570617097,1.6601361608908978,13.54939982139453
2.2454336361919114,1.8549234385933184,13.572352341804859
2.31933047548922,2.117649564577114,10.892582298117318
2.3184321183290293,2.3184321183290293,10.925160019022599
2.3175925799943426,2.519122369559068,10.95560475388831
2.4689545948649934,-3.061503697632592,12.629330626023972
2.469810077826756,-2.864979690279037,12.60078951621783
2.471192259906271,-2.6688876406987725,12.554676370466524
2.471336172334448,-2.471336172334448,12.5498750820731
2.4716152536597895,-2.273886033367006,12.540564211947782
2.472088262985416,-2.0765541409077497,12.524783405426263
2.4728591842772425,-1.8793729800507046,12.49906349021417
2.5276925161906827,0.7077539045333912,10.669682640882499
2.526399878692713,0.9095039563293765,10.712808349304652
2.525125568459519,1.1110552501221884,10.755322613081134
2.441770685828227,1.2697207566306783,13.53625568176082
2.4410463348214546,1.4646278008928726,13.56042189259908
2.4374012754963936,1.6574328673375478,13.6820304378261
2.5205299483781873,1.9156027607674224,10.908644307645758
2.5196170482193216,2.1164783205042306,10.939101002683302
2.5186986484769185,2.317202756598765,10.969741177959094
2.5178145780430037,2.5178145780430037,10.999236039293024
2.6679785894170456,-3.0632346767380896,12.58275811732426
2.6690269861223817,-2.8667326887981135,12.550371813627734
2.668907909374662,-2.668907909374662,12.554050245365659
2.6688836687696225,-2.4711885821940944,12.554799068394772
2.669092448734702,-2.2736713452184496,12.548349590520218
2.7278732050944714,0.707226386505974,10.732537486867514
2.726528610214936,0.9088428700716452,10.774073727773072
2.725203695382766,1.1102681721929788,10.815002027059279
2.7239756299680837,1.3115438218364848,10.852938525024868
2.7227920909414842,1.512662272745269,10.889499546398781
2.7188511033631255,1.7118692132286348,11.011241650248706
2.7207352698510645,1.91459148619149,10.953037358130445
2.719749344473188,2.115360601256924,10.983493843302043
2.7188236515320217,2.3160349624161665,11.012089672123096
2.717915239903146,2.516588185095505,11.040151659293116
2.9264412871160177,0.9082059166911778,10.833102620696948
2.9251694792700067,1.1095470438610369,10.86968087734357
2.9239041067846587,1.3107156340758817,10.906074047638754
2.922845078073299,1.5118164196930857,10.936532598528927
2.9217868164876495,1.712771582078967,10.966969086242514
2.9172745834375533,1.9113178305280523,11.096744680152767
2.919771218401038,2.114317089186959,11.024939371879412
2.9187979677388554,2.3149087330342644,11.052930874380735
2.917921307191793,2.5154494027515453,11.078144364439794
3.126283283275586,0.9076306306283958,10.886416568690507
3.1250342806932774,1.1088831318589047,10.920021355395207
3.1239025912020337,1.3100236672782724,10.950469798423157
3.1227693453718945,1.5110174251799489,10.980960115212909
3.121700356812546,1.7119001956713962,11.009721570982094
3.120657306678113,1.9126609298994888,11.037785145698763
3.116219559816334,2.110987443746549,11.157184047552022
3.1187284143258056,2.3138952751449526,11.089682569285984
3.1181507514178652,2.514637702756343,11.105224761979201
3.3237026949020305,1.3093374252644365,10.994498254021451
3.3225919487245577,1.5102690676020718,11.022572001440011
3.32147497203455,1.711062864381435,11.050803223031096
3.320477342593149,1.911789985129389,11.076017981833076
3.3196035494551355,2.1124749860169048,11.098102818450258
3.3158704103275896,2.3110611950768045,11.192456692513076
3.3187681360325114,2.514218284873115,11.1192176202767
3.521234189716995,1.710313749291112,11.087556758763313
3.520539280141339,1.9111498949338699,11.104116736652685
3.5200584451783827,2.11203506710703,11.115575229432096
3.5174995158746367,2.3114996818604756,11.176555555758014
0.0,0.0,95.0
