-2.4040118075349346,-1.4424070845209607,9.795988884751978
-2.4066815477879535,-1.2514744048497357,9.706919489894261
-2.2140454751395695,-1.44394270117798,9.710602022228883
-2.2116275114981243,-1.2500503325858963,9.798286239777084
-2.213757567931441,-1.0587536194454716,9.721042592069765
-2.2136370944998696,-0.8662058195869055,9.725411399938352
-2.021293143954664,-1.4437808171104747,9.719603469662772
-2.0190720522830046,-1.2499017466513838,9.807819333187751
-2.02107078352282,-1.0586561247024295,9.728435035581114
-2.0210006326412326,-0.8661431282748141,9.731221242325844
-2.0210014979195448,-0.6736671659731815,9.73118687576887
-2.1850586931441383,2.1850586931441383,3.215270703156193
-2.1860621228839205,2.394258515539532,3.175417138302933
-2.1873060283020966,2.6039357479786864,3.1260125180398717
-2.1887779500717417,2.814143078663668,3.0675516937491665
-2.1904553487173675,3.024914529181127,3.00092987354806
-2.1920630926422557,3.2359026605671395,2.937074553900189
-1.8286184850333804,-1.443646172394774,9.727090292481762
-1.8285241409147552,-1.2510954648364114,9.731231821716989
-1.8263843174064578,-1.0573803942879492,9.82516604620254
-1.8285257066565657,-0.866143755784689,9.731163088598507
-1.8286379936740678,-0.6737087345114986,9.726233899874316
-1.828861768455782,-0.48127941275152153,9.716410608141032
-1.976057281718335,1.976057281718335,3.254804624068825
-1.976636344762431,2.184703328421634,3.229384846332721
-1.9773826768207536,2.3936737666777548,3.1966222737021326
-1.9783508730431802,2.6030932540041847,3.1541202818552136
-1.9796119399548433,2.8131327567779354,3.098761817985576
-1.9810651515571753,3.0237310207977943,3.0349685638460784
-1.9825590599107845,3.234701624064964,2.969388798924058
-1.9840089194474726,3.4459102285140313,2.9057426941571407
-1.9855050975549298,3.6575093902327653,2.840063291313257
-1.6360484003877598,-1.4435721179891998,9.731208034575204
-1.6360491008511653,-1.2510963712391265,9.731173668017718
-1.6347796669887567,-1.0577986080515485,9.793455396719267
-1.6359057761487508,-0.8660677638434564,9.738205550887983
-1.6364886159412295,-0.6738482536228593,9.7096099139615
-1.6366919552145662,-0.48137998682781363,9.699633560067568
-1.7674175600554747,1.7674175600554747,3.285895203034727
-1.7678402228186652,1.975821425503214,3.265158267989264
-1.7682817784559146,2.1843480792690713,3.243494399378079
-1.7688480864511416,2.3931474110809567,3.2157098554449988
-1.7696558886665459,2.6024351303919793,3.176076976636452
-1.7706584804779784,2.812222292523848,3.1268872133512957
-1.7718465487261896,3.022561759591736,3.0685974934177125
-1.7711186996723927,3.229687040579069,3.1043076620579626
-1.7725031327325296,3.440741375304322,3.03638377345672
-1.7754173968946771,3.655271111253747,2.8934023899547014
-1.4435731638388392,-1.4435731638388392,9.731149880856321
-1.4437294643366532,-1.2512322024250995,9.722458903809326
-1.4439061452552293,-1.0588645065205013,9.712634688087277
-1.4423877744281937,-0.8654326646569162,9.797062608606737
-1.4442645608587144,-0.6739901284007334,9.692705245591966
-1.4444446156684472,-0.481481538556149,9.682693427072678
-1.444686716588595,-0.288937343317719,9.669231579097229
-1.5590289724901105,1.5590289724901105,3.311312471736926
-1.5592939464294713,1.7671998059534006,3.296578785937811
-1.5596722863223016,1.9755848960082485,3.2755414676276473
-1.5600394291104471,2.1840552007546257,3.2551267562903803
-1.5604944822109217,2.392758206056747,3.229823855105167
-1.560528824344398,2.60088137390733,3.2279142854111313
-1.560084950044166,2.8081529100794986,3.2525955974288223
-1.5618468272899704,3.0195705327606093,3.154627677191442
-1.563979981927779,3.232225295984077,3.0360151439354865
-1.565160133060957,3.443352292734105,2.9703936868455827
-1.5663047320702905,3.654711041497344,2.9067490800960485
-1.2514919262219504,-1.2514919262219504,9.705795339896127
-1.2516479228544906,-1.0590867039537997,9.695786785084849
-1.2518039583842988,-0.8666335096506684,9.685775734672006
-1.250646547319997,-0.6734250639415369,9.760033825296262
-1.2522163912283804,-0.4816216889339925,9.659314543435073
-1.252439774377841,-0.28902456331796333,9.644982551398527
-1.3508953319070467,1.3508953319070467,3.3281933492182105
-1.3510665249760823,1.5589229134339413,3.3172098094657514
-1.3512475130530006,1.76701597860777,3.305597833883141
-1.3515494237775947,1.9753414655211,3.286227607833979
-1.3510544585658846,2.182472586914121,3.3179839757145544
-1.3507229797297657,2.3897406564449706,3.3392512559503587
-1.3526416919888613,2.6012340230555027,3.216149003680343
-1.3532559835130797,2.8106085811425503,3.17673680426212
-1.3540193226071338,3.020504642738991,3.1277618934705913
-1.3549251786516872,3.230975426015562,3.0696432679245618
-1.3559575378410968,3.4420460575966305,3.0034083539787417
-1.0593206140011422,-1.0593206140011422,9.678050784581032
-1.0595095423557628,-0.8668714437456242,9.663725476921925
-1.0587037543920272,-0.6737205709767446,9.724823560963841
-1.0599006273475315,-0.4817730124306962,9.634071840022415
-1.0601096792034452,-0.2891208216009396,9.618220687564758
-1.142860696613761,1.142860696613761,3.3437057483619554
-1.1429924973702195,1.3508093150738958,3.3337120849451622
-1.143135656534568,1.5588213498198658,3.322857181362096
-1.1432854933775336,1.766895762492552,3.3114959493307197
-1.142227355465962,1.9729381594412077,3.3917282212914586
-1.143755291776132,2.1835328297544336,3.2758739453642676
-1.144024666275703,2.3920515749401066,3.255448887465363
-1.1443568305002298,2.600810978409614,3.23026286009933
-1.1447831012724399,2.8099221576687166,3.197941295820371
-1.1453379752006339,3.019527389165308,3.155868523052348
-1.1460680369044496,3.2298281040034493,3.1005123085852944
-1.146904851024037,3.4407145530721115,3.0370616966290527
-0.8671387821763634,-0.8671387821763634,9.638950207512167
-0.8673098038425188,-0.6745742918775146,9.623100979093365
-0.8664558623899371,-0.48136436799440946,9.702238982145843
-0.9350234930141306,1.1428064914617149,3.3478158009865524
-0.9351209061231474,1.350730197733435,3.3387881575861513
-0.9342171974799887,1.5570286624666478,3.4225382755182636
-0.9346973989752593,1.7655395313977118,3.378036176125349
-0.9354770674193196,1.9748960312185635,3.305781335328689
-0.9356844758864198,2.1832637770683125,3.2865600036403606
-0.9359084618137932,2.3917660690796936,3.265802375643034
-0.9361397056787087,2.6003880713297463,3.244372126962375
-0.9364395097031968,2.80931852910959,3.2165881474713274
-0.9368624072629786,3.0187788678473755,3.177396621781
-0.9373885544157292,3.2287827985430675,3.1286365635187536
-0.6747697845058354,-0.4819784175041681,9.59980763477968
-0.674555444847928,-0.28909519064911204,9.625346641005137
-0.7265618426837122,1.1417400385029761,3.4286785532640778
-0.726610947671606,1.3494203313901254,3.4228275940726434
-0.7273575365635513,1.5586232926361816,3.3338700089695834
-0.7274485252061595,1.7666607040721019,3.3230285271238813
-0.727543774115165,1.974761672598305,3.3116794258711906
-0.7276649302262723,2.182994790678817,3.297243428790523
-0.7278414862406101,2.3914791690762907,3.2762064205516452
-0.728012993210341,2.6000464043226468,3.255771016247877
-0.7282233895781018,2.808861645515536,3.230701861064375
-0.4818166599818159,-0.2890899959890896,9.626790867723969
-0.5191763196051025,0.7268468474471435,3.3947196559763597
-0.5188854691208019,0.9339938444174434,3.4432372535243587
-0.519433480875354,1.1427536579257789,3.351821852161464
-0.5194571225481248,1.3505885186251245,3.3478781174016206
-0.5195106679099581,1.5585320037298747,3.3389460631118055
-0.5195730735805111,1.7665484501737376,3.3285359954927713
-0.5196387716469774,1.974627332258514,3.317576713935594
-0.5197083818604389,2.182775203813843,3.305964835997429
-0.519822716213933,2.391184494584092,3.2868923968984234
-0.28932780031159416,-0.09644260010386471,9.560676173993983
-0.3114647151755234,0.5191078586258723,3.406139826879709
-0.31170812190247277,0.7273189511057697,3.3384675447505003
-0.09648720466176378,-0.09648720466176378,9.52347310737099
-0.10396615034772792,0.10396615034772792,3.28555196813916
-0.10392687564869117,0.31178062694607356,3.318309590088205
0.1034846788510214,-2.3801476135734925,3.6871301254561217
0.1034937882025754,-2.1733695522540835,3.679532341087935
0.10350959941757368,-1.9666823889339,3.666344772088763
0.10386112268459025,-0.31158336805377074,3.3731517860279467
0.10395270312936265,-0.10395270312936265,3.2967678120865145
0.09641421293819558,0.09641421293819558,9.584352893714353
0.3104616825726171,-3.208104053250376,3.6850043682972
0.31043486735540465,-3.0008703844355784,3.6924595728730765
0.31042274836114353,-2.7938047352502915,3.695828912780158
0.3104281225748158,-2.586901021456798,3.694334766301921
0.31044783819138994,-2.380100092800656,3.688853402726309
0.31046887715629823,-2.1732821400940874,3.6830041199771273
0.3105148214945286,-1.9665938694653475,3.6702306101488205
0.31060530796131347,-1.7600967451141096,3.645073434807415
0.31071699068068515,-1.5535849534034256,3.6140232473742344
0.3108401208494586,-1.3469738570143206,3.5797904238845604
0.31100133448202905,-1.1403382264341064,3.5349695819829776
0.3110187712986615,-0.7257104663635434,3.5301217735868136
0.3112860112030736,-0.5188100186717893,3.455823357786173
0.28890039893547065,0.0963001329784902,9.679502908447631
0.5176390386730744,-3.623473270711521,3.6511578659992665
0.5175493796092081,-3.415825905420774,3.66611414976704
0.5174616867584445,-3.2082624579023564,3.680742443927926
0.5174042923177006,-3.000944895442663,3.6903165740319395
0.5173745342961811,-2.793822485199378,3.6952805943442115
0.5173706899112437,-2.5868534495562185,3.6959218871433848
0.5174029842439664,-2.3800537275222458,3.6905347775365698
0.5174377969998932,-2.1732387473995516,3.6847275625832907
0.5175014099907572,-1.9665053579648775,3.67411609842506
0.5176213910856056,-1.7599127296910588,3.654101710320404
0.5178059080392657,-1.553417724117797,3.6233219118270625
0.517591968256727,-1.3457391174674902,3.6590098161937163
0.5176428513365607,-1.1388142729404336,3.6505218647457127
0.5182235658482933,-0.9328024185269279,3.5536512233291404
0.48052839810236075,0.28831703886141646,9.841689500449732
0.7247370262745604,-3.623685131372802,3.6461091402522783
0.7246061093775665,-3.4160002299228136,3.6617081548256323
0.7244821337865539,-3.2084208781975962,3.676480098672087
0.7243839955534547,-3.0010194101500267,3.688173468767701
0.7243289499117799,-2.793840235374008,3.694732268940939
0.7243133307730142,-2.5868333241893366,3.696593321095591
0.7243508566285419,-2.380009957493781,3.692122039078555
0.724398452150727,-2.173195356452181,3.6864509357967137
0.7237938461923374,-1.9645832968077732,3.758490965560739
0.7237717379661086,-1.7577313636319782,3.7611252056859996
0.7242955895521785,-1.5520619776118112,3.6987072236453713
0.7251151369523158,-1.346642397197158,3.6010564838872057
0.7254480761129894,-1.1399898338918406,3.561386105665264
0.6723253211629806,0.28813942335556314,9.891070414335204
0.6720132093535203,0.4800094352525145,9.92825917129538
0.6719907571155804,0.6719907571155804,9.930934401115763
0.9322453123370344,-3.8325640618300305,3.605280373340591
0.9318674512563793,-3.623928977108141,3.640298197178396
0.93168397424265,-3.41617457222305,3.6573017100406133
0.9315230266854672,-3.2085793141388312,3.6722173324560856
0.9313739778283275,-3.0010939285579443,3.6860302570724315
0.9306991856843355,-2.7920975570530064,3.7485658121618
0.9302798553865116,-2.5841107094069766,3.7874267461155995
0.9303350883954333,-2.3775230036772186,3.782308093056386
0.9309545638036677,-2.172227315541891,3.7248989503106316
0.9314186963039438,-1.9663283588638814,3.6818860258149755
0.9315609894478036,-1.7596152022902956,3.668699178848982
0.9318543242449884,-1.553090540408314,3.641514727262958
0.9321905226739186,-1.3464974216401044,3.6103579398573657
0.8641880711943195,0.2880626903981065,9.9124038195812
0.8625327477452519,0.47918485985847326,10.065808940938282
0.8630839000952993,0.6712874778518994,10.014731555915503
0.8625538255976752,0.8625538255976752,10.063855576167924
0.862024401805068,1.0535853799839718,10.112919293110977
1.138387176551543,-3.829120502946099,3.682906030601771
1.1378331943478857,-3.6203783456523637,3.724911189229175
1.137502028183197,-3.4125060845495914,3.750021539684383
1.1374655385586008,-3.205584699574239,3.7527883297713203
1.137700466873567,-2.999392139939405,3.7349751201211063
1.138278304101641,-2.7939558373403917,3.6911611776048545
1.1382211253999919,-2.586866194090891,3.6954966967190472
1.138223767186695,-2.3799224222994537,3.695296385826765
1.1382949703481795,-2.1731085797556156,3.6898974757657754
1.1383721113825016,-1.9662791014788665,3.684048332305963
1.1385232973476604,-1.7595360049918392,3.6725848044041385
1.138813984335947,-1.5529281604581098,3.6505437478985527
1.0551256129344058,0.2877615308002925,9.996132636465646
1.0544670077478624,0.4793031853399375,10.046070730416943
1.0525084506505813,0.6697781049594609,10.19457640624735
1.0531748677385593,0.8616885281497305,10.144045982512196
1.0525378417706492,1.0525378417706492,10.192347853321749
1.051903134539909,1.2431582499108018,10.240473908153831
1.3469277416223695,-3.833563572309821,3.5827491315211972
1.3463523243996636,-3.624794719537556,3.6196672028861343
1.3459031222064564,-3.4165233102163888,3.648487470983298
1.3456699942431694,-3.2089053708875577,3.663444678460195
1.345440636260696,-3.001367573196938,3.678160008538839
1.3452713982578426,-2.7940252117662885,3.689018113615404
1.3451789672647547,-2.586882629355298,3.6949483740672946
1.345149960439215,-2.3798806992386115,3.6968094168256442
1.3452327696447315,-2.1730683201953354,3.6914964785987365
1.3453219974122708,-1.9662398423717806,3.685771733214409
1.3454669760404556,-1.7594568148221341,3.676470080204197
1.245700201375045,0.287469277240395,10.077385384105455
1.2449340999959773,0.47882080769076046,10.126537519754422
1.2429710706033907,0.6692921149402873,10.25248310557852
1.2431585417787476,0.8606482212314408,10.240455182260277
1.2426986073082624,1.0515142061839142,10.269964020255642
1.2419786432204405,1.2419786432204405,10.316156043235779
1.5536690339518493,-3.625227745887648,3.6093480088006658
1.5530687436496478,-3.4167512360292247,3.642726720391039
1.552775390511266,-3.2090691403899494,3.6590384111917587
1.5525081629210038,-3.0015157816472744,3.673897409632403
1.5522747720199372,-2.794094589635887,3.686874943245641
1.5521439594583641,-2.5869065990972735,3.694148681883661
1.5521059690575294,-2.379895819221545,3.6962611108668
1.5521631122477746,-2.173028357146884,3.693083704769194
1.552263619604505,-1.966200584832373,3.6874950653047307
1.4359080036170722,0.2871816007234144,10.157365615806711
1.4350396215018848,0.47834654050062825,10.205651380322294
1.434184120255184,0.6692859227857525,10.253220913386727
1.431409772718952,0.8588458636313712,10.407486517751394
1.43252216896669,1.0505162572422393,10.345632522457294
1.4316906594565983,1.2407985715290517,10.391868012219874
1.4308601146882525,1.4308601146882525,10.43804985820978
1.759901927495508,-3.209232926609456,3.654631694144385
1.7595961407070118,-3.001664004735491,3.6696343897283015
1.7593012628995786,-2.79418435872286,3.684101862313142
1.7591401645563411,-2.5869708302299137,3.6920057662540273
1.7590646073800973,-2.3799109393966025,3.6957127979408426
1.62480779055307,0.47788464428031474,10.282701604185576
1.6238665997229877,0.6686509528271126,10.328878875543651
1.6222894093087015,0.8588590990457832,10.40625994154648
1.620598909928095,1.0486228240711204,10.489200240297663
1.6210488774001284,1.23962561212951,10.467123665182115
1.6201274441680256,1.4295242154423757,10.51233157736867
1.8142376449691957,0.4774309592024199,10.358382103998949
1.8131847369536274,0.668015429403968,10.404602784122119
1.8121337870011704,0.8583791622637124,10.450737508960131
1.808842639013646,1.0472246857447425,10.595212711086177
1.810074434927571,1.2384719817925487,10.541139188924006
1.8090865622512877,1.4282262333562799,10.584504940060654
2.0021582719753344,0.6673860906584448,10.479589775781818
2.001020387538091,0.8575801660877533,10.524783524200146
1.9999065226540031,1.047570083294954,10.56902327974636
1.9964160823161896,1.2358766223862125,10.70765430178453
1.9977568384732693,1.4269691703380498,10.654403027340337
2.1884445629382636,1.0466473996661259,10.638984863234015
2.185914072912523,1.2355166499070782,10.73074969961013
0.0,0.0,90.0
