-3.4012561536716137,-2.6454214528557,9.930884290438314
-3.4031670829874323,-2.3948212806207856,9.871853260628981
-3.401811811565876,-2.141881510985922,9.91371931345644
-3.400459308221678,-1.8891440601231546,9.955499856864122
-3.150725125910645,-2.646609105764942,9.8837138704626
-3.146518543568353,-2.391354093111948,10.024056266402965
-3.148217970183202,-2.1407882197245773,9.967359027778883
-3.147087252585787,-1.8882523515514722,10.005082672258098
-3.1461893918701898,-1.6360184837724987,10.0350376128237
-3.1453621542428163,-1.383959347866839,10.062636385696976
-2.897158007489174,-2.6452312242292457,9.93843966636625
-2.896033579695714,-2.39237556583559,9.979215536428555
-2.8924204714731707,-2.1378760006540825,10.11024007376254
-2.8942590843492457,-1.8875602724016822,10.043565236866996
-2.8935627246899864,-1.635491974824775,10.068817788562853
-2.8929768177400064,-1.3835976084843509,10.090064920481822
-2.8926554373921647,-1.1319086494143253,10.101719348965716
-2.6439061179592627,-2.6439061179592627,9.991069368850148
-2.643107936216616,-2.3913833708626524,10.02277102825299
-2.6423697081292423,-2.1390611922951006,10.052091487663574
-2.63939452590039,-1.8852818042145643,10.170257825780638
-2.641315569265426,-1.6351001143071684,10.093959084275326
-2.641040053398277,-1.383401932732431,10.104901842940109
-2.6410182268521676,-1.1318649543652148,10.105768735395472
-2.6411558119474634,-0.8803852706491545,10.100304220740568
-2.391189065733008,-2.6428931779154303,10.031300657727542
-2.390536941652062,-2.390536941652062,10.059927677467499
-2.3900528495700226,-2.1384683390889676,10.081178408721556
-2.3896891975244787,-1.8865967348877464,10.097142049063066
-2.387287289337893,-1.633407092704874,10.202581297635476
-2.389528885973184,-1.3834114603002643,10.10417942443003
-2.389709993544888,-1.1319678916791576,10.09622914290891
-2.390034055889299,-0.8805388626960575,10.082003415932277
-2.5163843928818475,2.5163843928818475,4.5354614357814995
-2.5159548593071177,2.7807922129183935,4.5543171512535
-2.5155849138824222,3.045181737857669,4.570557059094497
-2.5153960008433054,3.309731580056981,4.578849985943762
-2.138342393514508,-2.389912086869156,10.087357626349146
-2.13807809455327,-2.13807809455327,10.100324821165188
-2.1379205505085146,-1.8864004857428074,10.108054341973272
-2.1380319240437426,-1.6349655889746268,10.102590066510786
-2.1367482688265738,-1.38260182100543,10.165569531884714
-2.138535871349578,-1.1321660495380121,10.077865100278714
-2.1389365787250845,-0.8807385912397409,10.058205353686915
-2.1393529868804855,-0.6292214667295546,10.037775285975798
-2.253122123300233,1.9880489323237354,4.455965395022474
-2.252398966293293,2.252398966293293,4.491445359633957
-2.251833249365192,2.5167548081140385,4.519200904275706
-2.2513646776541836,2.78109754298458,4.542190251768687
-2.2509956227933565,3.045464666132188,4.560297043621873
-2.2507062769892956,3.309862172043082,4.574493101725494
-2.2493225788110056,3.572453507523362,4.642380935110964
-1.8864290670118196,-2.137952942613395,10.106465101014777
-1.8865273407423861,-1.8865273407423861,10.101000660730705
-1.886761967150945,-1.6351937048641523,10.08795442760973
-1.8870430830135205,-1.3838315942099149,10.072323181750903
-1.8870697615018448,-1.132241856901107,10.070839743547452
-1.8297402277691868,-0.8538787729589538,13.258607337085834
-1.8881644695196549,-0.6293881565065516,10.009969289588511
-1.9896617331237352,1.7243735020405704,4.366286763602815
-1.9886346039490188,1.9886346039490188,4.4233995444743215
-1.8444922318353034,2.090424529413344,12.438332734452445
-1.843307460993609,2.334856117258571,12.504211067120124
-1.8420610366820511,2.5788854513548713,12.573517596747791
-1.8407926673175186,2.8225487565535285,12.644044365302165
-1.9860784077188425,3.310130679531404,4.5655350019730605
-1.9858677702467669,3.5745619864441798,4.577247347491138
-1.6352581986906918,-1.8868363831046446,10.083816581892165
-1.6355275816445662,-1.6355275816445662,10.066533298175244
-1.6358379283529068,-1.384170554760152,10.046621829636806
-1.585803460332775,-1.0978639340765366,13.256772635320374
-1.5866804522701385,-0.8543663973762284,13.200505895896413
-1.587301186020277,-0.6105004561616449,13.160680371073795
-1.7259333849024292,1.460405171840517,4.266206570409722
-1.6013809686231233,1.6013809686231233,12.257338589800327
-1.6001757805110148,1.8463566698204017,12.3346619978863
-1.5990040240456485,2.09100526221354,12.409840472050305
-1.5979723520931461,2.3354980530592133,12.476031293709354
-1.5969445226914452,2.5796796135784885,12.541975581967762
-1.5958021775099789,2.8233423140561165,12.61526706381538
-1.5947652671556343,3.0668562829916044,12.681793974985538
-1.5940191816729392,3.3106552234745656,12.729661914990785
-1.3842512624944974,-1.6359333102207696,10.040502244637025
-1.38453351506189,-1.38453351506189,10.019100719844275
-1.3428925632486834,-1.0987302790216502,13.176485153428487
-1.342122731603193,-0.8540781019293047,13.234856884815798
-1.3439588919914929,-0.6108904054506785,13.095631819702291
-1.3444999933132737,-0.3666818163581656,13.05460334134169
-1.3566075200989294,1.3566075200989294,12.136561967702647
-1.3554694664417681,1.6019184603402714,12.222853772890574
-1.3544334886019922,1.846954757184535,12.301405779086764
-1.3534142179583604,2.091640155026557,12.378690978480122
-1.3525057213803178,2.3361462460205487,12.447576842721261
-1.3516382262383735,2.5804002500914405,12.513353813182249
-1.3496254495138709,2.8219441217108208,12.665970639203252
-1.3484965986691022,3.0647649969752324,12.751564650144672
-1.3487179306410906,3.3104894661190403,12.734782369899364
-1.348490682330115,3.5551117988703034,12.752013250760385
-1.0994277711660316,-1.0994277711660316,13.111845902945618
-1.0998688498632534,-0.8554535498936415,13.070969462082388
-1.099341943769764,-0.6107455243165355,13.119799854270127
-1.1007637355475344,-0.36692124518251146,12.98803700131458
-1.19683511144711,1.19683511144711,4.084737113236912
-1.1103508284753452,1.357095457025422,12.099564627603684
-1.109420840664408,1.6024967698485892,12.185750135987433
-1.1085318096239485,1.847553016039914,12.268140024639536
-1.1071360830036991,2.0912570456736534,12.397487320288164
-1.1058523775154594,2.3345772414215253,12.516453191472493
-1.1061288418867254,2.580967297735693,12.49083218643635
-1.1054664880376464,2.8250810249850957,12.55221503741727
-1.1046834313880634,3.068565087189065,12.624783876109433
-1.1039690529757618,3.3119071589272853,12.690988041280718
-0.8560112499957088,-0.8560112499957088,13.004518360509806
-0.8559574889367452,-0.6113982063833894,13.010924100040057
-0.8568539588443197,-0.3672231252189942,12.90410788705357
-0.8646550702285193,1.1116993760080962,11.974589597476495
-0.8639169286840889,1.3575837450749968,12.062540663940482
-0.8625203104762853,1.6018234337416728,12.228950564245082
-0.8616995100157943,1.846498950033845,12.326750608693246
-0.8618216451956127,2.092995424046488,12.312197953584132
-0.8611730970272659,2.3374698347882927,12.389473787046924
-0.8606078907222938,2.5818236721668812,12.456819267963894
-0.8600566986565412,2.825900581300064,12.52249492377166
-0.8594567344396135,3.0694883372843336,12.593981880598832
-0.8588812863851524,3.312827818914159,12.662547686800039
-0.6119772607729876,-0.36718635646379266,12.914330388324274
-0.6182250952931183,0.8661877322514226,11.842387708848506
-0.6172766639657462,1.1110979951383433,12.03032185050428
-0.6168681126234509,1.357109847771592,12.098473463353912
-0.6167895694512022,1.6036528805731258,12.111575473585944
-0.6162727025845119,1.8488181077535362,12.197795507512566
-0.6157862671335599,2.0936733082541035,12.278939190319633
-0.615322845542203,2.3382268130603716,12.356243865670507
-0.6148906640644747,2.582540789070794,12.428337288703801
-0.6144950835110855,2.8266773841509933,12.494325207318752
-0.6140866782054926,3.070433391027463,12.562452459370164
-0.3678696216611123,-0.12262320722037076,12.724368032798651
-0.37120177182101116,0.6186696197016852,11.797958937439276
-0.3709694672974567,0.8655954236940656,11.862544569294627
-0.37084370410097844,1.1125311123029353,11.897509430866904
-0.37052220675138603,1.358581424755082,11.986892578235455
-0.37020688002098745,1.6042298134242787,12.07456016133743
-0.3698971426753149,1.8494857133765747,12.16067377580076
-0.3695914644200119,2.0943516317134008,12.245658876224596
-0.3693133076492786,2.3389842817787643,12.32299241462401
-0.36903690063605277,2.5832583044523694,12.399839482969014
-0.12272872121881533,-0.12272872121881533,12.636362580022407
-0.12410012408631955,0.12410012408631955,11.492524491498429
-0.12399022717714106,0.3719706815314232,11.584185573378917
0.1240131323253027,-0.37203939697590815,11.565081208417027
0.12410062055486829,-0.12410062055486829,11.492110404836339
0.12274942486794464,0.12274942486794464,12.619094406674748
0.3701674631965368,-2.0976156247803748,12.085518882562155
0.3703326866952086,-1.851663433476043,12.03958321202164
0.3705279418903153,-1.6056210815246994,11.985298086807319
0.37077399367707253,-1.3595046434825993,11.916890421413186
0.3710649096027199,-1.1131947288081596,11.836009564737523
0.37134888402688737,-0.6189148067114789,11.757058594110745
0.36789651670411677,0.12263217223470559,12.716890634943283
0.6160641309013226,-2.8338950021460843,12.23258794393989
0.6163077299957842,-2.588492465982294,12.191952485289846
0.6165605260778744,-2.3429299990959227,12.149782850942998
0.6168203168961299,-2.097189077446842,12.106446404737326
0.61708869235793,-1.85126607707379,12.061677929695307
0.6173924840220646,-1.605220458457368,12.011001577086304
0.6177615380760729,-1.3590753837673606,11.949438619373211
0.6176459416516209,-1.1117626949729178,11.968721588122719
0.618543249133055,-0.8659605487862772,11.819039171860936
0.6125142197430796,0.3675085318458478,12.824758733412466
0.8620537054470916,-3.078763233739613,12.284547502589376
0.8623346758629863,-2.833385363549812,12.25106930601686
0.862670111644596,-2.588010334933788,12.211101450332066
0.863017067809301,-2.3424748983395314,12.16976091756797
0.8633752006750052,-2.0967683444964407,12.12708865814544
0.8637443201335323,-1.8508806860004265,12.083107323840338
0.8634317602647272,-1.6035161262059219,12.120349467982848
0.8639992742831807,-1.3577131453021412,12.052729018310458
0.8651700771341517,-1.1123615277439094,11.913225477100852
0.8571218605500299,0.36733794023572713,12.872186853882454
0.8573909280708016,0.612422091479144,12.840126911475394
0.8571181966360419,0.8571181966360419,12.87262341668685
1.107984859330658,-3.3239545779919735,12.318827989076794
1.1082359651302804,-3.0784332364730007,12.29555705934628
1.1085166597395066,-2.832875908223184,12.269544022065318
1.1089407357663057,-2.587528383454713,12.230243283353289
1.1093771770619743,-2.3420184849086123,12.189796608134017
1.1089214418213684,-2.094629390107029,12.232031326630391
1.1094434400810758,-1.8490724001351264,12.18365576207006
1.1107856803053455,-1.6044682048854988,12.05926525421468
1.1113376837075395,-1.3583016134203258,12.008108998951826
1.1120102903301714,-1.1120102903301714,11.945775984441255
1.1020656874821313,0.36735522916071045,12.867380162531546
1.1007670158664435,0.611537231036913,12.987733001681988
1.1014411517847134,0.8566764513881103,12.92525826152675
1.3540583088031084,-3.3235976670621747,12.329853420295962
1.3543641227278809,-3.078100278927002,12.306665378630115
1.3538400756689748,-2.830756521853311,12.346400734192542
1.3538492101153743,-2.5846212193111695,12.345708123730589
1.355398340410991,-2.341142587982621,12.228246834591118
1.3561993304363889,-2.095944419765328,12.167512549529803
1.3567630963467812,-1.8501314950183383,12.12476555091068
1.3573443092372277,-1.6041341836439962,12.080695652097475
1.3579627747193674,-1.3579627747193674,12.033801111963598
1.34626614521282,0.3671634941489509,12.920686601398117
1.345236648696956,0.6114712039531618,12.99874716754941
1.3455665579625913,0.8562696277943762,12.973732120235312
1.345247716802347,1.100657222838284,12.99790793928615
1.3893371120856692,1.3893371120856692,9.654872674910834
1.599185894524642,-3.56741468778574,12.398171882620375
1.5985567440024633,-3.3200793913897315,12.43853741733247
1.5995923286047726,-3.076139093470717,12.372095564805548
1.6008045965564885,-2.8321927477537874,12.294317922794065
1.6012231378600785,-2.58659122269705,12.267464820201056
1.601836862160106,-2.341146183157078,12.22808901319921
1.6024697494890419,-2.095537364716439,12.187483729496122
1.6031274841448548,-1.849762481705602,12.145284271425837
1.6038052719147744,-1.6038052719147744,12.101798229867171
1.5902799564320491,0.36698768225354983,12.969566072957363
1.589892046548243,0.6114969409800934,12.994453900795008
1.5880247493944561,0.855090249673938,13.114257422244805
1.5892246588210677,1.100232456106893,13.03727268822037
1.6418413260632112,1.3892503528227171,9.661451111146931
1.6418075377520354,1.6418075377520354,9.663618928226555
1.641828531214437,1.8944175360166582,9.662272013131627
2.001554647293943,-3.8696723181016233,3.704989803447603
1.846062113637043,-3.322911804546677,12.351040583139877
1.8464648653832731,-3.0774414423054552,12.328645861235088
1.846882300466283,-2.8318861940483004,12.305434682922865
1.8473025200220317,-2.5862235280308443,12.282068676001671
1.847934833782753,-2.3407174561248203,12.24690932297473
1.848656326954948,-2.0951438372156077,12.206791212752393
1.8494031602266117,-1.8494031602266117,12.165264084478721
1.8337834064777983,0.6112611354925993,13.033789285672768
1.8333987799934819,0.8555860973302915,13.055176165392353
1.83250713946474,1.099504283678844,13.104755197307426
1.8944069072494398,1.3892317319829224,9.662863018107458
1.8944318756245981,1.6418409588746516,9.66147466951972
1.89449221643151,1.89449221643151,9.65811946224143
1.89456328292465,2.147171720647936,9.65416786087529
2.2695077014713774,-3.6045122317486578,3.652046290220298
2.268350532638688,-3.3358096068216003,3.7088200044196924
2.2673514108358357,-3.0675930852484834,3.757839520054006
2.0933851137870567,-2.5859463170310706,12.29307876083324
2.26570078798411,-2.5322538218645936,3.8388233725287506
2.2649382535907097,-2.2649382535907097,3.876235294190593
2.1470142979889024,0.6314747935261478,9.661891426184013
2.1469824490818104,0.8840515966807456,9.663454016445456
2.1470099021587554,1.1366523011428706,9.662107097050182
2.145065265587923,1.3879834071451267,9.75751602768787
2.1471295601883873,1.6419226048499433,9.656236362733722
2.147246354729045,1.8946291365256278,9.650506118637963
2.147379353284848,2.147379353284848,9.643980863391889
2.1477603390137525,2.400438025956547,9.625288712103469
2.3996230670259044,0.8840716562727017,9.661063875260908
2.3996994992903664,1.1366997628217526,9.657708642710162
2.3997983559233833,1.3893569429030115,9.653369022586489
2.39847495400134,1.6410618106324957,9.711463876086242
2.4002405595898724,1.894926757570952,9.633957113933619
2.400690640657958,2.1479863626939624,9.614199402177348
2.401181608605221,2.401181608605221,9.592646833381536
2.6523468594591995,0.8841156198197331,9.655825529206382
2.652500905607267,1.1367861024031143,9.64970722524447
2.652679244204392,1.3894986517261099,9.642624089709841
2.6515722264689554,1.6414494735284009,9.686591894692882
2.6536902681366854,1.895493048669061,9.602468903694913
2.654253940536469,2.1486817613866647,9.580081332697034
2.654944375802267,2.4020925304877654,9.552659077254958
2.6557957238710137,2.6557957238710137,9.518845792552185
2.90522102352463,0.884197702811844,9.646045173732304
2.905621058832533,1.1369821534562088,9.631538428318976
2.9061659188257787,1.389905439438416,9.61177980938767
2.906769113954599,1.6429564557134688,9.58990574478517
2.9046950092667716,1.894366310391373,9.665120377275045
2.908319444144228,2.1496274152370383,9.5336850939495
2.9092597957696724,2.403301570418425,9.499584499927352
2.9102627649109336,2.657196437527374,9.463213165441957
3.159237226400348,1.1373254015041252,9.599728325903115
3.159908299875928,1.3903596519454082,9.57733959040445
3.1607721233270096,1.6436015041300451,9.54852022044335
3.161785712720302,1.8970714276321812,9.51470427381983
3.16138949682414,2.149744857840415,9.527923054210277
3.163955019960144,2.404605815169709,9.44233061016672
3.165120256839349,2.658701015745053,9.403455313748154
3.414248160027723,1.3909899911224057,9.52954473897411
3.415355614942219,1.6444304812684758,9.495334052305097
3.4165428767705435,1.8980793759836356,9.458658028865017
3.4150303313121575,2.150204282678025,9.505382476128872
3.419071625968067,2.406013366421973,9.380541759454317
3.6717132781320188,1.8991620404131133,9.398457249994905
3.6731295203636,2.153213856764869,9.35772493969894
3.671349877788614,2.4053671613097816,9.408908947606491
0.0,0.0,115.0
