-3.958346380646703,-2.2205357745091265,9.475239996051712
-3.760628658930773,-2.410659396750496,9.574208227242991
-3.763358539120121,-2.219416574352892,9.515826292841766
-3.762196290581293,-2.0257980026206965,9.540682445216703
-3.761173100038108,-1.8323663820698475,9.562564666790124
-3.760205190950541,-1.6390638011835692,9.58326462464072
-3.57080921863924,-2.60572564603404,9.505830481194579
-3.5697031932992234,-2.41196161709407,9.530762810467934
-3.5643642270949636,-2.2156858708968694,9.651115264039959
-3.5677406329805406,-2.024933872772739,9.575003388250224
-3.5669162893370676,-1.8316597161460617,9.593585970773276
-3.5662218885537,-1.6385343812273756,9.60923934538613
-3.5655304920210202,-1.4454853346031162,9.62482499734864
-3.5650305359134293,-1.2525782964020158,9.636095146273519
-3.3761197126364957,-2.604435206891011,9.545693782724726
-3.3752365270822047,-2.4108832336301464,9.566740453778976
-3.3729076545282637,-2.2164821729757165,9.622238434165894
-3.3711490960044177,-2.0226894576026506,9.664145599201802
-3.3730585868658176,-1.8310889471557297,9.618641655160033
-3.3725046789539896,-1.6380737012062236,9.631841506038413
-3.3720834779630224,-1.445178633412724,9.64187889700517
-3.3716796157699753,-1.2523381430002765,9.651503097363758
-3.371321665520831,-1.0595582377351183,9.660033197421356
-3.181873778088373,-2.6033512729813957,9.579177875726046
-3.1811787858802942,-2.4099839286971925,9.596743577146555
-3.1805595043678028,-2.2167535939533174,9.61239571542555
-3.1762179441248173,-2.021229600806702,9.722127234773467
-3.179545011389218,-1.83064712776955,9.6380366946306
-3.179164190623825,-1.6377512497153035,9.647661815289325
-3.178779726105416,-1.4448998755024618,9.657379030617292
-3.1785166517994123,-1.252142923436132,9.664028147912347
-3.1782536210336154,-1.0594178736778717,9.670676164742872
-3.177988471167223,-0.8667241285001518,9.677377741149911
-2.988030503711486,-2.6024781806519393,9.606148804948717
-2.98744889049174,-2.409232976203016,9.621797281958322
-2.986988132062202,-2.216152485078408,9.63419412482024
-2.9866303571268413,-2.0232012096665697,9.64382016608019
-2.982746925517056,-1.8281352124136794,9.748305050881541
-2.985977917634338,-1.6374717612833467,9.661374245065971
-2.985730811802252,-1.4447084573236701,9.66802270112072
-2.9854816042761803,-1.2519761566319465,9.674727703878489
-2.9852348584154345,-1.0592768852441863,9.681366474797045
-2.9849881533377154,-0.86660946387224,9.688004148436107
-2.794441192521763,-2.6017211102788824,9.629535668811087
-2.794078112615065,-2.4086880281164356,9.639978150395137
-2.7937434679628685,-2.2157275780395165,9.649602810293132
-2.7934264619955917,-2.0228260586864626,9.658720166870182
-2.7926888257909828,-1.8296926789665058,9.679935200641722
-2.671197517364396,-1.5658744067308525,13.17412677517865
-2.6715080288624757,-1.3818144976874873,13.165196204963877
-2.792500388574972,-1.2518105190163666,9.685354812472738
-2.7922657314842882,-1.0591352774595575,9.692103746530577
-2.7920266021066564,-0.8664910144468934,9.69898130729905
-2.791787513683553,-0.6738797446822368,9.705857690181062
-2.601195858978007,-2.601195858978007,9.645761347564715
-2.600884338107379,-2.408226238988314,9.655384622297078
-2.600647033994366,-2.215365991921127,9.6627152472727
-2.600431820026265,-2.0225580822426505,9.66936347965951
-2.487137841426703,-1.7502081106336058,13.16915814635172
-2.4846258307459657,-1.5643940415807933,13.246757341752854
-2.487732412534098,-1.3820735625189433,13.150791090870484
-2.4880502122228596,-1.1979501021813768,13.140973855483807
-2.599339291162057,-1.0589900815845419,9.703113081707428
-2.599138006183834,-0.8663793353946113,9.709331029933637
-2.5989586720034623,-0.6738041001490458,9.714870890178446
-2.5038909882675577,1.947470768652545,12.651632195822856
-2.502981306132706,2.1321692607797127,12.679733430533588
-2.5021749186220084,2.316828628353712,12.70464376331661
-2.5014235737665307,2.5014235737665307,12.727853758680453
-2.500790694428012,2.6860344495708275,12.747404203999679
-2.500139564833322,2.8705306114752958,12.767518422875128
-2.496399952798622,3.0511554978649826,12.883039780817711
-2.407886777526397,-2.407886777526397,9.666709928928043
-2.4076875251495724,-2.2150725231376067,9.67335750020682
-2.407486757739717,-2.0222888765013622,9.680055616880423
-2.3033254256348172,-1.750527323482461,13.155145303102387
-2.301110911104003,-1.564755419550722,13.229027198144493
-2.303913951960251,-1.3823483711761506,13.135510552641179
-2.304234852181688,-1.1982021231344777,13.12480449668658
-2.3045729221828313,-1.0140120857604455,13.113525612762444
-2.304916482580472,-0.82976993372897,13.102063555103328
-2.4061964189583027,-0.6737349973083246,9.723104634211637
-2.3201005572979247,1.7632764235464227,12.59548380636987
-2.319141329037325,1.9480787163913529,12.627486125923397
-2.318250669339712,2.132790615792535,12.657200822025715
-2.317435277674985,2.317435277674985,12.684404383146372
-2.3166887127750675,2.502023809797073,12.70931170653951
-2.3160230638731174,2.6865867540928168,12.731519464323199
-2.3126023208362425,2.867626877836941,12.845644241785607
-2.3148265718475907,3.0555710748388196,12.771437512734565
-2.214777831797728,-2.214777831797728,9.684044087512191
-2.2145930346606733,-2.0220197272988756,9.690745508530284
-2.1194807170105685,-1.7508753749217738,13.139866500011308
-2.1197581200172593,-1.566777740882322,13.129806850986697
-2.1174655887477765,-1.3809558187485498,13.212942431325388
-2.1203801790020544,-1.1984757533489871,13.107248713876743
-2.120732093625693,-1.0142631752122877,13.094487000719198
-2.121107706135812,-0.829998667618361,13.080865915403194
-2.213499890014091,-0.6736738795695059,9.73038693711078
-2.1362540806365273,1.5789704074269983,12.531602901674148
-2.135226315376353,1.7638826083543784,12.568873434248317
-2.1343232879521556,1.9487299585650115,12.60162051603156
-2.1334563674302927,2.1334563674302927,12.633058229292885
-2.1326370787020688,2.3180837811979007,12.662768639263078
-2.131911665703696,2.502678911913034,12.689074771444467
-2.128615193746738,2.6839061138545826,12.808616918092582
-2.13064014353789,2.871732367377156,12.735184822188344
-2.130101126430636,3.056232050965695,12.754731556673732
-2.0219156764914343,-2.2144790742525235,9.694878130315331
-2.0217425258080373,-2.0217425258080373,9.701755215692174
-1.9355892993187283,-1.7512474612883733,13.123532608850354
-1.9358732873899176,-1.5671355183632667,13.112253356737341
-1.9344966011343319,-1.381783286524523,13.166931679288837
-1.935242305394199,-1.1980071414345042,13.137314286158343
-1.9368544248041788,-1.014542793945046,13.073285183860875
-1.9371986758386857,-0.8302280039308654,13.05961244686138
-1.9375435320311942,-0.6458478440103981,13.04591567459292
-1.9522362184460391,1.394454441747171,12.46236118374263
-1.9512704854675105,1.5795999168070325,12.500717533335248
-1.9503135365430935,1.764569390205656,12.5387250036229
-1.9493998460504889,1.9493998460504889,12.575014363863232
-1.9485754736053573,2.134154090139201,12.607756248424508
-1.9477981486868794,2.3188073198653325,12.63862953015257
-1.9446535203338284,2.5002688118577794,12.76352581839187
-1.9464104661600725,2.687900167554386,12.693744595398542
-1.945794682078532,2.8723635783064045,12.71820190402346
-1.9452748102729902,3.0568604161432704,12.73884983172195
-2.1953885676627793,3.658980946104632,2.8049955162317275
-2.1974513195413774,3.8716999439538555,2.7230684888469057
-1.8289721340418608,-2.0214955165725828,9.71156576663985
-1.7516473953919542,-1.7516473953919542,13.105976254450312
-1.7519441099961135,-1.5675289405228383,13.092951041797406
-1.75225441096446,-1.3833587454982579,13.07932941332865
-1.7504126519863417,-1.1976507618853915,13.160179165949856
-1.7528771511709933,-1.0148236138358382,13.051992290369753
-1.75318922567371,-0.8304580542664943,13.03829280708024
-1.7535560896698452,-0.6460469804046798,13.022188168153235
-1.7539404741197557,-0.4615632826630936,13.005314414282111
-1.7681093900112197,1.2097590563234661,12.383325675068335
-1.7670408226295051,1.3950322283917145,12.430233771891622
-1.7661450767474884,1.5802350686688054,12.469555330158983
-1.7652728301268135,1.7652728301268135,12.507845315083216
-1.7644071784099509,1.9501342498215244,12.545845796142899
-1.763602849543221,2.134887659973373,12.581154319502247
-1.7606813822726581,2.3166860293061293,12.709401233958587
-1.7621666670697937,2.504131579520233,12.644200026934683
-1.7614992243421748,2.6886040792591093,12.673499506431142
-1.760931674987288,2.87309904866347,12.698413854881778
-1.7603856714754273,3.057511955720479,12.722382381376676
-1.9854963477147525,3.6574932721061226,2.840447392828281
-1.9848344783191025,3.8652039840950945,2.8695022135413097
-1.986935662393182,4.0784468859649525,2.7772641874916246
-1.567683403359724,-1.7521167449314563,13.085372693065537
-1.5679610957921075,-1.5679610957921075,13.07174837970166
-1.568239932056021,-1.3837411165200186,13.058067946986355
-1.5685191124848663,-1.199455791900192,13.044370628643875
-1.5670070708562003,-1.0139457517304824,13.118555325689329
-1.569162575077988,-0.8307331279824643,13.01280067936085
-1.5695065818721279,-0.6462674160649938,12.995922810841208
-1.5698737552443145,-0.4617275750718572,12.977908329716868
-1.5839655317805583,1.0249188735050672,12.286529102217912
-1.5828194944413316,1.2103913781021947,12.342756676380873
-1.5818132946721801,1.3957176129460414,12.392123455460592
-1.5808708315611086,1.5808708315611086,12.438363148234814
-1.580088463865335,1.7659812243200803,12.476748143322766
-1.5781695174451733,1.9495035215499201,12.570896648315795
-1.5766471632567438,2.133110867935595,12.645587306379326
-1.5778353188433445,2.3203460571225656,12.587293301397068
-1.5771676816885285,2.5049133767994274,12.620049317585597
-1.5765619169868164,2.6894291525069223,12.64976971021592
-1.5759830340758212,2.873851415079439,12.678171212239931
-1.5754752881152767,3.058275559282596,12.70308255035718
-1.7754173968946771,3.655271111253747,2.8934023899547014
-1.7772450499105905,3.868121579217168,2.8037329769443176
-1.3838781645369316,-1.5683952531418557,13.050447490327628
-1.3841245490111906,-1.3841245490111906,13.036747458398949
-1.3844206047965957,-1.1998311908237163,13.020285488849453
-1.3833910319967384,-1.0144867567976081,13.077534145743797
-1.3850374555130935,-0.8310224733078562,12.985985947302993
-1.3853649709611968,-0.6465036531152252,12.96777468577912
-1.3856926413347797,-0.4618975471115932,12.949554809735119
-1.3985171926866347,1.0255792746368653,12.236454832474635
-1.3974269712501095,1.2111033750834281,12.297075813300026
-1.396416036485934,1.396416036485934,12.353288115591681
-1.3955594275371124,1.5816340178753938,12.400919241637865
-1.3933482760531672,1.764907816334012,12.523868733566289
-1.3927503153085092,1.9498504414319127,12.557117911780765
-1.3933801402824952,2.136516215099826,12.522096945954729
-1.392696982320064,2.3211616372001065,12.560083454340813
-1.3920972471036999,2.5057750447866596,12.593431300781432
-1.3915183134345117,2.6902687393067226,12.6256224921149
-1.3909838923787898,2.874700044249499,12.655338591511054
-1.5651794526338476,3.4433947957944646,2.969319435855354
-1.5663317217382837,3.6547740173893284,2.9052483389703525
-1.5675175844031444,3.86654337486109,2.8393092962588184
-1.1997145527728699,-1.5688574920875988,13.027768844778166
-1.1999775144726978,-1.38458943977619,13.01089754093563
-1.2002405914733119,-1.2002405914733119,12.994018839534476
-1.2005237079615132,-1.015827752890511,12.975854428905862
-1.1993234329155338,-0.8303008381722926,13.05286262062566
-1.2011183846853033,-0.6467560532920864,12.937700691301856
-1.2014583232492941,-0.4620993550958824,12.915890645182458
-1.2128840587638323,1.0262865112617041,12.182829307291072
-1.2118555632118242,1.2118555632118242,12.24881633494553
-1.2109390351820626,1.3972373482869955,12.307619662123642
-1.208548543744969,1.5804096341280365,12.460990694462353
-1.2086717252537669,1.7665202138324287,12.453087518204867
-1.2086768454544534,1.9524779811187323,12.452759012336628
-1.2080787858699136,2.137370159616001,12.4911297901849
-1.207485086907547,2.322086705591437,12.529220795801422
-1.2068990607093917,2.506636510704121,12.566819526168715
-1.2063886271157531,2.691174629719757,12.599568326679758
-1.2058956856332699,2.875597404202413,12.631194854546735
-1.3559954621480164,3.4421423269911187,3.000975176426749
-1.3569967237601133,3.6534527178156897,2.936735445338172
-1.35801710716837,3.8651256127099765,2.8712688829915294
-1.0157212160853621,-1.3850743855709484,12.983932477930537
-1.0159614068765008,-1.2006816626722283,12.965720246172879
-1.0162033930989531,-1.0162033930989531,12.947371877592332
-1.016490961219913,-0.8316744228162924,12.925567306150597
-1.0157795068218878,-0.6464051407048377,12.979512639859735
-1.017092793117657,-0.4623149059625714,12.879933991280751
-1.027894766388449,0.8410048088632767,12.060884935673556
-1.027003997447481,1.027003997447481,12.128426619176608
-1.0261232574155423,1.2126911224001864,12.195207870463847
-1.0239236959313216,1.3962595853608932,12.361987468157551
-1.0245017031103503,1.583320813897814,12.318160639276428
-1.0237971518694629,1.768376898683618,12.371582547849002
-1.0231783203526994,1.9533404297642443,12.418504842200136
-1.0226316584136423,2.1382298312285255,12.459954948925699
-1.022125701818066,2.323012958677423,12.49831861280417
-1.0216242153223045,2.5076230739729293,12.536343335737328
-1.0211412886651585,2.6920997610263275,12.572960777064694
-1.1460970397271668,3.2299098392311065,3.0983131979264584
-1.1469449939137846,3.440834981741354,3.0340179012860204
-1.147813031598448,3.6521323732677895,2.9681997930541257
-0.8318053897413136,-1.0166510319060498,12.913430102972612
-0.8320463763429355,-0.8320463763429355,12.891096957817155
-0.8313941979278993,-0.6466399317216994,12.95153681261499
-0.8325897178295548,-0.4625498432386415,12.840743435223061
-0.8416260336481952,0.8416260336481952,12.003313671535338
-0.8404480979498886,1.0272143419387527,12.112477453907502
-0.8390252923951969,1.2119254223486176,12.24433425742707
-0.8394218636383075,1.3990364393971793,12.207582491655614
-0.8387218994366675,1.5842524767137052,12.272450837089053
-0.8381149543251739,1.769353792464256,12.32869874956694
-0.837557253655264,1.954300258528949,12.380382992303097
-0.8370510516904938,2.1391304654312617,12.427294654117901
-0.8366209959540427,2.323947210983452,12.46714955527196
-0.8362075868691065,2.5086227606073193,12.505461747901435
-0.9368836451110009,3.018847300913225,3.1754284296098234
-0.9374202535118721,3.2288919843186705,3.1256988876866103
-0.9380562057519005,3.4395394210903016,3.066762774255835
-0.6477059306014689,-0.6477059306014689,12.824520877754566
-0.6471554124936189,-0.46225386606687063,12.890116230107367
-0.674555444847928,-0.28909519064911204,9.625346641005137
-0.6543387546024964,0.841292684488924,12.03420640628218
-0.6538086002505359,1.0274135146794134,12.097375375699073
-0.6539022100237827,1.2143898186155964,12.086221580806168
-0.6533357251001789,1.400005125214669,12.153719411733931
-0.6527798491029,1.5853224906784715,12.219953167510596
-0.6522507083449345,1.7703947797933937,12.283001365141232
-0.6517787681351792,1.9553363044055376,12.339234001101644
-0.6513595772805998,2.140181468207685,12.38918144409601
-0.7280210493613624,2.60007517629058,3.2548111094667718
-0.7282361410870904,2.808910829907349,3.229182492830688
-0.728513995101113,3.0181294082760397,3.196075621880297
-0.7288749482284133,3.2278747707258306,3.1530673225519195
-0.462806455399617,-0.27768387323977023,12.79793722989021
-0.4681401373078476,0.6553961922309866,11.908210561926026
-0.5188854691208019,0.9339938444174434,3.4432372535243587
-0.4678365145776002,1.0292403320707204,11.958858734192233
-0.46741031936360866,1.2152668303453826,12.02995357152436
-0.4669971007554559,1.4009913022663678,12.09888374428273
-0.46659292837516997,1.586415956475578,12.166304890009485
-0.5196414627889312,1.9746375585979388,3.3171277968826303
-0.5197115384059888,2.182788461305153,3.305438283645259
-0.519829380808248,2.391215151717941,3.28578065694181
-0.27800236561079766,-0.27800236561079766,12.709389530907956
-0.27820216874359643,-0.09273405624786549,12.653839981630824
-0.2814175358649097,0.4690292264415162,11.759899071658594
-0.31170812190247277,0.7273189511057697,3.3384675447505003
-0.09276891869874275,-0.09276891869874275,12.62476245808351
-0.09410314276834439,0.09410314276834439,11.511933875324914
-0.09401251692722991,0.28203755078168974,11.587521648493208
0.10347382003472426,-2.793793140937555,3.6961870758032944
0.10347732567656229,-2.586933141914057,3.693263145312798
0.10348405388246434,-2.38013323929668,3.6876513893798233
0.09405203857611646,-0.2821561157283494,11.554558054505705
0.09414977827728768,-0.09414977827728768,11.473036865065538
0.0927687672726361,0.0927687672726361,12.624888757183868
0.3105729829275615,-3.623351467488218,3.654060486362283
0.3105187719410489,-3.415706491351538,3.669132301425762
0.31046639378322677,-3.20815273576001,3.683694550867145
0.3104370961274993,-3.0008919292324934,3.6918399265063613
0.3104232770346795,-2.793809493312115,3.695681930216736
0.31042671768429986,-2.586889314035832,3.69472535594808
0.3104464513181435,-2.380089460105767,3.6892389831857457
0.3104676278236108,-2.1732733947652756,3.6833514612160343
0.3105123512950566,-1.9665782248686918,3.6709173784960853
0.31060039521949023,-1.7600689062437778,3.6464392822301903
0.31071269061407497,-1.553563453070375,3.615218757968634
0.28158268261874203,-0.6570262594437313,11.713984737826792
0.2815557487748269,-0.4692595812913782,11.72147292316616
0.27810108917956117,0.09270036305985373,12.68194226483648
0.2780570701726785,0.2780570701726785,12.694180491323266
0.51780703850397,-3.831772084929378,3.6231333357904845
0.5176459781957242,-3.6235218473700694,3.650000264464211
0.517555730411095,-3.415867820713227,3.665054754418975
0.5174675278784188,-3.208298672846196,3.679768070071134
0.5174069956668395,-3.000960574867669,3.6898656206636815
0.5173751566440927,-2.793825845878101,3.6951767787167995
0.5173690975285293,-2.586845487642647,3.6961875170386236
0.5174016030559367,-2.3800473740573094,3.69076517744503
0.5174365282090251,-2.1732334184779054,3.68493921320119
0.5174991269506496,-1.9664966824124688,3.674496938846872
0.46715250747247544,-1.5883185254064165,12.072959907261321
0.4675112591540938,-1.4025337774622815,12.013115517624911
0.467873697876341,-1.2164716144784864,11.952656082241532
0.468235821655552,-1.0301188076422143,11.892249183402868
0.46810664521567313,-0.8425919613882117,11.913797473197874
0.46857089500249727,-0.6559992530034962,11.836354644202629
0.46256211123046687,0.27753726673828016,12.838696976570816
0.7253231100835803,-4.041085899037091,3.5762760622613143
0.7250096332584243,-3.832193775794529,3.613627463618215
0.7247451412970166,-3.623725706485083,3.645142218819956
0.7246120898708021,-3.4160284236766385,3.6609955668917564
0.7244874955635894,-3.2084446232101818,3.675841232031985
0.724386364327733,-3.0010292236434655,3.6878912244941517
0.724329458905504,-2.7938421986355153,3.6946716213033852
0.7243137375488148,-2.5868347769600533,3.696544852931524
0.6525000197181993,-2.1439286362169407,12.25329540789538
0.6528807618629711,-1.9586422855889132,12.207929206882667
0.6532697361940356,-1.7731607125266682,12.16158212412816
0.6536606129490236,-1.5874614885904856,12.115008363693505
0.6540957544592906,-1.4016337595556227,12.06316036762891
0.6545981331921226,-1.2156822473567992,12.003300919729256
0.6542319586191447,-1.0280787921157988,12.046931364930998
0.6554865076343032,-0.8427683669583897,11.89744929791135
0.6723253211629806,0.28813942335556314,9.891070414335204
0.6467303693091071,0.4619502637922194,12.940760990117326
0.6470939760948169,0.6470939760948169,12.897436501991677
0.9330865829440974,-4.2507277667453325,3.527316625745925
0.932667711388098,-4.041560082681758,3.5661350463496575
0.9322578387936512,-3.8326155594850104,3.6041194989516327
0.9318774982068847,-3.623968048582329,3.639367108053534
0.9316879204801843,-3.4161890417606755,3.6569359971956743
0.9315262994091611,-3.208590586853777,3.671914036700983
0.9313752027600302,-3.0010978755600974,3.6859167379915476
0.8376790460739773,-2.513037138221932,12.369096025527142
0.8380981671437083,-2.328050464288079,12.330254481536684
0.8385430063129771,-2.142943238355386,12.289029543422942
0.8390042007953146,-1.9576764685224006,12.24628889622673
0.8394998605728832,-1.7722774834316422,12.200354219005462
0.8400005375962355,-1.5866676821262227,12.153954574530331
0.8405031919388156,-1.4008386532313595,12.107371684360075
0.8399942272924398,-1.2133249949779685,12.154539374389316
0.8417321026815635,-1.0287836810552442,11.99348385069564
0.8423861544857008,-0.8423861544857008,11.932870381802886
0.8308261843363323,0.4615701024090735,13.00417679303446
0.8310963616713342,0.6464082812999264,12.979138431566653
0.8308396685019075,0.8308396685019075,13.002927164112918
0.8303943151555928,1.0149263851901689,13.044199752969604
1.1402667003706841,-4.457406192358128,3.540392975767503
1.1395207458749188,-4.247304598261061,3.59695424563607
1.1389528879000437,-4.038105693463791,3.640011521041316
1.138387176551543,-3.829120502946099,3.682906030601771
1.1378331943478857,-3.6203783456523637,3.724911189229175
1.137502028183197,-3.4125060845495914,3.750021539684383
1.1374655385586008,-3.205584699574239,3.7527883297713203
1.0229691835423216,-2.6969187566115758,12.434362436246928
1.0234284629765096,-2.5120516818514327,12.399538022466103
1.0239138466147872,-2.327076924124517,12.36273428294811
1.024426189673327,-2.1419820329533206,12.323886371763336
1.024978216598154,-1.9567765953237488,12.282029470240374
1.025545793561682,-1.7713972797883601,12.23899350224562
1.025871611987625,-1.5854379457990566,12.214288638849098
1.0255345058074143,-1.3984561442828378,12.23984938517009
1.0273824145867076,-1.2141792172388364,12.09973350980303
1.0281233356869868,-1.0281233356869868,12.043553892222974
1.0289175524132226,-0.8418416337926368,11.983333185944275
1.0157589288697253,0.46170860403169334,12.981072942950888
1.0138192959243757,0.6451577337700573,13.128143713474728
1.014665241846376,0.8301806524197622,13.064000691534218
1.0141348974275934,1.0141348974275934,13.10421353824853
1.0136216333755348,1.1979164758074503,13.143131282865838
1.0131104736512015,1.3815142822516386,13.181889468892066
1.3481613471140395,-4.251893479359662,3.5036024988161927
1.3475071654858863,-4.042521496457659,3.5455739989395454
1.3469167053718247,-3.833532161442886,3.583457203975641
1.346341519729888,-3.624765630042006,3.6203604173991977
1.3458980061270456,-3.4165103232455776,3.6488157124354785
1.345663355503669,-3.2088895400472106,3.663870611937625
1.208552219099742,-2.6960011041455787,12.460754888156174
1.2090524854464362,-2.511109008234906,12.428658405882175
1.2095953500839047,-2.326144904007509,12.393828868918874
1.210179173013174,-2.141086229177154,12.356371497612031
1.2107847685888058,-1.9558830877203786,12.31751721971203
1.2108120939043805,-1.7696484449371714,12.315764060594361
1.2107394542774987,-1.5832746709782677,12.320424530985775
1.2128471113947223,-1.3994389746862181,12.185199805697664
1.2135719507708922,-1.2135719507708922,12.138694990127988
1.2142982916944922,-1.0274831698953395,12.092093837095689
1.1994839923439484,0.46133999705536477,13.04256132236307
1.1988413660598,0.6455299663398923,13.08379144562494
1.196845057357943,0.8285850397093452,13.211872191583538
1.1976254477527095,1.0133753788676771,13.161803290011534
1.1970272710293377,1.1970272710293377,13.200181583345255
1.19643390803554,1.3805006631179308,13.23825103362573
1.1958463695019375,1.5637990985794565,13.275946793601747
1.5549926735356971,-4.0429809511928125,3.5357479793535163
1.55431700812655,-3.833981953378823,3.573317869689589
1.5536419510449406,-3.625164552438194,3.6108539344093487
1.5530522860515308,-3.4167150293133672,3.643641833327237
1.3935632390765702,-2.8800306940915785,12.511915868869906
1.3940226190662863,-2.695110396861487,12.486372374112648
1.3945736487458558,-2.5102325677425403,12.45573276410289
1.395163157791862,-2.3252719296531033,12.42295353652851
1.395789632040204,-2.1402107691283128,12.388118885398015
1.3955455101138337,-1.953763714159367,12.401693109974559
1.3956496595471148,-1.767822902093012,12.39590195545641
1.3979494179045524,-1.5843426736251591,12.26802554189625
1.3987438062011135,-1.3987438062011135,12.223854150580351
1.3995752847792216,-1.2129652468086585,12.17762038076853
1.4004125840092547,-1.0269692282734535,12.131062957782305
1.3829390374327393,0.4609796791442464,13.102666979202567
1.3822391037021573,0.6450449150610067,13.141586292141312
1.3800562092391946,0.8280337255435168,13.262964572690336
1.3802595508903566,1.0121903373195946,13.251657906059947
1.3801721759935988,1.1961492191944523,13.256516324509192
1.3795034961836932,1.3795034961836932,13.293697785611087
1.3788390862615558,1.5626842977630964,13.330641822666948
1.7617659855376986,-3.834431850876168,3.5631761558090744
1.760988016144575,-3.6255635626505955,3.601345358723435
1.5787452548620033,-3.0646231417909475,12.542649472420948
1.5789601879918316,-2.8792803428086344,12.532104293757172
1.5794523324895475,-2.694359861305699,12.50795840400555
1.5799945955316064,-2.509403181138434,12.481353568046387
1.5806191768232356,-2.324439965916523,12.450709984548865
1.5800290712146585,-2.1376863904668912,12.479662101320756
1.5803290338790423,-1.9521711594976405,12.464945152421748
1.5828014333738236,-1.7690133667119208,12.343642799352608
1.5836146120133594,-1.5836146120133594,12.303746139185264
1.584485427072428,-1.3980753768286132,12.261021686289993
1.5853973116265916,-1.2123626500673936,12.216282257091379
1.5661570603643578,0.46063442951892875,13.160259052377342
1.5653741893617146,0.644565842678353,13.198668741010053
1.5645982224391033,0.8283167059971724,13.236739697510089
1.561817647324018,1.0105878894449527,13.373161948468024
1.5630756601460483,1.1952931518763898,13.311440565728091
1.5623211613310741,1.3785186717627125,13.348458241001623
1.5616829357742985,1.5616829357742985,13.37977124765331
1.5610452314490593,1.744697611619537,13.41105868132945
1.7643134291338138,-3.0643338506008346,12.549961212912478
1.7645126346999171,-2.8789416671419703,12.541216463500874
1.7648103142668181,-2.6936578480914597,12.528148890799855
1.765360414424867,-2.508670062603758,12.504000529247918
1.7641940337509752,-2.32130793914602,12.555202445495738
1.76489922498268,-2.136456956557981,12.52424587771931
1.7674666378811887,-1.9535157576581559,12.411541283802805
1.768273731228395,-1.768273731228395,12.376111404953775
1.769158382323966,-1.5829311841846012,12.337276886929018
1.7700816148224676,-1.3974328538072114,12.296748717932672
1.7710550540406955,-1.211774510659423,12.254016568438331
1.7491193457590133,0.46029456467342456,13.216952875097064
1.7482525013955077,0.6440930268299239,13.255005711099585
1.747404538413691,0.8277179392485905,13.292229689984097
1.7465629201324473,1.0111680063924695,13.329175148455292
1.7435838404484254,1.1929784171489226,13.45995113942567
1.7450680571603132,1.3776853082844578,13.394796819333806
1.74436006775522,1.5607432185178283,13.42587622165533
1.7436810508873124,1.7436810508873124,13.455683784125881
1.8059851402924745,1.9960888392706295,10.720651526624437
1.8050815394230093,2.185098705617327,10.760317904056294
1.9499080418237742,-3.0641412085802164,12.554830177162557
1.9500667055684224,-2.8786698986962427,12.548528474525597
1.9502868882954882,-2.693253321931865,12.539783401258589
1.9486215348748834,-2.505370544839136,12.605926817105598
1.9498856123151989,-2.321292395613332,12.555721017686011
1.9520108050586622,-2.1379165960166304,12.471314004948198
1.9527825468559223,-1.9527825468559223,12.440662469970022
1.9536594575286859,-1.7675966520497635,12.405833906512171
1.9545679546751638,-1.5822692966417993,12.369750812190077
1.9555458871569065,-1.396818490826362,12.330909930723166
2.003691657857866,0.4770694423471109,10.418687760133153
1.9308951146631437,0.6436317048877146,13.309973158883409
1.9299653351688377,0.8271280007866448,13.346901531550131
1.92916904536826,1.0105171190024218,13.378528048037694
1.9273897556534552,1.1931460392140438,13.449196710954837
1.9255997375461331,1.3754283839615238,13.520291477135629
1.926866290408945,1.5598441398548604,13.469987360507474
1.9261560435444285,1.7427126108259117,13.498196480044811
1.9946464076096804,1.9946464076096804,10.777941082102927
1.9936779049375353,2.1835519911220627,10.816407436571637
2.135629788567191,-3.064164479248578,12.554242018608349
2.1356103912856046,-2.878431396950163,12.554945435082146
2.1334637114379076,-2.6900194622477964,12.632791908678982
2.134962305032288,-2.5062600972118165,12.578447416274827
2.1365675081314417,-2.3223559870993933,12.52023687276511
2.1372335554579363,-2.1372335554579363,12.49608355727571
2.138055047635545,-1.9521372174063667,12.466293242160575
2.1389193753940514,-1.7669333970646508,12.434949551994691
2.139879671736242,-1.581650192152874,12.400125689494814
2.1925216830052556,0.4766351484794033,10.491133556954395
2.1133482458510535,0.643192944389451,13.36225236472913
2.112485075127484,0.8266245946151025,13.393554096570497
2.111626427028781,1.0099082911876776,13.424691821469892
2.1108044338144314,1.1930633756342437,13.454500306012335
2.1076023626662246,1.3745232799997116,13.570619133587584
2.1092834640813622,1.559035603886224,13.509656239159014
2.108625602563466,1.7419081064654718,13.533512707247723
2.1830847085738267,1.9932512556543631,10.833352813215726
2.182136627871835,2.182136627871835,10.867733691861616
2.1811893702799767,2.3708580111738877,10.902084721519373
2.3213742927030965,-3.064214066368087,12.552988720333246
2.3186929025029888,-2.875179199103706,12.642446787360896
2.320764506869072,-2.6920868279681236,12.573332742628281
2.321593876557444,-2.5073213866820394,12.545662838721654
2.3218560183026296,-2.3218560183026296,12.536917116517344
2.322474581840949,-2.136676615293673,12.516280247452329
2.3232051362016275,-1.951492314409367,12.491907076787967
2.3241233882477084,-1.7663337750682584,12.461271829040996
2.37965225649902,0.6663026318197255,10.608686100266198
2.378272829417331,0.8561782185902393,10.654707332210918
2.293923900916916,1.009326516403443,13.468804325329899
2.29307132770981,1.1923970904091012,13.49724835824395
2.292356028836078,1.3754136173016467,13.521112566664115
2.2886402818167286,1.5562753916353753,13.645079435007801
2.2909846889849454,1.7411483636285585,13.566863987816987
2.3714161427447977,1.99198955990563,10.883464018169775
2.3704490321337595,2.180813109563059,10.915729313187995
2.3695911106057843,2.3695911106057843,10.944351779828992
2.368728929601225,2.558227243969323,10.973116353553749
2.504336219638748,-3.06085537955847,12.637878434170233
2.50649808343721,-2.877831132835315,12.571095719982807
2.507036202579956,-2.69274258795625,12.554472537276112
2.5070907412540215,-2.5070907412540215,12.552787768473905
2.5073677719021537,-2.3216368258353275,12.544229940451388
2.507650895463971,-2.1361470590989384,12.535483894598713
2.5084006437912207,-1.9509782785042828,12.512323218016377
2.567933437366624,0.6657605207987544,10.673279731116622
2.56662119934472,0.8555403997815734,10.713816427658301
2.5653261729602614,1.0451328852801065,10.753821434893283
2.4753737623493106,1.1918466263163348,13.532565467045487
2.4746258320018497,1.3747921288899165,13.555669983926776
2.4732078581658907,1.5572049477340792,13.599472993847883
2.4706359190629685,1.738595646748015,13.678923454205346
2.5596606747650017,1.9908471914838903,10.92883585854598
2.5587344266119856,2.1796626597065067,10.957448838565128
2.55780885531542,2.3683415326994632,10.986040909630205
2.5569432021423633,2.5569432021423633,11.012782033878096
2.6931617243392325,-3.0646323070067125,12.542417824581278
2.69291628638117,-2.878634650959182,12.549476825395743
2.6927630381378767,-2.6927630381378767,12.55388437295997
2.692738580458524,-2.5070324714613843,12.554587796260222
2.6928473994005864,-2.321420171897057,12.551458072534075
2.7560964972088406,0.6652646717400649,10.73236115506026
2.754737484564197,0.854918529692337,10.771447494602583
2.7533998096779664,1.0443930312571594,10.809920142378544
2.752138505728065,1.2337172611884428,10.846196298193746
2.7509434871725715,1.4229018037099508,10.880566030663488
2.7498048618862523,1.6119545742091823,10.913313845577463
2.745431317404977,1.7987308631273984,11.039100640330531
2.74780837706511,1.9897922730471482,10.970734417724344
2.7468438335716048,2.1785313162809277,10.998475494776926
2.7459265066746803,2.367178022995414,11.024858583047518
2.7450057563181565,2.555695014503111,11.05134013287757
2.942634222909316,0.8543131614898014,10.827549268928323
2.9413561874735312,1.0437070342648014,10.861935193208154
2.9400792616791755,1.2329364645751382,10.89629126225465
2.938959410589098,1.4220771341560152,10.926421189571158
2.93789587592048,1.6111041900209082,10.955035906784872
2.9368320020852385,1.7999938077296624,10.983659749377665
2.932614121691773,1.98660956630733,11.097143078376348
2.934852031742667,2.177470862260688,11.036931441515208
2.933913187197938,2.366059021933821,11.062191333785549
2.933032636824634,2.5545768127182296,11.08588280400086
3.129183865720957,1.0430612885736523,10.910898228501722
3.1280512714438315,1.2322626220839337,10.93952417951428
3.1269194967450535,1.4213270439750245,10.968129415951367
3.1258069341268078,1.6102641781865374,10.996249073318111
3.1247630204636065,1.7991059814790462,11.022633650732686
3.121409721823763,1.9863516411605764,11.10738718033575
3.120163392354948,2.17465933406557,11.138887751228935
3.1218697473583386,2.3650528389078325,11.095760184964817
3.121381171520147,2.5538573221528473,11.108108779949333
3.315877994037481,1.2316118263567788,10.981278444334706
3.314742795754815,1.4206040553234922,11.008330681229367
3.313635953016637,1.6094803200366523,11.034707193963328
3.312566524137138,1.7982503988173038,11.06019211922434
3.311572304611628,1.9869433827669767,11.083884774983318
3.307385521375719,2.1734247711897585,11.183657522752412
3.3095420875612156,2.363958633972297,11.132265673222804
3.310052313529959,2.553468927580254,11.120106780818716
3.501374777328548,1.6087397625563598,11.071040871078225
3.5003244201731145,1.7974638914402479,11.094718312730222
3.49977660877241,1.9863596968708273,11.107067228914943
3.4993500772808654,2.1752716696610785,11.116682219826899
3.495047365116912,2.361518489943859,11.213675148070735
0.0,0.0,90.0
