-0.4334304690795543,0.557267745959427,3.3558779733082673
-0.3094163521749508,0.4331828930449311,3.385377161425147
-0.30917704050249883,0.556518672904498,3.425297423000366
-0.18598284124907805,0.18598284124907805,3.2927877058354156
-0.18575765739237046,0.3095960956539507,3.3553936398334017
-0.18571248607650392,0.43332913417850916,3.3679522328919376
-0.06079117647543021,-0.06079117647543021,4.296253678305234
-0.06079115736699363,0.06079115736699363,4.296269615968846
-0.061980909922611495,0.1859427297678345,3.3039395565231686
0.06194692158287096,-0.3097346079143548,3.332288015230752
0.061952099496108616,-0.18585629848832586,3.3279693029685617
0.06079120346116598,-0.06079120346116598,4.296231170468076
0.060791184352712434,0.060791184352712434,4.296247108145835
0.18540898058344218,-0.5562269417503265,3.45233325888762
0.18546962719652127,-0.4327624634585496,3.43547220183342
0.18564811143642462,-0.3094135190607077,3.385849761279964
0.18597987827731008,-0.18597987827731008,3.293611475432641
0.30888227249253813,-0.5559880904865686,3.474468514159753
0.3096157172526161,-0.43346200415366254,3.3521205050831426
0.0,0.0,55.0
