-3.074748580512858,-2.391471118176667,10.017117268578701
-3.0760084804789294,-2.164598560337024,9.978197360951413
-3.074976576391816,-1.9360963629133656,10.010074186756782
-3.074117777449066,-1.7078432096939253,10.036603575138685
-3.0733110607042153,-1.4797423625612889,10.061524078382178
-2.847806224228398,-2.392157228351854,9.989866794251284
-2.8445553710321287,-2.1618620819844176,10.098323610091526
-2.846153830422741,-1.9353846046874639,10.044994897507792
-2.8454761029837448,-1.7072856617902468,10.067605626323683
-2.844907915736972,-1.4793521161832255,10.086561812858562
-2.8445426769288806,-1.2515987778487074,10.098747117993952
-2.8442501614182127,-1.0239300581105566,10.108506187061522
-2.618951631554971,-2.39121670707193,10.027221802120053
-2.618230167380564,-2.162885790444814,10.053384735481657
-2.6153142029687038,-1.93305832393339,10.15912828491716
-2.6171620938050943,-1.706844843785931,10.092116995199603
-2.6168929419334312,-1.4791134019623744,10.101877427847924
-2.616727752391571,-1.2514784902742295,10.1078678056505
-2.6168621032254653,-1.0239895186534431,10.102995752347027
-2.3903710895525516,-2.3903710895525516,10.060807484618266
-2.3898937438405095,-2.162284815855699,10.079766388802668
-2.3895039556065396,-1.9343603450148181,10.095247742449729
-2.3868858359177643,-1.7049184542269744,10.1992325045845
-2.3892255514965677,-1.479044389021685,10.106305214450302
-2.3893482236995274,-1.251563355271181,10.101433000280721
-2.389620692236436,-1.0241231538156157,10.090611273481471
-2.3899400428877193,-0.7966466809625731,10.077927513585522
-2.5290225384704086,2.769881827848543,4.553940095332251
-2.528646566222989,3.0102935312178447,4.568872714679173
-2.5284095797766635,3.250812316855711,4.578285187056196
-2.1621463312296947,-2.389740681885452,10.085845603231547
-2.1618608365405305,-2.1618608365405305,10.098378282734032
-2.1616385230405,-1.9340976258783424,10.108137426951785
-2.161715857914992,-1.7066177825644673,10.104742571519608
-2.159696669240662,-1.4776871947436105,10.19338115385024
-2.1621304332315883,-1.2517597245024983,10.086543495425559
-2.1624504070691137,-1.0243186138748435,10.072497246205899
-2.16285471459833,-0.7968412106414898,10.054748906652037
-2.163273360353887,-0.5692824632510229,10.036371145948905
-2.290104116290865,2.049040525102353,4.468739678371648
-2.289422786556808,2.289422786556808,4.498648771312915
-2.2888776132493533,2.5298120988545483,4.522580853396974
-2.2884128899575775,2.7701840246854887,4.542981331213994
-2.288034301961071,3.010571449948777,4.559600631690657
-2.287719744884014,3.250970163782546,4.57340909532104
-2.285463434470567,3.4883389262971813,4.672456875693584
-1.9340993688561454,-2.1616404710745156,10.10805191192506
-1.9341986712820975,-1.9341986712820975,10.103179876495972
-1.9343621759159895,-1.7067901552199907,10.095157913673745
-1.9346206730397608,-1.4794158087951113,10.082475372101783
-1.9330173895239045,-1.2507759579272322,10.161136633568972
-1.9353018519983975,-1.0245715687050339,10.049054959778374
-1.935685097385217,-0.7970468048056776,10.030251943792393
-1.9360740623782164,-0.569433547758299,10.011168309043256
-2.0505630158126773,1.809320308070009,4.394042322188682
-2.0495919669837015,2.0495919669837015,4.4416845046710876
-2.048830934990367,2.2898698685186454,4.479022714676077
-2.04825681615476,2.5301995964264683,4.50719047876413
-2.047780859576374,2.770527045309212,4.530542147068076
-2.047410320860173,3.010897530676725,4.548721740727302
-2.045177611164385,3.2482232647904943,4.658264288519831
-2.0468550817804383,3.491693963037218,4.575963214862014
-1.7068633040002552,-1.934445077866956,10.091090528225934
-1.7070914092368037,-1.7070914092368037,10.078406900196157
-1.7074024279498374,-1.4797487708898591,10.06111292779066
-1.707724391410623,-1.25233122036779,10.043210380538454
-1.7067956182171626,-1.0240773709302977,10.094854147635289
-1.7084391244967942,-0.7972715914318373,10.003468160049593
-1.7088781327964726,-0.5696260442654909,9.97905741850171
-1.8109573908959984,1.5694964054431986,4.303013506134434
-1.8099690350026385,1.8099690350026385,4.3579703265130405
-1.8089927883254657,2.0501918267688612,4.412253822613025
-1.8081863869321022,2.2903694234473297,4.457093193558123
-1.8076071068465387,2.530649949585154,4.48930364712561
-1.8058521711034323,2.768973329025263,4.586885590085501
-1.8057032224942888,3.0095053708238146,4.595167770637403
-1.8064352932847008,3.2515835279124614,4.554461499542754
-1.8061681847091633,3.491925157104382,4.569313880255024
-1.479837506730669,-1.7075048154584642,10.055419743828864
-1.4801231680470763,-1.4801231680470763,10.037092060107952
-1.4804205689242904,-1.2526635583205532,10.018011180398872
-1.4798420584860947,-1.0245060404903734,10.055127708719368
-1.481149788386539,-0.7975421937465977,9.971225343816869
-1.481640231504989,-0.5698616275019188,9.939759107957201
-1.570902746885817,1.3292254012110758,4.2127843442440565
-1.5700566715256694,1.5700566715256694,4.267067513557535
-1.5692019863686395,1.8106176765791993,4.321903077000343
-1.4443445656387461,1.8887582781429757,12.332603812148974
-1.5675534444596664,2.291039649594897,4.427671527164819
-1.5654236123685612,2.5287612199799834,4.564318971891936
-1.5664326167457725,2.7713807834732895,4.4995824743810715
-1.5660627438016945,3.011659122695566,4.523313074033993
-1.5657480593973612,3.2519382772099044,4.543502843888234
-1.5654902766677659,3.492247540258862,4.560041871279694
-1.25274429213,-1.4805159816081819,10.011889618280065
-1.2530618544355028,-1.2530618544355028,9.987810767138882
-1.2534003097225521,-1.0255093443184518,9.96214772611168
-1.2525675843626667,-0.7970884627762425,10.02528831186359
-1.2542712743726478,-0.5701233065330218,9.89610768358935
-1.2254949127787576,1.2254949127787576,12.078047149317996
-1.2244870319682284,1.4471210377806336,12.154468725759088
-1.2234768169161658,1.6683774776129534,12.231067293780853
-1.222565866981416,1.8894199762440067,12.300139181394172
-1.2216602884567334,2.1101404982434486,12.368803787094052
-1.2208306868849337,2.330676765871237,12.431707514670379
-1.325701815483824,2.7719219778298143,4.47995678486285
-1.3253329858232477,3.012120422325563,4.5079229330472685
-1.3250261690032297,3.252336960280655,4.5311870182639495
-1.025979178872329,-1.025979178872329,9.918606370616558
-1.0263363197006372,-0.7982615819893845,9.885508771389595
-1.0257053805028529,-0.5698363225015849,9.943980307124562
-1.0039151070726242,1.0039151070726242,11.963367842443432
-1.0030706297271121,1.2259752141109148,12.041628770689528
-1.0022425778174864,1.447683723514147,12.118367491304909
-1.001416686599413,1.6690278109990215,12.194905972414247
-0.9999009375249486,1.8887017708804583,12.335376205495322
-0.9988239083567002,2.108628250975256,12.435188595849198
-0.9991611319781667,2.3313759746157223,12.403936799951126
-0.9985268651395196,2.5517908775787723,12.462716720824133
-1.0845541870778128,3.012650519660591,4.4902375238419125
-1.0842763606692294,3.2528290820076884,4.5159847540578255
-0.7985286355518962,-0.5703775968227831,9.853688796205788
-0.7818422163669028,0.7818422163669028,11.841909583748446
-0.7811387288729219,1.004321222836614,11.925731549611967
-0.7804760179672443,1.2264623139485267,12.004694902035979
-0.7790742269022766,1.4468521356756567,12.171721158793744
-0.778437760971401,1.668080916367288,12.247557369085499
-0.7785409109243293,1.8907422122447999,12.235266842377982
-0.7779645459400388,2.1116180532658197,12.303941902633483
-0.7773882956351463,2.332164886905439,12.372603298605455
-0.8440554862895747,2.7733251692371743,4.429071925175208
-0.8437068874663802,3.013238883808501,4.470608184039634
-0.5706913231077969,-0.34241479386467816,9.801355221196857
-0.5587191370541196,0.7822067918757672,11.79846967028844
-0.557577623320134,1.0036397219762412,11.988888826970253
-0.5572482544481616,1.2259461597859553,12.043831786455513
-0.5572354960062477,1.448812289616244,12.045960058483686
-0.5567760637966263,1.6703281913898786,12.12259925370661
-0.5563171617301433,1.8914783498824872,12.199150014242917
-0.5558833238948134,2.1123566308002912,12.27151973900456
-0.6034157488500578,2.5343461451702423,4.342500573008422
-0.343007372851765,-0.11433579095058835,9.63660557396824
-0.3353489658374643,0.5589149430624406,11.765806712439016
-0.33513626823670395,0.7819846258856425,11.824941199917049
-0.3350569137235803,1.005170741170741,11.847003453773524
-0.3347578529484285,1.2274454608109047,11.930148753016056
-0.3344741306334113,1.449387899411449,12.009029631900688
-0.33419541824614357,1.6709770912307178,12.086517643594021
-0.3339204532573876,1.8922159017918632,12.162963798258488
-0.11440987639747326,-0.11440987639747326,9.57481355211948
-0.11211655512490318,0.11211655512490318,11.487590813232941
-0.11201516310858858,0.3360454893257657,11.572158268122365
0.11202915031741512,-0.33608745095224535,11.56049203744206
0.11211987289839395,-0.11211987289839395,11.484823577012449
0.11447944100621235,0.11447944100621235,9.51679219969671
0.33453860971988525,-1.6726930485994262,11.99110306517845
0.3347503707405336,-1.4505849398756456,11.932228967026404
0.33499608398025554,-1.2283189745942704,11.86391542495737
0.33526964438704615,-1.0058089331611386,11.787859774155379
0.33555972446698046,-0.7829726904229544,11.707211300485795
0.3354853222865254,-0.5591422038108756,11.727896699816739
0.3432877633592667,0.1144292544530889,9.558651008916513
0.6060538385734129,-2.5454261220083336,3.9024333137050036
0.5569084130964985,-2.1162519697666946,12.100521690100692
0.5571469029565742,-1.894299470052352,12.060738517388259
0.5574138472728599,-1.6722415418185794,12.016208775804984
0.5577267380260702,-1.4500895188677825,11.964014578235563
0.5580995818410632,-1.227819080050339,11.901819439700418
0.5579673464861458,-1.0043412236750624,11.923877995823943
0.5587660394731978,-0.7822724552624768,11.79064574419688
0.5716906992400288,0.34301441954401723,9.634646442632203
0.8487105978030045,-3.0311092778678734,3.8744059194420117
0.8484915696252716,-2.787900871625893,3.9005035723415347
0.7791835927390939,-2.3375507782172815,12.158689996877186
0.7795025479464414,-2.115792630140341,12.120685835138673
0.7798299857659908,-1.8938728225745494,12.081670952901902
0.7801687967363033,-1.67179027872065,12.041300936617716
0.7798632362672612,-1.4483174387820565,12.077709088041075
0.7803683246465082,-1.22629308158737,12.017526780259416
0.7816301397202614,-1.0049530367831934,11.867178947578395
0.7822656824384426,-0.7822656824384426,11.791452739957066
0.8004807574382867,0.5717719695987763,9.621089502654002
1.0921610883761208,-3.5191857292119444,3.7852770416620984
1.091776558402176,-3.2753296752065277,3.820912897211457
1.0913899617982046,-3.0316387827727906,3.8567402752274234
1.0910670140763847,-2.7882823693063163,3.8866690691955625
1.0015969783195067,-2.337059616078849,12.178197652831003
1.0020000741504376,-2.1153334898731457,12.140841228684835
1.0015403493770019,-1.8917984377121144,12.18344567236592
1.001927464592205,-1.6698791076536745,12.147570232674141
1.0033216157496545,-1.449242333860612,12.018368941156695
1.0038786195242668,-1.226962757196326,11.966749282358947
1.0045440607888805,-1.0045440607888805,11.90508030883504
1.0283172948077983,0.5712873860043325,9.701924272003353
1.0291576541874743,0.8004559532569244,9.624044971317218
1.0290706701601255,1.0290706701601255,9.632106112044184
1.3351338284325471,-3.5198982749585332,3.764783630434181
1.334640838132371,-3.2759366026885473,3.8021641376489583
1.3341719998638062,-3.0322090905995593,3.837713340694947
1.3337088558859873,-2.7886639713979733,3.872830779715869
1.2226995964666703,-2.334244684163643,12.289999274003321
1.2233439877500716,-2.1130487061137604,12.241138935352183
1.2249096923822378,-1.8930422518634584,12.122420913358653
1.2254233659117713,-1.6710318626069607,12.083472120512397
1.2259518259805664,-1.448852157977033,12.04340215279241
1.2265845615528432,-1.2265845615528432,11.995425597034412
1.2578018208243276,0.5717281003746945,9.628407452850524
1.2565697706140513,0.7996353085725781,9.721826454720855
1.2576256050683947,1.0289664041468685,9.641768840150945
1.2575529986653418,1.2575529986653418,9.647274149631073
1.2574836116236168,1.4861169955551834,9.652535354188004
1.5789595699993744,-3.7652112823062,3.69586834148312
1.578228463139541,-3.5206634946958983,3.742775271205872
1.5775994103604583,-3.2765526215178746,3.7831345348394336
1.57704383722608,-3.032776610050154,3.8187794335565
1.5752469386222159,-2.7869753529469974,3.9340662693954584
1.4461571510585511,-2.3361000132484286,12.216310529218177
1.4467250276840593,-2.114444271230548,12.179876253427125
1.4473070551001912,-1.892632302823327,12.14253408006627
1.4479077649353085,-1.6706628056945867,12.103993265354148
1.4485257763841974,-1.4485257763841974,12.064342400079141
1.4863243000598587,0.5716631923307149,9.63923494850691
1.4857448986283273,0.8000164838767916,9.676408641879576
1.4858200816811205,1.0286446719330833,9.671584988365368
1.486072623231097,1.257446065810928,9.655382228703772
1.486009421416869,1.486009421416869,9.659437180477866
1.48595822690967,1.714567184895773,9.662721757990823
1.8223739278225042,-3.7662394508331754,3.668205160850121
1.821462028117845,-3.521493254361167,3.7189106897076414
1.8189648063805055,-3.2741366514849104,3.8577669128419956
1.8187648810009345,-3.031274801668224,3.868883620141503
1.819364407056052,-2.7896920908192797,3.8355474039619395
1.8187222229417226,-2.5462111121184114,3.8712555909199864
1.8182528475601283,-2.303120273576163,3.8973548722717055
1.8180759338539054,-2.0604860583677596,3.9071920319838256
1.8182852736251773,-1.8182852736251773,3.895551844187935
1.714837210112908,0.5716124033709693,9.647707199515011
1.7147425922619897,0.8002132097222618,9.652968357234059
1.7131018862901388,1.0278611317740833,9.74419863571461
1.714594288745818,1.2573691450802666,9.661214667854068
1.7145473418002004,1.4859410295601738,9.663825119084194
1.7145694670818985,1.7145694670818985,9.662594858668612
1.7145963781190392,1.9432092285349112,9.661098489755076
2.06409087474287,-3.763930418648763,3.730330359909388
2.0648536153385395,-3.5223973438128025,3.692908321427595
2.063888286489601,-3.2779402197187784,3.7402698668044394
2.0630582842538017,-3.033909241549708,3.780991936384055
2.0623315811544076,-2.790213315679493,3.8166458815192215
2.061602633491289,-2.546685606077474,3.8524099507916816
2.060968554706935,-2.303435443495986,3.8835195059973415
2.0605645029475754,-2.0605645029475754,3.903343336763953
1.943316913050781,0.5715637979561121,9.65581520718213
1.9432375792503447,0.8001566502795536,9.65970752987964
1.9431706329776717,1.0287373939293556,9.662992088229373
1.9412270362482393,1.2560880822782725,9.758350001542027
1.9431922992112245,1.48597058174976,9.661929086429836
1.9432430320972038,1.7146262047916503,9.659439999022936
1.9433055009937077,1.9433055009937077,9.656375112399417
1.9434080804104679,2.1720443251646406,9.651342299273665
2.3084132684184775,-3.523367620217676,3.66500236105243
2.3072526347803355,-3.278727428372056,3.715951993247785
2.306254348107477,-3.034545194878259,3.7597748992330793
2.305385959245754,-2.7907303717185443,3.797895535800322
2.304577591132505,-2.5471647059885574,3.833381374479302
2.303760118434692,-2.303760118434692,3.8692668872841836
2.171813274092895,0.5715298089718145,9.661485006444053
2.1717622729056014,0.800122942649432,9.663723862572937
2.1717902983198147,1.0287427728883334,9.66249359963777
2.171827825050363,1.257374003976526,9.660846246798684
2.170447273583317,1.4850428713991117,9.72144985775843
2.1719820255030933,1.7147226517129681,9.654077137156548
2.1721178044888636,1.9434738250689834,9.648116695241427
2.172313566391105,2.172313566391105,9.639523116191768
2.4004165661979364,0.8001388553993121,9.66182782605678
2.4004830378805972,1.0287784448059705,9.659187747323998
2.4005602057472912,1.2574362982485812,9.656122844563058
2.3986948725755988,1.4849063496896566,9.730208925116258
2.4008430033272785,1.7148878595194847,9.644890875599472
2.4012240993721354,1.9438480804441098,9.629754752623569
2.4016787188572986,2.172947412299461,9.611698473825768
2.4021810027612474,2.4021810027612474,9.591749090877329
2.6291462061215,0.8001749322978478,9.657529190212657
2.6292549266905008,1.0288388843571525,9.6535865841863
2.6294192923226665,1.2575483571977968,9.647626084366863
2.629683704514833,1.4863429634214276,9.638037529856376
2.6273768694944812,1.7135066540181398,9.721691816589782
2.630701281365391,1.9444313818787675,9.601136466330459
2.6312655096405373,2.1736541166595744,9.580675482560167
2.63193280998462,2.4030690873772618,9.556476728063757
2.8581611389071453,1.0289380100065724,9.64440023315177
2.858644655964469,1.2578036486243662,9.628268861700747
2.8591858865128126,1.4867766609866626,9.61021201989189
2.859789766340807,1.715873859804484,9.590065037133769
2.8579768487297965,1.9434242571362614,9.650548627009982
2.861297863458912,2.174586376228773,9.539751042150783
2.862224739520062,2.4042687811968517,9.508828075101306
3.08826905256941,1.2581836880838337,9.599452741482054
3.08893143112116,1.487263281650929,9.578991028058255
3.089742591136429,1.7165236617424604,9.553933266557038
3.0881416108619435,1.944385458690853,9.603389577434143
3.09176074305702,2.1756834858549405,9.491589994517625
3.319193988475297,1.4879145465578918,9.537206661230186
3.3202736446748102,1.7173829196593846,9.506154846539957
3.321411536658961,1.947034349075943,9.473428122009238
3.3191879421317934,2.174640375879451,9.53738055912298
0.0,0.0,105.0
