-3.146518543568353,-2.391354093111948,10.024056266402965
-3.148232230179847,-2.1407979165222955,9.966883277649131
-3.1471110546197893,-1.8882666327718736,10.004288575243407
-3.146222569205658,-1.6360357359869422,10.03393073166184
-2.896018269767455,-2.3923629185035495,9.979770730500604
-2.8924204714731707,-2.1378760006540825,10.11024007376254
-2.894269155998392,-1.887566840868517,10.043200001981049
-2.893577278167593,-1.635500200703422,10.068290026162018
-2.8929997536643537,-1.3836085778394736,10.089233179861054
-2.8926711764927275,-1.1319148081928065,10.101148591534084
-2.6430878855671267,-2.391365229798829,10.023567386810143
-2.6423602375744393,-2.1390535256554983,10.052467632953139
-2.63939452590039,-1.8852818042145643,10.170257825780638
-2.6413190270181675,-1.63510225482077,10.093821751517822
-2.6410474556362846,-1.3834058100951967,10.10460784570165
-2.6410126184936225,-1.1318625507829811,10.105991484504997
-2.641148232345974,-0.8803827441153246,10.1006052623856
-2.3905175414135473,-2.3905175414135473,10.060779311423588
-2.3900403875879714,-2.1384571888945008,10.08172546627793
-2.3896860210810043,-1.886594227169214,10.097281488952959
-2.387287289337893,-1.633407092704874,10.202581297635476
-2.3895269596517,-1.3834103450615105,10.104263986317505
-2.38970060327199,-1.1319634436551531,10.096641358214967
-2.390020020991151,-0.8805336919441082,10.0826195215448
-2.5163918250055213,2.5163918250055213,4.535135179540802
-2.515959736955463,2.7807976040034066,4.554103031671744
-2.515588011594782,3.0451854877199995,4.570421075352343
-2.51539555796683,3.309730997324776,4.578869427387474
-2.138320293759559,-2.389887387143037,10.08844189783649
-2.138069611994746,-2.138069611994746,10.100740997560266
-2.13792323864428,-1.8864028576273062,10.107922455037354
-2.1380330172608275,-1.6349664249641622,10.102536430435777
-2.1367482688265738,-1.38260182100543,10.165569531884714
-2.138530647154193,-1.1321632837875142,10.07812141289908
-2.1389236851501083,-0.880733282120633,10.058837946027822
-2.139333110735285,-0.6292156208044957,10.038750461382449
-2.2531384278118387,1.9880633186575047,4.455165453254352
-2.252407907994149,2.252407907994149,4.491006656521208
-2.2518387538360534,2.516760960169707,4.5189308406111195
-2.2513675371658834,2.7811010753225625,4.5420499566834565
-2.250997121131816,3.0454666932959866,4.560223531237966
-2.250706577765151,3.3098626143605165,4.574478344879324
-2.2493225788110056,3.572453507523362,4.642380935110964
-1.8864339242133084,-2.1379584474417492,10.10619501981067
-1.8865307908952795,-1.8865307908952795,10.100808817454293
-1.8867674931853162,-1.6351984940939406,10.08764715643305
-1.8870458904000535,-1.3838336529600392,10.07216707903683
-1.8870697615018448,-1.132241856901107,10.070839743547452
-1.8877685296100042,-0.8809586471513353,10.031985244207263
-1.8881479667232304,-0.6293826555744101,10.010886915744166
-1.9896778184330028,1.7243874426419357,4.365392351520995
-1.98864543028767,1.98864543028767,4.422797553680709
-1.987807039876325,2.252847978526501,4.469415651020938
-1.9872210061171343,2.5171466077483697,4.502001637765204
-1.9867571117457472,2.781459956444046,4.527796151476565
-1.9848747265539366,3.043474580716036,4.6324648295961595
-1.986077865403286,3.3101297756721433,4.56556515704051
-1.9858670552288973,3.574560699412015,4.577287105546816
-1.6352685963600953,-1.8868483804154945,10.083149480029533
-1.6355378621449952,-1.6355378621449952,10.065873713731946
-1.635843766499874,-1.3841754947306626,10.046247261205636
-1.635121176321142,-1.1320069682223293,10.092607770994647
-1.6365290309654028,-0.8812079397506015,10.002281523921525
-1.6369497036888414,-0.6295960398803236,9.975291672015189
-1.7259458035375064,1.4604156799163515,4.26540980583971
-1.7250058892850113,1.7250058892850113,4.3257135647146185
-1.724063479203381,1.9893040144654397,4.386177452960865
-1.7232284180399038,2.2534525466675666,4.439753964769736
-1.7225898158802972,2.5176312693635112,4.480725905079922
-1.7206511880794055,2.779513457666732,4.605105914365694
-1.7217307207340697,3.0461389674525847,4.535844408082923
-1.7214371975083895,3.310456149054595,4.554676502370896
-1.7211842348963091,3.574767257092334,4.570906276866566
-1.3842638542825267,-1.6359481914248042,10.039547484628343
-1.3845420679964433,-1.3845420679964433,10.018452201949174
-1.3848694813875528,-1.1330750302261796,9.993626401879226
-1.3839712196638683,-0.8807089579679163,10.061736218301505
-1.3857076178728875,-0.6298670990331307,9.930075522833874
-1.46093233186217,1.46093233186217,4.226235177492455
-1.355380665234399,1.601813513458835,12.229587037564457
-1.3543693232431926,1.8468672589679902,12.306271054644299
-1.35336537994031,2.09156467808957,12.382394073420187
-1.352476951027858,2.336096551775391,12.449758326550267
-1.4574268640841275,2.78236037688788,4.492033842337378
-1.4570615124100885,3.046583162312003,4.519736275595136
-1.4567596651770578,3.3108174208569494,4.542623546740302
-1.1331684390094512,-1.384983647678218,9.984969854579276
-1.1334936322243045,-1.1334936322243045,9.954832962229219
-1.133886963851849,-0.8819120829958824,9.918381423956731
-1.1333958973459552,-0.6296643874144195,9.963890425217755
-1.1112185109788542,1.1112185109788542,12.019153189086836
-1.1102955960564036,1.3570279507356042,12.104683225987188
-1.1093804417680475,1.6024384158871794,12.18949405540232
-1.1085082441768281,1.8475137402947137,12.270323924273981
-1.1071360830036991,2.0912570456736534,12.397487320288164
-1.1058523775154594,2.3345772414215253,12.516453191472493
-1.1926731356836278,2.782903983261798,4.470443240605476
-1.192323909843827,3.047049991823113,4.5028073277365195
-1.1920455774194163,3.311237715053934,4.528601452364157
-0.8823720795613892,-0.6302657711152779,9.863571897502965
-0.8653640132604004,0.8653640132604004,11.890117593175106
-0.8646247461001982,1.1116603878431122,11.97820277904789
-0.8638990154944647,1.357555595777016,12.064675056921217
-0.8625203104762853,1.6018234337416728,12.228950564245082
-0.8616995100157943,1.846498950033845,12.326750608693246
-0.8618360057529157,2.0930302996856525,12.310486863970823
-0.8611971626303622,2.3375351557109827,12.38660632148644
-0.9278792990641858,2.7836378971925573,4.4412941280402265
-0.9275397399958564,3.0476305742720995,4.4817532817248065
-0.6305033526413979,-0.3783020115848388,9.823940246564348
-0.6183895194290955,0.8657453272007337,11.844683261558146
-0.6172766639657462,1.1110979951383433,12.03032185050428
-0.6168681126234509,1.357109847771592,12.098473463353912
-0.6168027602429725,1.6036871766317287,12.109375080047016
-0.61629425954355,1.84888277863065,12.194199529787184
-0.6158126230490464,2.0937629183667577,12.27454268500297
-0.6633279366901779,2.520646159422676,4.348377906042273
-0.6629654704796881,2.78445497601469,4.408841926817686
-0.37894039321972034,-0.12631346440657343,9.646456482482549
-0.37120177182101116,0.6186696197016852,11.797958937439276
-0.3709694672974567,0.8655954236940656,11.862544569294627
-0.37085267520013643,1.1125580256004093,11.895015273203981
-0.37053617570696007,1.3586326442588534,11.9830089094704
-0.3702255462053326,1.6043107002231078,12.069370562392834
-0.36992086335765073,1.8496043167882534,12.154078918183473
-0.12639464331132869,-0.12639464331132869,9.578748061095993
-0.12410012408631955,0.12410012408631955,11.492524491498429
-0.12399022717714106,0.3719706815314232,11.584185573378917
0.1240131323253027,-0.37203939697590815,11.565081208417027
0.12410062055486829,-0.12410062055486829,11.492110404836339
0.12646680543903804,0.12646680543903804,9.518560210990998
0.370547513761881,-1.605705892968151,11.979856687422057
0.37078997043202994,-1.3595632249174432,11.912448541426812
0.3710775742141628,-1.1132327226424885,11.832488531570675
0.37139354786384843,-0.8665849450156463,11.744641091054504
0.37134888402688737,-0.6189148067114789,11.757058594110745
0.3792404793040642,0.12641349310135472,9.563026125329799
0.6659953122751644,-2.7971803115556906,3.9034253887620736
0.6659928945668031,-2.530772999353852,3.903828693578788
0.6168429690287461,-2.097266094697737,12.102667737988611
0.6171069354477077,-1.8513208063431232,12.058634747938214
0.6174075049298348,-1.6052595128175704,12.008495896685773
0.6177720849918733,-1.3590985869821215,11.94767925831384
0.6176459416516209,-1.1117626949729178,11.968721588122719
0.618543249133055,-0.8659605487862772,11.819039171860936
0.6315560477207269,0.3789336286324362,9.648337182596777
0.9330529135390395,-3.332331834067998,3.824847439772526
0.9327221313585768,-3.064658431606752,3.86426080941483
0.9324665848440089,-2.797399754532027,3.8947096964297856
0.8630409333019842,-2.342539676105386,12.166917295570244
0.8633926357541909,-2.0968106868316063,12.12501123299596
0.8637550408682835,-1.8509036590034647,12.081829926487814
0.8634317602647272,-1.6035161262059219,12.120349467982848
0.8639992742831807,-1.3577131453021412,12.052729018310458
0.8651511413865304,-1.112337181782682,11.915481709946903
0.8658173099587885,-0.8658173099587885,11.836106369516628
0.8843755641290703,0.6316968315207644,9.624852635999162
1.2003050463399894,-3.6009151390199676,3.763165046071947
1.1998616378890008,-3.3329489941361135,3.804257394079812
1.1994396410334558,-3.0652346381966087,3.8433654480819825
1.1990496228236331,-2.7977824532551443,3.8795099193289815
1.1093876993456422,-2.342040698618578,12.188821468076668
1.1089214418213684,-2.094629390107029,12.232031326630391
1.1094434400810758,-1.8490724001351264,12.18365576207006
1.1107709376362087,-1.6044469099189682,12.060631513448982
1.1113076775710031,-1.3582649392534483,12.010889781776726
1.1119570457958654,-1.1119570457958654,11.950710357993103
1.1361396922599423,0.63118871792219,9.709612512344478
1.1369678336338946,0.8843083150485846,9.632865500729594
1.136892140654455,1.136892140654455,9.639880257092372
1.4673582329184585,-3.601697480799852,3.738997516406073
1.4667728070302597,-3.333574561432408,3.783386861652261
1.4662569073267349,-3.065809897137718,3.8225044519635105
1.4657375649244986,-2.7982262603104067,3.861883081536547
1.355398340410991,-2.341142587982621,12.228246834591118
1.356182640117374,-2.0959186256359414,12.168778076640848
1.356734500038605,-1.8500925000526434,12.12693383800216
1.3573030275552262,-1.604085396201631,12.08382579524904
1.357898223299967,-1.357898223299967,12.038695660188509
1.3895717650692168,0.6316235295769167,9.637080341996082
1.3883341209204725,0.8834853496766644,9.730923498778168
1.3894122817152834,1.1367918668579593,9.649173011284333
1.3893356149443818,1.3893356149443818,9.65498619418429
1.38927562792208,1.6418711966351855,9.659534651464568
1.7354531303156044,-3.8713954445501946,3.6554312465727463
1.7345729287063685,-3.6025745442363037,3.711903914652595
1.73381681824811,-3.334263112015596,3.760415044935584
1.7317231544181975,-3.063817888586042,3.8947419778754835
1.7317411071549238,-2.797427942327185,3.893590152053264
1.731987533214635,-2.531366394698313,3.877779754832588
1.7316028163883286,-2.2644036829693523,3.9024627199723767
1.731540783691681,-1.9979316734904011,3.906442662579977
1.731877907729651,-1.731877907729651,3.884813193037715
1.642074608942742,0.63156715728567,9.646483964431653
1.641983663521964,0.88414504958875,9.652318912365274
1.6414589151519352,1.1363946335667243,9.685986131574069
1.6418405846878643,1.389249725505116,9.661498676890332
1.641807994008842,1.641807994008842,9.663589655343017
1.6418291802082892,1.8944182848557185,9.662230374472927
2.001554647293943,-3.8696723181016233,3.704989803447603
2.000335104206186,-3.6006031875711346,3.7728016219111
2.000992523115109,-3.3349875385251817,3.736246315129492
2.000187053985194,-3.066953482777297,3.7810338482343724
1.999483375834079,-2.7992767261677107,3.8201613669905043
1.9987758064465886,-2.531782688165679,3.8595052551536355
1.9982048970478368,-2.2646322166542148,3.891250262686299
1.9979358484286645,-1.9979358484286645,3.906210518133051
1.8945399615907976,0.6315133205302658,9.655464626912831
1.8944613930775893,0.8840819834362084,9.65983337272273
1.892974620622856,1.1357847723737136,9.742504288419795
1.8944070679793736,1.3892318498515406,9.662854080834805
1.8944328074556933,1.6418417664616007,9.661422855720204
1.894493702288917,1.894493702288917,9.6580368422063
1.8945672155323983,2.1471761776033844,9.653949191042798
2.269510381749211,-3.6045164886605114,3.6519147888149632
2.268353889797961,-3.3358145438205313,3.7086552934495245
2.2673549695993205,-3.0675979000461395,3.757664917856559
2.266500863610184,-2.7997951844596396,3.799569580299419
2.2657051758754174,-2.532258725978408,3.8386080911626976
2.264942039715475,-2.264942039715475,3.8760495370570993
2.1470162147234046,0.6314753572715895,9.661797386201485
2.1469819647339725,0.8840513972434005,9.66347777981079
2.147009669820463,1.136652178140245,9.66211849617143
2.145065265587923,1.3879834071451267,9.75751602768787
2.147130211661424,1.6419231030352068,9.656204399771227
2.147248804111633,1.8946312977455588,9.65038594555422
2.1473830239841365,2.1473830239841365,9.643800769332614
2.3995848346662356,0.6314696933332199,9.66274220389026
2.399621237818285,0.884070982354105,9.661144174032515
2.3996983716802163,1.136699228690629,9.657758142673373
2.399797484916612,1.3893564386359334,9.653407258144355
2.39847495400134,1.6410618106324957,9.711463876086242
2.400246034170448,1.8949310796082484,9.633716790150501
2.4007002499506807,2.1479949604821877,9.61377757231321
2.4011969938604394,2.4011969938604394,9.591971449635253
2.652344337603922,0.8841147792013072,9.655925690601705
2.6524974624483475,1.1367846267635775,9.649843978374108
2.652673221122762,1.3894954967785895,9.642863310519061
2.6515722264689554,1.6414494735284009,9.686591894692882
2.6536935873979224,1.8954954195699447,9.602337071452226
2.6542624369876426,2.1486886394661866,9.579743876217066
2.6549646058306813,2.402110833846807,9.551855594243222
2.9056062362918036,1.1369763533315753,9.632075947934112
2.9061560935841952,1.3899007404098327,9.61213610863291
2.9067634290081203,1.6429532424828508,9.590111901765866
2.9046950092667716,1.894366310391373,9.665120377275045
2.9083275298871882,2.149633391655748,9.533391875295337
2.9092773939488557,2.4033161080447067,9.498946325495965
3.159891985316291,1.390352473539168,9.57788388603494
3.160756308989271,1.6435932806744211,9.549047827385962
3.161779196843648,1.8970675181061891,9.514921660207833
3.16138949682414,2.149744857840415,9.527923054210277
3.416528942094963,1.8980716344972017,9.459088488664221
3.4150303313121575,2.150204282678025,9.505382476128872
0.0,0.0,115.0
