-2.441005736388562,-1.4309343971932948,9.79463479365505
-2.444126950249367,-1.2642035949565693,9.704866074262725
-2.273575906210334,-1.431510755762062,9.766357142429754
-2.2731918272108493,-1.262884348450472,9.778221829773258
-2.275161952372541,-1.0954483474386307,9.717362165218844
-2.2750221030652975,-0.9268608568043804,9.721682287662077
-2.1066744160977953,-1.4325386029465008,9.71592828482359
-2.103712951773581,-1.262227771064149,9.814730344294432
-2.1064225844715234,-1.0953397439251922,9.724330034968645
-2.1063079354488297,-0.9267754915974851,9.728155020961509
-2.1062158351865357,-0.7582377006671528,9.731227722367379
-2.30522261001313,2.6740582276152307,3.091850357341727
-2.3069501262994416,2.8606181566113076,3.034215975099997
-1.937941250085007,-1.4323913587584833,9.723152467857105
-1.9378357694858128,-1.2638059366211822,9.726977580711704
-1.935481617920431,-1.0939678709985046,9.812347738667029
-1.9377191426017102,-0.9267352421138613,9.73120689868091
-1.9377199722226364,-0.7582382500001621,9.731176813587595
-1.937720801844195,-0.5897411136047549,9.731146728471344
-2.11702546220991,2.11702546220991,3.2289030315732816
-2.117803735781623,2.301960582371329,3.2006799813981672
-2.1188235847720858,2.487314642993318,3.1636965217574584
-2.1201173017166077,2.673191380425288,3.1167816070478835
-2.1215718173249214,2.8595098407422848,3.064035543856278
-2.1231914417536712,3.0463181555596153,3.0053020301165816
-2.1247686471272487,3.2333435934545087,2.948106786679304
-2.12636102378796,3.420667733919762,2.8903613768049468
-1.7692616566433819,-1.432259436330357,9.729624925478987
-1.7692215926713148,-1.2637297090509394,9.731216160067476
-1.766856425061916,-1.0937682631335672,9.825154337274029
-1.7692231076311635,-0.9267359135210858,9.731155989884954
-1.7693672598335812,-0.7583002542143921,9.725430647172828
-1.769583710205882,-0.589861236735294,9.716833813126556
-1.769800213542309,-0.42138100322435934,9.708234875485829
-1.9321211970414476,1.9321211970414476,3.2612764224384847
-1.9326217786619004,2.11668099567732,3.2413946496704114
-1.9332411178507554,2.3014775212508995,3.2167961416228508
-1.934105003908595,2.4867064335967655,3.1824848812854754
-1.9351319653907786,2.6723250950634565,3.1416966981079497
-1.9363674580951376,2.8584472000452035,3.0926262084993823
-1.9378147401968586,3.0451374488807783,3.0351440063928266
-1.9392799871170845,3.232133311861808,2.976948289397285
-1.940705600786855,3.419338439481602,2.9203266998715236
-1.9405976597211525,3.6039670823392838,2.9246138323849067
-1.6007247724949816,-1.4322274280218257,9.731195336389845
-1.6007254578340173,-1.2637306246058033,9.731165251296105
-1.60079581563436,-1.095281347539299,9.72807667628696
-1.5988474350190625,-0.9256485150110362,9.813606918099424
-1.6011875061548357,-0.7584572397575537,9.710882199669356
-1.6013857723949085,-0.5899842319349663,9.702178684902506
-1.6015853311242296,-0.4214698239800605,9.693418432290343
-1.7474797621416431,1.7474797621416431,3.2889275099114315
-1.7479009314270455,1.931890503156208,3.27043897099783
-1.7483119318242786,2.1163776016820215,3.252396827135186
-1.74883826709328,2.301102983017474,3.2292916994826726
-1.7494767374023128,2.4860985215717077,3.2012640546308972
-1.750319208547299,2.671539844624825,3.164281157046645
-1.7513835869424141,2.8575205892218336,3.1175569488506625
-1.7512084413222595,3.0415725559807667,3.1252455119202267
-1.7516072926951272,3.2266450128594446,3.1077366873605996
-1.7531333088287697,3.4139964435086565,3.040747451327661
-1.7565252862471668,3.6054992717705003,2.89184602696524
-1.7578442536638057,3.793242863169265,2.833945839906221
-1.4322370653060255,-1.4322370653060255,9.730722506148169
-1.4324122606460532,-1.2638931711582824,9.722126966860543
-1.4325874988521161,-1.0955080873575007,9.713529324453674
-1.4314287427759578,-0.9262185982667962,9.770380912948099
-1.4316719373708402,-0.757943966843386,9.758449153264763
-1.433121014454244,-0.590108653010571,9.687353660660733
-1.4333180627621096,-0.42156413610650284,9.67768595790362
-1.5630852244772007,1.5630852244772007,3.310971314752763
-1.5633418187741837,1.7472643856887935,3.2983821308147157
-1.5637212795939008,1.9316556983218776,3.2797647955392364
-1.5640923014937396,2.1161248784915303,3.261561495633373
-1.5644954253316419,2.3007285666641795,3.241783191108155
-1.5649967900552209,2.4855831371465276,3.2171849330821516
-1.56426236776167,2.6684475685346136,3.2532176019700785
-1.5644996098740767,2.8529110532997866,3.2415778865669864
-1.566629098140388,3.0411035434489886,3.1370996507147595
-1.5686882559169453,3.229652291593711,3.0360720117089244
-1.569875113735591,3.4167870122480513,2.977841678599674
-1.5710292040923721,3.6041258211530893,2.921219002439358
-1.2641548383335202,-1.2641548383335202,9.70757715130813
-1.2643124690222476,-1.0957374731526144,9.698812209949708
-1.2644700304858973,-0.9272780223563247,9.690051117802057
-1.2629304952681264,-0.7577582971608758,9.775655869084474
-1.2648484628496515,-0.590262615996504,9.669008657712524
-1.2650739911258022,-0.4216913303752674,9.656468319716879
-1.3789227257163166,1.3789227257163166,3.3259911107900564
-1.3790990011744702,1.5629788679977328,3.3161894404039174
-1.3792837817901826,1.7470927902675646,3.305914846833545
-1.3795839955250255,1.9314175937350353,3.289221677488584
-1.3799166623720787,2.115872215637187,3.270723976121843
-1.3787938876545887,2.2979898127576477,3.333155058780733
-1.378941285296734,2.4820943135341214,3.324959118636059
-1.3811553413722035,2.67023365998626,3.2018481189797257
-1.3818204400640608,2.855762242799059,3.1648657833777207
-1.3826573090876122,3.0418460799927467,3.118332281714288
-1.383600440320202,3.2284010274138044,3.0658901461524692
-1.3846566663655977,3.4154864437018073,3.007159454661675
-1.3856866122854399,3.6027851919421434,2.949890050698258
-1.095968563019049,-1.095968563019049,9.68398576429584
-1.0961418453912266,-0.927504638407961,9.672868177386903
-1.09633728177934,-0.7590027335395431,9.660329215675361
-1.0950578301670564,-0.5896465239361072,9.742417279894468
-1.0967434603914614,-0.42182440784286984,9.634269288378263
-1.1948489578094372,1.1948489578094372,3.3399395185166867
-1.1949904177671271,1.378835097423608,3.330863619139336
-1.1951399534320222,1.5628753237187982,3.321269592178794
-1.1952979353985476,1.7469739055824924,3.3111336607460657
-1.1945195700691262,1.9296085362655115,3.3610726365807295
-1.1943018890125943,2.1129956497915128,3.375038789248279
-1.1960661402754211,2.300127192837348,3.261846567228176
-1.1963727987918302,2.4847742744138013,3.2421717286124476
-1.1967561914482965,2.6696868886154306,3.217573720604193
-1.1972848820617454,2.8550639495318544,3.1836535718371834
-1.197914682158359,3.040860347017373,3.143246361216896
-1.1986794798484628,3.2272139842074,3.0941778686712382
-1.1995706730550644,3.4141626848490287,3.03699999303079
-0.9277845041576289,-0.9277845041576289,9.651647630713072
-0.9279573838147208,-0.7592378594847716,9.638539199843535
-0.9271071316661984,-0.5899772656057626,9.703008737197251
-0.9279562584991365,-0.42179829931778934,9.6386245257968
-1.0109668216300598,1.1947789710173435,3.3444297862444614
-1.0110834251325214,1.378750125180711,3.3355884397443845
-1.010920039949293,1.5623309708307256,3.347976961421722
-1.010093430414651,1.7447068343525791,3.410653820707722
-1.0109181082465604,1.9299345702888877,3.348123430891633
-1.0116910505116925,2.1153540147062664,3.2895158398131343
-1.0119351269965768,2.2998525613558565,3.2710089791286237
-1.0121730710128067,2.4844248106677984,3.2529671068803907
-1.0124750608285493,2.6692524330934484,3.230069024540583
-1.012839547563476,2.8543659976788867,3.2024321744448514
-1.0133272791926753,3.0399818375780265,3.1654504008122757
-1.0139384680838082,3.226167852993935,3.11910760107277
-0.7596420863063215,-0.5908327337938055,9.601077962494074
-0.7587706650018593,-0.4215392583343663,9.681835889918744
-0.82707989858422,1.0108754316029356,3.3513593456436155
-0.8271175443177644,1.1947253417923263,3.347870572300735
-0.8261855703978095,1.376975950663016,3.434240140962885
-0.826593755680577,1.5613437607299787,3.396412057953256
-0.8274029472004608,1.7467395552009726,3.3214212014056557
-0.8275122034854644,1.93086180813275,3.3112960058316787
-0.8276452042533449,2.115093299758548,3.2989703186985935
-0.8278460923216584,2.2995724786712732,3.2803532571713134
-0.8280427133556547,2.4841281400669644,3.262131637947249
-0.8282538989851057,2.6688181189520073,3.2425602622544574
-0.8285193219733347,2.8537887756859304,3.2179625041890176
-0.8288832284843657,3.039238504442674,3.1842379034055313
-0.590712164747898,-0.4219372605342129,9.615444009562054
-0.5906701834347298,-0.2531443643291699,9.620446168419733
-0.6425811440362544,1.0097703691998283,3.435149621268465
-0.6425951299889919,1.1933909556938422,3.433483166551113
-0.6433413505533522,1.3785886083286119,3.3445694684290572
-0.643415552509843,1.5625806275239043,3.3357281543798365
-0.6434947275305568,1.7466285461543687,3.326294289612804
-0.6435768092354024,1.930730427706207,3.3165140875190104
-0.6436630394642605,2.1148928439539993,3.306239580350649
-0.643800927025366,2.2992890250905926,3.289809996969467
-0.6439563252655145,2.483831540309842,3.271293980562021
-0.6441077430497358,2.6684463640631915,3.2532522435748916
-0.4219507607100814,-0.2531704564260488,9.61319200678065
-0.45923494193398595,0.6429289187075803,3.393711561775575
-0.4589613082576345,0.8261303548637421,3.439357174560868
-0.4594961954115523,1.010891629905415,3.3501311252050243
-0.4594885021005853,1.1946701054615216,3.351414468315866
-0.45950941636909215,1.3785282491072766,3.3479256996281634
-0.4595556165530585,1.5624890962803988,3.340218915375388
-0.4596098818991038,1.7465175512165942,3.331166758468868
-0.45966739514563587,1.9306030596116703,3.321572810033018
-0.45972802872404933,2.114748932130627,3.3114583501501897
-0.45980112827606345,2.299005641380317,3.2992644057113836
-0.253372232133829,-0.08445741071127634,9.557094039420193
-0.275535069493411,0.45922511582235176,3.3953506834393323
-0.2755933464761358,0.6430511417776502,3.3791484343642253
-0.08449741277205909,-0.08449741277205909,9.523729751050254
-0.09197797564410864,0.09197797564410864,3.2844597747373996
-0.09194201360984283,0.27582604082952844,3.314454421466479
0.09149845740481856,-2.287461435120464,3.6844087898944906
0.09150982535612175,-2.1047259831908005,3.6749271882461585
0.09188712615622756,-0.27566137846868266,3.360234083675792
0.09196874083365068,-0.09196874083365068,3.2921621998907966
0.08443494049139899,0.08443494049139899,9.575835646253779
0.2744673836195275,-3.019141219814803,3.692190218600743
0.2744553187985092,-2.836038294251262,3.6955444971863187
0.27445446395027373,-2.65305981818598,3.695782163300521
0.2744715935981161,-2.4702443423830456,3.6910197544053744
0.274489892155879,-2.2874157679656584,3.6859323635225962
0.27451712339726164,-2.104631279379006,3.6783614953191233
0.27455905432668526,-1.921913380286797,3.6667037990776947
0.2746535259422885,-1.7394723309678273,3.6404386670313045
0.2747525233059335,-1.55693096540029,3.612915280120049
0.27485862209770595,-1.3742931104885299,3.5834175441273715
0.2750011004474708,-1.1916714352723736,3.5438055120219616
0.2752388091169968,-0.8257164273509905,3.477717411868241
0.2751354615676806,-0.6419827436579214,3.5064502435460696
0.27538085929471245,-0.45896809882452083,3.4382244207609034
0.2530016826025241,0.08433389420084138,9.660114743652926
0.45758120152898557,-3.3861008913144928,3.669576708129398
0.45750449009843996,-3.2025314306890795,3.68237316031167
0.4574569995637131,-3.0192161971205063,3.6902951916493834
0.45742843762919216,-2.8360563133009915,3.695059689283312
0.4574185734631267,-2.6530277260861346,3.6967051589151083
0.45744424418137886,-2.4701989185794457,3.6924229533003654
0.45747402052684516,-2.2873701026342257,3.6874558763183245
0.4575079530629075,-2.1045365840893746,3.6817954933472805
0.45757783165919785,-1.9218268929686306,3.6701388457051394
0.45770803586986775,-1.7392905363054973,3.648419110537688
0.457871599162544,-1.5567634371526493,3.6211346519033043
0.4580388806132003,-1.374116641839601,3.593229956747976
0.45790191620614845,-1.190544982135986,3.6160773795250805
0.4579053580922088,-1.0073917878028593,3.6155032287098123
0.4583371661063417,-0.825006898991415,3.543472104202408
0.420815469198667,0.2524892815192002,9.80257321679619
0.6407578309328682,-3.56993648662598,3.652401086316843
0.6406468026207027,-3.3862759567094285,3.6656303355527626
0.6405379242034898,-3.2026896210174485,3.6786034204320117
0.6404557044561183,-3.0192911781502723,3.6884000705735502
0.6404038815502536,-2.8360743325796944,3.6945748752196863
0.6403900715421428,-2.653044582103163,3.696220365776867
0.6404101657453515,-2.4701534964463563,3.693826100591167
0.6404508429552958,-2.2873244391260563,3.6889793282852708
0.6404942414647193,-2.1044810790983637,3.6838083076110593
0.640580137807831,-1.9217404134234928,3.673573583608544
0.6400988435451377,-1.737411146765374,3.7309207740034935
0.640137025712068,-1.5546184910150223,3.7263712911478564
0.6404638309183638,-1.3724224948250654,3.6874317860670516
0.6413081479384113,-1.1910008461713353,3.586829695712993
0.5885930392936649,0.252254159697285,9.867942117922283
0.588488073022327,0.4203486235873764,9.880449062662876
0.8241408474480852,-3.754419416152388,3.6237323954348
0.8238735646384274,-3.570118780099852,3.6485025102273596
0.8237307993710631,-3.386448841858815,3.661733110674618
0.823589441221973,-3.2028478269743395,3.6748333081183375
0.8234634989739215,-3.0193661629043786,3.6865048553662234
0.823394092104456,-2.8361352061375706,3.692937054003508
0.8233638946555916,-2.653061438334684,3.6957355664696507
0.8231499647466849,-2.469449894240055,3.715561264979655
0.8225292340293379,-2.2848034278592717,3.7730867419964227
0.8224057591502262,-2.1017036067172445,3.784529628778074
0.8226988212867559,-1.91963058300243,3.7573704456922457
0.8237022920311673,-1.7389270609546865,3.664374994312979
0.8239945214057806,-1.5564340959886964,3.637292986442006
0.8242925299219437,-1.3738208832032395,3.609675403538091
0.8246254762790612,-1.191125687958644,3.57881999799919
0.7552616653020946,0.41958981405671925,10.007028241351662
0.7559282520212717,0.5879441960165446,9.945253114195722
0.7554461409415245,0.7554461409415245,9.9899321820467
0.754971447124494,0.922742879818826,10.033923863944295
1.0078385231899196,-3.939732408833322,3.5816299550305075
1.0074037081246323,-3.754868366646357,3.6145993819731075
1.0070240109887043,-3.57035785714177,3.643389545844329
1.0068334916586716,-3.3866217446700775,3.6578354876575787
1.0061317764264444,-3.201328379538687,3.711042358647987
1.005433408324259,-3.016300224972777,3.763995436777506
1.0051396814742817,-2.8326663750638845,3.7862669878218753
1.0051712866074554,-2.6499970283287464,3.7838705595185047
1.0056546299325841,-2.4684250007436157,3.747221524748994
1.0063846306422741,-2.287237796914259,3.691869935101863
1.0064507639333078,-2.104397051860553,3.6868554430079143
1.0065353454491492,-1.9215674776756486,3.68044213231596
1.0066890837735825,-1.738826599245279,3.6687850742691523
1.0069991568267858,-1.5562714241868507,3.6452740883567856
1.0073602378570372,-1.3736730516232325,3.617895472486225
0.9241259078831797,0.25203433851359447,9.929057113991291
0.9235363886685106,0.4197892675765958,9.97375683171255
0.9216587151131835,0.5865100914356622,10.116129592103263
0.922381781886233,0.7546760033614633,10.061303761418372
0.9218162050580256,0.9218162050580256,10.104188071109192
0.9212536146173886,1.0887542718205503,10.146845940884091
1.1897096079688785,-3.93519331866629,3.669673973267379
1.18925199764288,-3.7507178387198516,3.6990336969703037
1.1890507966014108,-3.567152389804232,3.7119425118520013
1.1887484784322466,-3.383361053999471,3.73133887905081
1.1893796844072009,-3.202176073404002,3.690841468980693
1.1895472731228132,-3.019620001004064,3.680089180173894
1.1894060952865393,-2.836276073375594,3.6891469789832456
1.1893185161631306,-2.6530951514408296,3.6947659493590095
1.1892928691347062,-2.4700698051259287,3.696411431607885
1.1893417841495608,-2.2871957387491553,3.6932731035600597
1.1894180665209602,-2.1043550407678526,3.6883789190969054
1.1894986650597255,-1.921497843558018,3.6832078145685045
1.1896699257926036,-1.7387483530814973,3.672219933585964
1.1899655425296805,-1.5561087863849665,3.653253522144965
1.0910081888298215,0.2517711204991896,10.002237358249715
1.0903298481752872,0.41935763391357206,10.045758872214947
1.0883302201184393,0.5860239646791596,10.17405258396532
1.0881729698665172,0.7533505175998966,10.184141569476225
1.0883346542067196,0.920898553559532,10.17376809823719
1.087677410047344,1.087677410047344,10.215936086650728
1.0870338415240717,1.2542698171431597,10.257226662832423
1.374675782634838,-3.940737243553202,3.5621393339706486
1.3740810292346666,-3.755821479908088,3.5952101700959673
1.3735033564444254,-3.571108726755506,3.6273312511601574
1.3730949742988607,-3.3869676032705227,3.6500390473805453
1.3728570417872759,-3.2033330975036436,3.6632691139883775
1.3726223458018039,-3.0197691607639685,3.67631921588368
1.372425731721712,-2.836346512224871,3.6872518007512554
1.3723100558242403,-2.653132774593531,3.6936838760413337
1.37226972154436,-2.470085498779848,3.6959266347372335
1.3722922092784624,-2.2871536821307705,3.6946762204157437
1.372378063928217,-2.1043130313565994,3.6899023342104584
1.372471058519829,-1.9214594819277602,3.684731436660556
1.372634300494311,-1.7386701139594603,3.6756544837834326
1.257580661557457,0.25151613231149134,10.07312953445944
1.2568096809472638,0.4189365603157546,10.115999358168125
1.2560456443443582,0.5861546340273671,10.1584830653334
1.253314340444256,0.7519886042665536,10.310355259191667
1.2545329055635264,0.9199907974132525,10.24259781996426
1.2538067742224266,1.0866325376594363,10.282973832241012
1.2530814829736252,1.2530814829736252,10.323303131788222
1.5568232699495337,-3.5715357369430483,3.618199099186967
1.5562701621119817,-3.3871762351849015,3.645336009034125
1.5559840859905842,-3.2034966476276736,3.6593716479976592
1.5557155060433645,-3.019918335260649,3.6725488791262535
1.5554544589568169,-2.836416954568313,3.685356528507725
1.555323353106748,-2.6531986611820995,3.6917889226851344
1.555248899065341,-2.470101192633189,3.695441831706205
1.5552359064001333,-2.2871116270590197,3.6960792856717433
1.5553329737728834,-2.1042740233397836,3.6913169077689503
1.5554361462426929,-1.9214211218292088,3.6862549979173025
1.4229698489606297,0.4185205438119499,10.185396255867829
1.4221106619648298,0.5855749784561064,10.227550205719751
1.420307518799308,0.7519275099525748,10.31601710168863
1.418737041402116,0.9180063209072515,10.39306880960369
1.4196341675983155,1.085602598751653,10.349053463852073
1.4188113987092377,1.251892410625798,10.38942064661839
1.4179895829622478,1.4179895829622478,10.42974106575356
1.7391298307030914,-3.203660214453063,3.655473784006759
1.7388267565281672,-3.0200675244962905,3.668778169846391
1.7385352472125153,-2.8365575086098933,3.6815748801310946
1.7383457403386087,-2.6532645510431396,3.6898938752099326
1.7382304017419683,-2.4701168866859553,3.6949570225146857
1.7381929178121553,-2.287095944489678,3.6966024964820434
1.5888213856129838,0.41811089095078524,10.253731616216854
1.5879019127004952,0.5850164941528141,10.294094746463443
1.5869835033958672,0.7517290279243583,10.334411186326832
1.5837800527605743,0.9169252937034903,10.475036639751949
1.5851444275201003,1.0845725030400686,10.415143155804884
1.5842293833459238,1.2507074079046767,10.45531187277524
1.5833302271538634,1.4166638874534567,10.494783137234705
1.7544019073600292,0.4177147398476261,10.31981470986372
1.7533854716259736,0.5844618238753245,10.360184838274648
1.7523694351089052,0.7510154721895309,10.400539110846893
1.7513545754378435,0.9173762061817275,10.440846642220635
1.7479912041510883,1.082089793045912,10.574430818957708
1.7493632891352238,1.24954520652516,10.519935246690437
1.748380073441282,1.4153552975477044,10.558985963317355
1.9185526702198845,0.5839073344147474,10.426253385382964
1.9174512176435559,0.750306998208348,10.466196089924267
1.916363105921563,0.9165214854407474,10.505655006225808
1.9128366569920325,1.0811685452563662,10.633536960201269
1.913208077298324,1.2477443982380374,10.620067899550207
1.9132085700552082,1.414110682214719,10.620050030380838
2.081096589436291,0.915682499351968,10.569270305621203
2.079979004700727,1.0815890824443783,10.60655580408357
2.0757068626791044,1.2454241176074627,10.749085439384942
0.0,0.0,80.0
