-0.3692590624073034,0.5169626873702248,3.402844252063744
-0.22194069448418574,0.22194069448418574,3.2957345455383233
-0.2216537903335205,0.36942298388920086,3.3755000428653403
-0.22164332453759253,0.5171677572543826,3.3784097582360815
-0.07400156035683887,0.07400156035683887,3.277944904401714
-0.07396472055157029,0.22189416165471088,3.308671668533904
0.07393754196530074,-0.3696877098265037,3.3313403553975434
0.07392613136368353,-0.2217783940910506,3.3408575301475736
0.07399279739008274,-0.07399279739008274,3.2852537815971985
0.22168750598623913,-0.6650625179587174,3.366126369460588
0.22133471279637132,-0.5164476631915331,3.4642104305595325
0.22153642718294692,-0.3692273786382449,3.4081295118070116
0.0,0.0,65.0
