-1.194868044574015,1.194868044574015,3.3387149348424288
-1.1950067851825734,1.3788539829029693,3.329813505608385
-1.1951521461490084,1.562891268041011,3.320487322239572
-1.1953063172943201,1.7469861560455449,3.310595888475632
-1.1944952990176454,1.92956932918235,3.3626298378171953
-1.0109042322828579,1.0109042322828579,3.3491755622644206
-1.010976950947662,1.1947909420290552,3.3436617406468514
-1.0110902982904102,1.3787594976687414,3.3350672892715068
-1.010920039949293,1.5623309708307256,3.347976961421722
-1.010093430414651,1.7447068343525791,3.410653820707722
-1.0109181082465604,1.9299345702888877,3.348123430891633
-0.8270890524665685,0.8270890524665685,3.350511020542342
-0.8270823993530471,1.0108784880981685,3.351127589882765
-0.8271189933382631,1.1947274348219357,3.3477362860586197
-0.8261855703978095,1.376975950663016,3.434240140962885
-0.826593755680577,1.5613437607299787,3.396412057953256
-0.8273978049671862,1.7467286993751707,3.3218977517257713
-0.827503461452778,1.9308414100564817,3.3121061632579654
-0.643307404943024,0.8271095206410309,3.348614156948017
-0.6425811440362544,1.0097703691998283,3.435149621268465
-0.6425951299889919,1.1933909556938422,3.433483166551113
-0.6433380628671689,1.3785815632867906,3.344961202925248
-0.6434101905348868,1.562567605584725,3.3363670446025964
-0.6434865717730884,1.746606409098383,3.3272660647046877
-0.45923494193398595,0.6429289187075803,3.393711561775575
-0.4589613082576345,0.8261303548637421,3.439357174560868
-0.45949690530192533,1.0108931916642356,3.350012706370336
-0.4594871477674477,1.194666584195364,3.351640388483304
-0.45950747748721155,1.3785224324616348,3.3482491300360664
-0.45954905088909187,1.562466773022912,3.3413141524788585
-0.275535069493411,0.45922511582235176,3.3953506834393323
-0.2755933464761358,0.6430511417776502,3.3791484343642253
-0.09197797564410864,0.09197797564410864,3.2844597747373996
-0.09194201360984283,0.27582604082952844,3.314454421466479
0.09188712615622756,-0.27566137846868266,3.360234083675792
0.09196874083365068,-0.09196874083365068,3.2921621998907966
0.27467300794401844,-1.7395957169787837,3.6350222533847614
0.2747703166008316,-1.5570317940713791,3.6079683631328123
0.2748794107544222,-1.3743970537721113,3.5776378524153927
0.27501785551836905,-1.1917440405795992,3.5391472435380535
0.27516075892659486,-1.0089227827308478,3.499417036078782
0.2752388091169968,-0.8257164273509905,3.477717411868241
0.2751354615676806,-0.6419827436579214,3.5064502435460696
0.27538085929471245,-0.45896809882452083,3.4382244207609034
0.4575878001334237,-1.9218687605603793,3.668475976132072
0.45772697475208185,-1.7393625040579108,3.6452598616628507
0.4578873194274704,-1.5568168860533993,3.618512309743963
0.4580498535813693,-1.3741495607441079,3.59139952467973
0.45790191620614845,-1.190544982135986,3.6160773795250805
0.4579053580922088,-1.0073917878028593,3.6155032287098123
0.4583371661063417,-0.825006898991415,3.543472104202408
0.640494939231708,-2.1044833717613263,3.6837251672550337
0.6405859430655041,-1.921757829196512,3.672881875348395
0.6400988435451377,-1.737411146765374,3.7309207740034935
0.640137025712068,-1.5546184910150223,3.7263712911478564
0.6404638309183638,-1.3724224948250654,3.6874317860670516
0.6413081479384113,-1.1910008461713353,3.586829695712993
0.6417815283658761,-1.0085138302892338,3.530425454882945
0.6421160892717959,-0.8255778290637376,3.49056184241617
0.8223812703575234,-2.1016410242470043,3.7867990983603335
0.8226988212867559,-1.91963058300243,3.7573704456922457
0.8236877048314173,-1.7388962657552143,3.6657268456077645
0.8239716123296493,-1.5563908232893375,3.639416057679881
0.8242621194924216,-1.3737701991540359,3.6124936537320167
0.8245689415743668,-1.1910440267185298,3.5840592841576893
0.8249842059812298,-1.008314029532614,3.545575151787091
1.0065188597003434,-1.9215360048824734,3.681692148091045
1.00666822289774,-1.7387905668233692,3.6703668297715666
1.0069414126032872,-1.556182183114171,3.6496524876119736
1.0072924377236965,-1.3735805968959498,3.623036351267416
1.0076499704979789,-1.190859056043066,3.5959267784344036
0.0,0.0,80.0
