-2.9214741762332275,-1.8394467035542543,9.751957983585129
-2.9242824020019054,-1.624601334445503,9.665208328488063
-2.924040842716858,-1.4078715168636722,9.672670401123767
-2.9237976156559453,-1.191176806378348,9.680183993470877
-2.7075337626061162,-1.841122958572159,9.669716550335778
-2.7044775129635052,-1.622686507778103,9.771680891583472
-2.707085083164505,-1.4076842432455425,9.684685649409829
-2.7068582248847397,-1.1910176189492854,9.692254224545309
-2.706626815194128,-0.9743856534698861,9.69997464644166
-2.4905996179710432,-1.8408779785003364,9.681735910164107
-2.4903941519459893,-1.6241700990952104,9.689186860761865
-2.488306764741839,-1.4064342583323435,9.764883165941512
-2.489968069873634,-1.19085429428739,9.704638157251779
-2.489786048992541,-0.9742641061275161,9.71123890106054
-2.4896145511205887,-0.7577087764280053,9.71745804201683
-2.2737204231448405,-1.8406308187362996,9.69386221136459
-2.27352604590484,-1.6239471756463144,9.701582359206768
-2.2714345259576714,-1.4061261351166539,9.784651977887265
-2.2731883137247926,-1.1907176881415582,9.71499618461668
-2.2730363533071487,-0.9741584371316354,9.721031648904415
-2.272907749073126,-0.7576359163577089,9.726139467596468
-2.272779159393102,-0.5411378950935958,9.731246708242352
-2.056893524713922,-1.840378416849299,9.706245704759127
-2.056750272828951,-1.623750215391277,9.712534192883822
-2.056608604742727,-1.4071532558766027,9.718753155224505
-2.05434256637436,-1.1893562226377876,9.81822797450829
-2.056370056311682,-0.9740700266739546,9.729224982356783
-2.056324856691477,-0.7575933682547547,9.73120916061005
-2.0563257721435066,-0.5411383610903965,9.731168973988986
-2.2048351206851433,2.2048351206851433,3.2118880940368513
-2.205892650863155,2.438091877269803,3.1654645096821525
-2.207238576480265,2.6719203820550583,3.106380908362567
-2.208832757837301,2.906358891891186,3.0363993473217477
-2.2104946102780874,3.1412291830267556,2.9634471530733038
-2.2121397820474726,3.3764238778619324,2.8912272089033593
-2.2138368539508773,3.612049603814589,2.816728946535278
-1.840173664896398,-1.840173664896398,9.716291368388653
-1.8400553649928781,-1.6235782632290103,9.722095469503827
-1.839951259295896,-1.4070215512262734,9.727203165909074
-1.83877130246224,-1.1897931957108612,9.785094918736476
-1.8398701034558569,-0.9740488783001596,9.731184882610933
-1.8398777011456269,-0.7575967004717288,9.730812120179564
-1.8401118661928253,-0.5412093724096545,9.719323373602947
-1.971852122021759,1.971852122021759,3.255803598700055
-1.972429505165506,2.2044800351849774,3.2274756791600367
-1.9732162053187055,2.437502371276048,3.188878122436549
-1.9742652352634142,2.6710647300622665,3.137409983488226
-1.9755680495608108,2.9052471317070747,3.073490523781217
-1.9770802185916074,3.140068582469024,2.999299576055705
-1.9785316513864317,3.375142228835678,2.928088506119181
-1.9800144340647008,3.610614556235631,2.8553393293199463
-1.9796066840536537,3.8427659161041516,2.875344605938224
-1.623430916006623,-1.623430916006623,9.730288606094035
-1.6234145110628728,-1.4069592429211562,9.731200791221923
-1.623415233788545,-1.1905045047782663,9.73116060457943
-1.621851280582026,-0.9731107683492157,9.81812310060809
-1.623752966107922,-0.7577513841836969,9.712381241258228
-1.6239615633109785,-0.5413205211036595,9.700782343435208
-1.7392451094775887,1.7392451094775887,3.290523466189896
-1.7396638512442257,1.9716190314101223,3.2672396306720515
-1.7400987347707828,2.2041250640429912,3.2430582441743496
-1.7406570693806065,2.436919897132849,3.212012448758543
-1.7414908385272077,2.6702859524083853,3.165651313528997
-1.7425523184505964,2.9042538640843274,3.1066284839216536
-1.7420821248720662,3.135747824769719,3.132773260527003
-1.7434129766043138,3.3705984214350067,3.0587722047422687
-1.7464209559163646,3.6092699755604865,2.8915156730965634
-1.7477601795981101,3.8450723951158423,2.817049101066246
-1.4069596213264475,-1.6234149476843627,9.731176513197227
-1.407002590288981,-1.407002590288981,9.728419676657253
-1.4071816671476092,-1.1906921798941308,9.716930322522956
-1.4073611323067252,-0.9743269377508099,9.705416055500123
-1.4063926360948167,-0.7572883425125937,9.76755359823784
-1.407726089812464,-0.5414331114663323,9.682000824411517
-1.5069509285854898,1.5069509285854898,3.3158554703150145
-1.5071618378860194,1.7390328898684841,3.3023237853024057
-1.5075282624993163,1.971383112499106,3.2788144263716106
-1.5078854948405211,2.203832646305377,3.2558948324733876
-1.508326507439606,2.436527435094748,3.2275999988059425
-1.5074138359035207,2.666962940444691,3.2861558980254415
-1.5088403568355053,2.9016160708375107,3.194632044563221
-1.510723898766948,3.137657328208277,3.0737862778744187
-1.5118804349262749,3.3726563548355366,2.9995843200925947
-1.5129903592913416,3.6079000875408913,2.9283729185177236
-1.5141241857347734,3.8435460099421173,2.85562798857417
-1.1909372991475107,-1.1909372991475107,9.698344394937422
-1.1910917084361123,-0.9745295796295466,9.686636461688934
-1.1903096437170884,-0.7574697732745108,9.745935753909222
-1.1914997968036618,-0.5415908167289372,9.655693560455376
-1.275029007444555,1.5068524633435647,3.322172880856286
-1.2751975736480792,1.7389057822473808,3.3093915133836163
-1.2754451720710591,1.9711425386552732,3.290617605188544
-1.2745026569911209,2.2014136802573905,3.3620828890553582
-1.276070766443424,2.4361350995738094,3.2431825239275867
-1.2764802108394595,2.669004077209779,3.212136803160689
-1.2770908179650078,2.902479131738654,3.165838115227487
-1.2778684351673273,3.136586159047076,3.1068760516102856
-1.2787901054839905,3.371355732639611,3.0369913015262
-1.2797525408974655,3.6065753425292213,2.964015577857154
-0.9749727412940061,-0.7583121321175603,9.645566984327573
-0.974145983155722,-0.54119221286429,9.722185806230854
-0.9488032971134663,0.9488032971134663,12.070788932717335
-0.9478538287724145,1.158488012944062,12.15877977593641
-1.0431398883189364,1.5067576164606857,3.328258141868119
-1.0422569040021628,1.7370948400036046,3.410087657632758
-1.0429526822021113,1.9700217330484322,3.345607244900833
-1.0436723964902754,2.203308392590581,3.278908583814129
-1.043919742722437,2.435812733019019,3.2559860675026897
-1.0442247021935815,2.6685742389391525,3.2277243131571822
-1.0446398438887223,2.9017773441353394,3.18925155294869
-1.0451939026251194,3.1355817078753576,3.1379048220461527
-1.0458825847520457,3.3700661064232578,3.0740820293967346
-0.7584454278653187,-0.32504804051370795,9.629684524846837
-0.7399636347923095,0.5285454534230782,11.831827763095646
-0.7391798209168368,0.7391798209168368,11.92522078070489
-0.7377337750334508,0.9485148536144368,12.097520089095397
-0.7372136438384795,1.1584785831747535,12.15949477896902
-0.8106373919058336,1.5054694421108337,3.410905846354055
-0.8113816882507787,1.7386750462516687,3.3222214228893137
-0.8114889288026159,1.970758827092067,3.3094434930011687
-0.8116461376349894,2.203039516437828,3.2907117408472004
-0.8118415995642299,2.4355247986926893,3.267422054391375
-0.8120439901595248,2.6681445390955814,3.243306803281641
-0.8123045450571048,2.9010876609182312,3.2122611572433044
-0.8126925891336647,3.1346714152298496,3.1660249162052594
-0.5416825592535505,-0.32500953555213025,9.640389728667287
-0.5289633843545076,0.5289633843545076,11.762111514272107
-0.5277504846659976,0.7388506785323966,11.96443876531562
-0.5278339337231286,0.9501010807016315,11.950518390455741
-0.5273311757424979,1.1601285866334952,12.034384880920555
-0.5794522761678914,1.5065759180365175,3.3399156924690487
-0.5795218692180455,1.7385656076541365,3.3283066775910584
-0.5795958878845068,1.970626018807323,3.315959413053946
-0.5796765015546456,2.2027707059076533,3.3025120171726314
-0.5798174336016677,2.435233221127004,3.2790027410733416
-0.579954865694137,2.66779238219303,3.2560773023599268
-0.32528336848935924,-0.10842778949645308,9.564258308567773
-0.31724538161964067,0.5287423026994011,11.798990774739877
-0.31728148242112986,0.7403234589826364,11.788953978904019
-0.3169403689362492,0.9508211068087477,11.883790831920493
-0.10847699655146846,-0.10847699655146846,9.523216463691725
-0.10608435545390539,0.10608435545390539,11.51883283901769
-0.105983845851723,0.317951537555169,11.60266430383578
0.10602537799165622,-0.31807613397496864,11.568023831164183
0.10613080826471452,-0.10613080826471452,11.480088210738487
0.10839348538499215,0.10839348538499215,9.592870141174927
0.3464705428386307,-3.349215247440097,3.673770161201176
0.34642053297521,-3.1177847967768906,3.6876739740869624
0.3463948069585812,-2.88662339132151,3.6948263575777105
0.3463884520539471,-2.655644799080261,3.6965931571427575
0.3464101478367956,-2.4248710348575693,3.6905612649418345
0.34643354415355426,-2.1940791129725103,3.6840565879005567
0.3464804337694731,-1.9633891246936805,3.671020270633761
0.34658041783754595,-1.73290208918773,3.6432225587633553
0.3467059083538403,-1.5023922695333078,3.6083335081210777
0.3171462122734382,-0.9514386368203146,11.826561976484768
0.31745989401690644,-0.7407397527061151,11.739351734973312
0.3173860667999209,-0.5289767779998681,11.75987728214811
0.3247991152684169,0.10826637175613898,9.69889107324235
0.5777444428330596,-3.813113322698193,3.6248042344897584
0.5775788572220077,-3.580988914776448,3.652426041811367
0.5774782883294362,-3.3493740723107295,3.669202225173663
0.5773813244231925,-3.117859151885239,3.685377050500577
0.577332510678557,-2.8866625533927848,3.6935198102512885
0.577315710847779,-2.6556522698997833,3.696322237864649
0.5773400465848564,-2.4248281956563966,3.6922627242612975
0.5773781657020381,-2.1940370296677445,3.6859039657715016
0.5774424203120629,-1.963304229061014,3.6751854712938865
0.5775759997217943,-1.7327279991653828,3.6529027095593563
0.5773007509495426,-1.5009819524688106,3.698817741091105
0.5277840680554028,-1.161124949721886,11.958836624492719
0.5277775567113034,-0.9499996020803462,11.959922800344444
0.5282067241021494,-0.7394894137430092,11.888332165727277
0.5292698099622329,-0.5292698099622329,11.710995786031972
0.5402462525370931,0.3241477515222559,9.879984142244169
0.809284317204048,-4.04642158602024,3.572127449345274
0.8089349545072524,-3.813550499819904,3.6137547253030675
0.8086530157351356,-3.581177641112743,3.6473483034891387
0.8085095406900518,-3.3495395257159286,3.6644436469517956
0.8083720320010803,-3.118006409147024,3.6808280869475567
0.8082847898691075,-2.8867313923896694,3.6912231644303404
0.808246927540758,-2.6556684762053475,3.6957345378685034
0.8082617859902312,-2.4247853579706935,3.6939641233903586
0.8075873167847565,-2.192022716987196,3.774328501152624
0.8076279127606742,-1.9613820738473515,3.769491408046221
0.8083404498439298,-1.732158106808421,3.68459116521295
0.7378676175039499,-1.3703255753644783,12.081572486488014
0.7376589732964476,-1.1591783866087033,12.106432868212664
0.7390910036539723,-0.9502598618408215,11.935803538237352
0.7397448425640739,-0.7397448425640739,11.857897302132642
0.7561391406291641,0.3240596316982131,9.904483340226633
0.7555471371530575,0.5396765265378982,9.975021758592092
1.0406444192080904,-4.046950519142573,3.5595227578607194
1.0401784846905455,-3.8139877771986668,3.6027026821520707
1.0397612718286149,-3.581399936298562,3.6413673852662782
1.0389793930361213,-3.3478224886719463,3.713827067461068
1.0384567066800872,-3.1153701200402617,3.7622664005257036
1.0381932631121913,-2.8838701753116425,3.7866807181785873
1.0383469640489498,-2.653553352569538,3.7724366676461187
1.0391753664850838,-2.424742521798528,3.6956654624056995
1.039240832163667,-2.1939528679010745,3.689598508920909
1.0393115026466593,-1.9631439494436895,3.683049206410942
1.0394658107826527,-1.7324430179710877,3.668748884415379
1.0397982199669795,-1.501930762174526,3.6379432607225652
0.948933233000407,-1.1598072847782752,12.058747279760624
0.9497179674980334,-0.9497179674980334,11.986022948507255
0.9698172692582318,0.5387873718101287,10.123344190798292
0.9702461418787205,0.7546358881278937,10.083598933501378
0.9696253712788453,0.9696253712788453,10.141128106583778
0.9690117624235672,1.1843477096288044,10.197993573548985
1.2715570494678339,-4.045863339215835,3.5854306977989125
1.2714923501736084,-3.814477050520826,3.590336458487741
1.270958325836657,-3.5817916455396697,3.6308283313971117
1.2706395279215934,-3.3498678463387463,3.655000871424434
1.2704193833255142,-3.11830212270808,3.671693120053064
1.2702223952766696,-2.886869080174249,3.6866295461418446
1.2701178166751201,-2.655700889411615,3.6945591162943003
1.2700903374632109,-2.424717916975221,3.696642700654195
1.270160338434179,-2.1939133118408547,3.69133494551302
1.270245249822773,-1.9631062951806493,3.684896622542311
1.2704032781138728,-1.7323681065189176,3.6729142819699234
1.185445512251759,0.5388388692053451,10.114753763651905
1.1834275404717929,0.7530902530275047,10.267764499671074
1.1839434309655568,0.9686809889718192,10.228647607680927
1.1832184634437575,1.1832184634437575,10.283617560780243
1.182501297334381,1.3975015332133591,10.3379959794148
1.50285642779819,-3.8149432397954057,3.5785536765982044
1.5022138575899402,-3.582202275791396,3.6197802020984113
1.5017384965417304,-3.350032030746937,3.650278790617179
1.5014775961726199,-3.118453468973903,3.667017841980055
1.5012235305676385,-2.8869683280146896,3.6833183831629697
1.5010808045287767,-2.6557583464739896,3.6924755127733135
1.5010250133897316,-2.4247327139372588,3.6960550046124894
1.5010720627056853,-2.1938745531852324,3.693036377544132
1.5011701382768565,-1.9630686423620434,3.686743967805981
1.4004997643615447,0.3231922533142026,10.145633104044563
1.3996135293095215,0.5383128958882776,10.202492870498602
1.3976303674954336,0.7525701978821566,10.329730128077387
1.3978916322125123,0.9677711299932779,10.312967700590619
1.3970412505591978,1.1821118273962443,10.367527156452667
1.396192865897102,1.396192865897102,10.421958487779321
1.3953521439140868,1.610021704516254,10.475898190906506
1.7335224194546872,-3.5826130002063534,3.6087295393099197
1.7328767989614586,-3.350228477992153,3.6446288036513295
1.7325590512429934,-3.118606292237388,3.6622969375762864
1.7322631313280923,-2.887105218880154,3.678751352143877
1.7320576172117108,-2.6558216797246237,3.690178817144215
1.731962507914212,-2.4247475110798966,3.6954673013978123
1.6143874538190552,0.322877490763811,10.233143833023874
1.61340224891213,0.5378007496373767,10.287925445062385
1.6124217735380293,0.752463494317747,10.342444074821273
1.6095207366855377,0.9657124420113227,10.503754147726426
1.610463039475968,1.181006228949043,10.451358077096543
1.6095047816506516,1.3949041440972314,10.504641315994718
1.6085512013834378,1.6085512013834378,10.557664462630385
1.8268122077248665,0.5372977081543725,10.371839227365442
1.8257028882941029,0.7517600128269836,10.426265325389224
1.824605277651534,0.9659674999331651,10.480116959794742
1.8225385612304164,1.17928965726674,10.581515445572364
1.8224705876369334,1.3936539787811844,10.584850406954388
1.8214445697852177,1.607156973339898,10.635189512736758
1.8205022128490018,1.8205022128490018,10.68142399629626
2.039823693670092,0.5367957088605506,10.455579159123147
2.038610014574609,0.7510668474748559,10.508857387054803
2.037407292769598,0.9650876649961254,10.561654610558278
2.0341431606628357,1.1776618298574313,10.704943866367557
2.0351408241029247,1.3924647743862115,10.661148319127818
2.0341379016200416,1.6058983433842435,10.705174728447759
2.033138162465435,1.8191236190480207,10.749061395647985
2.2524773827405316,0.5363041387477456,10.537579369496001
2.2511867940463977,0.7503955980154661,10.588838125521804
2.24991947343142,0.9642512028991802,10.639172735227362
2.2487679085618253,1.1779260473419086,10.684909834092991
2.245029846472243,1.3897803811494838,10.83337573460041
2.2465846598931005,1.604703328495072,10.771622674026062
2.24553267894042,1.8178121686660544,10.813404564137414
2.4634953553647154,0.7497594559805656,10.664635742949287
2.462281385760887,0.9635014118194776,10.70865872700682
2.4610759392308696,1.1770363187625896,10.752372633191783
2.4599232727092577,1.3903914150095804,10.794172542962599
2.4563575837467413,1.6019723372261354,10.923477484252658
2.4577622799245877,1.816606902552956,10.872538056075882
2.6731540830109397,1.1761877965248133,10.816711001755564
2.6719958896369915,1.3894378626112356,10.855351308740154
2.6699333130300102,1.601959987818006,10.924164164231925
2.6678647523209245,1.8141480315782286,10.9931766647463
0.0,0.0,100.0
