-2.9657575455992244,-1.943082529875354,9.702334165623881
-2.965428707467426,-1.7383547595498705,9.711791825142043
-2.9670228520547344,-1.534666992442104,9.665942894402022
-2.9667777297077937,-1.3299348443517696,9.672992817976834
-2.7624909407924187,-1.9439751064835542,9.663151732511935
-2.759342497568261,-1.7373637947652014,9.760411136237508
-2.7620327010380157,-1.5344626116877864,9.677307339617897
-2.7618048012557392,-1.329757867271282,9.684347452891444
-2.761573998751661,-1.1250857031951211,9.691477234922374
-2.761337879020989,-0.9204459596736629,9.698771272825553
-2.5575212312427076,-1.9437161357444581,9.674520060529233
-2.5573101990817833,-1.7389709353756129,9.681560635674245
-2.5542700340145283,-1.532562020408717,9.782988354158022
-2.5568808764491218,-1.3295780557535435,9.695883941863542
-2.5566622696486423,-1.1249313986454028,9.703177226447494
-2.5564662194978776,-0.9203278390192359,9.709717963236642
-2.556290109199004,-0.7157612305757209,9.715593455330364
-2.352608106679325,-1.9434588707350946,9.685813510221749
-2.3524100322239643,-1.7387378499046693,9.692996415430443
-2.3522089003374984,-1.5340492828288035,9.70029019428901
-2.3497998641281694,-1.3281477492898353,9.787650670451526
-2.3518510369353307,-1.1247983220125495,9.713267631943737
-2.35168902894824,-0.9202261417623548,9.719142634917759
-2.3515508119957818,-0.7156893775639337,9.7241548878402
-2.14774169033658,-1.943194862685477,9.697402966689822
-2.147558067147941,-1.7384993876911905,9.704695992167188
-2.147400813696671,-1.5338577240690505,9.710941681695942
-2.145265121293771,-1.3280212655628103,9.79576571302681
-2.1471162270848683,-1.1246799284730262,9.722244706252795
-2.146994740307478,-0.9201406029889189,9.727069838466448
-2.1468900378509224,-0.715630012616974,9.731228342023982
-2.1468909936208407,-0.5111645222906762,9.7311903813807
-2.3131239358156224,2.533421453512348,3.1288593163815364
-2.3146804322254813,2.7555719431255725,3.067039411952905
-2.316451262430312,2.978294480267544,2.996706738309342
-2.318153217456478,3.2012592050589457,2.9291096038778335
-1.9428055912896627,-1.7382997395749613,9.714491248288013
-1.9426724832866524,-1.5336888025947255,9.720334439087225
-1.9425625617617688,-1.3291217527843682,9.725159787137741
-1.9403087717182086,-1.1233366573105417,9.824096928016047
-1.9424248423794779,-0.9200959779692263,9.731205408807924
-1.9424257071241546,-0.71563052367732,9.731167448144205
-1.9425328251774905,-0.5111928487309185,9.72646516721801
-2.0904135387845404,2.0904135387845404,3.2347801776914196
-2.0911546883434378,2.3112762344848523,3.202245107031189
-2.0921626245840947,2.5326179139702196,3.1579986031817526
-2.0934919136916332,2.7545946232784644,3.099645313319499
-2.0950302980831066,2.977148318328625,3.0321131340470515
-2.096606039890243,3.200082902990371,2.962941034540279
-2.0981680402731433,3.4233268025509176,2.894372157693695
-2.0997649001718863,3.646960089772223,2.824273013713409
-1.7381212247588125,-1.7381212247588125,9.72324964971233
-1.738022880675546,-1.53354960059607,9.728074666355397
-1.737958763206664,-1.3290272895109785,9.731220436229833
-1.7367529524829182,-1.1237813221948294,9.790380648183884
-1.737968139538833,-0.9201007797558527,9.73076040897385
-1.7381893061966334,-0.7157250084339077,9.71990939720645
-1.7384105291511112,-0.5112972144562091,9.709055623377537
-1.8696350949073555,1.8696350949073555,3.270836945406458
-1.870075503017605,2.0900843857255587,3.2492293774560608
-1.8706689218635553,2.3108263152432156,3.2201147046367
-1.8714821467583291,2.532005257378916,3.1802157750669835
-1.8725241142414233,2.7537119327079753,3.1290941388639197
-1.8737831994124932,2.976008610831607,3.0673201438895603
-1.8752169417978144,3.198899488949213,2.9969770114785206
-1.8751977552952308,3.4194782596560094,2.9979183512237597
-1.8759469787763736,3.641544135271784,2.9611594975558546
-1.8780287284710446,3.8665297350874446,2.8590234402570474
-1.5334971823323011,-1.7379634733099414,9.730989346306075
-1.533493438795256,-1.533493438795256,9.731197502997759
-1.533494121488786,-1.3290282386236147,9.731159542313804
-1.5336191881669332,-1.1246540713224178,9.724205299401447
-1.5321192868183335,-0.9192715720910001,9.807606237822938
-1.5340109574251373,-0.7158717801317307,9.702421250864248
-1.5342098162511264,-0.5114032720837088,9.6913638485115
-1.6490830570290473,1.6490830570290473,3.3039197080407234
-1.649478710471144,1.8694092052006297,3.281919682244805
-1.6498715217042788,2.08983726082542,3.260077695439108
-1.6503243575379636,2.3104541005531494,3.2348980837830084
-1.6509084112153154,2.5313928971968167,3.202422198068831
-1.6517041473720364,2.7528402456200607,3.158175859955719
-1.650969148089687,2.9717444665614368,3.199044967743575
-1.6526762676943036,3.1951741175423205,3.104121806859908
-1.655210443079299,3.4207682490305515,2.963210802659134
-1.6564435286701518,3.644175763074334,2.8946459630267327
-1.6577036661639146,3.867975221049134,2.824576921740757
-1.329069679136687,-1.533541937465408,9.728500769238138
-1.3292388155208015,-1.3292388155208015,9.717649183896668
-1.329407994958727,-1.1248836880419997,9.70679483627488
-1.329580276390943,-0.9204786528860374,9.695741468460326
-1.3284966643146623,-0.7153443577078951,9.765264705488065
-1.3299723859864945,-0.5115278407640362,9.670584192208892
-1.4291089897340943,1.6489719112316472,3.310099890366345
-1.4293737423911974,1.869181047742335,3.2931136808764307
-1.429719606653234,2.089590194339342,3.270923449154836
-1.4295361730996399,2.3092507411609566,3.2826923235560344
-1.4290224512886556,2.5282704907414675,3.3156520921052817
-1.4306201701162782,2.751192634838996,3.2131443892216396
-1.4319265450062861,2.974001285782286,3.129328960145898
-1.4328886592911205,3.1964439322648075,3.0676008741117187
-1.4339852135387774,3.4195032015155458,2.9972472830597496
-1.435038814463485,3.6427908367149997,2.9296495251309977
-1.1251175743530162,-1.1251175743530162,9.689060635554767
-1.1252786339139516,-0.9206825186568693,9.676848451912619
-1.124506699054558,-0.7155951721256278,9.735379657436525
-1.1256961483954497,-0.5116800674524772,9.645190824810527
-1.209010267872042,1.4288303165760496,3.3279792223192572
-1.209164572303023,1.6488607804132134,3.3162792397972822
-1.2093269249471497,1.8689597931001403,3.3039690093871883
-1.2083664523297677,2.087178417660508,3.3767959059626804
-1.2099046414545178,2.309817951867716,3.260164220400341
-1.2102363072019597,2.530494096876825,3.2350159895716217
-1.210663832680361,2.7515087106371836,3.202599288423201
-1.211247370342833,2.9730617272051356,3.1583531160454754
-1.2120154367289895,3.1953134241037,3.100115233720203
-1.212904867487518,3.4181864447375507,3.0326750165914973
-1.2138174338368775,3.641452301510632,2.963480565921742
-0.9211374025886697,-0.7164402020134097,9.634692627441865
-0.9203009227728296,-0.5112782904293498,9.712212394188342
-0.8960934989931256,0.6969616103279866,11.955606447936233
-0.8952403370260769,0.8952403370260769,12.034672213098972
-0.8941509633611516,1.0928511774414076,12.135628614921956
-0.8943938626649992,1.2919022460716658,12.113118212374772
-0.988236062908019,1.6470601048466984,3.4164045128228793
-0.9887519870933391,1.8676426422874184,3.368591855843576
-0.9895654736620074,2.089082666619794,3.293202960785493
-0.9898049481091314,2.309544878921307,3.2710099527400445
-0.9900381044212836,2.5300973779655025,3.2494024702984774
-0.9903515898572319,2.750976638492311,3.2203505823593304
-0.9907808423674875,2.972342527102463,3.180570119232513
-0.991331228206951,3.1942895131112867,3.129563769661573
-0.9919968118616154,3.416877907523342,3.067881600309974
-0.7168511164598967,-0.5120365117570691,9.585731335306662
-0.7165004363566235,-0.3070716155814101,9.627515582925966
-0.6974845159178119,0.6974845159178119,11.893301183272385
-0.6960362648179738,0.8949037690516805,12.065863247688782
-0.6955026443209184,1.0929327267900146,12.129445215344163
-0.6954837482264457,1.2916126752776849,12.131696723436903
-0.7693697841655734,1.6486495374976575,3.328025250565716
-0.7694679505489209,1.8687078799045223,3.316328526310784
-0.7695712657438675,2.0888362927333546,3.304018310680675
-0.7697552326606875,2.3092656979820627,3.282098278336605
-0.7699385911088126,2.5297982279289557,3.2602507462752186
-0.7701493878109585,2.750533527896281,3.2351338904354066
-0.7704209527447523,2.971623674872616,3.2027763761868187
-0.5117496096176832,-0.30704976577061,9.633590298195628
-0.49913087899132746,0.49913087899132746,11.738556688635981
-0.4979453109869226,0.6971234353816916,11.936324663620837
-0.49805652658479016,0.8965017478526223,11.917772473029245
-0.497566016493271,1.0946452362851962,11.999595858232766
-0.5494516997842085,1.4285744194389423,3.344397272382807
-0.5495152122200206,1.6485456366600617,3.333802582099125
-0.5495841649105615,1.868586160695909,3.3223003874317953
-0.549656712731102,2.0886955083781875,3.3101984788912944
-0.5497580612930105,2.3089838574306443,3.2932922366666304
-0.5498911192663031,2.529499148624994,3.271096457229362
-0.3073055844004768,-0.10243519480015892,9.56246724128087
-0.2993312166985317,0.4988853611642194,11.779512216542798
-0.29938742435182886,0.6985706568209339,11.763885285358867
-0.2990625468227004,0.8971876404681011,11.854208195017776
-0.10248210060661611,-0.10248210060661611,9.523344785531378
-0.10009422811445168,0.10009422811445168,11.51498383762626
-0.09999818138947646,0.2999945441684294,11.595092976164509
0.1000366163078,-0.30010984892340004,11.563035785276611
0.10014029327100112,-0.10014029327100112,11.476562537902012
0.10240384916159387,0.10240384916159387,9.588611517444647
0.3284964229698254,-3.3944630373548628,3.6709603622713445
0.32844290542928045,-3.1749480858163777,3.6858393845071333
0.3284151360883018,-2.955736224794716,3.6935598559205687
0.328405552311751,-2.736712935931258,3.696224351017875
0.3284176554493869,-2.5178686917786326,3.6928594195921534
0.32843911903861706,-2.2990738332703198,3.686892082189047
0.32847045336813874,-2.0803128713315453,3.678180467624017
0.3285299242322637,-1.8616695706494941,3.6616462939552292
0.32864694690283114,-1.6432347345141556,3.6291114857459235
0.29897090833984463,-1.0962266639127636,11.879685655494853
0.2992571914484191,-0.8977715743452573,11.800092821167354
0.29955887113679674,-0.6989706993191923,11.71621940796959
0.29946919088685825,-0.49911531814476373,11.74115243776427
0.3068497571019439,0.10228325236731464,9.689196990844962
0.5476159001558557,-3.6142649410286474,3.6506322362384083
0.5475207472637771,-3.394628633035418,3.666504961135189
0.5474279549721045,-3.175082138838206,3.681983907555889
0.5473716139360592,-2.9558067152547194,3.691382316222331
0.5473459274351143,-2.736729637175572,3.6956671545929822
0.5473530896551815,-2.517824212413835,3.694472404267543
0.5473880331246941,-2.299029739123715,3.688643384608824
0.5474270878371905,-2.0802229337813243,3.682128556800251
0.5475110061451923,-1.861537420893654,3.668129904866319
0.5476898842034047,-1.643069652610214,3.638290746580637
0.497576497189355,-1.2936988926923232,11.997847543472858
0.4979902598451825,-1.0955785716594015,11.928826616572564
0.4979228878851185,-0.8962611981932133,11.940065125087571
0.4983854093766795,-0.6977395731273514,11.862910597946865
0.4994251865821609,-0.4994251865821609,11.68946240130235
0.5103848625542076,0.30623091753252457,9.861247642276524
0.7673174542404405,-4.055820829556614,3.572564535765693
0.7669852405996841,-3.8349262029984206,3.612148466813707
0.7667062920248586,-3.6144725195457625,3.6453857569102013
0.766566616463812,-3.394795015768311,3.662028384121342
0.7664354824951802,-3.175232713194318,3.6776532632218846
0.7663385356868603,-2.9558772090778898,3.6892046726315897
0.7662889748146446,-2.736746338623731,3.6951099513672716
0.7662807887975459,-2.517779734620508,3.696085331955672
0.7663287825312557,-2.2989863475937673,3.6903667809606446
0.7656824235593257,-2.0782808639467416,3.7673817672173584
0.7656957884093099,-1.859546914708324,3.7657893181564646
0.7663180196980541,-1.642110042210116,3.6916491944291607
0.6962127623292218,-1.292966558611412,12.044833210212033
0.6959255513575366,-1.0935972949904147,12.079054981700821
0.6973687596834778,-0.8966169767359,11.907093774051702
0.698018627947383,-0.698018627947383,11.829660648517944
0.7142322308960724,0.3060995275268882,9.897776877280918
0.7137793045452283,0.5098423603894489,9.951743973276194
0.986671659719326,-4.056316823290563,3.561383707763923
0.9862369997742134,-3.835366110233052,3.601665298450399
0.9858360773843051,-3.614732283742452,3.6388203015486056
0.9856339591260254,-3.394961414767421,3.6575513694600517
0.9854637833269805,-3.1753833018313817,3.6733222081557955
0.9844787004337601,-2.9534361013012806,3.764613587412441
0.9841974565795768,-2.733881823832158,3.7906775253130434
0.9843158598412755,-2.5154738640388152,3.779704644610973
0.9852624573340977,-2.2989457337795614,3.691979853818893
0.9853276620001808,-2.0801361753337155,3.685937089355434
0.9854345919863065,-1.86137645152969,3.6760274807484024
0.985643752974989,-1.6427395882916482,3.6566437362179443
0.8942764380523458,-1.2917326327422776,12.124000397946759
0.895363086641226,-1.0943326614503874,12.023296539287855
0.8961056727411467,-0.8961056727411467,11.954478260394637
0.9161682889668306,0.5089823827593504,10.095199290731586
0.9166548687570842,0.7129537868110656,10.050106090477684
0.9160664291853735,0.9160664291853735,10.104639024183442
1.2048366134198059,-4.052632245139347,3.644442488042941
1.2043536334501896,-3.8320342882506035,3.681063971736208
1.2039213741435366,-3.6117641224306096,3.7138396107806813
1.204019828418251,-3.393146789178708,3.706374411718997
1.2045128604234607,-3.1755339047527604,3.6689907422608456
1.204310359380654,-2.956034518479787,3.6843451857234015
1.2042018907149805,-2.736822478897683,3.6925697161823905
1.2041570332687852,-2.5177828877438237,3.6959709881557785
1.2041883969239642,-2.2989051214002956,3.6935928696851335
1.2042662672546307,-2.080096279803453,3.6876884280434723
1.204367985305985,-1.8612959772910678,3.679975756311052
1.2045547109615602,-1.6425746058566728,3.6658174661521628
1.1199677622566293,0.5090762555711952,10.079540099663916
1.1179600584886096,0.7114291281291151,10.231772273722527
1.1185422297868952,0.9151709152801869,10.187629704572515
1.1178349085481463,1.1178349085481463,10.24126164552304
1.1171573723981045,1.3202768946523054,10.292635161261316
1.4255432638367025,-4.057315443227537,3.5388725408071195
1.4249231209168767,-3.8363314793915904,3.578660158673202
1.424312080112207,-3.6155614341309867,3.6178637958663984
1.4238330774830938,-3.3952942616904545,3.648596023800806
1.4235856688439472,-3.175691107421113,3.6644694621267746
1.4233433746341044,-2.9561747011631394,3.680014764869398
1.423181629630115,-2.736887749288682,3.690392128223465
1.423103360375433,-2.51779825297192,3.695413788709118
1.42310660171079,-2.298864510455892,3.695205828562436
1.4231964744940973,-2.080056385799065,3.689439699748476
1.4232932510097747,-1.861229635935859,3.6832306358358124
1.3222986816479727,0.5085764160184509,10.162919758862103
1.3202722181543218,0.710915809775404,10.292935199702072
1.3206454372597427,0.9142929950259756,10.26898991439434
1.3198452362772768,1.1167921230038496,10.320329839254498
1.319042439957896,1.319042439957896,10.371836277784496
1.3182419079655854,1.521048355344906,10.42319743983498
1.6436255236295614,-3.615976151985035,3.607381937345835
1.6429884356744693,-3.395509433727237,3.642806756025621
1.6426793600286653,-3.1758467627220863,3.6599926855718223
1.642397165079312,-2.9563148971427617,3.6756839332767726
1.6421718136758114,-2.7369530227930188,3.6882144363955973
1.6420523598179706,-2.517813618387555,3.694856582461597
1.6420168333095364,-2.2988235666333514,3.696832008475454
1.5242471373171738,0.5080823791057246,10.2453314631546
1.52332331283086,0.7108842126544014,10.296700060940879
1.5204670612016349,0.9122802367209809,10.455519883636356
1.521473494315314,1.1157472291645638,10.399557892390945
1.520549248016232,1.3178093482807345,10.450949944773598
1.5196450287297358,1.5196450287297358,10.5012284094893
1.518741884216989,1.7212408021125878,10.551447112181734
1.8617945298553054,-3.1760024332825796,3.655515470140344
1.8614717336721962,-2.9564551064205467,3.6713526908870335
1.8611724435994224,-2.737018299410915,3.6860366406913982
1.7258686652958086,0.5076084309693555,10.324392101455658
1.7248187204715926,0.7102194731353616,10.375905126773375
1.7232884031448603,0.9123291546061024,10.450986477124289
1.7215715365627682,1.1139580530700264,10.535220419394989
1.7217119117867477,1.3166032266604542,10.528333245612089
1.720715080385204,1.5182780121045918,10.577240388197922
1.7197468941078746,1.7197468941078746,10.62474212644743
1.9271071316573247,0.5071334556992959,10.403624078852616
1.9259383136784392,0.7095562208288985,10.45493298820223
1.924793076999124,0.911744089104848,10.505206722884907
1.921434803461125,1.1124096230564409,10.652628610334546
1.9225681142248277,1.3154413413117243,10.602878400900565
1.9214866807333295,1.5169631689999967,10.650351295727035
1.9205333010726655,1.7183719009597533,10.692202868399974
2.1279854711603923,0.5066632074191411,10.482067533602418
2.126720495254648,0.7089068317515492,10.532309017683147
2.1254944736200874,0.9109262029800373,10.581003341547884
2.12429858556163,1.1127278305322823,10.628500839783598
2.1207074316758696,1.3128188862755383,10.77113193652113
2.1221306826620676,1.5158076304729053,10.714604186513228
2.1210971066825177,1.7170786101715618,10.755655079962636
2.3272155929227445,0.7082830065417048,10.606639060351696
2.325911043414223,0.9101391039446959,10.653946803506699
2.3247654377696794,1.11184433980289,10.695490660014215
2.3236209599249324,1.3133509773488752,10.73699361837049
2.3201977785800545,1.51317246429134,10.86113071150389
2.321432777764872,1.7158416183479488,10.81634511781786
2.526247555387578,0.9094491199395279,10.717890246165496
2.5250219881657814,1.1110096747929439,10.758778317834427
2.5238402242656983,1.3123969166181633,10.798204998136413
2.52034879529481,1.5122092771768858,10.914688039988178
2.5206278598755594,1.7140269447153802,10.905377728505457
2.723886361656224,1.3115008407974411,10.85569613637908
2.722746733298805,1.5126370740548918,10.890900701499021
2.718689713722752,1.7117675975291402,11.016227180897559
0.0,0.0,95.0
