-2.4590819958839827,-1.3983015270712842,9.783679360840786
-2.364423456449251,-1.4958597377536074,9.753447959698718
-2.361740217448862,-1.3977646184901429,9.799121300390354
-2.3638533863852658,-1.302531457804126,9.763151532226807
-2.366977024392793,-1.2076413389759149,9.709981843319312
-2.366819914147398,-1.110956286232452,9.712656129792876
-2.366662824757287,-1.014284067753123,9.71533006127364
-2.2705627114635365,-1.4976051926674387,9.706485975061703
-2.2659360000595377,-1.3981307234409912,9.78859181600815
-2.2649400429259305,-1.3011357693404282,9.806266118738755
-2.2701107244869747,-1.2075057045143482,9.714506957475983
-2.2699600607917376,-1.1108315191108504,9.717180642587806
-2.2698094170938,-1.0141701650844637,9.719853972826584
-2.269682935533282,-0.9175313994709011,9.72209852062388
-2.173698956262893,-1.4974370587588817,9.711009667978686
-2.173554678742601,-1.4007352374118984,9.71368381731451
-2.1683154765059185,-1.3009892859035512,9.810791177859087
-2.1696048134059174,-1.205336007447732,9.786893626751983
-2.1731371391650813,-1.1107145377954861,9.721422813532662
-2.1730187176866074,-1.0140754015870834,9.72361772731665
-2.1729003091137917,-0.9174467971813787,9.72581240189735
-2.172781913444524,-0.8208287228568203,9.72800683731387
-2.172663530676696,-0.7242211768922321,9.73020103360529
-2.076856834603042,-1.4972688807603325,9.71553454715005
-2.0767190003816522,-1.4005779304899513,9.718208095869102
-2.073093047737016,-1.3017095881139404,9.78854012916711
-2.0716139722168854,-1.204426728033073,9.817229524459137
-2.0763617915499037,-1.1106121210615765,9.725136819410494
-2.0762486541155214,-1.013981900847115,9.72733132843532
-2.0761355290483685,-0.9173622105097441,9.729525597574941
-2.0760476707375255,-0.8207630326171612,9.731229771415393
-2.076048559575265,-0.7242029858983482,9.731212530769525
-2.0760494484137646,-0.6276428564971845,9.731195290108907
-1.9800358281167907,-1.4971002602834271,9.720071331333457
-1.9799279257515439,-1.4004368255315798,9.72226639240943
-1.9798200351722937,-1.3037839256012664,9.724461213722513
-1.975074823432465,-1.2043139167271129,9.82099319949966
-1.9758794434149527,-1.108420175574242,9.804624790888177
-1.9794964340064154,-1.0138884174179201,9.731044242016026
-1.9794879005621955,-0.9173236612361394,9.731217838129588
-1.9794887480591465,-0.8207636272440364,9.731200597473517
-1.9794895955568235,-0.7242035105695696,9.731183356802667
-1.9794904430552258,-0.6276433112126325,9.731166116117066
-1.979491290554354,-0.5310830291731193,9.7311488754167
-2.305456841501311,2.6428407695258933,3.1000218250169027
-2.3071025649830696,2.7572689191261084,3.066542822509838
-2.3088822631224133,2.872024278518124,3.0303383694961354
-1.8833776708810441,-1.593627259976268,9.72159068989128
-1.8832750398240632,-1.4969622111422038,9.723785584619463
-1.8831724199518383,-1.400307696887264,9.725980240147528
-1.8830698112625412,-1.3036637154894515,9.728174656514561
-1.8801585827882958,-1.205229860761728,9.790434952945724
-1.8785334403765859,-1.1078530545810634,9.825190675209043
-1.882149845979465,-1.0134653016812503,9.747849275575696
-1.882928879313734,-0.9173243258195114,9.731188664170425
-1.8829296854705384,-0.820764221871773,9.731171423489371
-1.882930491627797,-0.7242040352414603,9.731154182798605
-1.8830504231618408,-0.6276834743872802,9.72858929552607
-1.8832802961254724,-0.5311816219841076,9.723673171977595
-2.187630709588648,2.187630709588648,3.214755328942985
-2.1886131246555154,2.3008496951506694,3.193745142410833
-2.18967323091479,2.414255100752204,3.1710734316416875
-2.1908685671912953,2.5279252698361097,3.145509656222295
-2.192278653584301,2.6419768389349265,3.1153531784333666
-2.1937021592351496,2.756189892372367,3.0849097128732623
-2.1953937175971086,2.870899476857757,3.04873360166183
-2.1970878866852117,2.9857861024183645,3.012501656775683
-2.198756887573639,3.100810995296157,2.976807965615187
-2.2003941815390275,3.2159607268647323,2.9417923670347648
-2.202024905984137,3.3312684475144634,2.9069172659397324
-1.7865320947515284,-1.4968241874945238,9.727499151994103
-1.786434755388711,-1.400178592061422,9.729693402846422
-1.7863666588952556,-1.3035648591938351,9.73122845284552
-1.786367423709174,-1.207005016019712,9.73121121219853
-1.7823849461317636,-1.1079690205683936,9.820985323777379
-1.7825776250194636,-1.0117332466326685,9.816641902972862
-1.7863697181543503,-0.9173249904035853,9.731159490180445
-1.786416610268346,-0.8207860101232941,9.730102435170792
-1.786634678485753,-0.7243113561428728,9.725186681070305
-1.7868527999489179,-0.6278131459279981,9.720269726689196
-1.7870709746773439,-0.5312913708500211,9.715351571587831
-1.7872892026905456,-0.4347460222760787,9.710432215326307
-2.0738209436419037,1.9617225142558545,3.251354421904935
-2.0744383565562523,2.0744383565562523,3.2374365291395435
-2.075105508417008,2.187273373736846,3.2223974072805177
-2.0758661104276896,2.3002840683117642,3.2052517062823824
-2.076871357713631,2.4136613076131384,3.1825911437912637
-2.0778775790721626,2.527148406979657,3.1599086234862526
-2.079174436182051,2.641113472988011,3.130674511649609
-2.080513057995748,2.755274049778153,3.100498928302599
-2.081994030742814,2.8697755558887432,3.0671144308243328
-2.0836000606595184,2.984616303106878,3.03091086002231
-2.085214238915087,3.0996427875764803,2.9945236071108283
-2.086768560250468,3.2147515657912615,2.959485665457777
-2.088314494210177,3.3300150042810928,2.924636794348082
-2.0899209695421637,3.445545382218161,2.88842318287152
-2.0914927538943506,3.56119036473903,2.852991585061268
-1.6898060762413638,-1.4966853818137793,9.731233760201391
-1.689806799713733,-1.4001256340485217,9.731216519560512
-1.6898075231865592,-1.3035658036010602,9.73119927890874
-1.6898082466600055,-1.2070058904714327,9.731182038242196
-1.687736842056218,-1.1090842104940863,9.780544452634437
-1.6858665021565644,-1.0115199012939387,9.8251154133305
-1.6875934735004552,-0.9161221713288185,9.783960983643134
-1.6902026397031444,-0.820955567855813,9.721783491578137
-1.6904090056901788,-0.7244610024386481,9.716865706153776
-1.6906154220760472,-0.6279428710568176,9.711946719704699
-1.6908218888792144,-0.5314011650763246,9.70702653179088
-1.6910328612495735,-0.43483702146417613,9.701998974377936
-1.9610254671389693,1.8489668690167427,3.267965338271395
-1.9614876752291626,1.9614876752291626,3.2569507314476738
-1.9619861783108103,2.0740996742142856,3.245071200212138
-1.962617061823341,2.1869161546031517,3.2300369894539784
-1.9632483511817092,2.299805211384288,3.2149931072244016
-1.964124958773035,2.413067806492586,3.194103191703654
-1.9650763216264153,2.5265266992339623,3.1714318278763827
-1.9661441168002545,2.6402506711317706,3.145985834485849
-1.9674095532181053,2.754373374505348,3.1158299698465726
-1.9686830982392192,2.868652514577148,3.085480873892813
-1.970201126458891,2.983447420066321,3.0493056438573376
-1.9717214976886595,3.0984194963678937,3.013074578938074
-1.9732202255555327,3.2135300816190107,2.9773592841615084
-1.974689620986824,3.328762503949218,2.9423429932578102
-1.976153057030227,3.4441524708241102,2.907468716991886
-1.9776836540919258,3.559830577365467,2.8709939663376787
-1.9791715783779373,3.675604359844741,2.8355361252881295
-1.593246883302512,-1.4966864661326624,9.731204586278693
-1.5932475654344385,-1.400126648412082,9.731187345616696
-1.5932482475669487,-1.3035667480093216,9.731170104939942
-1.5932489297000434,-1.2070067649242753,9.731152864248415
-1.5933652321389207,-1.1105272830059145,9.728213358032306
-1.590540040435907,-1.0121618439137587,9.799619157023976
-1.5900379156783564,-0.9154763756935991,9.812310196526944
-1.5939489092168788,-0.82112519565718,9.713461110225452
-1.594143563281558,-0.7246107105825264,9.708541292217859
-1.5943413682244356,-0.6280738723308382,9.70354183679131
-1.594539682236694,-0.5315132274122313,9.698529514802168
-1.5947380455901292,-0.43492855788821705,9.693515945730873
-1.5949364583031587,-0.3383198547915791,9.688501129111934
-1.8482971364367806,1.7362791281678847,3.2848926108284857
-1.8487456066770773,1.8487456066770773,3.2735576717522434
-1.8491812985685536,1.9612528924211932,3.2625457012753785
-1.8496171958571432,2.073813219597403,3.25152853945346
-1.8501653518026353,2.186559052130387,3.2376740766861616
-1.850760373091629,2.2994295544471752,3.2226351076447557
-1.8514339931809556,2.4124745971751844,3.20560957955621
-1.8523305513678974,2.5259052973198597,3.182949363751092
-1.8532279783186103,2.639445908514384,3.160267190224971
-1.8543799693926395,2.7534732878860404,3.131150991496021
-1.8555738508911461,2.8677050422863166,3.100976025948974
-1.8568909796845114,2.982279452220579,3.067686025215629
-1.8583233498592242,3.097205583098707,3.031483336149222
-1.8597638754711097,3.21231942126828,2.995074521067778
-1.8587879140780839,3.323287482745665,3.019741627013083
-1.8590900364820329,3.436499764406182,3.01210558177614
-1.8598722230326084,3.550665153062252,2.9923360717833063
-1.8613669801007622,3.666328900198471,2.9545565743297004
-1.496687550452973,-1.496687550452973,9.731175412317583
-1.4966881912444994,-1.4001276627771122,9.731158171630604
-1.4967414017944178,-1.303613478982235,9.72972652592724
-1.4969241110094402,-1.2071968637172905,9.724810680046076
-1.4971068648370218,-1.1107567061694035,9.719893633850702
-1.4972896632935058,-1.0142929977149555,9.714975386901422
-1.4939742387089603,-0.9156616301764595,9.804177873411277
-1.4948197729595387,-0.8197398754939406,9.781428522413385
-1.4978435595559723,-0.7247630126883737,9.70007264288762
-1.4980298866174944,-0.6282060814847558,9.695059457768181
-1.4982162600417936,-0.531625124530959,9.690045025244423
-1.4984026798461754,-0.43502013285856705,9.685029344850712
-1.498599968746951,-0.3383935413299567,9.67972122817931
-1.7356424758946265,1.623665541965941,3.3020219299755738
-1.7360646348362458,1.7360646348362458,3.2906636178395203
-1.7364869991905958,1.848518418493215,3.2792997790127316
-1.7369018040047033,1.9610181658117618,3.268139331869058
-1.7373111852643517,2.073564963057452,3.257124807074433
-1.7377503603616355,2.1862020662614126,3.24530867019908
-1.7383091372242536,2.299054020199819,3.2302746121836847
-1.7388682735231715,2.4119785729514964,3.2152308834275303
-1.7396402273552194,2.525284200999512,3.194461235518645
-1.740482850138721,2.638796579242577,3.1717902184101305
-1.7414242340743527,2.752573789343332,3.1464620030707735
-1.742545026398822,2.8667676240754814,3.1163067515624547
-1.7436672617998665,2.981108544367514,3.086112673648813
-1.7419053373693991,3.090477211461837,3.1335177755391683
-1.74254576618843,3.204035763636791,3.1162868473025753
-1.74393957292574,3.3191108000844736,3.078786061653041
-1.7460212249381184,3.4357191845556523,3.02277859388618
-1.7485008881547113,3.5534050307660268,2.9560625160546437
-1.7516418573998018,3.6727974429350683,2.871553802443991
-1.7529597028889992,3.788654841727837,2.8360967768128944
-1.4002957409237646,-1.4002957409237646,9.72632410365074
-1.4004666913326855,-1.3038827815856038,9.721407427007364
-1.4006376834865175,-1.2074462788676876,9.716489549745447
-1.400808717400553,-1.1109862241452664,9.71157047142517
-1.4009797930900918,-1.0145026087893767,9.7066501916065
-1.3991673473295503,-0.916695848250395,9.758777646547998
-1.3980579227069514,-0.8195511960695921,9.790685625967043
-1.3996539734909434,-0.7239589518056605,9.74478187141716
-1.4016778494679643,-0.6283383463132253,9.686573506733303
-1.4018522722374718,-0.5317370687797307,9.681556962097197
-1.4020886915814974,-0.4351309732494303,9.674757344160327
-1.402338119144423,-0.33849540806934353,9.667583598975426
-1.6233133890487206,1.5113607415281192,3.312150142209319
-1.623531140694125,1.623531140694125,3.3058874228875155
-1.623859859364835,1.7358501944934444,3.296433199170089
-1.6242548767901932,1.8482900322095304,3.2850721678555317
-1.6246491818868596,1.9607834953806926,3.2737316237095158
-1.6250320597888883,2.0733167659375473,3.262719735232295
-1.6254151181520178,2.185903089928576,3.2517026565429887
-1.6258946255909739,2.2986786085941353,3.2379116218193715
-1.626417517766093,2.411584595308345,3.222872805822128
-1.627005308697308,2.524663410047547,3.2059674473562367
-1.6277931811107966,2.6381475693864638,3.1833075782291758
-1.6275450960744364,2.7499899899188756,3.190442711227945
-1.6263720143941887,2.86017147358978,3.224181520830463
-1.6271611352002309,2.9737772470900774,3.2014857468901354
-1.6287582457763674,3.0890242592310413,3.1555515118323925
-1.6315108275729624,3.206762661091685,3.0763849587147476
-1.6343187966154686,3.3249934138038846,2.9956254221112317
-1.6355370972677268,3.4402676873562528,2.9605860770790215
-1.636748717932131,3.555695490680147,2.925738854080727
-1.638007264120091,3.6713955919933072,2.88954201380394
-1.3039929689766272,-1.4005850407526736,9.718003598770345
-1.3041521954779067,-1.3041521954779067,9.71308489023118
-1.3043114608692348,-1.2076957971011433,9.708164980329101
-1.3044735272415982,-1.1112181898724725,9.703158544570918
-1.304635787247639,-1.0147167234148302,9.698146127222891
-1.3047980876323915,-0.9181912468524235,9.693132462525263
-1.302373262308452,-0.8200127947868031,9.768038391695413
-1.302081291301011,-0.7233784951672283,9.777057746362814
-1.3053214479913633,-0.6284881045884342,9.676965197364929
-1.3055536482225905,-0.5318922270536479,9.669792237769911
-1.3057859310795037,-0.43526197702650127,9.662616725762675
-1.306018296606213,-0.33859733615716636,9.655438659980597
-1.5110599808174803,1.3991296118680374,3.321441021954705
-1.5112577935320677,1.5112577935320677,3.3153303363553945
-1.5114605002027677,1.6234205372548245,3.309068470245755
-1.5116827997495448,1.7356358071198474,3.30220135534843
-1.512050483743836,1.8480617023535773,3.290843130505813
-1.512418346759505,1.9605423013549137,3.2794793754658187
-1.5127798097871692,2.0730686282268613,3.268313324171096
-1.513136364995027,2.185641416103928,3.2572988816537887
-1.5135168202046707,2.2983033195700555,3.2455461377737933
-1.5140034918824972,2.411190746331384,3.230512232498853
-1.5126099289934798,2.521016548322466,3.2735611573134804
-1.5119850636316425,2.6319739996550817,3.2928640407305068
-1.5127345827445002,2.7453331316474263,3.2697104448714143
-1.514192043833997,2.8601405272419944,3.224687623614855
-1.5176850728519673,2.9791595874501584,3.116783527750215
-1.5186624837583458,3.093571726174408,3.0865900654003724
-1.5198324059418313,3.2085350792105327,3.050449685577725
-1.5210052067491089,3.3236780443776825,3.014220381415754
-1.5221627668347522,3.4389603250711067,2.978461882471791
-1.5232963449281605,3.554358138165708,2.943444217679456
-1.5244252278091706,3.6699125854665215,2.9085715939520895
-1.2077996159079967,-1.3044235851806365,9.704701318165398
-1.2079498451571529,-1.2079498451571529,9.699689284392775
-1.2081001117827648,-1.1114521028401436,9.69467600364554
-1.208250415798784,-1.0149303492709782,9.689661475458259
-1.208400757219167,-0.9183845754865669,9.684645699365262
-1.2085648000558595,-0.8218240640379845,9.679172808817796
-1.2059455168935578,-0.7235673101361346,9.766558825477446
-1.206817246806472,-0.6275449683393653,9.737475675633618
-1.2092099595875565,-0.5320523822185248,9.65764862907411
-1.209425165859887,-0.43539305970955927,9.650468794847022
-1.2096440793784857,-0.338700342225976,9.643165277358484
-1.3990406098454546,1.3990406098454546,3.3244103581227336
-1.3992174625554559,1.5111548595598923,3.3185100972861505
-1.3994051283485067,1.6233099488842677,3.312249084214322
-1.3995928444923764,1.7354951271705465,3.3059863913098013
-1.3998738097760959,1.8478334289044465,3.296612667492056
-1.4002143394305344,1.9603000752027482,3.285251723213797
-1.400554425610856,2.072820549904067,3.273905574371625
-1.4008844903099709,2.1853798048835547,3.2628937678931393
-1.3992932450554156,2.2948409218908816,3.3159817983609656
-1.398748099194048,2.4058467306137628,3.334169265072866
-1.3992098163092364,2.5185776693566253,3.3187651957073996
-1.400579212696296,2.6330889198690364,3.273078613509817
-1.4032592468695535,2.750388123864325,3.1836657870222496
-1.403939094977728,2.864035753754565,3.16098430723342
-1.404804747279149,2.9781860642317954,3.132103922125708
-1.4057091658441991,3.092560164857238,3.1019301948516684
-1.4067013263124348,3.2072790239923514,3.068829172230622
-1.4077864025438702,3.322375910003534,3.032628240998015
-1.4088790022314972,3.437664765444853,2.996176307935002
-1.409929282250518,3.5530217912713056,2.961136267758974
-1.111547810801657,-1.2082041421757141,9.691205282426004
-1.111686114313635,-1.111686114313635,9.686189890538344
-1.1118244522465195,-1.0151440650946482,9.681173250422546
-1.1120165029158893,-0.9186223284957346,9.674208789756285
-1.112214330158697,-0.8220714614216456,9.66703484938018
-1.1107027727532197,-0.7243713735347084,9.721849457055285
-1.1100040237319746,-0.627393578631116,9.7471886557679
-1.1121998256029186,-0.5319216557231349,9.66756083769635
-1.113024088851122,-0.4355311652026129,9.637670033412263
-1.1132430936730733,-0.33881311546571796,9.629728116452505
-1.2868743241141722,1.2868743241141722,3.333223767833971
-1.2870354896137866,1.39895161914542,3.3273793165414745
-1.2871966954759868,1.5110569903413757,3.3215334015537863
-1.2873650220112292,1.6231993755793757,3.3154292648817787
-1.2875376973321708,1.73537689640423,3.3091674253126726
-1.2877248446166205,1.847605211841238,3.3023807793424993
-1.2880380545008945,1.9600579090230998,3.2910226417922956
-1.2868879745565647,2.0702110895040384,3.332728752797415
-1.2860411799735276,2.180678522563808,3.363436625804667
-1.2863369985917565,2.2930355192287832,3.352709159257614
-1.2877650798247409,2.407560801411472,3.300921703332648
-1.2897001257574543,2.523326333003715,3.2307498506126393
-1.2901149603597046,2.636321875517657,3.2157064285831396
-1.2906810675983207,2.7497118396659874,3.1951773067156353
-1.2913062202302708,2.863331183988861,3.1725069826292156
-1.2919981710609298,2.9772131767925774,3.1474143112059494
-1.2928296925782217,3.091549264860965,3.117260295500955
-1.2936622849294284,3.2060326191729307,3.0870674474362403
-1.2946562762186968,3.3210747955175264,3.051021682745933
-1.295655304405612,3.436303198640971,3.014793261699076
-1.296641969760068,3.5516714823862734,2.9790131622366616
-1.0152638250509398,-1.1119556179129342,9.676416702957717
-1.0154444301475314,-1.0154444301475314,9.669243548082513
-1.0156250995111709,-0.9188988995577261,9.662067840690817
-1.0158058331761675,-0.8223190078092785,9.654889579419958
-1.0159866311768557,-0.725704736554897,9.647708762906255
-1.0139421483979765,-0.6276784728177949,9.72891019016027
-1.0141465733778612,-0.5312196336741177,9.720790972769692
-1.0165777973491452,-0.43567619886391945,9.624229212268745
-1.0167778914844336,-0.3389259638281446,9.616282004525829
-1.1747664902372534,1.1747664902372534,3.341394369804206
-1.1749020884427084,1.2867975254372523,3.336008769137976
-1.1750446174032496,1.3988626397657733,3.3303478972829836
-1.175191786649854,1.5109608685498124,3.3245027255869317
-1.1753401780716712,1.62308881733707,3.3186090123366725
-1.1754978166697352,1.7352586817505613,3.312348025799956
-1.1756554975668239,1.8474586390335805,3.30608535925829
-1.1736438043615178,1.9560730072691963,3.385984471716256
-1.1737792886988052,2.068087318183609,3.3806033935912936
-1.1748094347119955,2.1817889501794205,3.339688729298082
-1.1767385901065748,2.2974420092556938,3.263067799519213
-1.1770159730175545,2.4100803257026118,3.2520508868310216
-1.1773600086546254,2.5229143042599116,3.2383867048457233
-1.1777386469881461,2.6358912575448987,3.223348195638124
-1.1781582377042474,2.7490358879765777,3.2066831665354414
-1.178728748562471,2.862626960794572,3.184023990126505
-1.1792998122324276,2.9763280975389845,3.1613428575033993
-1.18002399156878,3.0905390255372813,3.1325803771796856
-1.180783687683083,3.2049842951397975,3.1024072647436185
-1.1816147236298284,3.3197746997218993,3.069400723591876
-1.182526165504338,3.434956956941172,3.0332006724915104
-0.9190120759870187,-1.01575018924881,9.657099608463056
-0.9191756372082807,-0.9191756372082807,9.649919578700981
-0.9193433303348653,-0.8225703481943532,9.642558166072227
-0.9195242035396526,-0.7259401606891994,9.634618172817632
-0.9191680771043351,-0.6289044738082293,9.650251453034727
-0.9177265303052234,-0.5313153596503926,9.713532644268092
-0.9186833766199575,-0.43516580997787463,9.671528892006329
-0.9202495803254376,-0.33903931906726653,9.602775497209883
-1.0628216669147046,1.1746976318530946,3.3441292419830617
-1.0629443366228055,1.2867220917012911,3.3387442726836554
-1.063067990495309,1.3987736717043542,3.3333161004193457
-1.0632011266855137,1.5108647589741513,3.3274716722553634
-1.063334296195872,1.6229839257726468,3.321625781399355
-1.0616811810807654,1.7322166638686172,3.3941944234956694
-1.0614649705740142,1.843597054154867,3.4036856577953927
-1.0620299261725517,1.9563709166336478,3.378885170366587
-1.064027347101546,2.072053254881958,3.291202151085429
-1.0642862098385628,2.1845874833528396,3.2798385641561367
-1.0645408280277322,2.29716704995458,3.2686613048883473
-1.0647917334619692,2.409791817834983,3.25764702857402
-1.065056573128546,2.522502410041293,3.2460210656866906
-1.065399038813886,2.6354607802238235,3.2309874666816327
-1.0657417247852286,2.748491816551379,3.2159441975356913
-1.0662066391059792,2.8619230839160497,3.1955353339062285
-1.0667230616434455,2.9755959087948747,3.1728653565105844
-1.067291990494907,3.0895294461694673,3.1478904507567904
-1.0679788854848928,3.2039366564546787,3.1177370535550324
-1.0686666651733239,3.3184912234329538,3.087544819756694
-1.0694856331738585,3.4336117696634405,3.0515936659767675
-0.8228442343224333,-0.8228442343224333,9.629120599902507
-0.823006176045633,-0.7261819200402645,9.621175317545969
-0.8231681815239954,-0.6294815505771729,9.61322690719524
-0.8218142861729695,-0.5317621851707449,9.679652536320091
-0.8215632838032336,-0.4349452678958296,9.691967365755687
-0.8236640257795117,-0.33915577532097546,9.588899497698158
-0.9508426918664553,1.062706537968391,3.349183186033059
-0.9508899660091106,1.174628781540666,3.3468637935742223
-0.9509997102500254,1.2866466668088579,3.3414794555306173
-0.9511094798226553,1.398690411503905,3.3360938746471476
-0.9498272854347274,1.5085492180433906,3.3990016679370214
-0.9494214171223663,1.6196012409734484,3.4189146235210615
-0.949720241850186,1.731842793962104,3.4042535047511038
-0.9515914540069775,1.847206940131192,3.312446966936527
-0.9517190999095451,1.9594216762843575,3.306184326787246
-0.9519068748412148,2.0717973158308793,3.2969715999981446
-0.9521384315935704,2.1843175783617204,3.285610823154009
-0.9523699185269523,2.2968921564473557,3.274253471810404
-0.9525943591525647,2.4095033790329583,3.2632418306623734
-0.9528189055508952,2.5221676911641344,3.2522250000295543
-0.9530961178564689,2.635030443485532,3.2386242429363747
-0.9534026314802357,2.7480428789724445,3.223585886922656
-0.9537398510373268,2.8612195531119804,3.207041017914868
-0.9542016861034737,2.9748640802049473,3.1843821877493994
-0.9546639686652455,3.0886187221522645,3.1617014022840593
-0.9552478059925827,3.202889702445719,3.1330568237015513
-0.7265694885797431,-0.6296935567691107,9.599624846959792
-0.7267169645929022,-0.532925774034795,9.59142454905112
-0.7251563086059118,-0.43509378516354713,9.678203705553415
-0.7256545082482007,-0.33863877051582697,9.650501671865044
-0.8389594464108203,1.0626819654537056,3.3502618731779066
-0.8389976424628135,1.1745966994479389,3.3481380091096398
-0.8380124423202183,1.284952411557668,3.4029193562309956
-0.8374704075068877,1.3957840125114795,3.433058813156684
-0.8375650409212119,1.5076170736581813,3.427796790045605
-0.8385606171305354,1.6212171931190351,3.372438489177867
-0.8394727829916915,1.734910418182829,3.3217181608792856
-0.8395823256369793,1.8470811164013545,3.315627120676737
-0.8396949390284696,1.959288191066429,3.309365333834627
-0.8398140973078956,2.071541440026142,3.3027396231943342
-0.840018361559881,2.1840477400556906,3.2913816560070543
-0.840222725307612,2.2966087825074726,3.2800181564302235
-0.8404238404436303,2.40921500927174,3.268835293577041
-0.8406219221916128,2.5218657665748383,3.257821100089359
-0.8408298661399752,2.634600247238589,3.2462585260249455
-0.8411002310290214,2.7475940880281366,3.2312250803361806
-0.841370769835894,2.8606606174420395,3.2161819640714597
-0.8417356447651514,2.974132611503535,3.1958933554006563
-0.842143340529656,3.0878589152754055,3.173223724906684
-0.6292337430942678,-0.4356233606037239,9.629125934853185
-0.6288133577356259,-0.33859180801149086,9.65609734978257
-0.6298267619232691,-0.24224106227818046,9.591078565768775
-0.7270784246224987,0.950794862967883,3.351529796260799
-0.7268713941754773,1.0623504991795436,3.364812618735094
-0.7256705121185195,1.1722369811145315,3.4418597555433124
-0.7256813409080671,1.2838977569911958,3.441164993534919
-0.7263077109545144,1.396745597989451,3.400977850774659
-0.7273176875043795,1.510582889432173,3.3361789798449877
-0.7274056940769509,1.6226742406331982,3.330532584849209
-0.7274967980997411,1.734800057007075,3.324687461202778
-0.7275884553807446,1.8469553098126597,3.3188068411801623
-0.7276860403556976,1.9591547240345704,3.3125459075005637
-0.7277836515145037,2.0713842389258956,3.3062832938966977
-0.7279259894700127,2.1837779684100385,3.297151063243767
-0.7281030609611899,2.2963250384160605,3.2857903710537855
-0.7282801676817844,2.4089267084859025,3.274427418587109
-0.7284517974536666,2.521563914262692,3.2634158605094754
-0.7286235081264031,2.6342542216877654,3.252399111931119
-0.7288345054572677,2.7471454436466245,3.2388617789989667
-0.7290688958466937,2.860193360629337,3.2238235757915703
-0.7293248968212833,2.973401502425232,3.2073988636410675
-0.5324075204375454,-0.33880478573298345,9.630720621051232
-0.5324370726605338,-0.24201685120933353,9.628479852654301
-0.6141957982217238,0.9492116881608458,3.4292044721449955
-0.6143905778740529,1.0612200890551824,3.4144354955615057
-0.614282678996218,1.172721478083689,3.4226168224150726
-0.6152644952033371,1.2864621263342506,3.348171569028338
-0.6153155631335885,1.3984444616672465,3.344299393177174
-0.6153865819172372,1.5104943374332185,3.3389144633852084
-0.6154579801202126,1.6225710384987422,3.333500764493998
-0.6155350583413314,1.7346897098710246,3.327656383783861
-0.6156121558581842,1.8468364675745528,3.321810539993564
-0.6156924007724491,1.9590212751850653,3.315726047873625
-0.6157749835776543,2.0712431265793825,3.3094642874603153
-0.6158613050924207,2.183508263509492,3.3029190430521282
-0.6160110977735473,2.2960413644286763,3.2915611595489978
-0.6161609633698548,2.408629220445796,3.280197747323605
-0.6163085216937602,2.5212621342017463,3.2690092817708774
-0.6164537805604996,2.63393888057668,3.2579951703081917
-0.6166054368023952,2.7466969457561246,3.2464959841328778
-0.4368429960411145,-0.3397667746986446,9.516097679022167
-0.43578330113767416,-0.24210183396537452,9.614303637111696
-0.4362040744623288,-0.1454013581541096,9.575308972371808
-0.5027786985593846,0.7262358979191111,3.405585288059001
-0.5023929789642289,0.837321631607048,3.441331390331655
-0.5024646245446147,0.9490998463620499,3.434691721836664
-0.5033623379616111,1.0626538245856234,3.3514972043205944
-0.5033636666903718,1.174515222277534,3.351374065971477
-0.5033865832308728,1.286432379367786,3.349250302982057
-0.5034104991386696,1.3983624976074156,3.3470339248234495
-0.5034685986052277,1.5104057958156831,3.341649626230236
-0.5035267114833925,1.6224749592242647,3.336264084732413
-0.5035875609983225,1.7345793767719995,3.330624928694597
-0.5036506327603455,1.8467189867879334,3.324779828564594
-0.5037140171615406,1.9588878445171023,3.3189057549731302
-0.5037815757060052,2.0711020334580215,3.3126448476452452
-0.5038491523756644,2.1833463269612126,3.3063822605866164
-0.5039468254798559,2.2957577605193435,3.297330522444284
-0.5040694124930666,2.4083316374668735,3.2859699175733965
-0.3392923874892831,-0.2423517053494879,9.57262187996308
-0.3391796458414555,-0.1453627053606238,9.586055276628208
-0.39146101936843775,0.5033070249022771,3.3566232759560535
-0.39089529703428444,0.6142640381967327,3.424030242799617
-0.39083867182752635,0.7258432476796918,3.4307772513655124
-0.39113669018935027,0.8381500504057505,3.395267757358525
-0.3916089288673887,1.6223798481648957,3.3389995582950576
-0.3916543033532662,1.7344690577073214,3.333593096007043
-0.3917033529280913,1.8466015209467161,3.32774873939546
-0.3917524147900897,1.9587620739504483,3.3219029187421896
-0.24238613565182182,-0.14543168139109308,9.566878463182775
-0.24261940516729444,-0.048523881033458886,9.527966111019666
-0.27950405644190324,0.3913056790186646,3.375132394607519
-0.2793461668632685,0.5028231003538833,3.401470404845462
-0.27941159069609617,0.6147054995314116,3.390556868982486
-0.14559158434081002,-0.14559158434081002,9.522422019179942
-0.1455450429183984,-0.0485150143061328,9.535361531195932
-0.1680039146315242,0.1680039146315242,3.291314285983951
-0.16780959092179537,0.27968265153632565,3.345340438317443
-0.1677555274668092,0.39142956408922147,3.360371236457482
-0.046492686361667646,-0.046492686361667646,11.222112948432923
-0.04649270360589089,0.04649270360589089,11.222098565642987
-0.055990199350193136,0.1679705980505794,3.3005770088903077
-0.05602769090307166,0.2801384545153583,3.26930664538407
0.055951611391656074,-0.2797580569582804,3.332761845147367
0.055965666269958414,-0.16789699880987521,3.321039173777251
0.04649272343369499,-0.04649272343369499,11.222082027980662
0.04649274067794573,0.04649274067794573,11.22206764516779
0.16654878081091934,-2.831329273785629,3.6958726467074925
0.16654578967481545,-2.720247898021986,3.6967042465931925
0.16655617788720423,-2.6093801202328666,3.693816101107636
0.16656656739559322,-2.498498510933898,3.6909275953062846
0.16657757591323843,-2.387611921423084,3.687866991676927
0.1665888571834898,-2.276714381507694,3.684730556982636
0.1666050092373879,-2.165865120086043,3.680239940137085
0.1666304261480431,-2.0551085891591985,3.673173494725866
0.16665585081380443,-1.944318259494385,3.6661048932290825
0.1667147446551219,-1.833862191206341,3.6497311442564992
0.16677376288675413,-1.7233288831631262,3.6333228121128514
0.16683397256011143,-1.6127284014144105,3.616583233657444
0.16748199879537415,-0.5024459963861225,3.43641806415107
0.16753928437482526,-0.39092499687459237,3.420491446414829
0.16770395356316345,-0.2795065892719391,3.374709886016433
0.16796473149106955,-0.16796473149106955,3.302208038053948
0.14530784820475168,0.0484359494015839,9.60130674060995
0.1452523928875214,0.1452523928875214,9.616724506257626
0.27763427063458473,-3.165030685234266,3.6870366897596227
0.2776108472860066,-3.053719320146073,3.6909440052391673
0.2775890528316512,-2.942443960015503,3.694579600234775
0.27758306537218613,-2.8313472667962984,3.6955783853987754
0.27757707817100863,-2.7202553660758846,3.6965771274770916
0.2775885284973624,-2.6093321678752064,3.694667065930659
0.2776058437082396,-2.4984525933741564,3.691778666295285
0.2776237540527767,-2.3875642848538794,3.6887909907193475
0.2776425554195815,-2.276668954440568,3.6856546811815463
0.2776625369956953,-2.165767788566424,3.682321497567983
0.27770489470589216,-2.055016220823602,3.6752556873069935
0.2777472653413518,-1.9442308573894624,3.668187720946108
0.2778289403717219,-1.8336710064533646,3.654563276542163
0.27792728357921753,-1.7231491581911487,3.6381583660455306
0.2780267670170658,-1.6125552486989814,3.6215632504767257
0.2781281207459047,-1.5018918520278854,3.6046561463416893
0.2782322094421796,-1.3911610472108977,3.5872928145002376
0.27837604179849135,-1.28052979227306,3.5632997295490654
0.2788845255058391,-0.8366535765175173,3.4784781143052967
0.27866409674162007,-0.7245266515282122,3.5152484641848787
0.27876656800238386,-0.6132864496052445,3.4981549413670407
0.27901201525191494,-0.5022216274534469,3.4572111867068145
0.27953862618724873,-0.3913540766621482,3.36936571694136
0.24208109393659097,0.048416218787318194,9.61776334037495
0.24167402709657426,0.14500441625794455,9.685667319172012
0.24204968007740982,0.24204968007740982,9.62300357568295
0.38882396394223345,-3.3883231143537484,3.6708337939919815
0.38875864472135246,-3.2766800055085423,3.6786167120250113
0.38869764157309816,-3.165109367095228,3.685885361225303
0.3886648472547015,-3.0537952284297973,3.689792870968809
0.3886320584679181,-2.942499871257094,3.6936997216093417
0.38861876118136507,-2.8313652600356596,3.6952841203499887
0.38861037899318096,-2.720272652952267,3.696282875122236
0.38861679831829,-2.6092842172799466,3.695517999478028
0.3886410387225544,-2.498406677502135,3.6926297060027977
0.38866550119298576,-2.387516650185484,3.689714952892068
0.38869182205618213,-2.2766235291862094,3.68657876850326
0.38871814648903663,-2.1657153875817756,3.6834421587824266
0.38876937906852116,-2.0549238607907547,3.677337692725253
0.3888286926260458,-1.9441434631302288,3.6702703616971775
0.3889199706337733,-1.833479861559217,3.6593944014089175
0.38905762241660063,-1.7229694707020884,3.642992911489152
0.38919568731474846,-1.6123821331611006,3.626542198038642
0.3893375520649418,-1.5017305579647755,3.6096387244876667
0.3894795202726417,-1.390998286688006,3.5927229237643488
0.3896671091372838,-1.2803347871653612,3.5703713289699195
0.3898686213313443,-1.1696058639940328,3.546360741154011
0.3897877879978682,-1.057995424565642,3.555992197259833
0.3895698510586251,-0.9460982097138038,3.5819598268736286
0.38964874425119794,-0.8349615948239956,3.5725595425028516
0.3900259412734745,-0.7243338909364525,3.527615750046536
0.3908057449300282,-0.6141233134614729,3.4347005581786405
0.33799860140295573,0.1448565434584096,9.726779123824173
0.3378471737386089,0.24131940981329206,9.744822038048348
0.5000290118368744,-3.500203082858121,3.6604092172422824
0.4999412738087868,-3.3884908558151103,3.6685402340861515
0.49985728363869236,-3.2768421927425386,3.6763239226718483
0.49977332169502486,-3.165231037401824,3.684104995407175
0.4997243684433958,-3.053871140487418,3.6886416794680486
0.49968220933805685,-2.942573010546335,3.692548724145311
0.4996558682653619,-2.8313832535037173,3.6949898515610613
0.49964509102929106,-2.7202899400483624,3.6959886190274815
0.4996409875749556,-2.60923626844699,3.696368901751484
0.49967215266354836,-2.4983607633177414,3.693480714430528
0.4997033216558478,-2.387471425689051,3.6905921653382237
0.49973665735855116,-2.2765781057445107,3.6875028189499943
0.49977050170397513,-2.165672174050559,3.684366334705821
0.49982388058204985,-2.054831509059538,3.679419511005854
0.4999001340153959,-1.9440560767265394,3.6723528152474287
0.4999878426849367,-1.8332887565114346,3.664224519171789
0.5001647866502579,-1.7227898206842214,3.6478264487591474
0.5003418559350068,-1.6122126469016884,3.6314167645183986
0.5005230995139837,-1.501569298541951,3.614620232551303
0.5005221672323311,-1.3903393534231419,3.6147066306387217
0.5000920631168617,-1.2780130501875355,3.6545660152604498
0.500191007599085,-1.1671123510645314,3.6453964536792256
0.50039111740411,-1.056381247853121,3.6268515167716373
0.5008315909160473,-0.9460152272858671,3.586031160731025
0.4344882010447757,0.14482940034825856,9.734325489658133
0.43364278249928284,0.240912656944046,9.812673642487056
0.4341820628319318,0.33769715998039135,9.762696482481203
0.6112840151438269,-3.6121328167589772,3.649987575407529
0.6111778439495156,-3.5003821971654077,3.658037902348113
0.611071709633498,-3.3886703897857613,3.666085433028165
0.6109669212942941,-3.2770043960330324,3.674030906333087
0.61086429097221,-3.1653876895832695,3.681812750101116
0.6107894112638436,-3.0539470563192177,3.6874904307326233
0.6107378809066585,-2.9426461534593544,3.6913976696536537
0.6106943866510828,-2.8314012472004744,3.6946955790319294
0.6106812143062432,-2.7203072273641746,3.6956943591927782
0.6106680425301303,-2.6092179999014657,3.696693096230497
0.6106991857562156,-2.498314850820882,3.6943316915802242
0.6107372797844256,-2.3874275482482092,3.69144324915888
0.6107770615919265,-2.276532684115362,3.688426832523959
0.6108184252494199,-2.1656289622479434,3.685290473660899
0.6108684005923555,-2.054739165628832,3.6815011421740493
0.6109615908560305,-1.9439686981782789,3.6744350815996114
0.6110548095324224,-1.8331644285972675,3.6673668666587247
0.6107987368657622,-1.7213418948035117,3.686783326090442
0.610406867823532,-1.6092544697165843,3.7164964128491604
0.6104675632416817,-1.4984203825023097,3.7118942421467267
0.6106164909760221,-1.3877647522182321,3.700601942387479
0.6111101446509217,-1.2777757569973818,3.6631711354332737
0.6117500271206914,-1.167886415412229,3.6146526731647555
0.6127808530779871,-1.0584396553165232,3.536491303417492
0.5295585902956935,0.24070845013440614,9.846737961927651
0.5292244686572198,0.33677920732732175,9.872072408291238
0.722679603650602,-3.7245794957377183,3.6337528166256874
0.7224699642947259,-3.6123498214736296,3.6472030235290163
0.7223380521820052,-3.5005613298051026,3.6556663447490862
0.7222126078782598,-3.3888437754287577,3.6637146991869685
0.7220875593215471,-3.277166615382406,3.6717376629750405
0.7219662569299458,-3.165544357308224,3.6795202773514646
0.7218599761278399,-3.0540229759254767,3.6863391247582413
0.7217990735870298,-2.94271930000866,3.6902465579375345
0.7217381812946578,-2.8314344035405807,3.6941533335894476
0.7217187488509431,-2.7203245148997093,3.6954000956180195
0.7217031820084434,-2.6092345811074495,3.6963988453593473
0.721722138225534,-2.4982689400114637,3.6951826374535983
0.721767156778174,-2.3873836724201145,3.6922943016973306
0.7218130350215253,-2.2764872642986567,3.689350809227342
0.7218619173933578,-2.165585752180074,3.6862145755162317
0.7211929421069274,-2.0526260659966398,3.7291352188186266
0.7207361451922617,-1.94044346782532,3.7584427550366186
0.7206593219714718,-1.8293659711583516,3.763371639740953
0.720837229590651,-1.7189195474853984,3.7519573025920963
0.7212833480577645,-1.6090166995134747,3.7233348826223605
0.7221559561131757,-1.4998623703889036,3.66734940774937
0.7230860589773467,-1.3905501134179745,3.6076751356538708
0.7233497365309955,-1.2797726107856078,3.590757903498101
0.7237109240431189,-1.169071492685038,3.567584550629057
0.7240852060877256,-1.0582783781282143,3.5435710684318735
0.6260856910395702,0.2408021888613732,9.831101137940287
0.6245714241235594,0.3363076899126859,9.928254667353173
0.6247089431825463,0.43249080681868596,9.919431611258602
0.6254513112578113,0.5292280326027634,9.87180217560703
0.8343018391088375,-3.8377884599006524,3.60924478571868
0.8339613465869998,-3.725027348088599,3.62817762811747
0.8336732712874422,-3.612584175578916,3.6441958484768193
0.8335096382809574,-3.500740480780021,3.6532945444079274
0.8333648800366372,-3.389017178815658,3.661343722730102
0.8332191993541646,-3.2773288507930474,3.669444192563965
0.8330792211991807,-3.1657010405568866,3.677227577447958
0.8329392901502016,-3.054110730550739,3.685008343036337
0.8328657877909029,-2.9427924501945237,3.6890953889926834
0.832795523967067,-2.831504781488028,3.693002358508025
0.8327576946902967,-2.720341802654969,3.6951058283031557
0.8327397327204819,-2.6092511625241763,3.696104590748334
0.8323310966879681,-2.4969932900639042,3.718826504170366
0.8314591382004836,-2.3835161961747193,3.7673111303017492
0.8312825971108824,-2.2721724321030785,3.777127570933949
0.8311415044305983,-2.1609679115195557,3.784972928197668
0.8313217281755235,-2.050593596166291,3.7749517161582062
0.8316263638523499,-1.940461515655483,3.758012667901653
0.8325949024657538,-1.8317087854246585,3.7041577731575757
0.8333473041970656,-1.7222510953406023,3.662321014680124
0.8336422350700452,-1.6117083211354206,3.6459215950790096
0.8339373748671145,-1.501087274760806,3.629510558403773
0.8342404718991426,-1.390400786498571,3.612657065387367
0.8345446498783534,-1.2796351298134754,3.5957434670783712
0.8349239124474235,-1.1688934774263926,3.57465484401785
0.7203125025002319,0.33614583450010826,9.947540068990008
0.7194958509802324,0.4316975105881395,9.992949390873001
0.7204986851774403,0.5283657024634562,9.937187514796022
0.7204579379495482,0.624396879556275,9.939453235169871
0.7200007562923729,0.7200007562923729,9.964874493223348
0.7195441544956055,0.8154833750950196,9.990263508554854
0.9460807167537258,-3.9512782876185026,3.5828180770164835
0.9456558386692409,-3.83825016871633,3.6036637014895234
0.9452698543077589,-3.7254753081541088,3.6226010986999952
0.9448910080122934,-3.612818560047004,3.6411882838165184
0.9446926039933434,-3.5009196500929787,3.6509225012873543
0.9445285278572817,-3.3891905999584817,3.6589725034932243
0.9443645087285145,-3.2775003538224916,3.6670197087728766
0.9442031854102886,-3.16585773931685,3.6749346505721405
0.9440445811737553,-3.054261880268032,3.6827161871477756
0.9435977565175442,-2.941804770319403,3.704638567540634
0.9426141381875616,-2.8278424145626846,3.7528974424516974
0.9421045068518162,-2.715477696219941,3.777901281982551
0.941870036303371,-2.6039936297799082,3.7894050172453433
0.9418027320143263,-2.493007231802628,3.7927071408099167
0.9420832586735766,-2.3829164778213996,3.7789437729005186
0.942552310523981,-2.2732143959696014,3.7559308685193358
0.9439356085305153,-2.1654993372170646,3.688062668601553
0.9439995352172527,-2.054587223708138,3.684926258995617
0.9440860675469473,-1.9437066096554796,3.680680757720161
0.9442300939462611,-1.832917241189801,3.673614447774007
0.9443741642597346,-1.7220940642383396,3.666545983284905
0.9446960277635158,-1.6115402826554095,3.65075452221312
0.9450304497758606,-1.5009307143498962,3.634346908030558
0.9453710143201268,-1.3902514916472453,3.6176379252473936
0.9457156753215816,-1.2794976783762575,3.60072795961446
0.81722585543567,0.33650476400292295,9.904772888635321
0.8147490809601922,0.4313377487436312,10.026289889642307
0.8142691138170738,0.5268800148228124,10.049838326688594
0.8156707216481691,0.6237481989074234,9.98107179913071
0.8151536581710755,0.7192532277980079,10.006440278856552
0.8146479420220767,0.8146479420220767,10.031252029137242
0.8141511396141453,0.9099336266275742,10.055626448085192
0.8136549427738364,1.0051031646029742,10.079971156309725
1.0575200311449113,-3.9517853795415117,3.5768610736548823
1.0570366345524975,-3.8387119886380177,3.598081274223425
1.0566051364699867,-3.725923375973111,3.6170232278894616
1.0558429383948107,-3.6120942629296153,3.6504822887972566
1.0550141981330075,-3.4982049727568145,3.686862426453743
1.0541132797326946,-3.384258424404967,3.7264110485387008
1.0536521045257112,-3.2718670614219456,3.7466557721114597
1.0533142149155008,-3.159942644746503,3.7614884900313044
1.0529773478825544,-3.048092322817921,3.7762763187339417
1.0528020698461247,-2.9367636685181377,3.7839706946287492
1.0529263144683796,-2.826275896730914,3.778516589562244
1.0530617446308919,-2.7157908151007217,3.7725714603316263
1.054073470417772,-2.6074449005071205,3.7281586025355864
1.0547943165292462,-2.498197065464004,3.6965148150025513
1.054832303224665,-2.387252054666347,3.694847270571387
1.054898100573787,-2.276359059132909,3.691958890787248
1.0549658080541702,-2.1654561323217183,3.6889866598359546
1.0550372526694956,-2.0545462288827023,3.685850375694656
1.0551087069924778,-1.9436213023545645,3.682713665405487
1.0552685558730288,-1.8328348602005238,3.675696600413346
1.0554295611602091,-1.7220166524192884,3.6686287713467394
1.055726665690292,-1.6113722792114982,3.655586441679702
1.05610035352873,-1.5007741865934585,3.6391822489192904
1.056477693928788,-1.3901022288536686,3.622617715578535
0.9129999903906034,0.24026315536594828,9.921018850330562
0.9124203607736142,0.3361548697587,9.946463499550283
0.911021010251146,0.4315362680137008,10.007892353659898
0.9088222181886341,0.5261602315828935,10.104415186686168
0.9090044481665532,0.6219504119034311,10.096415633644767
0.9101346496378968,0.718527354977287,10.046801916293106
0.9095798317132797,0.8138345862697767,10.071157378917718
0.909025689810381,0.909025689810381,10.095483165461282
0.9084722226173095,1.0041008776296578,10.119779333513357
0.9079224517506364,1.0990640205402442,10.14391323979369
1.1665136238201113,-3.943927013867996,3.6691763100248096
1.1659284927526976,-3.8309079047588637,3.6924161623216847
1.1654127513750734,-3.7182216353395203,3.712900040390835
1.1649936093146311,-3.6059326002595724,3.7295472500820637
1.1647727083408923,-3.4943181250226774,3.738320850199756
1.164723202481486,-3.383243588160507,3.740287091482273
1.1646844095953115,-3.2722085793392086,3.7418278419142226
1.1651372820175332,-3.1625154797618764,3.723840951817472
1.1657750571836418,-3.0532203878619195,3.69851021570652
1.166099063661463,-2.943011922574169,3.68564153874312
1.166000679662679,-2.8317159363236493,3.6895490899354115
1.1659023122052057,-2.720438728478814,3.6934559841507593
1.1658578525282801,-2.6093009080394842,3.695221804464289
1.1658327058975364,-2.4982129412090064,3.6962205618654878
1.1658458579441733,-2.3872081853142597,3.6956981974957515
1.1659185786445285,-2.2763172249726513,3.6928099243731936
1.1659915772347982,-2.1654129291503397,3.689910614201125
1.1660705391771984,-2.054505235693159,3.6867744555169466
1.1661495118562684,-1.9435825197604475,3.6836378704007444
1.166297036937574,-1.832752486616188,3.67777856589521
1.166474974153263,-1.7219392475595785,3.670711372165428
1.1667341560912876,-1.6112043107927307,3.660417353793889
1.1671470933743266,-1.5006176914812772,3.64401658138555
1.008056419924276,0.2400134333153039,9.962675696737946
1.007417107278818,0.3358057024262727,9.988067497446195
1.0067786050277046,0.43147654501187344,10.013427111442915
1.0040517123345163,0.5259318493180799,10.121732048487587
1.0029397145373078,0.6208674423326191,10.165897648300628
1.0042947064112397,0.7173533617223142,10.112080968983236
1.0043223475797813,0.8130228528026803,10.110983135164467
1.0037114624000327,0.9081198945524106,10.135245872418295
1.0031091599113362,1.0031091599113362,10.159167727973184
1.0025075798428644,1.0979844922088517,10.183060890914987
1.0019067208956567,1.1927460963043532,10.206925412834984
1.2804844921269771,-3.9527999539571907,3.564942478760017
1.2799268285437646,-3.8397804856312936,3.5851654027572977
1.2793560627705143,-3.72681983502715,3.6058634601527544
1.2788338984559462,-3.6140957999841956,3.624799050651184
1.2783492644901746,-3.501565376647,3.642373653245521
1.2780877427480466,-3.389710969896993,3.6518573894511874
1.2778657663612984,-3.278003487622461,3.659907066233984
1.2776410940318317,-3.1663279286875827,3.668054507773782
1.2774264480287112,-3.0547154191990917,3.6758383579983516
1.2772118742541176,-2.943140405889923,3.6836195889519985
1.2770801088250696,-2.8317863282642843,3.6883978860065696
1.2769723676836366,-2.7205063485434,3.6923049744020986
1.276900048444572,-2.6093174902997776,3.6949275348833126
1.2768725065462911,-2.4982288171557867,3.695926304988518
1.2768553326561138,-2.3871643175744737,3.696549093146551
1.276934976196338,-2.2762753923499934,3.6936609266796836
1.277014629729776,-2.1653726330200547,3.690772397822286
1.27709939500558,-2.054464244139411,3.687698498464691
1.2771858854406404,-1.9435437387140175,3.684562038513981
1.2773155384855541,-1.832670120435795,3.6798603442448226
1.2775104045851697,-1.7218618496582718,3.6727937857661956
1.2777185062196483,-1.6110363774073826,3.665247258317642
1.1029154572287676,0.23976422983234078,10.004246039393685
1.1022289542868662,0.33546098608730707,10.029141150417438
1.101556738710258,0.4310439412344488,10.05351814924748
1.100885342550059,0.5265103812195934,10.077865433037381
1.097604634097846,0.6203852279683477,10.196835937268851
1.097014365093769,0.7154441511481101,10.218241253245623
1.0988821923829375,0.8122172726308667,10.150506994732098
1.0982230325732032,0.9072277225604721,10.174410543637919
1.0975646630778193,1.0021242575927913,10.198285432850831
1.096907082472927,1.096907082472927,10.222131714005158
1.0962594539148771,1.1915863629509533,10.245617097491142
1.0956298703949725,1.2861741956810546,10.268448101803138
1.3914033490464193,-3.8402732433681166,3.579209002661834
1.3907717262462724,-3.72726822634001,3.60028156225777
1.390204019770058,-3.6145304514021506,3.619221709051473
1.3896367767397577,-3.501884677384189,3.6381463940986336
1.3892969106781106,-3.3898844620545896,3.6494851992162367
1.3890556072959057,-3.278171233218338,3.65753570008642
1.3888143877425576,-3.1664968040530312,3.665583404210551
1.3885757403529901,-3.0548666287765784,3.6735452943416576
1.3883424849004877,-2.943286067989034,3.6813272955974625
1.388165060630313,-2.8318567236858385,3.687246625150088
1.3880479448824692,-2.72057397196964,3.6911539074323088
1.387943655729167,-2.609334072770834,3.6946332615621174
1.3879137185024164,-2.498244693304349,3.695632044371564
1.3878837825680168,-2.387160106016989,3.696630784064851
1.3879472934541777,-2.2762335612648514,3.694511897708466
1.388033870199601,-2.1653328375113774,3.691623475018325
1.3881238204198376,-2.05442325422136,3.6886225045401133
1.3882178280108457,-1.9435049592151836,3.685486169747378
1.3883240618544461,-1.8325877616478687,3.6819419357522563
1.3885358538019599,-1.72178445871443,3.674876012174309
1.1976088128613076,0.23952176257226154,10.04469269352726
1.1968787120261977,0.3351260393673353,10.069050733413285
1.1961495008346152,0.4306138203004615,10.093379092505252
1.1954211776614765,0.5259853181710497,10.117677825020131
1.1934266767230683,0.6205818718959955,10.184219501284822
1.1907419896117022,0.7144451937670213,10.273787561743625
1.1916660776526622,0.8103329328038102,10.24295761021164
1.1925490813791024,0.9063373018481178,10.213498336980017
1.1918344085914652,1.0011409032168306,10.237341657559298
1.1911497938247175,1.0958578103187402,10.260182165326256
1.190465965120699,1.190465965120699,10.282996448020768
1.1897829211263709,1.2849655548164804,10.305784550783656
1.5022540701587455,-3.7278156555791093,3.5934667689517
1.5016009322962711,-3.614965207379912,3.6136430257656826
1.5009881624722086,-3.5023057124351538,3.6325722626825367
1.5005351549231503,-3.390097942604154,3.6465662403304577
1.5002568286702858,-3.2783389959832174,3.655164091226112
1.4999962848900024,-3.1666588236566713,3.663212618993853
1.4997360370866557,-3.055017853324669,3.6712520036586795
1.499484096258331,-2.943431744507094,3.679034775331033
1.499255535498036,-2.831927122607401,3.686095307053762
1.4991290442134733,-2.7206415987577848,3.6900027832371194
1.499002574246079,-2.609374851465397,3.693909600906103
1.4989563417928187,-2.498260569654698,3.6953377800145546
1.4989240105727455,-2.3871752760973357,3.6963365324017303
1.4989555306429942,-2.276191731717139,3.6953628374612464
1.4990490300914363,-2.1652930434654083,3.6924745209325067
1.4991438156894212,-2.0543822659447626,3.6895464736134187
1.4992453398321144,-1.9434661812638518,3.6864102641031664
1.4993468777307297,-1.8325350727820031,3.6832736296550337
1.2921265851450212,0.23928270095278173,10.084571243054121
1.2913396489670095,0.33479176084329876,10.10888069950429
1.2905532284302659,0.43018440947675535,10.133174227141808
1.2897787590522731,0.5254654203546297,10.157098568330284
1.2890052186367058,0.620632142306562,10.180994212691417
1.2853061731287918,0.714058985071551,10.29526241917931
1.2843754579978586,0.8086808439245776,10.32401338981088
1.2867094703413604,0.9054622198698461,10.251912788766113
1.2859706280368606,1.0001993773620026,10.274736564475802
1.285232633747688,1.094827799118401,10.297534143916664
1.2844954860146998,1.1893476722358332,10.320305572163484
1.283758059763667,1.283758059763667,10.343085604185887
1.283020532271129,1.3780590902171386,10.36586876368677
1.6123663271983355,-3.5027268487412115,3.626996790738616
1.6117904683273236,-3.390317881654026,3.6435589731800633
1.6114694322317344,-3.2785067759197357,3.6527922396158132
1.6111895602700939,-3.166820859841219,3.660841591153627
1.6109073398887406,-3.055169092892439,3.6689584852052093
1.6106367099611536,-2.9435774354462465,3.6767420281190084
1.6103661709737935,-2.832023266195292,3.684522955515874
1.6102156660884583,-2.720709228908085,3.6888516018122672
1.6100798212221605,-2.609439710256605,3.6927586137080937
1.6100003764444057,-2.4982764462068365,3.6950435119174045
1.609965649877773,-2.387190446370491,3.696042276998732
1.6099596879877174,-2.2761499037067727,3.6962137459397653
1.6100601096302534,-2.165253250882065,3.693325535566572
1.6101605438012214,-2.054342762780869,3.6904369648651993
1.3864558731608159,0.23904411606220963,10.124370268074287
1.385619087064402,0.33445977963623497,10.14843693560504
1.3847878861877232,0.4297617577823969,10.172342967548012
1.3839576819495873,0.5249494655670849,10.196220335333471
1.3831284725585624,0.6200231083883211,10.220069090484522
1.3815041512140127,0.7145711126969032,10.266785929984984
1.377936894904423,0.8077561108060411,10.369383203013072
1.37810659860283,0.9028974266708196,10.364502382806087
1.3799299524619542,0.9992596207483115,10.312061201832215
1.3791387802863038,1.093799722296034,10.334815974877046
1.378345890329559,1.188229215801344,10.357620152741887
1.3775543115620486,1.2825505659370797,10.380386619708439
1.3767636414739983,1.3767636414739983,10.403126952294237
1.7226934197279047,-3.278674573030529,3.6504201452182556
1.7223942156295753,-3.1669829126092193,3.6584703206526044
1.7220951154470618,-3.0553300435351094,3.6665177002009486
1.721800327642784,-2.9437231408086313,3.674449053927688
1.721511102165773,-2.832163426143691,3.682230751581635
1.7213078109192759,-2.720776862420791,3.687700363153482
1.7211625902220642,-2.609504572272162,3.6916075692906247
1.721045822484085,-2.4982923229607685,3.6947492400800783
1.7210087005100054,-2.3872056168364595,3.6957480178557702
1.7209715801372913,-2.276123702762224,3.696746752546261
1.4797243377366307,0.3341313020695618,10.18757570582654
1.478837556547575,0.4293399357718767,10.211434817996569
1.47794818194232,0.5244332258505006,10.235363706802332
1.4770991751962537,0.6194286863726225,10.258206486326188
1.476251143298151,0.7143150693378151,10.281023037275062
1.472258592767426,0.8073676153885885,10.388443799163916
1.4708428226713435,0.901484310669533,10.426535515526744
1.4737109346606831,0.9983203105765918,10.349368107698979
1.4728644120371788,1.0927703702211329,10.372144051164987
1.4720188613670544,1.187111984973431,10.394893843935655
1.4711742809773158,1.281345341496372,10.417617531023367
1.4703306692098959,1.375470626035064,10.440315157038945
1.832974950937375,-2.9438688605963903,3.672155852723371
1.8326670352721934,-2.8323035999661172,3.679938320748768
1.8324054791178184,-2.7208444992961547,3.686549067256493
1.573644925637171,0.33380346907455144,10.226637674023294
1.5727231090523954,0.42892448428701696,10.249936287596832
1.5718199897446603,0.5239399965815534,10.272762333590393
1.5709179070547308,0.6188464482336817,10.295562179406971
1.5700168591988564,0.7136440269085711,10.318335870130262
1.5691168443973749,0.8083329198410719,10.341083450740655
1.5643484261167124,0.9006854574611374,10.461603667791401
1.5639079236866653,0.9952141332551504,10.472737223061912
1.5664142577060742,1.0917432705224155,10.40939044804307
1.5655158463631618,1.1859968533054255,10.432097501761021
1.5646227476927188,1.2801458844758606,10.454670279414785
1.5637434356734023,1.374198776803899,10.476894603957184
1.6664714446942521,0.4285212286356649,10.287307522909444
1.6655153905830118,0.5234476941832323,10.310090681320006
1.6645604328186467,0.6182653036183545,10.332847713338516
1.6636036338937505,0.7129729859544646,10.355648620961503
1.662648185208671,0.807571975672783,10.378417351820353
1.6590281865893366,0.9006153012913541,10.464683391598484
1.6563248614324473,0.9937949168594683,10.529104729847596
1.658272633745155,1.089722016461102,10.482688523247582
1.6588534157827834,1.1848952969877027,10.4688482510185
1.6579214805408966,1.278967999274406,10.49105664696038
1.6569905918238443,1.3729350617968996,10.51324010378972
1.6560607478698095,1.4667966623989743,10.535398663491314
1.7600436699074753,0.42811873051803456,10.324608554690187
1.7590328048289652,0.5229556987329356,10.347395755015953
1.7580223388130707,0.6176835244478356,10.37017395956181
1.7570130331584626,0.7123025810101876,10.392926006922458
1.7560048857523802,0.8068130556159585,10.415651944724331
1.754997894602211,0.9012151350660002,10.438351817885447
1.7499296437557235,0.993203311320816,10.552601730950379
1.7489603658793413,1.087191578789861,10.57445146105779
1.7520320572393562,1.1838054440806463,10.505208544423702
1.7510486795436295,1.277792279666973,10.527376116560475
1.7500664050746773,1.3716736688423146,10.549518819454015
1.749128710113833,1.46548621658186,10.570656598739767
1.8523718811170449,0.5224638639048075,10.38468864969311
1.851308797327517,0.6171029324425057,10.407424038705926
1.850246933054363,0.7116334357901396,10.430133346821421
1.8491896017168066,0.8060570058765566,10.452745712386204
1.84815031366187,0.9003809220403981,10.474972199571994
1.8454022875635312,0.9936781548419013,10.533742207146716
1.8411916196986884,1.0858309552069187,10.623792655525307
1.8420202478836298,1.180782210181814,10.606071395623488
1.8440312774921122,1.27663703826377,10.563062988463543
1.8430512450550747,1.3704740027332605,10.584022219448649
1.9444200511985827,0.6165234308678432,10.44460415714046
1.9433228249299845,0.7109717652182871,10.46692506426998
1.9422310230950572,0.8053153022589262,10.489135621981461
1.9411404473682143,0.8995528902438067,10.51132123693914
1.940051095685211,0.9936847075460836,10.533481951136011
1.9348704811394988,1.0854151479563043,10.638871349346864
1.9330931124810848,1.1787153124884664,10.675028413659646
1.9369101265095665,1.2755261808721536,10.597378781965475
1.9358816277442585,1.3692821269410609,10.618301563419294
2.036244330734337,0.7103177897910479,10.503288898723007
2.035101375243063,0.8045749623053969,10.525458626667294
2.0339597021267837,0.8987263800095089,10.547603480585451
2.032864735714966,0.9927944058142855,10.56884237190139
2.0317845037265285,1.0867684554816317,10.589795461923877
2.0258983417380425,1.1778478731035131,10.703968420465998
2.0249884014014983,1.271504345066057,10.721618390093624
2.0285429652149984,1.3680871160752313,10.65267107472787
2.1266954066027406,0.8979380605656017,10.582209220415479
2.125565697427828,0.991930658799653,10.603148109811784
2.124437187827834,1.0858234515564487,10.624064765373845
2.121174087696937,1.1784300487205206,10.684545545956333
2.1167956252188738,1.2700773751313241,10.76569930091378
2.1168689627371986,1.3642044426528614,10.764340007549691
2.2122990877000293,1.2708952205936337,10.740435017475683
0.0,0.0,50.0
