-3.6518083882685506,-2.323878065261805,9.621040310156523
-3.653078917776197,-2.1918473506657183,9.601772978766753
-3.6560850496746933,-2.0607024825439177,9.556185576710284
-3.655139363046114,-1.927255300515224,9.570526729398232
-3.5235009108870106,-2.326840224170667,9.550450858299747
-3.516408419720155,-2.1894618462408513,9.662065825186374
-3.5216784097777967,-2.059849635907768,9.579131669621212
-3.5208677893690745,-1.9265125639943992,9.591888452527051
-3.5201797901660714,-1.7932991383864891,9.602715538025592
-3.5194920597890818,-1.6601377640514536,9.613538392992737
-3.3891352525041287,-2.325877134071461,9.573401687165905
-3.383781276943329,-2.189505532139801,9.660961678336491
-3.3826781750568395,-2.0561377142502355,9.679002028043811
-3.3869455426977,-1.925910210553594,9.609212640940306
-3.3862839198740105,-1.7927385458156524,9.620032953424484
-3.385718967931751,-1.6596661607508583,9.629272290906378
-3.3852597207096604,-1.5266857563984741,9.636782912173643
-3.3848533570094923,-1.3937631470039087,9.643428665706637
-3.3844470908567215,-1.2608724456132885,9.650072823929918
-3.255722513509021,-2.458402714282322,9.58200572688586
-3.2550143448115474,-2.3250102462939624,9.594059975568953
-3.254378320176736,-2.1917241748129035,9.604886208278685
-3.248097920178119,-2.0549190923575855,9.711789413239202
-3.2529015302601443,-1.9251866199498813,9.630023711490551
-3.252660530895522,-1.7922823333505937,9.634125934991793
-3.252270065553457,-1.65932146201707,9.640772326384372
-3.251879693946894,-1.5263925094036441,9.647417122237563
-3.2514894160870287,-1.393495464037298,9.654060322360792
-3.251155780732391,-1.260652241508478,9.659739369667768
-3.2508863164215573,-1.127858517942173,9.664326115489203
-3.121790387065068,-2.4575796664129257,9.600559099711113
-3.12118046571834,-2.324283325534934,9.611382792980812
-3.1205707826524294,-2.1910390601602163,9.62220225770777
-3.118272394726756,-2.056732856096371,9.662989559309402
-3.1143185852855533,-1.9216008292187456,9.733154049973628
-3.119299575200887,-1.7919380538388077,9.644761165690682
-3.1189251912896694,-1.6590027613242924,9.651405000411124
-3.1185588743929915,-1.5261032789582722,9.657905677507308
-3.1183003914974257,-1.3932831536477859,9.662492727283606
-3.118041951447208,-1.2604850442020628,9.667079016724315
-3.1177835542316865,-1.1277089451476312,9.671664546018462
-3.1175220607098932,-0.9949538491627319,9.676305022511187
-2.9880138497433655,-2.456811387566767,9.617877854058897
-2.9874857884271693,-2.3236000576655758,9.627665344273055
-2.9870653061425188,-2.190514557837847,9.635458882864157
-2.986706732781423,-2.057509082582758,9.642104954362175
-2.982246548841285,-1.9218922203643836,9.724773397076163
-2.9817000044392414,-1.789020002663545,9.734903466866413
-2.9857056805765585,-1.658725378098088,9.660659217585902
-2.985458221578555,-1.525900868806817,9.665245810936106
-2.9852108035902845,-1.3930983750087995,9.66983164418071
-2.984960309470172,-1.2603165751096284,9.674474492793372
-2.9847132525208666,-1.1275583398412163,9.679053634267106
-2.9844662364646246,-0.9948220788215415,9.683632017797684
-2.9842192612912926,-0.8621077865952623,9.688209643573302
-2.8544590146800193,-2.456162407980482,9.632507331478195
-2.8541011650181796,-2.323105599433402,9.639448485100104
-2.8537585779766865,-2.190093792400713,9.646093592075069
-2.8534160731689955,-2.0571139132148573,9.652737103973905
-2.8531021827856016,-1.9241851930414524,9.658825586384019
-2.848001059452789,-1.7882797350052397,9.757771273562646
-2.8497164760253355,-1.6568119046658927,9.72449760803952
-2.852392870861278,-1.5256985123211486,9.672583998246907
-2.8521536933699365,-1.3929122688550852,9.677223286437844
-2.851917640186401,-1.2601496549660842,9.68180197292154
-2.851681626073776,-1.1274090149593998,9.686379901552925
-2.851441828307149,-0.9946890098745869,9.691031221126053
-2.851197291176063,-0.861989878727647,9.69577446940636
-2.850952795983958,-0.7293135059493845,9.70051690420285
-2.7211561857985878,-2.455677533525555,9.643437505615339
-2.720829580107691,-2.322659397652907,9.65008165505207
-2.7205030528088225,-2.1896731888461254,9.656724209757407
-2.720264404725516,-2.056785281621732,9.661579034925715
-2.720038949557559,-1.923929988711444,9.666165476218517
-2.7198135317564347,-1.791096716034725,9.670751157356712
-2.7149415626303446,-1.655452172335576,9.769861772471934
-2.719360273343025,-1.5254947874851117,9.679971806953724
-2.719135221765683,-1.39272779651413,9.684550037990462
-2.718910207497659,-1.259982779084281,9.689127510042589
-2.718676662243261,-1.1272561770276937,9.693878528208252
-2.7184435229370854,-0.9945525083916166,9.698621288156978
-2.7182104236130633,-0.8618715977309713,9.703363234747535
-2.7179917199843913,-0.7292172907275196,9.707812329272691
-2.5879197350341574,-2.455205902468303,9.654069143417374
-2.587654315989126,-2.3222538733235747,9.659745464794518
-2.587439844421644,-2.1893721760490834,9.664332210041628
-2.5872254084031474,-2.056512504115322,9.668918195028802
-2.587008258147598,-1.9236728073405216,9.67356222740215
-2.5867941350639607,-1.7908574781212034,9.678141519882267
-2.583964193857007,-1.6563873037544916,9.7386633854749
-2.5819407868201734,-1.5226830281247177,9.781936499566996
-2.5861469468462235,-1.392540663686428,9.691982457012266
-2.5859251649837756,-1.2598096957613265,9.696725542146673
-2.5857034211570458,-1.127101491273584,9.70146781383923
-2.585481715381793,-0.9944160443776127,9.706209271752904
-2.585299557452149,-0.8617665191507163,9.710104949057957
-2.585120988735834,-0.7291366891306198,9.713923866504473
-2.5849424446855847,-0.5965251795428272,9.71774225643604
-2.454628499928366,-2.3219458783106166,9.667085111251126
-2.4544250808692794,-2.1890818288834115,9.671670639971062
-2.45421922447856,-2.056237728617172,9.676311111695114
-2.4540161023186124,-1.9234180261416152,9.680889947632501
-2.4538130137901226,-1.7906203073603597,9.685468025440258
-2.453608144050378,-1.6578433405745796,9.69008625580502
-2.4498539914558135,-1.5228822109049651,9.7747134024386
-2.449820219223249,-1.3904385028023847,9.775474705450499
-2.45297698375647,-1.2596368294965656,9.704314045804594
-2.4527878189868355,-1.1269565654804379,9.708578250387262
-2.4526183982850007,-0.9943047560614868,9.712397378730017
-2.4524490009862436,-0.8616712706167883,9.716215979514125
-2.452279627114416,-0.7290561053583399,9.720034052201903
-2.452139277186937,-0.5964663106670927,9.723197859104694
-2.321635540726139,-2.321635540726139,9.674480582140042
-2.321443385438654,-2.188789477699302,9.67905972081298
-2.321251261956848,-2.0559654034474937,9.683638101543636
-2.321059170272826,-1.9231633125117702,9.688215724520163
-2.3208611906203953,-1.7903786327643048,9.692933660179214
-2.3206621624733317,-1.6576158303380941,9.697676581891905
-2.3204631684705714,-1.5248757964235184,9.70241868993196
-2.316308166212903,-1.3897848997277418,9.801434084060531
-2.3200136858115865,-1.259436000869147,9.713130044553061
-2.3199482411143393,-1.126832002826965,9.71468961831252
-2.319788013753683,-0.9941948630372928,9.718507901500274
-2.3196438020517656,-0.8615819836192272,9.721944525024838
-2.319512234342151,-0.728989559364676,9.725079837069025
-2.319380681556449,-0.5964121752573726,9.7282147934703
-2.188499611976865,-2.188499611976865,9.686385982421648
-2.188315572341277,-2.0556903861387754,9.691037524195359
-2.1881279043702966,-1.9229002795981394,9.695780770962891
-2.187940268589991,-1.7901329470281744,9.70052320412163
-2.1877526649871166,-1.6573883825659974,9.705264824006278
-2.1875912652280958,-1.5246848212195818,9.709344150282668
-2.1854387921075764,-1.3907337767957304,9.763747206476992
-2.183558239235827,-1.2572001983479004,9.811277567057509
-2.187142318433712,-1.1267096791931244,9.720691134108058
-2.187018263253556,-0.9940992105697981,9.723826588331804
-2.1868942221454746,-0.8615037844815506,9.726961686888444
-2.1867701951286467,-0.7289233983762157,9.730096429293248
-2.186725826470134,-0.5963797708554911,9.731217832668428
-2.186726801661783,-0.46385113974643877,9.731193185017517
-2.074461149742158,1.8230113134097752,12.568670927179248
-2.073576191814092,1.9479049074617227,12.591037950224148
-2.0726919886040283,2.0726919886040283,12.613385898017661
-2.0718630970897,2.1974305575193784,12.63433586073873
-2.071060581940168,2.322098228235946,12.65461916944097
-2.070266729881372,2.446678862587076,12.674683521349927
-2.0661357551918433,2.567017150389866,12.779092559506694
-2.0651812427802323,2.690993740592424,12.8032175494413
-2.0555845591803847,-2.1882029178371836,9.693884830049399
-2.0554082831804936,-2.0554082831804936,9.698627588360225
-2.055232037410995,-1.9226364220941565,9.70336953331335
-2.0550667214096943,-1.7898968218729594,9.707817409595812
-2.0549247704461706,-1.6571973955211052,9.711636642573637
-2.0547828391170375,-1.52451629999006,9.71545534728233
-2.0546409273926236,-1.3918535314595193,9.719273524520204
-2.051114550592575,-1.2571347245567397,9.81415174325614
-2.0522846801275776,-1.1254464374893167,9.782669059394955
-2.0542852397148086,-0.9940089869587784,9.72884340749384
-2.0541966223103385,-0.8614372932269161,9.731227685170872
-2.054197538399136,-0.7289088039480806,9.73120303752875
-2.054198454488751,-0.5963801964644762,9.731178389864652
-2.054199370579183,-0.4638514707759446,9.731153742178563
-1.952375395534613,1.4485365837837452,12.470758136328413
-1.9514012069690854,1.5737106507815204,12.496968970011565
-1.9504348534241067,1.6987658400790606,12.522969000131845
-1.9494705817400926,1.8236982861439575,12.548913017162441
-1.948559100308788,1.948559100308788,12.573436696711333
-1.9477279272826142,2.073387793558912,12.595799654686687
-1.9468974633967284,2.198110039318887,12.618143533031244
-1.9461350121955152,2.3228063048785184,12.638657509825556
-1.9418381028384815,2.442957613248412,12.754267136641253
-1.9416022720643562,2.5679255856335033,12.760612233901362
-2.3069025179817135,3.199897041071409,2.932100250734763
-2.3086543170901384,3.3512723957760073,2.8849675736515223
-2.3103865142729,3.5028440700266548,2.8383622922199976
-2.312321080990159,3.654959128016703,2.786312198152679
-1.9225374668267456,-2.0551262576423834,9.70621556951233
-1.9224020584304988,-1.9224020584304988,9.710110028164678
-1.9222692766291631,-1.7896989816892208,9.713928943752038
-1.922136513169244,-1.6570142354907276,9.717747331824924
-1.9220122960373691,-1.5243545796158446,9.721319920360116
-1.9219032803293923,-1.3917230650661117,9.724455303238436
-1.921794277042404,-1.2591065953036438,9.72759032887874
-1.9184100631899297,-1.1245852094561657,9.824923147850654
-1.9216683223872224,-0.9939663736485633,9.731212890036474
-1.9216691793739762,-0.8614379079952307,9.731188242381158
-1.9216700363614998,-0.7289093241371206,9.731163594703695
-1.9217392926135133,-0.59640184943178,9.72917172701041
-1.9219839708838606,-0.46392716538575945,9.722134575449594
-1.8281354162034105,1.3238221979404008,12.421297448035261
-1.8271335557240382,1.4491059235052717,12.450111792791446
-1.8262215016787733,1.5743288807575633,12.476343229441191
-1.8253108965157574,1.6994273864112226,12.502532995026463
-1.8244081333705129,1.8244081333705129,12.528497217626153
-1.8235062627686995,1.9492653153734374,12.55443576993077
-1.8226799366434379,2.074084065835636,12.578201599948592
-1.8219025289853936,2.1988478798099576,12.600560493962483
-1.817823357085847,2.319291869385391,12.717880887224162
-1.8178776713302922,2.444732040754531,12.716318764157286
-1.819722670027752,2.5727113610737185,12.663255059541818
-2.1572793282807723,3.198724521243904,2.9548434334601836
-2.158874487003228,3.349977652246388,2.908965335345691
-2.160525413493767,3.50154118738645,2.8614833096096106
-2.1622458890428846,3.6534499504517703,2.8120009948187032
-2.1641668712897117,3.8059486357163896,2.756751939815281
-1.7896247823686329,-1.9221895810626057,9.71622105485693
-1.7895002990923585,-1.7895002990923585,9.720066501117913
-1.7893987971237169,-1.6568507380775157,9.723202025643594
-1.7892973067028435,-1.5242162242283481,9.726337193444067
-1.7891958277939053,-1.3915967549508153,9.729472005626263
-1.7891391536260168,-1.2590238488479377,9.731222742540687
-1.7865746912825589,-1.1248803611779075,9.810442236317044
-1.7868802169016629,-0.992711231612035,9.801004162506807
-1.7891415472800476,-0.8614385227644674,9.731148799532285
-1.7893422842584914,-0.7289913009942002,9.724947779714206
-1.7895701229877037,-0.5965233743292346,9.717909552447225
-1.789798019746169,-0.4640217088230808,9.710869532583054
-1.703912562419794,1.1990495809620771,12.363980220483555
-1.702873759612941,1.3244573685878431,12.396070156489934
-1.70183622266187,1.4497123378230743,12.428120988605997
-1.700943404399308,1.574947596666026,12.45570127691667
-1.7000944312193182,1.7000944312193182,12.48192713502688
-1.6992482897237868,1.8251185334070303,12.508065518813318
-1.6984079632081186,1.9500239577574694,12.534024270497824
-1.6968256339113368,2.073897997002745,12.582904429022413
-1.6937370726943821,2.1955850942334583,12.67831400160928
-1.6940411128723296,2.3214637472694886,12.668921814960058
-1.6953978758859316,2.4489080429463455,12.627009684962815
-1.6947410889078005,2.5734957276007338,12.647298667586867
-2.007760447125039,3.1975444157917283,2.9777337533545634
-2.009249809125877,3.348749681876462,2.9317254724932127
-2.010775752919217,3.5002392736001187,2.884587133672234
-2.0122844594372156,3.65192364860828,2.8379812761450864
-2.0120502503165962,3.8005393617091263,2.8452162928808846
-2.012438039786937,3.950341337359543,2.833236984387412
-2.0146635900151177,4.103944350030796,2.7644869156253904
-1.6568883051607786,-1.921990433986503,9.721948691215644
-1.6567943282875006,-1.7893378745505006,9.72508400118597
-1.6567003620741474,-1.6567003620741474,9.728218955513825
-1.656610032115494,-1.5240812295462545,9.731232595041376
-1.6566107708966513,-1.391553047553187,9.731207947403632
-1.656611509678522,-1.2590247473556768,9.731183299742092
-1.6566122484610533,-1.1264963289535161,9.731158652058518
-1.6538930382410304,-0.9923358229446183,9.821878492130779
-1.6569250380765825,-0.861601019799823,9.720723186757553
-1.6571360321131896,-0.7291398541298034,9.713683883537726
-1.6573470798437746,-0.5966449487437588,9.706642788948827
-1.6575620242138265,-0.4641173667798714,9.699471692454722
-1.579717163138936,1.0742076709344763,12.29657628376598
-1.5785650202076664,1.1997094153578265,12.33501473243593
-1.5774918440932724,1.3250931490383488,12.370818645186148
-1.576530239476626,1.450407820318496,12.402900246083547
-1.5755698064921735,1.5755698064921735,12.434942758320403
-1.5747800947237673,1.7007625023016688,12.461289572114154
-1.5739941756172573,1.8258332437160185,12.48750985296163
-1.5714174219024504,1.9485576031590384,12.57347697797153
-1.5695582119802702,2.0718168398139567,12.635504998298522
-1.5701321850823948,2.1981850591153527,12.616355780762085
-1.5709902416717418,2.325065557674178,12.587728808126677
-1.5703203069123832,2.449699678783318,12.610079553126212
-1.5696832759438415,2.5742805725479,12.631332543116343
-1.8583548951140156,3.1963704195961067,3.0005055729601864
-1.857801356968551,3.3440424425433917,3.0189730278339155
-1.8580824830688714,3.493195068169478,3.0095939387611352
-1.8595147372304446,3.6446488849716716,2.961810259689912
-1.8615541282836232,3.7975704216985915,2.893770933849332
-1.8656767413073339,3.9552346915715475,2.7562299701397563
-1.5241124455211732,-1.7891754795248556,9.73010058946079
-1.5240816375340727,-1.6566104755805138,9.731217799908812
-1.5240823172131526,-1.5240823172131526,9.731193152256012
-1.5240829968928389,-1.3915540406412876,9.731168504581234
-1.5240994093351306,-1.2590386424942381,9.73057332931237
-1.524293454672543,-1.1266516838884013,9.723536534677308
-1.5228560764921606,-0.9931670064079308,9.77566113196545
-1.5221213915532958,-0.8603294821822977,9.802303498667996
-1.5248779999131925,-0.7292894782193529,9.702338783325992
-1.5250758027042675,-0.5967687923625394,9.695165729659273
-1.5252736568188188,-0.46421372164051006,9.687990814815322
-1.4554176901539437,0.9491854501003981,12.221224016958338
-1.4541750766629953,1.074825056663953,12.266285733272461
-1.4531138868535425,1.2003984282703177,12.304768362422493
-1.4520542447431526,1.325788658243748,12.343194866335992
-1.4511039704333446,1.4511039704333446,12.377655293235492
-1.4502195239439015,1.5763255695042409,12.409728562270978
-1.4493672321768611,1.7014310986424022,12.440635783303897
-1.4465891564411304,1.8239602407301208,12.54137898431896
-1.4452724000108605,1.947975843492899,12.589129395164996
-1.447202771116275,2.076421367253786,12.519127068804636
-1.446487239022671,2.201176233295369,12.545074883189791
-1.4457964525200535,2.3258464670974774,12.570125331813863
-1.4451796982459313,2.4505220970257096,12.592491100686061
-1.4445634702423285,2.575091403475455,12.614837785061724
-1.7062413478461034,3.1899294764079325,3.125439535198069
-1.7083212879850946,3.3423677373621414,3.0500132878763537
-1.7115935056759626,3.4976041202943584,2.931350689749074
-1.712893539853513,3.649207976209658,2.884206689032709
-1.714178750182159,3.801005054751744,2.837600255370681
-1.7156164080150478,3.9533769402085883,2.785465516858416
-1.391553792575379,-1.6566116578278323,9.731178357100433
-1.3915544131528161,-1.5240834048816558,9.731153709412453
-1.3916753707057077,-1.3916753707057077,9.726349596590651
-1.3918525695690327,-1.2592951819910296,9.719311728256216
-1.3920298135627613,-1.126881277646045,9.712272067461981
-1.3922077330736367,-0.9944340950525975,9.705205576920392
-1.3900697949004375,-0.860519396843128,9.790118804284312
-1.3910393216749186,-0.7286396446868622,9.751611775190135
-1.392749625120644,-0.596892696480276,9.68368306370131
-1.392975476472114,-0.4643251588240381,9.67471284772489
-1.3297543978469224,0.9498245698906589,12.185686219541687
-1.3286176707272956,1.0755476382078106,12.230834002377328
-1.3275185733827313,1.2010882330605663,12.274487230465972
-1.3265499621980263,1.3265499621980263,12.312957894765404
-1.325582763501849,1.4518287409782153,12.351372458771117
-1.3247489286418863,1.5770820579070075,12.38449016532389
-1.3216404501449999,1.6992520073292856,12.507950677265178
-1.3208636617526852,1.8240498186108511,12.53880264959868
-1.3225339660808944,1.9523120451670346,12.472462596847784
-1.321874074739991,2.077230688877129,12.498671728696422
-1.3212198425118054,2.202033070853009,12.524656095614581
-1.320566668225024,2.326712701158376,12.550598443909308
-1.3199550364330928,2.451345067661458,12.574890834616546
-1.558658350181685,3.0430948741642423,3.0942290423593093
-1.5598191725521273,3.193915448559118,3.048124260141499
-1.561027553272528,3.3450590427268456,3.000130586545211
-1.562186648001268,3.4963224979075997,2.954094421668394
-1.563341790835665,3.6477975119498853,2.9082152155414036
-1.5645375749895218,3.7995912535459815,2.860721844120519
-1.5657855650741714,3.951744521377671,2.8111549917511596
-1.2593914378569415,-1.3919589576313565,9.715086276913354
-1.2595518259880163,-1.2595518259880163,9.708045539838182
-1.2597145899775473,-1.1271130541904368,9.700900507048573
-1.259878000788415,-0.9946405269382222,9.693727080019713
-1.260041454001002,-0.8621336264217383,9.686551791635168
-1.2580624854520355,-0.7283519652617048,9.77342478616378
-1.2604515171099364,-0.5970559817889173,9.668550792964709
-1.2606854358691602,-0.4644630553202169,9.658282199711522
-1.2049798434907466,0.8244598929147213,12.103652857284523
-1.2039272631934081,0.9504688919947958,12.14985915119422
-1.2028919113223533,1.0762717101305268,12.195309149617025
-1.2018638184733266,1.2018638184733266,12.240440490635578
-1.2009014608959618,1.3273121409902735,12.282686176953654
-1.20002537083346,1.4526622910089253,12.32114488174006
-1.1969268925025998,1.5749038059244735,12.457162248577134
-1.1966250229990667,1.7004671379460423,12.470413751610103
-1.197696455596964,1.8280630111743135,12.423379877189255
-1.197048643844933,1.953079366273312,12.451817593806396
-1.196451130000893,2.0780466994752356,12.478047326932348
-1.1958548839829564,2.2028905757580772,12.504221404878649
-1.1952634565233051,2.3276183100716996,12.530183957185592
-1.1946726137815513,2.452222733551605,12.556120841477394
-1.4097647536246896,3.042123942032225,3.113980744053002
-1.4107264647399063,3.1926967359903142,3.0717634362064743
-1.4118127582788513,3.3437670590814896,3.0240771944445655
-1.4128855600409898,3.4950327011540274,2.9769832162905345
-1.4139336075672513,3.646460356357648,2.9309759024996396
-1.41500767784485,3.7981785036888076,2.883826238904483
-1.4160693864394676,3.950088288489041,2.83721922992531
-1.1273470467729638,-1.1273470467729638,9.68942022203754
-1.1274933171640318,-0.9948470445564987,9.682243816016445
-1.1276887690995179,-0.862350235193749,9.67265443544246
-1.1265618248712816,-0.7289517690343588,9.727945251894774
-1.1263493122304127,-0.5963025770631597,9.738371675071427
-1.1283224284293096,-0.4646033528826569,9.641565459769161
-1.078882201768674,0.8250275660583979,12.067231636641075
-1.0779391226030963,0.9511227552380261,12.113501554652522
-1.0769976907786838,1.0769976907786838,12.159690649819566
-1.0760756458450227,1.2026727806503195,12.20492857367639
-1.0742449650969,1.3270084862961706,12.294746535107933
-1.0722918644453596,1.4507478166025451,12.390570735571004
-1.0721997139541342,1.5767642852266677,12.395091878471135
-1.0727912986826096,1.7038450037900268,12.366067192227952
-1.0721372895051207,1.8289400820969703,12.39815458438511
-1.0714840772531968,1.9538827291087706,12.430202877300232
-1.0709296052881287,2.0788633514416617,12.457406714793159
-1.0703951013360697,2.2037546203977905,12.483630869605662
-1.069862665185026,2.328524624226233,12.509753572719376
-1.0693336047535518,2.453177093258148,12.535710654246472
-1.2609661389677893,3.041153629275257,3.13371984578135
-1.2617776792513518,3.191555306341655,3.0939035676214885
-1.2627186985080763,3.3424906725213783,3.047734714098837
-1.26369661480854,3.4937494644706693,2.999755595594202
-1.264634919840101,3.645124180715585,2.953719909021217
-1.265570046760695,3.796710140282085,2.9078401488425882
-0.9953150166304834,-0.8626063477464189,9.656222564577604
-0.9954997716447372,-0.7300331658728073,9.64594939455796
-0.9939960858431095,-0.5963976515058657,9.729560764775023
-0.9952185533121872,-0.4644353248790207,9.661586338186218
-0.952633929982335,0.825616072651357,12.029473767150442
-0.9517775187404038,0.9517775187404038,12.077093899846808
-0.9509456999876992,1.077738459986059,12.123346584823018
-0.9488382380601182,1.2018617682094832,12.240530493359344
-0.9474719182528173,1.3264606855539443,12.316503726011724
-0.9477489530764596,1.4532150613839048,12.301099403394929
-0.947785334821382,1.5796422247023034,12.299076422569705
-0.9470941146716911,1.704769406409044,12.337511223094346
-0.9464575836354403,1.829817995028518,12.372905074701514
-0.9458806665967896,1.9548200443000319,12.404984132740722
-0.9453093843407767,2.0796806455497086,12.436749872733898
-0.9448373923879761,2.204620582238611,12.462994646650337
-0.9443658715377448,2.3294358164597706,12.489213225246395
-1.1117072441335152,2.89043883474714,3.1843162570167607
-1.1122624153997789,3.0401839354260622,3.153446357050157
-1.112978023590961,3.1905370009607545,3.113655476975012
-1.1137384200122993,3.3412152600368974,3.071374179494235
-1.1145960308176939,3.4924008965621076,3.0236873459320677
-1.1154427174901134,3.6437795438010374,2.9766079409467423
-0.8630501645909543,-0.5974962677937375,9.627747813921957
-0.8619214356432893,-0.46411154226946344,9.700165694717398
-0.8262136598643991,0.8262136598643991,11.991133296084747
-0.8254544857574991,0.9524474835663451,12.039840986350157
-0.8232836710216147,1.07660172364365,12.179117827878379
-0.8223991155002995,1.2019679380388995,12.235869837678486
-0.823285543413163,1.3299228008981863,12.178997697506759
-0.8225816769314539,1.4553368130325723,12.224156917595657
-0.8218860305397976,1.58055005873038,12.268788746672918
-0.8212862845401075,1.705748437121762,12.307267722872602
-0.8206874132179044,1.8307642294860944,12.345690580825199
-0.8201566893499969,1.9557582592192233,12.379741180733113
-0.8196568244308726,2.080667323555292,12.411811907900919
-0.8191809692499051,2.2054872249035906,12.442342199378324
-0.9628734499467891,2.7404859729254767,3.223206852637425
-0.9632480226227218,2.889744067868165,3.1991747238867347
-0.9637151296745913,3.0394092551275573,3.169205701765904
-0.9642732904028213,3.189519345178563,3.13339478616453
-0.964893886554984,3.340017299613406,3.093578089461218
-0.9656144881754859,3.4910677649421413,3.0473451631572885
-0.729725463605174,-0.46437074956692886,9.669280617973847
-0.7300633624936539,-0.3318469829516609,9.643659765323846
-0.6995576229442169,0.8267499180249835,11.956727622668538
-0.6976039312272994,0.9512780880372264,12.104864385792702
-0.697217700387837,1.0775182642357481,12.13414996134243
-0.6977101901788029,1.205135783036114,12.096807404748866
-0.6971006439577689,1.3308285021011954,12.143025650635167
-0.6964992855266637,1.4563166879193876,12.18862306536031
-0.6959039230839336,1.5815998251907581,12.233765840132826
-0.6953338712154457,1.7067285929833667,12.276989465374946
-0.6948265516223777,1.8318154542771776,12.315456477204805
-0.6943199717798868,1.9567199204705898,12.353867398170863
-0.693888603037977,2.0816658091139306,12.386575511014932
-0.8143625983870869,2.591153722140731,3.251752674272325
-0.8146088219476412,2.7400478556420658,3.233083013675632
-0.8148715123448369,2.8890899074044216,3.2131647713002423
-0.8152552078787172,3.0386785020934006,3.184071432815948
-0.8156633888862928,3.1885023383736897,3.1531215072430427
-0.816188173774735,3.338951619987552,3.113330206477862
-0.5972536714638462,-0.3318075952576923,9.650230138720005
-0.5726567414526477,0.6999137951087916,11.929721216735523
-0.5717137628498064,0.8258087685608314,12.017110631225776
-0.5716505512648914,0.952750918774819,12.02296868927511
-0.5717700564018208,1.0800101065367724,12.011893693603554
-0.5712468982032913,1.205965673984726,12.060376754107267
-0.5707474917562038,1.3317441474311422,12.106658649446281
-0.5702489577582454,1.4573028920488493,12.152859691605457
-0.5697592267156266,1.5826645186545183,12.1982449304043
-0.5692722893955733,1.7078168681867198,12.243371264304876
-0.5688210683756993,1.8328678869883646,12.285187632792628
-0.5684061177402439,1.9578432944386175,12.323642686773226
-0.6660610351638548,2.442223795600801,3.2735899814105522
-0.666218536455369,2.5908498639931015,3.2589937375451967
-0.6663915920477523,2.7396098784185376,3.2429560174452092
-0.6666064518393692,2.8886279579706,3.2230441431669234
-0.4650130444823464,-0.33215217463024743,9.592749872317249
-0.43914606822990887,-0.18820545781281808,12.674852708509938
-0.44605498135866756,0.5734992617468583,11.851641655878716
-0.4454770490215821,0.7000353627482004,11.920503469407876
-0.516642247127203,0.9594784589505199,3.441025358823545
-0.4454608089659588,0.954558876355626,11.922438505069103
-0.4450320352798772,1.0807920856797018,11.973527761929269
-0.44462297778505205,1.2068337968451412,12.022267794496777
-0.4442203512017201,1.3326610536051604,12.070241570878807
-0.4438320686562412,1.4583053684419354,12.116506225973616
-0.44344458102838974,1.5837306465299634,12.162676165016187
-0.5176909901271921,1.9968081047763122,3.3160654971389434
-0.517760715912447,2.1450086802087087,3.307757527997417
-0.517858493792916,2.293373329654343,3.2961070946506723
-0.5179849035105515,2.4419288308354568,3.2810451196658903
-0.31337953012760345,-0.31337953012760345,12.724268161107481
-0.3133257724864823,-0.1879954634918894,12.7332356263098
-0.33273286551184544,-0.06654657310236908,9.49588317271072
-0.31913680336728745,0.44679152471420247,11.763881016872482
-0.3188959411407289,0.574012694053312,11.804059930793784
-0.3694382395065696,0.8127641269144531,3.372955209888282
-0.18821790883972275,-0.18821790883972275,12.671391056418187
-0.18833606208074832,-0.06277868736024944,12.63854192541276
-0.1922184785324147,0.1922184785324147,11.559147018159905
-0.19184913169680004,0.3197485528280001,11.66183334723759
-0.1917615132902759,0.44744353101064377,11.686193140413096
-0.06281900102167659,-0.06281900102167659,12.604917742088602
-0.06291795110580445,0.06291795110580445,12.522387015509281
-0.06408419461599715,0.19225258384799143,11.549665010136792
0.07393754196530074,-0.3696877098265037,3.3313403553975434
0.0641291499176989,-0.19238744975309668,11.51216940065106
0.06293048261815794,-0.06293048261815794,12.511934929199427
0.06281654779013847,0.06281654779013847,12.606963894783604
0.220563776239757,-3.3084566435963554,3.6785473012647216
0.22053289605362503,-3.160971510101959,3.687132654242909
0.22051419464034142,-3.0136939934179994,3.6923320475867456
0.22050364682381526,-2.8665474087095983,3.6952645664400663
0.22049886407947245,-2.7194859903134936,3.6965942717796665
0.220509420673131,-2.572609907853195,3.693659312695587
0.22052333193001195,-2.4257566512301314,3.68979168540271
0.22053835748121392,-2.2788963606392105,3.685614260428345
0.2205589971744729,-2.1320703060199047,3.6798759837472304
0.2205928641567332,-1.9853357774105989,3.670460237489479
0.2206508007900807,-1.8387566732506726,3.654352612829115
0.22132659167196292,-0.6639797750158888,3.4664682770416704
0.19185456624282926,-0.4476606545666016,11.660322427072224
0.191988437403953,-0.3199807290065883,11.623103377713683
0.1923568679866132,-0.1923568679866132,11.520671786576948
0.1882879621162149,0.0627626540387383,12.651914745511469
0.18818645915013285,0.18818645915013285,12.680134743552387
0.3677503028154749,-3.603952967591654,3.6545247361070707
0.36768616087452904,-3.456249912220573,3.6652244359347677
0.3676232168162642,-3.3086089513463777,3.6757243135412097
0.3675633306110245,-3.1610446432548107,3.6857141019766146
0.3675321601466584,-3.013763713202599,3.6909137359023845
0.36750825266195375,-2.866564370763239,3.694901811507883
0.36750028132704765,-2.7195020818201527,3.696231532583724
0.3675094093768747,-2.572565865638123,3.694708856597913
0.36753247393525995,-2.425714327972716,3.690861391932181
0.3675570971569899,-2.2788540023733375,3.6867539221952654
0.3675829333953557,-2.1319810136930633,3.6824441056990054
0.3676393736376303,-1.9852526176432035,3.6730291481589745
0.36771558153533784,-1.8385779076766893,3.660316691723338
0.367846674892217,-1.692094704504198,3.6384486355446697
0.367979855822724,-1.545515394455441,3.616232345264308
0.36811496943800753,-1.3988368838644285,3.5936936583326258
0.3682520082619954,-0.957455221481188,3.5708338218544995
0.31918621120586416,-0.7022096646529011,11.75563915461963
0.31908252617576655,-0.5743485471163798,11.772935149756528
0.3194961157852392,-0.4472945620993348,11.703943089211478
0.31319565074710454,0.18791739044826272,12.75494160420616
0.3134169098900697,0.3137956497701734,12.679409238552296
0.515207778173113,-3.900858891882142,3.6119452525399396
0.5149970877229736,-3.7521216391245216,3.6370494482370432
0.5148749265520871,-3.6041244858646095,3.6516052002347834
0.5147851192879566,-3.456414372361994,3.662305918431848
0.5146961980409344,-3.3087612731202927,3.6729010658882046
0.5146093523490624,-3.161171735858526,3.6832489067265684
0.5145569281339464,-3.0138334362131145,3.6894953585931276
0.5145145982339316,-2.866581333017619,3.694539052282636
0.514503438232992,-2.719518173517244,3.695868789095009
0.5145043649862003,-2.5725218249310013,3.695758364565151
0.5145366542622707,-2.42567279866499,3.691911031642121
0.5145703716056302,-2.278811645682077,3.687893541596779
0.5146054333962375,-2.131936795498698,3.6837158579271474
0.4439250925063213,-1.7122824996672392,12.105422245017849
0.44422566003876174,-1.586520214424149,12.069609012146657
0.4445699140378838,-1.4607297175530467,12.028590447908215
0.4449163858626638,-1.3347491575879913,11.987307625231388
0.4452638762807215,-1.208573378476244,11.945903435093605
0.4456119099198273,-1.0822003526624377,11.904434519062981
0.4459979590200701,-0.9557099121858645,11.858435983511072
0.4456677368192854,-0.8276686540929585,11.8977826304357
0.4459263749891444,-0.7007414464115126,11.866965366404116
0.44689602928409244,-0.5745806090795474,11.75142908479856
0.4387927255554847,0.1880540252380649,12.716954206897789
0.46314380206111194,0.3308170014722228,9.815473909011551
0.6627767989654468,-4.050302660344397,3.5779526441070075
0.6624839374284603,-3.901294298189822,3.605093236870026
0.6622129892436783,-3.7525402723808443,3.6302030359195
0.662013554779109,-3.6042960204640373,3.6486853864578705
0.6618980773063354,-3.4565788481553072,3.6593871231696937
0.6617827217840072,-3.308913608920036,3.670077558269817
0.6616710527529891,-3.161317252042059,3.680426352195745
0.6615884990743396,-3.0139031624497696,3.688076915654406
0.6615323965731257,-2.866640385150211,3.6932761478721403
0.6615083348281872,-2.719534265404769,3.6955060413134717
0.6614939867034861,-2.5724766149580014,3.6968357366139557
0.6615358011216905,-2.425631270779532,3.692960635404738
0.5697937708699475,-1.9626229885520416,12.195043592207362
0.5701373184935071,-1.8371091373679675,12.16320572697699
0.5704816423519993,-1.7114449270559977,12.1312959251024
0.5708263823578315,-1.585628839882865,12.099347557270654
0.5712313419659949,-1.4598134294686536,12.06181840979798
0.5716740846031623,-1.3339061974073785,12.020787765289882
0.5721202079120173,-1.2078093278142588,11.97944382107542
0.5725671139153388,-1.0815156596178621,11.938027341587166
0.5719887908453559,-0.9533146514089265,11.991622740591687
0.57252212130267,-0.8269763974371901,11.94219697816817
0.5943917501293156,0.33021763896073086,9.915455276372334
0.8105136642415073,-4.19993444197872,3.5435943404200643
0.8101569601407762,-4.050784800703881,3.570641079891736
0.8097929777127255,-3.9017298017067685,3.598239691411962
0.8094617448963303,-3.7529589990648042,3.6233550956676126
0.8091774284420361,-3.6045176357872517,3.644913112665563
0.8090250369283025,-3.456743339602747,3.6564680501086713
0.8088827899160665,-3.309065958747545,3.6672537906501574
0.8087462929776446,-3.1614627816398833,3.677603537470034
0.8086268734400159,-3.0139728919127866,3.6866584070817012
0.8085583005375679,-2.8667067019059225,3.6918578803244486
0.8085149711435154,-2.719550357482734,3.695143289239006
0.8084974343404095,-2.572491836537667,3.6964730001781234
0.6956678248712864,-2.0870034746138595,12.25166775613016
0.6960764629208644,-1.9616700318678908,12.22068317579454
0.696493999301278,-1.8362114527033693,12.189023888228625
0.6969144410355267,-1.710608173450838,12.157144305050494
0.6973353778990704,-1.5848531315887966,12.12522717917794
0.6977568236006245,-1.4589460857103969,12.09327147116106
0.6982744162646046,-1.333069340141518,12.054025513779514
0.6982358704088992,-1.206043776160826,12.056948215578679
0.6979635887372008,-1.078671000775674,12.07759370696003
0.6989644600254328,-0.9531333545801356,12.001703620689646
0.7004637517071671,-0.8278207974721066,11.888021295690322
0.7262114728909554,0.3300961240413434,9.935725526116272
0.7254270644753061,0.4616354046661039,9.995202526840309
0.9579902373287685,-4.200418732903062,3.5365078537344274
0.9575722132040245,-4.051267055863181,3.5633277747597134
0.9571545042168784,-3.902245286422658,3.5901274769387967
0.9567433656800399,-3.7533778192063108,3.616505626992243
0.9563582669552794,-3.604735006216053,3.641213094273809
0.956166000152875,-3.456907846706548,3.653548699209118
0.955999225778588,-3.309228089233574,3.6642487408637905
0.955835074890108,-3.161608324636511,3.6747804628498315
0.955673799940812,-3.0140481382748687,3.6851276680646663
0.9545498858616046,-2.863649657584814,3.7572366327374738
0.9541625651632986,-2.715693454695542,3.7820866591477653
0.8213278655476288,-2.2112673303205392,12.304599935843434
0.8217834840604772,-2.0860657672304423,12.275368004457334
0.8222396083656536,-1.960725219948866,12.2461036220487
0.8227295538078317,-1.8353197738790095,12.21466931649524
0.823223118379524,-1.7097710920190115,12.183002811980053
0.8237206545853321,-1.5840781818948695,12.15108149223525
0.8242182396176163,-1.4582322700927057,12.119157039842946
0.8237388394536284,-1.330655048348169,12.149914773132956
0.8237471885493849,-1.2039381986491011,12.14937910527177
0.8255800804809259,-1.079604720628903,12.031782981167886
0.8266411006787071,-0.9538166546292774,11.963709211673958
0.8272870149023599,-0.8272870149023599,11.922268138199826
0.856417479901,0.46114787379284616,10.053292822069835
0.8563704372437884,0.5928718411687766,10.056311021921353
0.8567778141242486,0.724965842720518,10.030174215180452
0.8562141722058256,0.8562141722058256,10.06633679729913
1.1056440390517335,-4.348866553603485,3.5214564256916603
1.1047739413976845,-4.198140977311201,3.5698375815148538
1.1041165183598813,-4.0484272339862315,3.6063931178798825
1.1033947182361228,-3.898661337767634,3.6465282959237015
1.1026773205528815,-3.7491028898797967,3.6864186794209886
1.1021403717816969,-3.600325214486877,3.71627533062199
1.1017289096463119,-3.452083916891777,3.7391543874666766
1.1013736315316824,-3.3041208945950475,3.7589093721450837
1.1012325926089117,-3.1568667654788802,3.766751740260837
1.1012060479358086,-3.00996319769121,3.768227737764917
1.101517013650016,-2.8639442354900417,3.7509367123211277
0.9468021757010532,-2.3354453667292643,12.353744280112224
0.9472802001288657,-2.2103204669673535,12.327164074750591
0.9477858645943056,-2.0851289021074724,12.299046964926362
0.948311689097562,-1.9598441574682948,12.269808870662665
0.9488425658518498,-1.8344289606469097,12.240289849604984
0.9494115105730225,-1.7089407190314405,12.20865408655959
0.9499811378974632,-1.583301896495772,12.176980367849204
0.94914536194871,-1.4553562216546887,12.223453089872692
0.9493899621700053,-1.3291459470380074,12.209852270049993
0.9517353949090254,-1.2055315002180989,12.079436165269897
0.9524728079984008,-1.0794691823981877,12.03843283947409
0.9532113645188299,-0.9532113645188299,11.997365934014866
0.9539582049988342,-0.8267637776656563,11.955838404926588
0.9889314011809235,0.4615013205510976,10.011178921882241
0.9863083261587395,0.5917849956952437,10.157033126630026
0.9876280660971241,0.7242605818045577,10.083649934171163
0.986978974434562,0.8553817778432871,10.119742210393056
0.9863379785365233,0.9863379785365233,10.155384327436728
0.9856993222810279,1.1171258985851649,10.190896350335308
1.2520447969752255,-4.34533194244343,3.571424099692045
1.251418377641037,-4.1959322073846534,3.6021578623406256
1.2510244609082635,-4.047432079409087,3.6214844423288497
1.250728109281778,-3.899328811290249,3.6360242243116687
1.2505136520800666,-3.7515409562402,3.6465460527035276
1.2503788802447782,-3.604033243058478,3.6531583096557085
1.250496738376277,-3.4572556884520598,3.6473758830254965
1.250271814339444,-3.3095430379573516,3.6584112415859735
1.2500532712604664,-3.161899450835297,3.6691335337490827
1.2498423343988458,-3.014325630020746,3.6794826450951987
1.2496768307844945,-2.8669056706232525,3.6876026831006357
1.0726040658572285,-2.33449120215985,12.375253321871824
1.0731453841727385,-2.2094169674144615,12.34869483665559
1.0736872492006218,-2.084216424918854,12.322109528307628
1.0742705184000934,-1.9589638864942878,12.293492823556633
1.0748665784980884,-1.8335959280261507,12.264248564038695
1.0754773921283383,-1.7081111522038313,12.234280457835624
1.0744593459683114,-1.580087273482811,12.284228451679219
1.0748590684012236,-1.4542210925428318,12.26461702893419
1.0774203947698335,-1.3309310758921473,12.138951692023142
1.0780713818229541,-1.2049033090962429,12.107012573151877
1.0787921776188156,-1.0787921776188156,12.07164845570044
1.079628158414738,-0.9526130809541806,12.03063306240334
1.119695293516009,0.46105100321247433,10.064835148764459
1.1175064101128849,0.5916210406479979,10.17222746459099
1.1163392042223204,0.7223371321438543,10.22949362296891
1.1175027244092273,0.8545609069011738,10.172408294803645
1.116779363092436,0.9853935556697965,10.207898283388083
1.1160554171040655,1.1160554171040655,10.243416957481664
1.115363137863014,1.2465823305527803,10.277381978546309
1.1146717169188711,1.376947415017429,10.311304889331105
1.4007221907673362,-4.2021665723020085,3.510932233778121
1.4000321130204443,-4.05272453769076,3.5412253480175337
1.399417715134271,-3.903638889585072,3.5681962588143605
1.3988073140812531,-3.7546933167444165,3.5949917161584253
1.3982133566714572,-3.605918656679021,3.6210653285149164
1.3976982814521441,-3.457464169907935,3.6436761611795276
1.3974291146938573,-3.3097005348012414,3.65549207524856
1.397185382933685,-3.162051129797287,3.6661914407735807
1.396946914781706,-3.0144643950552603,3.676659743805949
1.1977932072079347,-2.4586281621636554,12.41913266357139
1.1983358775431383,-2.333601445741901,12.395310457258105
1.1989077119349951,-2.2085142061960434,12.370208003749703
1.1995128308005163,-2.0833643903377386,12.343644424494727
1.2001185609828364,-1.9580881784456807,12.317054009582876
1.2007818353932975,-1.8327722750739806,12.287937511364127
1.199537159943954,-1.7046054378150926,12.342576420889586
1.2000745503366728,-1.579045460969306,12.318985994113596
1.202862061121252,-1.4560961792520417,12.196619517261993
1.2035839180124372,-1.3302769620137465,12.164931358402093
1.2043139414862385,-1.2043139414862385,12.132884701936327
1.2050416823637502,-1.0781951894833555,12.100938247151426
1.2058863607295367,-0.9520155479443712,12.063858456728411
1.250207508934483,0.4606027664495464,10.118243470820488
1.249395075660972,0.5918187200499341,10.15390776238361
1.246278397900585,0.7215295987845491,10.290724049922346
1.247058563429643,0.8532505960308083,10.256476251607083
1.2469851471967996,0.9844619583132629,10.259699086046489
1.2462118832690017,1.1150316850301594,10.293643917056478
1.245439577758099,1.245439577758099,10.327546675368673
1.2446610090914085,1.37567795741682,10.361724374431589
1.2438884407285715,1.505759691408271,10.395638671448971
1.2431168308461964,1.6356800405871004,10.429510892978115
1.547582351169147,-4.053191872109672,3.534138312994088
1.546908991489048,-3.9041036451866447,3.5608823715130526
1.5462341770808832,-3.755140144339288,3.5876842079680316
1.5455661782569703,-3.6063210825995977,3.6142153475139764
1.544934153342323,-3.457709771766152,3.6393176989055505
1.5446004217586016,-3.3098580466255747,3.6525726312522053
1.544331008389314,-3.162201588606691,3.6632730149059327
1.5440650397608957,-3.0146031728665106,3.6738365825991792
1.3233912967434012,-2.457726693952031,12.438411699406451
1.3239906504183108,-2.3327454316894047,12.41460696290519
1.3245905471148345,-2.207650911858057,12.3907806590273
1.3252355786775691,-2.0825130522076085,12.365161718110294
1.325904522595404,-1.9572876285932155,12.338593041943277
1.324419765505382,-1.8289606285550513,12.397563651077675
1.3251066504991966,-1.7037085506418241,12.370282403011757
1.328056444232696,-1.5810195764674955,12.253124428515925
1.328833607516164,-1.45538918918437,12.22225756650127
1.3296306746049444,-1.3296306746049444,12.190600178190252
1.3304330607658237,-1.2037251502166977,12.158731530459214
1.3312366193490115,-1.0776677394730092,12.126816317227224
1.3320411492503443,-0.951457963750246,12.094862525817653
1.3804816955033172,0.46016056516777243,10.17093265302033
1.3795880833635454,0.5912520357272338,10.206424554400279
1.3776787221324727,0.7216412354027237,10.282259312564193
1.3753604111390003,0.8514135878479526,10.374336469404717
1.3769828830463124,0.9835592021759374,10.309896193402246
1.3761230632338857,1.1140043845226693,10.344045953268946
1.3752686194081307,1.2442906556549753,10.377982193219921
1.3744152359835045,1.3744152359835045,10.41187631685375
1.3735629110790046,1.504378426419862,10.445728398878856
1.3727210987617648,1.634191784240196,10.4791629488521
1.3718871400928612,1.7638548944051073,10.512285572767254
1.6936961333493241,-3.7555870782963274,3.580374960309385
1.6929518931044085,-3.6067235983528705,3.607363837406112
1.6922595208414026,-3.458095542588953,3.6324717915097864
1.6917857375319614,-3.310015573432098,3.649652909564537
1.6914906376723362,-3.162352061735237,3.6603543112921315
1.448373364972475,-2.5818829549509337,12.476677048221902
1.4489511330166,-2.456917138593365,12.455725062838376
1.4495532714738877,-2.331890045414515,12.433889317015748
1.450209819440527,-2.2068410295834107,12.410080483106547
1.4508669620852659,-2.0816786847310333,12.386250083991435
1.449195780145501,-1.9532638775874145,12.446853261912416
1.4499535834182182,-1.8282023443099276,12.419372539752352
1.4530784428695978,-1.7057877372817016,12.306053691095649
1.453884492726621,-1.580309231224588,12.27682337108319
1.4546914374299529,-1.4546914374299529,12.247560600666162
1.4555550162772202,-1.3289850148618096,12.216244068764738
1.4564281934449534,-1.2031363337153962,12.184579466608888
1.4573081482989139,-1.0771408052644145,12.152669080726845
1.5105088479209947,0.459720084149868,10.22341686228095
1.5095472553671623,0.590692404274107,10.258287730162401
1.5086111507757765,0.7215096808058061,10.292234311174639
1.5050778434335752,0.8506961723754991,10.420364976312797
1.5049234027659946,0.9814717844126052,10.425965560565729
1.5057985273010246,1.1129815201790183,10.394230339739373
1.5048644251954615,1.243148872987555,10.42810430328148
1.5039325488132063,1.3731558054381447,10.46189755394461
1.503018587101795,1.503018587101795,10.495041153029597
1.5021057355713943,1.6327236256210806,10.52814449288504
1.501201699815154,1.7622802563047462,10.56092814048123
1.840370512229042,-3.6071262039689223,3.600510797679263
1.839617765691997,-3.458481399500954,3.6256243563709845
1.8390028647733903,-3.3102051565921027,3.646139031031119
1.8386642727819595,-3.1625025491849703,3.6574353298925146
1.5738142189303825,-2.581055319045827,12.493513670442532
1.5744381881534435,-2.456123573519372,12.472696453844385
1.5750662921462066,-2.331098112376386,12.451741290704504
1.575736957945048,-2.206031741123067,12.429366156349381
1.5738161505802366,-2.077437318765912,12.493449225639942
1.5746477892269575,-1.9525632586414272,12.465703623452626
1.5779640020341819,-1.830438242359651,12.355066243046458
1.5787606697197483,-1.705061523297328,12.32848736198271
1.5795995240341654,-1.5795995240341654,12.300501026580065
1.5804758499586318,-1.4540377819619412,12.271264541981203
1.5813531487833803,-1.3283366449780396,12.241995598929009
1.582305305527643,-1.2025520322010088,12.210229203331053
1.5832546275287604,-1.076613146719557,12.178557382048439
1.6413426259969666,0.3282685251993933,10.240592493438456
1.6403244632876073,0.45929084972053,10.27456101763731
1.6393075629748048,0.5901507226709297,10.30848742504324
1.638284034680163,0.7208449752592717,10.342634958954235
1.6372667871454576,0.851378729315638,10.37657295057506
1.6330723414840527,0.9798434048904316,10.516510435655285
1.6352360775721804,1.1119605327490827,10.444322639938676
1.6342330620601004,1.2420171271656764,10.477785814714892
1.6332402039811404,1.3719217713441578,10.510910111422248
1.6322485518836976,1.5016686677330018,10.543994173487363
1.6312911920124258,1.6312911920124258,10.575934158772014
1.6303534193193199,1.7607816928648654,10.607220665462904
1.6294167241927113,1.8901234000635452,10.6384712217666
1.6992860885158805,-2.580397393672263,12.506897866193015
1.6998442067842032,-2.4553305209105156,12.489656885136434
1.7005221209768338,-2.3303451287460315,12.468715256065138
1.6982889301242658,-2.2014856501610853,12.537701353403534
1.699280720375846,-2.076898658237145,12.507063694845996
1.702713357009304,-1.9549671876773491,12.401025196322344
1.7035048748998074,-1.829690421188682,12.376574204963248
1.704364572743708,-1.704364572743708,12.35001704838492
1.7052251389364672,-1.578912165681914,12.323433067409205
1.7061472725587485,-1.4533847136611562,12.294947190462075
1.7070939041375082,-1.327739703218062,12.265704540573545
1.7080602128643743,-1.2019682979415967,12.23585403862748
1.769926341121505,0.45886979214261236,10.324730884514508
1.768820097970049,0.5896066993233496,10.358904138286576
1.7677221245826398,0.7201830877929273,10.39282192856038
1.7666255134873012,0.8505974694568488,10.426697635904603
1.7627311546787172,0.9792950859326207,10.546999317926392
1.761673761887438,1.109201998225424,10.579663522125607
1.7633860160235746,1.2409012705351081,10.526769820556055
1.7623223875386052,1.370695190307804,10.559626653240826
1.76130898617071,1.5003743215528271,10.59093190658632
1.7602967496204738,1.6299043977967351,10.62220117723723
1.7592893203982813,1.7592893203982813,10.653321943428708
1.758403715834512,1.8886558429333646,10.680679391436009
1.7575190024269933,2.017892187971733,10.708009310496656
1.8246940074279727,-2.5797398036050647,12.520275240795954
1.8252683035937456,-2.454671166901934,12.503758003063304
1.8226342500660628,-2.325429905256701,12.579515584099397
1.8239072097476852,-2.2012673221092753,12.542904199697873
1.8273539895312416,-2.0794028156734816,12.44377193225452
1.828169488455454,-1.954250142831692,12.420317501588407
1.828997736844457,-1.828997736844457,12.396496385658729
1.8298658355914614,-1.7036681917575676,12.371529140125425
1.830789392027947,-1.5782667172654716,12.344966885090308
1.831713881237066,-1.4527385954638798,12.31837780273463
1.8327216968747664,-1.3271432977368998,12.289392182647518
1.899278474559179,0.45844652834187083,10.375163627328824
1.8980998713693058,0.5890654773215087,10.409061240163133
1.8969227300440494,0.7195224148442946,10.442916808549207
1.89575823667977,0.8498226578219659,10.476408611006235
1.8946064635772506,0.9799688604709916,10.50953456810327
1.8898663553675283,1.1078526910775166,10.64586404206571
1.891464322524283,1.2392352457917717,10.599905171033434
1.8912551415475902,1.3695295852585998,10.605921390759605
1.8901685231651437,1.4990991735447692,10.637173443650084
1.8891510875951014,1.6285785237888806,10.666435741031826
1.8882003415719388,1.757979628360081,10.693779991305227
1.8872505520242255,1.8872505520242255,10.72109673254527
1.8863075592736047,2.0163977357752327,10.74821799222007
1.8854054512945924,2.1454613756110876,10.77416337169133
1.9500380245616502,-2.5790825486137954,12.533645798939148
1.9471028960633523,-2.449581062789379,12.612616305912702
1.9489360388782913,-2.3261494657579607,12.563295052163639
1.9519687510300976,-2.2038356866468845,12.481699027910572
1.9527473330627707,-2.078731031970046,12.460751046288529
1.9535265364662906,-1.9535265364662906,12.439786346498671
1.9544183434947384,-1.8283268374628199,12.415792012621992
1.9553038649093037,-1.7030065920177808,12.391966795060071
1.9562510274654759,-1.5776217963431256,12.366483104212925
1.9572384668653062,-1.452144668964582,12.339915752883847
2.028400096647521,0.4580258282752467,10.425290896008192
2.0271419587415815,0.588525084795943,10.459141471317686
2.0259099733371566,0.7188712808615718,10.49228840577996
2.0246794845941394,0.8490591387007681,10.525395072121036
2.023455560903586,0.979091400437219,10.55832510376905
2.020775537046844,1.1081672299934304,10.630431944335264
2.017450045053284,1.2365016405165288,10.719905297484942
2.0199670466760278,1.3683647735547284,10.652184618708333
2.018950198888603,1.4979307927238026,10.679543211469905
2.017934374344784,1.627366430923213,10.70687427355734
2.0169195715738266,1.7566718849191392,10.73417784454142
2.015935494045717,1.8858751395911546,10.760654743709942
2.014971613692068,2.014971613692068,10.786588231880451
2.0140086546192206,2.1439446968527185,10.812496932716414
2.0738496706275944,-2.7022889647571686,12.584125862394984
2.071661416440237,-2.5738823658802947,12.639433273385343
2.073812813570085,-2.4508696887646457,12.58505741250437
2.076624286975873,-2.3283363217608275,12.513998339001503
2.0772779526935645,-2.2031735861901445,12.497477151148857
2.0780596821869564,-2.0780596821869564,12.4777191931273
2.0788886209810213,-1.952895371224596,12.456768035426293
2.07974697217067,-1.8276564300893767,12.435073489018379
2.0806889326698017,-1.702381854002565,12.411265744578472
2.157296624195508,0.45760837482935013,10.475031323223952
2.15598591979263,0.5879961599434445,10.50815894958275
2.154676807106789,0.7182256023689298,10.541246345812475
2.153407306607697,0.8483119692696989,10.573332556939782
2.152169328166142,0.9782587855300645,10.604622058342258
2.150932772258666,1.1080562766181006,10.63587560565977
2.1464827681552032,1.2358537149984503,10.748348008217448
2.1452142307452555,1.3651363286560716,10.780409877580688
2.147605859500305,1.4968162051062732,10.71996224071286
2.1465305877493814,1.6261595361737737,10.74713938356868
2.1455040102747165,1.7554123720429498,10.773085794471385
2.144478414251282,1.8845416367662784,10.79900739951428
2.1434537979238697,2.0135475071406046,10.82490424305972
2.1425239919639716,2.1425239919639716,10.848404785484114
2.141608006101489,2.2714024307137004,10.871556029453117
2.199511675214256,-2.5765708195366996,12.584741979434362
2.2013888204969403,-2.452976114268019,12.54000884369212
2.201919098878322,-2.327743047385655,12.527372094137178
2.20261202738463,-2.20261202738463,12.510859325936302
2.2033053921477133,-2.0774022268821293,12.494336161558998
2.2859861420962777,0.4571972284192556,10.52402025429484
2.2846012208056306,0.5874688853500193,10.557023492061411
2.2832874265786036,0.7176046197818469,10.588331742966169
2.281975142462378,0.8475907672003119,10.619604007316184
2.280664365909682,0.9774275853898637,10.65084034581399
2.279507581706647,1.1071893968289428,10.678406983972565
2.2783606351495655,1.2368243447954785,10.70573918702594
2.2733215928003943,1.3639929556802366,10.825821616178146
2.2733010814318777,1.493883567798091,10.826310410434289
2.2750131488054373,1.6250093920038837,10.785511148423112
2.27392589335813,1.7541714034477003,10.811420888047166
2.272880193499066,1.883243588899226,10.836340341097845
2.271908260504825,2.0122616021614164,10.859501899750114
2.270937158394646,2.1411693207720948,10.88264365809718
2.269968482306815,2.269968482306815,10.905727603344737
2.413095980119881,0.5869692924615927,10.603322665628603
2.411709472427681,0.7169947080190404,10.634577705699762
2.4103970745580647,0.8468962694393201,10.664162141642628
2.4091839523734424,0.9766961969081522,10.691508677622856
2.4079720507098115,1.1063655368126162,10.718827700281139
2.4067639636968856,1.235905819195698,10.74606073202765
2.4056129068307746,1.3653478660390883,10.772008174423306
2.3999368010458246,1.4918526060555126,10.899960521716316
2.4022331161901302,1.6231304839122502,10.848196350298394
2.402266562245448,1.7530053292061376,10.847442400064253
2.4012395112967266,1.882052589935272,10.870594466755271
2.4002133383099413,2.0109895537191402,10.893726742185372
2.3992707704855585,2.139890146649282,10.914974366909426
2.398415263065634,2.268771194791816,10.934259451904872
2.54137237709565,0.5864705485605346,10.64954316030655
2.540075865080243,0.7164316542534018,10.677270706639625
2.538797785506299,0.8462659285020997,10.704604051940535
2.537520991457656,0.9759696120990985,10.731909904659865
2.5362777369247635,1.1055569622492558,10.758498472490267
2.535065016344854,1.2350316746295442,10.784434033186145
2.533853454681817,1.3643826294440555,10.810344808981526
2.530901162593399,1.4925827369140559,10.873483302645774
2.527009261777919,1.6198777319089226,10.956716515221196
2.5305177771032024,1.7518969226099095,10.8816824853888
2.5294309470000913,1.8808589093077601,10.904925719298006
2.5285288608854617,2.009856274037162,10.924217969768947
2.5276274179741947,2.1387616613627802,10.943496464523918
2.526726617578613,2.267575169621832,10.962761218269762
2.6683491262944052,0.7158985460789868,10.717693112420967
2.6670076877333124,0.8456365839154406,10.744982037594411
2.6657321410010812,0.9752678564638102,10.770930523302717
2.6644578135641135,1.1047751909899983,10.79685420485064
2.6631847039047822,1.2341587652241672,10.822753113111325
2.662018365012289,1.3634728211038554,10.846479980436648
2.6608802413143886,1.4926889158592913,10.869632865205986
2.6561875842167613,1.6196265757419277,10.965095730309145
2.6542490881976764,1.7479201312521284,11.00453061338775
2.6577427761640102,1.8798668416769828,10.933458413543597
2.656795429289647,2.0087965440970503,10.952730319628309
2.655838416868791,2.1376260428456124,10.972198852217318
2.6549028146136884,2.26638045149949,10.991231837157606
2.7964643725823692,0.7153746069396759,10.757420285085672
2.7951272169809167,0.845038460947719,10.783356882030787
2.7937913395152316,0.9745783742494994,10.809268687177386
2.7924949434254236,1.1040096287960977,10.834414678284212
2.791300769710778,1.233365456383832,10.857577878053611
2.790107617045244,1.3626106966965146,10.88072127269394
2.788901104259926,1.4917377999529837,10.90412381147695
2.787906467009333,1.620875852912403,10.923416633828516
2.782629035168106,1.7472321848729966,11.025782149421858
2.7815950542648817,1.8759594552018972,11.045838114417052
2.784921856429039,2.0077343616116328,10.981308655950038
2.7839711468284123,2.1365359964032,10.999749420582454
2.7830552745128605,2.2652775490220955,11.017514451874135
2.9230656349146793,0.8444411834197963,10.821677484074684
2.9217794010941907,0.9739264670313968,10.845517520345155
2.9205301967339414,1.1033114076550445,10.868671224425377
2.919282060109759,1.2325857587130093,10.891805138272943
2.918118517445641,1.3617886414746325,10.913371123300664
2.9170779740551875,1.4909509645170957,10.93265734620529
2.9160381726677973,1.6200212070376652,10.951929816260574
2.9149872274576163,1.7489923364745699,10.971408834406333
2.909091796041289,1.8747480463377195,11.080679245863806
2.909451786506275,2.004289008482101,11.074006908684055
2.912040606562208,2.135496444812286,11.026023748042462
2.9110830678602277,2.2641757194468437,11.043771498896128
3.0484036030238,1.1026140691788213,10.902884464733049
3.0472917609473265,1.231883903361685,10.922615267179388
3.046205342782267,1.3610704723069704,10.941894895682822
3.045119698999099,1.4901649590846655,10.961160781968331
3.0440288577875543,1.6191642860572097,10.980518902065363
3.0429868166796683,1.7480988095819372,10.999011013198512
3.04198571956618,1.8769699120727492,11.016776530256912
3.035455543355352,2.002108975404594,11.132661348327716
3.0382275688589067,2.13322361217753,11.083468851709569
3.03908418476001,2.263147797161709,11.068267305127826
3.1752885955370336,1.2312343533715029,10.951129289179704
3.1741436169286255,1.3603472643979824,10.970618793491056
3.1730269787741,1.4893800104449857,10.98962589455568
3.1719753666585935,1.6183547789074455,11.007526140646327
3.1709319990065663,1.747248244350557,11.025286051795042
3.169889317525122,1.8760569430250722,11.043034283140805
3.1671153042376954,2.0036851924769095,11.090252758252937
3.1622369424838257,2.1296697775911477,11.17329086196613
3.167021333707618,2.2621580955054412,11.091852298224815
3.2987458421269027,1.7463948575965955,11.051648250802074
3.2977701751444823,1.8752026486115685,11.067604504504764
3.296795085095025,2.0039342674107017,11.083551322929964
3.29202372205119,2.1301329966213585,11.161583152034439
3.289726372650293,2.257655353779613,11.19915446534619
0.0,0.0,65.0
