-3.627771871359956,-2.2779032680632283,9.632679447279372
-3.6317807127809614,-2.1115004144075358,9.554920580592096
-3.6308443648020523,-1.9420795439638887,9.5730827751063
-3.4623247088939775,-2.2800674912228636,9.5658238494334
-3.4572291852231025,-2.1080665763555504,9.669482241406811
-3.460720969310258,-1.941380055954535,9.598448772234306
-3.460046384283716,-1.772218879755074,9.612171875808599
-3.4593876045382874,-1.603130841127499,9.62557345207172
-3.4588985413477173,-1.4341774439734438,9.635522479332195
-3.2929211531750506,-2.4485823959506785,9.576723731967206
-3.292161882750061,-2.2791889957500424,9.592961688606295
-3.287323749330656,-2.1072588136734973,9.696431280062455
-3.2908785764217368,-1.9407745450692293,9.620406814648547
-3.290349711721756,-1.771726767850176,9.631717253964482
-3.2899350096693714,-1.6027888508645654,9.640586180927968
-3.2895406378868124,-1.433902329335277,9.649020319403675
-3.2891443800622904,-1.2650555307931888,9.657494793267944
-3.28887199294837,-1.0962906643161234,9.663320135595669
-3.122967557992472,-2.447731329237343,9.601201121976587
-3.122358833970503,-2.2784780680325296,9.614923147325555
-3.1217953200242605,-2.1093211621785546,9.627626034637004
-3.1171618941836283,-1.937695231519553,9.73207400209543
-3.120995794787472,-1.7713759916361327,9.645649153768844
-3.1206217013177757,-1.602481414190209,9.654082072281668
-3.1203151843550407,-1.4336583279469106,9.660991662474828
-3.1200567915023867,-1.2648878884469137,9.666816425661679
-3.119798441438506,-1.096145398343259,9.672640224292167
-3.1195377755752105,-0.9274301494953329,9.678516226313874
-2.9532371435575513,-2.4469679189476854,9.623157439976467
-2.9527918282853745,-2.277867981820146,9.633769484074563
-2.9524347978945498,-2.108881998496107,9.642277663534188
-2.9503845087562492,-1.938824105754107,9.691136887793718
-2.948303356478643,-1.768982013887186,9.740731593218598
-2.9515027734997603,-1.6022443627570127,9.664488184025998
-2.951258372117088,-1.4334683521711569,9.67031236840188
-2.9510116700090645,-1.264719287146742,9.676191379998869
-2.9507676249114807,-1.0959994035385499,9.682007073956143
-2.950523620175028,-0.9273074234835802,9.68782180609125
-2.9502724520219714,-0.7586414876627927,9.69380724535823
-2.7838576449020427,-2.4464203546108862,9.638905847964992
-2.7835239300974277,-2.2774286700797135,9.647340380826407
-2.7831902952913152,-2.1084774964328146,9.655772891751766
-2.782937595829567,-1.9396231728509103,9.662159788241539
-2.7795738537717782,-1.7688197251274949,9.747177271827539
-2.7803483389681385,-1.6008066194058979,9.72760241105108
-2.7822443061639768,-1.4332773698420485,9.679682458455858
-2.782014229357209,-1.264551922435095,9.685497574718298
-2.781780747933766,-1.0958530219133016,9.691398741556952
-2.7815423688911145,-0.9271807896303714,9.69742369412397
-2.781304030699777,-0.758537462918121,9.703447614187354
-2.6146373691258686,-2.4459510872467805,9.65240236957709
-2.6143612573812858,-2.277024320944991,9.659831238351899
-2.6141447589088167,-2.1081812571845293,9.665656194274547
-2.6139282962903887,-1.9393661553122241,9.671480185533525
-2.613709844752871,-1.770577636768074,9.677357689253355
-2.609988463646675,-1.5996703486866717,9.777482556961374
-2.6132775864998403,-1.4330877087257188,9.68898772637273
-2.613053552121063,-1.264380751026321,9.695015438100455
-2.6128296433297855,-1.0957027536544262,9.701039770859069
-2.612609104478678,-0.9270548435246924,9.706973434373069
-2.6124287416710272,-0.7584470540335241,9.711826149464642
-2.6122484037645344,-0.5898625427855401,9.716678194583125
-2.4453687021110664,-2.276722584724096,9.669152252846132
-2.445164239573009,-2.107900206528456,9.675032766333388
-2.4449620241706347,-1.9391078122732621,9.680848650320229
-2.4447598422355705,-1.7703433340326542,9.686663571759254
-2.4445531915889087,-1.6016038151789402,9.692607017078842
-2.441058012657349,-1.4309650419025837,9.793131284471485
-2.4441342726860693,-1.2642073824238291,9.70465547486296
-2.443952394805081,-1.0955648666367606,9.709886434736347
-2.4437836822911563,-0.9269524312138868,9.714738747649179
-2.4436149930885738,-0.7583632737171436,9.719590390108323
-2.4434727097113065,-0.5898037575165221,9.723682578961032
-2.2764192075784493,-2.2764192075784493,9.678523957586819
-2.2762309567794143,-2.107621256277235,9.684339263489278
-2.276041286108256,-1.9388499844625882,9.690198431042162
-2.2758462420583077,-1.7701026327120168,9.696223589079821
-2.2756512314490327,-1.6013841999085785,9.702247714092692
-2.273575906210334,-1.431510755762062,9.766357142429754
-2.2731918272108493,-1.262884348450472,9.778221829773258
-2.2751525989765984,-1.0954438439516954,9.717651103480534
-2.275008910659334,-0.9268554821204693,9.722089817811536
-2.2748799287369867,-0.7582933095789955,9.726074232954431
-2.274750961439104,-0.5897502492619898,9.730058196329082
-2.4923813899835934,2.86162307738857,3.0071782821013073
-2.1073372257818015,-2.1073372257818015,9.693815250645997
-2.107156648032203,-1.9385841161896267,9.699839788375215
-2.106976101227372,-1.769859925030992,9.70586329370748
-2.106826345407793,-1.6011880225099226,9.710859532652904
-2.1066809076540634,-1.432543017204763,9.715711709826138
-2.103712951773581,-1.262227771064149,9.814730344294432
-2.106418042098202,-1.095337381891065,9.724481580214487
-2.106298622533713,-0.9267713939148338,9.728465723739745
-2.1062159475409237,-0.7582377411147325,9.731223973936295
-2.10621688683109,-0.5897407283127052,9.731192636802788
-2.0221841878632847,1.698634717805159,12.53473940014797
-2.0211964451002347,1.8595007294922161,12.567693036772525
-2.020331942365224,2.020331942365224,12.596535069390939
-2.019481314908889,2.1810398201016006,12.624914187059574
-2.0186969175453173,2.341688424352568,12.651083698652442
-2.015525850884779,2.499252055097126,12.756878630645645
-2.0148944665904716,2.6596606958994222,12.777943233073927
-2.3103390584522896,3.2344746818332055,2.9211524904682165
-2.3120863998914505,3.421887871839347,2.862856690185808
-2.3139301898336146,3.6097310961404387,2.8013431200144794
-1.9384844068097915,-2.1070482682715124,9.703455615678507
-1.9383337284675966,-1.9383337284675966,9.708919764233244
-1.9381999183512977,-1.769660795016402,9.713772209136295
-1.9380661267085064,-1.6010111481505052,9.718623984122303
-1.9379485194162278,-1.432396731742429,9.722888855282747
-1.9378386484558046,-1.2638078142103073,9.726873178715437
-1.935481617920431,-1.0939678709985046,9.812347738667029
-1.9377191904554345,-0.9267352650004251,9.73120516332959
-1.9377200546028504,-0.758238282235898,9.731173826179315
-1.937747401534718,-0.5897492091627402,9.730182126270321
-1.9379943003284612,-0.4213031087670568,9.721228671730358
-1.8629980744553487,1.3769985767713446,12.440866499213357
-1.8620656225448553,1.5382281229718369,12.47468062063831
-1.861135874674935,1.699297972529288,12.508396683648414
-1.8602129460989476,1.8602129460989476,12.541865454084487
-1.8593312647194034,2.0210122442602207,12.573838450107687
-1.8585360671319646,2.181759730981002,12.602675227078052
-1.855254925943497,2.3392344718418006,12.72166142391103
-1.8552418255699559,2.5005433301160274,12.722136491436387
-1.856349233980255,2.6634575965803657,12.681977806541795
-2.1247362399816145,3.2332942782328917,2.949281988472734
-2.126332137171517,3.4206212641454834,2.8914089113158212
-2.127920406391653,3.608212863011933,2.8338124522804407
-2.1297424753916534,3.796497456132947,2.767737556924118
-1.769587465969704,-1.9381196055858665,9.716684644160239
-1.7694713601718628,-1.7694713601718628,9.721296058154309
-1.7693710386779962,-1.6008595111848538,9.725280561506636
-1.7692707285651492,-1.4322667802670257,9.729264612835095
-1.7692215541545286,-1.2637296815389494,9.731217689851931
-1.766856425061916,-1.0937682631335672,9.825154337274029
-1.76922313216306,-0.9267359263711268,9.731155015543166
-1.7693829381432955,-0.7583069734899839,9.724807946341656
-1.7696084019615423,-0.5898694673205142,9.715853122155835
-1.7698339232466163,-0.4213890293444325,9.706896015540252
-1.7028277116044315,1.2163055082888798,12.36820482011359
-1.7017868027032763,1.3776369355217,12.40954695773803
-1.7008168290590924,1.5388342739106076,12.448071735310236
-1.6999656414667148,1.6999656414667148,12.481878646317753
-1.6991184132029982,1.8609392144604269,12.515528303304066
-1.698275917323984,2.0217570444333144,12.54899000253593
-1.695085989901865,2.17939627273097,12.67568544951581
-1.6954192504142604,2.3412932505720745,12.662449226871388
-1.6960835540260815,2.5037423892765966,12.636064851337835
-1.9377938692006942,3.045104651601091,3.0359729469416408
-1.9392647464732413,3.232107910788736,2.977553607302198
-1.9406964799968707,3.419322369518296,2.920688953431238
-1.9405976597211525,3.6039670823392838,2.9246138323849067
-1.9411139619452564,3.789793925702644,2.904107678982797
-1.9430862408741056,3.9787003979803117,2.8257739969288167
-1.6008050317986517,-1.7693108246195624,9.72767210402101
-1.6007239779283418,-1.6007239779283418,9.73123021636981
-1.6007246917887712,-1.4322273558110057,9.73119887924058
-1.6007254056498617,-1.2637305834077857,9.731167542082318
-1.6007887497254465,-1.0952765129700424,9.728386856388965
-1.5988474350190625,-0.9256485150110362,9.813606918099424
-1.6011967422691609,-0.7584616147590763,9.710476751634488
-1.6014029376924102,-0.5899905559919406,9.70142516065033
-1.6016108073068864,-0.4214765282386544,9.69230007582243
-1.542622137667003,1.0554783047195284,12.281791645838226
-1.5414934595260654,1.2169685206784728,12.331338491852236
-1.5404529496414092,1.3783000075738925,12.377014917363852
-1.539511420192084,1.539511420192084,12.41834628806322
-1.538670173495152,1.7006354549156941,12.455275434682534
-1.5379002156040793,1.8616686820470434,12.48907513690284
-1.5349410229470886,2.0196592407198533,12.618978124817474
-1.5363730907002568,2.183267023626681,12.556113045859775
-1.5356893969155787,2.3439469742395675,12.586125916173756
-1.5350327346290509,2.5045270933421357,12.614952154597034
-1.7512084413222595,3.0415725559807667,3.1252455119202267
-1.7516072926951272,3.2266450128594446,3.1077366873605996
-1.7531333088287697,3.4139964435086565,3.040747451327661
-1.7565252862471668,3.6054992717705003,2.89184602696524
-1.7578580187006103,3.7932725666697378,2.833341580698743
-1.7593671359296161,3.981725623419657,2.767094174772609
-1.4322277392114509,-1.600725120295151,9.731180068617022
-1.4322283779296106,-1.4322283779296106,9.73114873144199
-1.4323942135884205,-1.2638772472839006,9.72301240247134
-1.432576741194969,-1.0954998609138,9.71405712310765
-1.4314287427759578,-0.9262185982667962,9.770380912948099
-1.4316719373708402,-0.757943966843386,9.758449153264763
-1.4331318618205968,-0.5901131195731869,9.686821460639678
-1.4333440781114921,-0.42157178767985065,9.67640957716391
-1.3823031717331085,0.8944314640625995,12.18060926639204
-1.3811179025920892,1.0561489843351273,12.238761654842733
-1.3800256341378254,1.2176696771804343,12.292351187588181
-1.3790160790437793,1.3790160790437793,12.341882587638707
-1.378120485864159,1.5402523077305306,12.385822719607646
-1.3761384548674696,1.6999357383656977,12.48306631808832
-1.3745944305532092,1.859745406042577,12.558820168916668
-1.3758693338923058,2.0233372557239795,12.496270093455749
-1.3751861877301093,2.1841192393360562,12.529787021905008
-1.374504455382939,2.3447428944767785,12.56323458490995
-1.3739126936933954,2.5053702061467797,12.592267953323656
-1.566629098140388,3.0411035434489886,3.1370996507147595
-1.5687001010303767,3.229676678591952,3.0354908596197703
-1.569890445368839,3.4168203810968847,2.9770894687754605
-1.5710494555983545,3.604172280490343,2.9202254108559487
-1.572237932169132,3.7918679540549656,2.861915657554704
-1.5734938280759798,3.9800138004274785,2.8002981361824055
-1.2639739174030584,-1.4325037730567995,9.717637129849166
-1.2641349958130788,-1.2641349958130788,9.708680480421748
-1.264298382502865,-1.0957252648358162,9.699595480753942
-1.2644624986416741,-0.9272724990038943,9.690469920596556
-1.2629304952681264,-0.7577582971608758,9.775655869084474
-1.2648563351799242,-0.5902662897506312,9.66857092243552
-1.2650912545308788,-0.4216970848436263,9.655508400462793
-1.2205135647954155,0.8950432808499713,12.134218857034483
-1.2194563583745723,1.0568621772579627,12.193004061598685
-1.2184109146657445,1.2184109146657445,12.25113520900014
-1.2174798312081347,1.3798104753692193,12.302907436677572
-1.2152519028088498,1.5393190768912095,12.42678979694729
-1.2141836327350957,1.6998570858291338,12.486190187994254
-1.215088798548406,1.8631361577742227,12.435859092334113
-1.2144805876196012,2.024134312699335,12.469678224684316
-1.2138734003485794,2.1849721206274433,12.503440437277888
-1.2132714020391506,2.3456580439423576,12.536914121384783
-1.212684138767433,2.506213886786028,12.569568474291017
-1.3826705871794154,3.041875291794714,3.1175939629456053
-1.3836210154303965,3.228449036004258,3.06474608191121
-1.384682357374599,3.415549814857344,3.005730924537545
-1.3857142084572958,3.602856941988969,2.948355585360403
-1.3867552614586076,3.790464381320194,2.890468580100375
-1.0959528947796486,-1.0959528947796486,9.684991019539396
-1.0961274603712279,-0.927492466467962,9.673791102829426
-1.0963310269174749,-0.7589984032505596,9.660730520029134
-1.0950578301670564,-0.5896465239361072,9.742417279894468
-1.0585083888350733,0.8956609443989081,12.087385122701178
-1.0575810324190158,1.0575810324190158,12.146883186015543
-1.0566690584988645,1.2192335290371512,12.20539432704254
-1.0542812728593125,1.3786755106621778,12.358591758691531
-1.0538295992624371,1.5402124912297157,12.387570589051663
-1.0542268755949349,1.7029818759610484,12.362081821221992
-1.0535823867728153,1.8640303765980581,12.403431442661926
-1.052964638911129,2.0249319979060174,12.44306539650158
-1.052437635193922,2.1858320115566072,12.476877316050917
-1.0519124415395007,2.3465739080496557,12.510573104166454
-1.1972966730281531,2.8550920664517494,3.1828970777280006
-1.1979335189347402,3.0409081634497253,3.142037816482258
-1.1987020233332935,3.2272746782050206,3.0927315060165483
-1.1996017089398745,3.4142510177519503,3.0350087682897
-1.2005116925264026,3.6015350775792077,2.9766253246548757
-1.201397985177637,3.789024414791009,2.9197618627052577
-0.9271071316661984,-0.5899772656057626,9.703008737197251
-0.9279562584991365,-0.42179829931778934,9.6386245257968
-0.8962900722573676,0.8962900722573676,12.039682118313948
-0.895493691152501,1.0583107259075013,12.100066936484907
-0.8933575624054383,1.2182148578255978,12.262036808940337
-0.8932236456652703,1.3804365433008723,12.272190914751832
-0.8931938191540054,1.5427893239932822,12.274452480788995
-0.8925402323471261,1.703940443571786,12.32401006101179
-0.8919219130913731,1.8649276364637803,12.37089351367294
-0.8913767184331557,2.0258561782571722,12.412232365264302
-0.8908750594984917,2.1866933278599343,12.450270163208543
-1.0124834844154424,2.6692746407316212,3.229430314305276
-1.01285419899406,2.854407288074169,3.2013212440544265
-1.0133442930010346,3.0400328790031037,3.1641603454381766
-1.0139637428071333,3.226248272568151,3.1171911699030943
-1.0146617645501634,3.412953208032368,3.064264354117668
-1.0154400916882846,3.6001966887130092,3.005248460312856
-0.7587706650018593,-0.4215392583343663,9.681835889918744
-0.734558399956679,0.734558399956679,11.925678602155912
-0.7332187860414401,0.896156294050649,12.049825719962172
-0.7320711690182998,1.057436133026433,12.156179755365613
-0.7325398639457265,1.2208997732428775,12.112744013389133
-0.7319005235376812,1.3824787666822866,12.171994121239592
-0.7312728686420354,1.543798278244297,12.230161288200918
-0.7306809751350626,1.7049222753151456,12.2850143112272
-0.7301463890248815,1.8659296608413638,12.334556439778765
-0.7296592344178079,2.0268312067161327,12.379702910494132
-0.7292132822281241,2.1876398466843723,12.421030996443989
-0.8282633354952065,2.668848525484554,3.2416857449641867
-0.8285300424455794,2.8538257017569952,3.2169689972423043
-0.8289009724637602,3.039303565700454,3.1825935013317803
-0.8293429336119011,3.225222519601838,3.1416352803847616
-0.590712164747898,-0.4219372605342129,9.615444009562054
-0.5906701834347298,-0.2531443643291699,9.620446168419733
-0.5709930528475914,0.7341339250897605,11.965016302899144
-0.5704440621545704,0.8964120976714679,12.030429660668162
-0.5706681674756626,1.0598123110262307,12.003727055810003
-0.5701465350005583,1.2217425750011968,12.065880626265212
-0.5696468731110867,1.3834281204126393,12.125416356752169
-0.56915191126353,1.54484090200101,12.184392067684684
-0.5686639135679733,1.7059917407039198,12.242537985740697
-0.5682188111312183,1.8670046651454317,12.29557284645773
-0.6438062515571986,2.2993080412757094,3.2891755681710464
-0.6439623228662819,2.483854673912802,3.2705793542309323
-0.6441144727730708,2.668474244345579,3.2524503833506913
-0.6443093664401829,2.8533700513779525,3.229228406483344
-0.4033144863356948,-0.24198869180141683,12.721962006131818
-0.4085368982978334,0.5719516576169666,11.850796594741297
-0.4083911619087605,0.7351040914357689,11.875107296819507
-0.24208858290236768,-0.24208858290236768,12.694190141112045
-0.24225572607845713,-0.08075190869281905,12.64772075914361
-0.24616507548368738,0.24616507548368738,11.560837914088097
-0.24559017419766577,0.4093169569961097,11.720672781890201
-0.2755933464761358,0.6430511417776502,3.3791484343642253
-0.08078895162791629,-0.08078895162791629,12.616824571685541
-0.08212803194926746,0.08212803194926746,11.499945563008936
-0.0820411880027368,0.24612356400821037,11.57237899315065
0.08208288311274946,-0.24624864933824836,11.537602592963822
0.08216874828986086,-0.08216874828986086,11.465985519392575
0.08078787947963705,0.08078787947963705,12.617718812223757
0.2745397172267773,-3.3859898457969195,3.6720799269149893
0.274493429107217,-3.202423339584199,3.684949015314345
0.27446943698987514,-3.0191638068886273,3.6916193376755473
0.2744558122830918,-2.836043393591949,3.695407297905419
0.2744531322779426,-2.6530469453534455,3.6961523967235053
0.2744703602470374,-2.470233242223337,3.6913626524148526
0.2744886598767565,-2.287405498972971,3.6862749635052836
0.2745146164442915,-2.104612059406235,3.6790584819258925
0.2745567877744642,-1.9218975144212493,3.6673339491285475
0.2746489085598202,-1.739443087545528,3.6417223982289215
0.2752388091169968,-0.8257164273509905,3.477717411868241
0.2456672212612465,-0.5732235162762418,11.699252048415786
0.24572886455076434,-0.4095481075846073,11.682113893969913
0.24628513053018647,-0.24628513053018647,11.527460040437902
0.24216015834699264,0.0807200527823309,12.674290634870417
0.24209849512104314,0.24209849512104314,12.691434332071182
0.4577619457697963,-3.753647955312329,3.6394262466100997
0.45766725756963933,-3.5698046090431865,3.655221454924117
0.4575872456363925,-3.3861456177093046,3.6685684733608923
0.4575100916717911,-3.202570641702537,3.6814387459092472
0.4574596408377294,-3.0192336295290136,3.6898545932091054
0.4574290602725927,-2.8360601736900746,3.6949558243645413
0.45741913939544243,-2.653031008493566,3.6966107541339
0.4574427670451997,-2.4701909420440784,3.6926693585928803
0.45747259477077623,-2.287362973853881,3.6876937107483343
0.4575051905288649,-2.1045238764327787,3.6822563195178475
0.4575754701889127,-1.921816974793433,3.6705327692882292
0.4073592098196262,-1.5479649973145795,12.047250163522392
0.407675828881742,-1.3860978181979224,11.994434036127274
0.4079958792066334,-1.2239876376199001,11.941045530017249
0.45790191620614845,-1.190544982135986,3.6160773795250805
0.4579053580922088,-1.0073917878028593,3.6155032287098123
0.4084686672509958,-0.7352436010517924,11.862178409967441
0.4089363344485928,-0.5725108682280299,11.784165512949329
0.40331009240746113,0.24198605544447663,12.722694969813176
0.6411997521480959,-3.9387984774811606,3.5997452746156853
0.6409380732604154,-3.754065857668148,3.6309248463607844
0.6407646276540253,-3.569974354072427,3.6515912431658535
0.6406529594125537,-3.3863084997520696,3.664896741280259
0.6405435914756695,-3.202717957378348,3.677928153424048
0.6404583087209956,-3.0193034553989797,3.688089767116111
0.6404044734808831,-2.836076953986768,3.6945043454811497
0.6403905840895331,-2.65304670551378,3.696159294712743
0.6404089075257192,-2.4701486433134887,3.69397602001969
0.6404497260884601,-2.287320450315929,3.68911240524055
0.5692592312566335,-1.8704231884146527,12.171604672208062
0.5696046644975468,-1.70881399349264,12.130445598911521
0.5699496688809876,-1.5470062441055379,12.089337624855148
0.5703870826541814,-1.3852257721601549,12.037218884040854
0.5708323326178885,-1.2232121413240469,11.984166445187398
0.5710819751091049,-1.060580810916909,11.954421034564092
0.5708298898146069,-0.8970183982800966,11.984457510167275
0.5720734440790026,-0.7355229995301463,11.836285490065293
0.5885930392936649,0.252254159697285,9.867942117922283
0.588488073022327,0.4203486235873764,9.880449062662876
0.8248709932840586,-4.1243549664202925,3.556067003127964
0.8245051499377569,-3.9393023830359493,3.5899710978042663
0.824154992137499,-3.7544838530708287,3.6224215532563164
0.823882279811011,-3.5701565458477145,3.647694842028983
0.8237358241087036,-3.386469499113559,3.6612674491219224
0.8235939308419511,-3.2028652866075875,3.67441723795514
0.8234654412269312,-3.019373284498748,3.6863248593909077
0.8233956352887214,-2.8361405215500404,3.6927940412469127
0.823364193946465,-2.653062402716387,3.6957078300458193
0.7307035127676131,-2.1921105383028396,12.282925663079013
0.7311101265121341,-2.030861462533706,12.245243220497287
0.7315483199716375,-1.8695123732608512,12.204634165589695
0.7319899715727859,-1.7079766003365,12.1637046315401
0.7324331138492659,-1.5462476847928945,12.122636950936553
0.7328937296679431,-1.3843548227061147,12.079949930703151
0.73266837867881,-1.2211139644646833,12.100834064166847
0.7330331280535486,-1.0588256294106813,12.067031351997073
0.734611141791495,-0.897858062189605,11.920790815678231
0.7552616653020946,0.41958981405671925,10.007028241351662
1.0087740258741538,-4.3102162923713845,3.5106963792076726
1.0082916029381783,-4.124829284747093,3.54727562637008
1.0078481614411023,-3.9397700856334,3.58089914406375
1.00741271603018,-3.7549019415670344,3.6139163663474676
1.0070278853419308,-3.5703715934850275,3.643095776801232
1.0068360986877658,-3.386630513767939,3.6576378122269944
1.0061317764264444,-3.201328379538687,3.711042358647987
1.005433408324259,-3.016300224972777,3.763995436777506
1.0051396814742817,-2.8326663750638845,3.7862669878218753
1.0051712866074554,-2.6499970283287464,3.7838705595185047
0.8926799523477889,-2.1911235193991185,12.313415928650656
0.8931764771403077,-2.0299465389552447,12.27576742201181
0.893679430088469,-1.8686024447304352,12.237631506760081
0.8942167864821817,-1.7071411378296195,12.196886983906552
0.8947572926134565,-1.5454898690596066,12.155903635283806
0.8942147603356391,-1.3819682659732604,12.197040614485957
0.8947350401594127,-1.2200932365810175,12.157590905841928
0.8965872692807728,-1.0596031364227314,12.017147444764305
0.8972890264773559,-0.8972890264773559,11.96393739186766
0.923568524476036,0.41980387476183456,9.971320165545649
0.9216587151131835,0.5865100914356622,10.116129592103263
0.9223292353482256,0.7546330107394574,10.065288051256104
0.9217214783743839,0.9217214783743839,10.11137062922451
1.19077093200568,-4.305094908020536,3.601580709830287
1.1901929546155972,-4.11989868905399,3.6386630384301384
1.1897096079688785,-3.93519331866629,3.669673973267379
1.18925199764288,-3.7507178387198516,3.6990336969703037
1.1890507966014108,-3.567152389804232,3.7119425118520013
1.1887484784322466,-3.383361053999471,3.73133887905081
1.1893796844072009,-3.202176073404002,3.690841468980693
1.1895445310983197,-3.01961304048035,3.6802651051409327
1.1894042623107375,-2.836271702433297,3.6892645804883557
1.0540158695954003,-2.351266170635893,12.375619710325509
1.0545493198711156,-2.1902178181938554,12.34139418739818
1.0550968684784572,-2.0290324393816483,12.306264132606714
1.0556837945505761,-1.867748251897173,12.268607667416944
1.056287231800396,-1.7063101436775627,12.229891865084255
1.0555776981098104,-1.5427674049297229,12.275414686423659
1.0562951151190152,-1.3813089966940966,12.229386080919497
1.0582024426702006,-1.221002818465616,12.107014257705998
1.0589367230399722,-1.0589367230399722,12.059903719433237
1.0597596256943882,-0.896719683279867,12.007107282824578
1.090399886494711,0.419384571728735,10.041265298556155
1.0883302201184393,0.5860239646791596,10.17405258396532
1.0881729698665172,0.7533505175998966,10.184141569476225
1.0882577488976615,0.9208334798364828,10.178702249625303
1.087551508285324,1.087551508285324,10.22401379105689
1.0868614280192423,1.254070878483741,10.26828850426574
1.375282996557284,-4.1258489896718515,3.5283756394437518
1.3746648223490092,-3.9407058240671597,3.5627487728009726
1.37406666495314,-3.7557822175385818,3.5960088856649577
1.373489851038503,-3.5710736127001077,3.628082209567353
1.3730888874348133,-3.3869525890058725,3.6503775030890324
1.3728495907040803,-3.203315711642854,3.6636834261238818
1.3726145192610113,-3.0197519423742247,3.6767544050695022
1.2151600093293098,-2.51133068594724,12.431899467950387
1.2157119531700613,-2.3503764427954517,12.401209026663963
1.2162890874005152,-2.1893203573209274,12.369117891830342
1.2169047253548522,-2.028174542258087,12.334885785053771
1.217548110330226,-1.8669071025063462,12.29911082507887
1.216616954629653,-1.7032637364815137,12.350887069774444
1.2178084854488123,-1.5425574149018286,12.284632853409619
1.2196652765111355,-1.3822873133792868,12.181387318498267
1.2204042674277435,-1.2204042674277435,12.140296258751164
1.2211433480283636,-1.058324234957915,12.099200212188919
1.2220304025253732,-0.896155628518607,12.049876183278158
1.2569273394137719,0.4189757798045906,10.109457043549128
1.2561068136025972,0.5861831796812119,10.155081792613402
1.253314340444256,0.7519886042665536,10.310355259191667
1.2544773655822241,0.9199500680936309,10.245686080778782
1.253697056409645,1.086537448888359,10.289074612506383
1.2529177173669606,1.2529177173669606,10.3324092008572
1.2521329000520343,1.4190839533923052,10.376048404605768
1.2513532944206762,1.5850475062661897,10.419397816428514
1.5581495554333733,-3.941201816684415,3.5531280819946574
1.557460430072636,-3.756228096057534,3.5869383654838316
1.556795159278086,-3.571471247755609,3.6195782818797966
1.5562534218294313,-3.387139800452292,3.646157330858813
1.555970177829166,-3.2034680131776945,3.660054018589676
1.5557013506002957,-3.0198908570476335,3.6732433819995123
1.376712709278771,-2.510476116920112,12.454891902303885
1.3773001820863893,-2.3495120753238408,12.42606895759829
1.377925826360998,-2.1884704301027615,12.395373221389633
1.3785935120708155,-2.0273434001041406,12.362614822966378
1.3774295688330924,-1.8635811813624195,12.419720907105571
1.3790591655626305,-1.703543675106779,12.339768650901021
1.380801532180291,-1.5432487712603253,12.254283610527324
1.381614296495821,-1.381614296495821,12.21440727817388
1.3824453255578981,-1.2198046990216749,12.173634829824977
1.3832839471359455,-1.0578053713392526,12.132489872884804
1.4231446872634541,0.4185719668421924,10.176818233754503
1.4222210919533886,0.585620449627866,10.222132223112212
1.420307518799308,0.7519275099525748,10.31601710168863
1.418737041402116,0.9180063209072515,10.39306880960369
1.4195445222335854,1.0855340464139183,10.353451698727312
1.4186603957496136,1.2517591727202475,10.39682924476827
1.417777369974176,1.417777369974176,10.440152787184203
1.4169046459750936,1.5835993102074577,10.482970897644122
1.4160407174894505,1.7492267686634388,10.525357477326395
1.7408977446018228,-3.756674080456565,3.5778656913810636
1.7401412937460206,-3.5718689713734104,3.6110724601756488
1.7394468307164725,-3.3873438282373414,3.641558080069771
1.7391081787061649,-3.2036203291955667,3.656424265918929
1.738805027440741,-3.0200297845023396,3.6697320358863976
1.5381806515000338,-2.509663168236897,12.476764528900702
1.5387958690628478,-2.3486884317275045,12.449757635842118
1.5394683396922744,-2.1876655353521794,12.420237440919706
1.538063938866162,-2.0237683406133713,12.481887993853718
1.5400177462417572,-1.8642320086084432,12.39611952747832
1.5417092610314629,-1.7039944464031958,12.321865211942125
1.5425536147657326,-1.5425536147657326,12.2847996722317
1.54341197417831,-1.380947555843751,12.247119309604727
1.5443335848157502,-1.2192107248545396,12.206662337256361
1.5452625943208798,-1.0572849329563916,12.165880568542406
1.5890457584324917,0.4181699364296031,10.24388207175005
1.5880573157005284,0.5850737478896684,10.287272847258095
1.587070101896866,0.7517700482669365,10.330609675126794
1.5837800527605743,0.9169252937034903,10.475036639751949
1.5850885134513604,1.0845342460456677,10.417597678182346
1.584102620388395,1.250607331885575,10.460876528020307
1.5831364395810046,1.4164904985724778,10.503290046940506
1.5821714368246176,1.5821714368246176,10.545651851638965
1.581245859824547,1.7476927924376569,10.58628293984141
1.5803334799252096,1.9130352651726223,10.626334700160967
1.922263595819121,-3.203772659698535,3.6527941680624423
1.9219286015679242,-3.0201735167495958,3.666099250208447
1.6995735771088494,-2.5088943281130636,12.497450401562148
1.7002235906819265,-2.347927815703613,12.471633588423089
1.6985193718859748,-2.183810620996254,12.539320633779496
1.700914469528882,-2.0248981780105737,12.444193715115304
1.7024376104730452,-1.8645745257561925,12.383698601215215
1.7032960181502528,-1.7032960181502528,12.349604927609775
1.7041584091735087,-1.5418576082998412,12.315353046076282
1.7051078991721207,-1.3803254421869549,12.277641824515896
1.7060642604047345,-1.2186173288605249,12.239657695786178
1.754698177640586,0.4177852803906158,10.308047641007633
1.7536004076016964,0.5845334692005655,10.351648152039274
1.7525081949795438,0.751074940705519,10.395027937234744
1.7514173421391273,0.9174090839776381,10.438353715510317
1.7479912041510883,1.082089793045912,10.574430818957708
1.7492710859459102,1.2494793471042218,10.523597312542478
1.7482184141226134,1.4152244304802108,10.565406642200244
1.7472093877496446,1.58080849367825,10.605482490462919
1.7462015254199543,1.7462015254199543,10.645512106017463
1.745297404509346,1.9115162049388077,10.681421387871055
1.8603867336110083,-2.6692505308331858,12.535563282391962
1.860962245869486,-2.50825346182409,12.514693100057912
1.8588192389161302,-2.343728605589903,12.592406381053777
1.862291158340462,-2.1861678815301078,12.466501866653786
1.8630425088434908,-2.0250462052646636,12.439255145556217
1.8638886381139375,-1.8638886381139375,12.408571399220222
1.86475036820311,-1.7025981622724045,12.377321910058484
1.8656941176308226,-1.5412255754341577,12.343098099281448
1.8666582024931233,-1.379703888799265,12.308136851166736
1.920036520209169,0.41739924352373237,10.37244355009878
1.918841001432423,0.5839950873924765,10.415797439589227
1.9176465367602562,0.7503834274279263,10.45911310338694
1.9164768904468679,0.9165759041267628,10.501528762596905
1.9128366569920325,1.0811685452563662,10.633536960201269
1.913208077298324,1.2477443982380374,10.620067899550207
1.9130811313313576,1.4140164883753512,10.624671425258185
1.9120193282651161,1.5794942276972697,10.663176293345458
1.9110534580497445,1.7448748964802012,10.69820228490147
1.9100885631874136,1.9100885631874136,10.733192906583923
1.9091557160420483,2.0751692565674436,10.767021360672913
2.0218694911848414,-2.6688677283639906,12.545238489968028
2.019267189295706,-2.5038913147266753,12.632057967720712
2.0229062948894607,-2.3465713020717747,12.510648054268415
2.023574141435464,-2.1854600727503017,12.488366977432165
2.0243833600935153,-2.0243833600935153,12.461369363676056
2.025220929235368,-1.8632032548965385,12.433425904932477
2.026140793423655,-1.70195826647587,12.40273687197903
2.02709744804941,-1.5405940605175514,12.370820415496993
2.085074573046646,0.4170149146093292,10.436554550772911
2.0837889515175165,0.5834609064249046,10.479446188446701
2.082518340281652,0.7497066025013948,10.521837044167555
2.081262339963468,0.9157554295839261,10.563740442131163
2.0800610603825866,1.0816317513989453,10.603818215690993
2.0757098662565787,1.2454259197539472,10.748985232322582
2.0777786280191273,1.4128894670530066,10.679966024148072
2.076729277357984,1.578314250792068,10.714975058557272
2.0756883134673627,1.7435781833125847,10.749704288751673
2.0746918433968267,1.9087164959250809,10.782949090779184
2.0736963296125883,2.0736963296125883,10.816161988638584
2.072768624995049,2.238590114994653,10.84711259845821
2.180249761078522,-2.66474970798486,12.64932011215393
2.18369253236096,-2.5072025371551763,12.542968541471552
2.18418084283505,-2.345972016378387,12.527884011701886
2.1848697588056476,-2.1848697588056476,12.506602523757863
2.1856261125176633,-2.023727881960799,12.483237798463847
2.249834238143117,0.41663597002650316,10.499767375763597
2.248462779882972,0.5829347947844741,10.542133460561558
2.247141403067852,0.7490471343559507,10.582952466014547
2.245844738585087,0.9149737823865168,10.623008076183467
2.2445915661000186,1.0807292725666755,10.661720163391465
2.2434576708658205,1.2463653727032338,10.696747625064958
2.2392181932955335,1.409878121704595,10.827710463279828
2.2412275143833202,1.5771601027141882,10.765639986864088
2.2401518218303424,1.7423403058680438,10.798869493908057
2.2390907607286046,1.9073736109910333,10.831647016869113
2.238129611912942,2.072342233252724,10.861338122614825
2.2371692879058855,2.2371692879058855,10.891003748976786
2.4129286986399907,0.5824310651889633,10.602153866497162
2.411536755082657,0.748407958473928,10.642187326612586
2.4102738129289034,0.9142417911109634,10.678510598539816
2.4090565151770726,1.0799218861138602,10.71352109931749
2.407846497334843,1.2454378434490567,10.74832222381039
2.4045812798653787,1.4095821295762563,10.842232607348052
2.4026084167058577,1.5741227557728035,10.898973800763358
2.404454499939893,1.7411567068530256,10.845878903969506
2.4034225796056723,1.9061627355493262,10.875557795275597
2.402389680154723,2.0710255863402782,10.905264846797152
2.401530020813654,2.23590726075754,10.92998936796198
2.577177772838091,0.5819433680602142,10.660263971406664
2.575875838576978,0.7478349208771872,10.695292900704302
2.5745752190695272,0.9135589487020904,10.730286456162816
2.573312564307436,1.0791310753547314,10.764258558833177
2.5720774598335994,1.244553609596903,10.797489412787527
2.5708537841959322,1.4098230429461562,10.830412770498711
2.566591763402792,1.5730723711178403,10.945083710105365
2.5667626749128067,1.738774715263514,10.940485284993386
2.5676312633953247,1.9050167438094345,10.917115653014548
2.5667126323464498,2.069929542214879,10.941831695154903
2.5657946585256255,2.2347243800061904,10.96653005437868
2.7400179395108384,0.7472776198665924,10.746940105491305
2.7387024931972537,0.9129008310657512,10.780187582096858
2.73738830933428,1.0783650915559286,10.813403150674915
2.7361522097148225,1.243705549870374,10.844645165461557
2.734977914018539,1.4089280163125804,10.874325106244399
2.7337944355658803,1.5740028568409614,10.904237138200088
2.729117580901313,1.7367111878462898,11.022443114713155
2.7318386113956254,1.904008729154527,10.953669956304182
2.7308565308182406,2.0688307051653334,10.97849172263868
2.7299212003279396,2.233571891177405,11.002131895767462
2.9026286478935615,0.9122547179094049,10.82917848007952
2.9013826257594935,1.0776564038535261,10.858871694438179
2.9001376729483357,1.2429161455492868,10.88853942639686
2.898981634331817,1.408076793818311,10.916088296925437
2.897944439740887,1.5731698387164814,10.940805065976377
2.8969079871946217,1.7381447923167728,10.965504151801099
2.8916262303354334,1.9002115227918566,11.09137056646756
2.894912853480585,2.067794895343275,11.013048999862235
2.8939573662581166,2.23248139682769,11.035818649082742
3.065229522203518,1.076972534828263,10.902747901966691
3.06411217815425,1.242207639792264,10.927935380716065
3.063016091407858,1.4073317176738807,10.952643671461729
3.061914372477813,1.5723344074886068,10.977478924449827
3.060862737562304,1.7372464186164427,11.00118516972303
3.059852303760943,1.9020703509865322,11.023962648079959
3.054753804057446,2.0640228405793555,11.138894439250052
3.0579083310320376,2.231446619942298,11.067784219269939
3.2258042909795583,1.5715456802208103,11.012102566980985
3.2247395762849087,1.7363982333841814,11.034872834958904
3.223698890656877,1.9011557560284145,11.057129211009823
3.220228235516357,2.0642488689207417,11.13135355299147
3.217979094350679,2.227831680704316,11.179454276424707
0.0,0.0,80.0
