-3.4324069048217156,-2.1754691650278475,9.678199271851184
-3.433553232120536,-2.079475901143423,9.664732925292057
-3.4392655902874156,-1.9860547774899158,9.597627662402289
-3.438590228283737,-1.888803083141771,9.605561398957072
-3.437915131467073,-1.7915895755532634,9.613492020258263
-3.4361632614673274,-1.5002966352885512,9.634071909237086
-3.3433083488661213,-2.27732597676388,9.586464746906273
-3.3375019466759346,-2.1766317043538703,9.656651883455119
-3.334011266247275,-2.0777171659222153,9.69884683583178
-3.3390259268667335,-1.9840588840802331,9.63823018233181
-3.3406800899519404,-1.8882104856250101,9.618234845024368
-3.3400564270988085,-1.7910447507631293,9.625773611441062
-3.339568007869354,-1.6939837721076432,9.63167756814746
-3.339129318742653,-1.5969748915725734,9.636980392965604
-3.3387271887282637,-1.5000078673996546,9.641841295346438
-3.3383251555589264,-1.4030641958146213,9.646701027075167
-3.2453789255966066,-2.276609097060306,9.599186528271005
-3.2447416615202047,-2.179304101021033,9.607119650311049
-3.2369255814271485,-2.0774298507666775,9.704419842725898
-3.2361255192494705,-1.9803156162571385,9.714379592741906
-3.242959464033422,-1.8876928223478129,9.629305727771957
-3.2424998700353154,-1.7906342565866666,9.63502708475859
-3.2421093581719114,-1.693639216955476,9.63988845759473
-3.241718940360108,-1.5966675377893071,9.64474865960883
-3.2413286165659327,-1.499719210649909,9.649607691223814
-3.2409383867557566,-1.4027942271032379,9.654465552858298
-3.240591426339409,-1.3059099777785679,9.65878476592534
-3.2403221810035343,-1.2090754406729607,9.662136525717393
-3.147513969030692,-2.275894716068347,9.611863967380408
-3.146896115661528,-2.178620387765673,9.619792111994713
-3.145881261151907,-2.081121449685108,9.632814478977409
-3.1384486010291632,-1.9796368098799337,9.728188571380265
-3.140068520502276,-1.8840411123013658,9.707402157503878
-3.1451033767331724,-1.7902896144481137,9.642796103215026
-3.144724667753345,-1.6933132826364166,9.647655605013753
-3.144346049955141,-1.5963603022849178,9.652513936792012
-3.143962312464184,-1.4994281797906108,9.657437963226236
-3.1437010868619333,-1.402574331061478,9.660789946811597
-3.143439904665512,-1.305736575784136,9.664141373423888
-3.143178765864103,-1.2089149099477319,9.667492243201906
-3.1429176704468915,-1.1121093295427462,9.670842556284413
-3.142652151082038,-1.0153183872726583,9.674249636390336
-3.0497083149549153,-2.2751792190933497,9.624561210777955
-3.049262339761266,-2.178044528400904,9.630465527608656
-3.048845643667136,-2.080958137741061,9.63598221507668
-3.0435895630919267,-1.9807487632820473,9.705568069728727
-3.040920034967933,-1.8824743073611012,9.740910259287602
-3.045062731270248,-1.7883701755079233,9.686064626950817
-3.047377452703071,-1.692987473723928,9.65541976394318
-3.0470735415967733,-1.596086140836405,9.659443277998442
-3.0468203788742,-1.4992290753190505,9.662794928370666
-3.0465672582156187,-1.4023881029881418,9.666146021852853
-3.0463141796105475,-1.3055632198330918,9.669496558583795
-3.0460611430707543,-1.2087544218534738,9.67284653840769
-3.045803989633783,-1.1119601866916986,9.676251022306346
-3.045551322870804,-1.0151837742902678,9.679596106612514
-2.9526338377312507,-2.3717878368660865,9.62809354448924
-2.9521997570034397,-2.2746457144124865,9.634028810255472
-2.951844198766911,-2.1775899826969014,9.638890423531457
-2.9514887261512768,-2.080557626631228,9.643750866097172
-2.9511333391401386,-1.983548637782716,9.648610138176842
-2.944528303856179,-1.8825672762359178,9.738922002523779
-2.943504607925824,-1.7854044343156636,9.7529191855849
-2.9501944023846876,-1.6927344931715418,9.661448393423498
-2.9499493009401356,-1.595874211984008,9.66479971063226
-2.949704240220341,-1.4990300237185339,9.668150471003912
-2.949459220246845,-1.4022019243796475,9.671500674243923
-2.9492101028529936,-1.3053880783119807,9.674906902267352
-2.9489654409478514,-1.2085923938310867,9.678252209572783
-2.948720819632887,-1.1118127680583019,9.681596961881226
-2.948476238898002,-1.015049196997673,9.684941159330776
-2.9482316987330983,-0.9183016766545715,9.688284802059506
-2.9479800213228193,-0.8215682026637365,9.6917260336592
-2.8552005817032846,-2.371268279719677,9.636937300320646
-2.854856730653185,-2.2742079040796557,9.641798213274875
-2.8545129624128944,-2.1771709035352584,9.646657955573161
-2.8541692769525024,-2.0801572696433492,9.651516527638357
-2.853825674242111,-1.9831669939648569,9.656373929893093
-2.8535619745509444,-1.8862528306353703,9.660101768573377
-2.8466394828239836,-1.7851806926184304,9.757962832837606
-2.8474672947881774,-1.6891755138573932,9.746260318335324
-2.852850849290892,-1.5956623394338887,9.670154720244362
-2.8526097762886984,-1.498828865507621,9.67356269261768
-2.8523731203092737,-1.4020139065926938,9.676908222944682
-2.8521365035931283,-1.305215010118889,9.680253198219205
-2.8518999261304914,-1.208432172089191,9.683597618579348
-2.8516633879124242,-1.1116653885082333,9.686941484151482
-2.851423414883792,-1.0149134188569426,9.690333906548354
-2.851178323229656,-0.9181760701926011,9.693798689326293
-2.8509332737051847,-0.8214553500506464,9.697262876530566
-2.757883236330147,-2.37081190491539,9.64470558406886
-2.757551169096521,-2.2737702622374827,9.649564626251042
-2.757219181819414,-2.1767519856469058,9.654422498452995
-2.7569230947268513,-2.0797840890044665,9.658755053811298
-2.7566940349242417,-1.9828851830156826,9.662106818545709
-2.7564650132155757,-1.8860023774632888,9.665458025862648
-2.7525877415071345,-1.7867674813291925,9.722193002624365
-2.7495402991953504,-1.6883142188041624,9.766785329843863
-2.751459725276774,-1.5929503672655008,9.738698932419531
-2.75554574926166,-1.4986301443352887,9.67890934498216
-2.7553171761387816,-1.4018280369828888,9.682253988275178
-2.7550886409403628,-1.305041987813856,9.685598076630733
-2.7548601436601428,-1.208271992833396,9.68894161014044
-2.7546233388439663,-1.1115146805861618,9.692406705380883
-2.7543865797315252,-1.014774003058983,9.695871131852009
-2.7541498613143465,-0.9180499537714487,9.699334962841327
-2.753913183581939,-0.8213425284367185,9.702798198502357
-2.7536765465237534,-0.7246517227694088,9.706260838989444
-2.6606033431834857,-2.3703557057452875,9.652470878221301
-2.660277762266202,-2.273328269572936,9.657408249128267
-2.660056724907315,-2.1764100476514394,9.660760237427283
-2.6598357242943065,-2.0795079299028214,9.664111668482256
-2.659614760400224,-1.9826219122983486,9.667462542701891
-2.6593938332159173,-1.8857519908258324,9.670812860224963
-2.6591691603097223,-1.7888956169356314,9.674219980887578
-2.6543553487364355,-1.689135221923186,9.747220491518952
-2.6524842796554413,-1.591490567793265,9.775594888036075
-2.657006079554479,-1.4975852448397973,9.707022677309247
-2.658286962640811,-1.401642216665155,9.687598335924505
-2.6580616851307024,-1.3048666454277993,9.691014625287174
-2.657833217576131,-1.2081060079891506,9.694479291049944
-2.657604789292987,-1.1113620027952493,9.697943361269203
-2.657376400271145,-1.0146346255580734,9.701406836098514
-2.6571480504999294,-0.9179238719908847,9.704869715699736
-2.656941920685251,-0.8212365936663503,9.707995634007673
-2.656758047586298,-0.724570376614445,9.71078403357641
-2.563199984232516,-2.2730264011118537,9.662765221216688
-2.562987041173978,-2.1761210726948867,9.666116319140997
-2.562774133493858,-2.079231844155394,9.669466860312987
-2.5625612611833386,-1.9823587114814507,9.672816844871399
-2.5623449231483764,-1.8854990943922016,9.676221369747154
-2.5621323619104595,-1.788658441333717,9.679566458937025
-2.5619198359500865,-1.691833853929302,9.682910992962029
-2.5562458293971067,-1.5916247617000852,9.772203180802158
-2.5554721761443586,-1.4947101407636814,9.784378209315513
-2.561273186548153,-1.4014513662244608,9.693087354114418
-2.5610530495447654,-1.3046874025982766,9.696551663588423
-2.560832950378916,-1.207940070933451,9.700015377610775
-2.5606128890398385,-1.1112093669418168,9.703478496350904
-2.5603970465890176,-1.0144969429881012,9.706875222188742
-2.5602198499306033,-0.917814663182669,9.709663776829991
-2.5600426777968877,-0.8211457645763601,9.712451945524556
-2.5598655301827793,-0.7244902443913526,9.715239728352564
-2.5596884070831885,-0.6278480998505934,9.718027125394109
-2.466147984127897,-2.2727246128237484,9.668120770551639
-2.465943131061475,-2.175832174466007,9.67147097872563
-2.4657348500787335,-2.0789529128114816,9.674877247731295
-2.4655302963897303,-1.9820929833721361,9.678222559826885
-2.4653257766446854,-1.8852491233165245,9.681567316796162
-2.4651212908273172,-1.7884213286394264,9.684911518905409
-2.464916838929183,-1.691609595343557,9.688255166292691
-2.464706485956644,-1.5948100791484168,9.691695321035475
-2.4587149844236365,-1.4945130297477005,9.789681539943487
-2.459586594635867,-1.3985884557733361,9.77542705155063
-2.46407106145307,-1.3045082090045663,9.702087180932992
-2.463859326086192,-1.2077741794540158,9.70554994363031
-2.4636762835641113,-1.1110696965093052,9.708543457783527
-2.4635057876903472,-1.01438473610779,9.711331781531342
-2.4633353154128903,-0.9177131567224492,9.714119719380413
-2.4631648667268427,-0.8210549555756143,9.71690727141084
-2.4629944416104537,-0.7244101298854275,9.71969443797834
-2.4628490417393323,-0.6277850498551238,9.722072336660737
-2.3691217516683594,-2.2724229046614877,9.673474897969527
-2.368921791069341,-2.1755404203698023,9.676878571128185
-2.36872527860751,-2.0786772853086313,9.680223551064024
-2.368528798746117,-1.981830219358996,9.683567976084348
-2.368332351477052,-1.8849992185225515,9.686911846327249
-2.368133115110565,-1.7881821481447122,9.690303191803139
-2.3679295641045717,-1.6913782600746936,9.69376797986098
-2.3677260480872517,-1.5945910119771285,9.697232172351441
-2.3642032538339954,-1.4957204258949766,9.757196186772894
-2.3617609590805544,-1.3977768941497157,9.798768242160861
-2.3638533863852658,-1.302531457804126,9.763151532226807
-2.366963529167992,-1.2076344536571386,9.71021155524582
-2.366799732969876,-1.1109468134348397,9.712999648128886
-2.366635959439906,-1.0142725540456738,9.715787355161133
-2.3664722085462393,-0.9176116727016028,9.718574676884586
-2.3663207421037815,-0.8209684207298832,9.721152896129581
-2.366186303237953,-0.7243427458891691,9.723441276747295
-2.3660518796471295,-0.6277280497022997,9.725729397358158
-2.36591747132871,-0.5311243302982818,9.72801725800646
-2.2719298683571143,-2.1752520016185133,9.682224343710345
-2.2717414267846308,-2.0784017308880665,9.68556843683114
-2.2715530164695217,-1.9815675250053275,9.688911975257078
-2.271357817030778,-1.8847437205149011,9.692375993794414
-2.2711625943063964,-1.7879365104114184,9.69584042555978
-2.270967405137377,-1.6911459399959188,9.699304261850095
-2.270772249515527,-1.594372004978987,9.702767502810744
-2.2705771274321975,-1.4976147010723004,9.70623014859521
-2.2659360000595377,-1.3981307234409912,9.78859181600815
-2.2649400429259305,-1.3011357693404282,9.806266118738755
-2.270101684770556,-1.2075008961545513,9.714667376714111
-2.269944608847168,-1.1108239575209546,9.717454853532118
-2.2697880353866218,-1.0141606115557245,9.72023341362059
-2.2696590779341457,-0.9175217549095481,9.722521898714497
-2.269530135134209,-0.820893878665565,9.72481012378374
-2.2694012069843157,-0.7242769809524412,9.727098088872616
-2.269272293481968,-0.6276710598992677,9.729385794025454
-2.269168366809486,-0.5310819581894541,9.731230081705363
-2.1749636593303863,-2.1749636593303863,9.687568699066084
-2.1747793994665137,-2.078122537268002,9.69098391157872
-2.174592471181213,-1.9812953626317718,9.694448582644405
-2.174405575027153,-1.8844848316901996,9.697912658165215
-2.1742187109960507,-1.7876909401523087,9.701376138294691
-2.174031879079625,-1.6909136837285972,9.704839023186324
-2.1738629050845093,-1.5941661303953072,9.70797091577704
-2.1737124632735148,-1.4974463635884212,9.710759318766904
-2.173562042269614,-1.4007399827959734,9.713547336102252
-2.1683154765059185,-1.3009892859035512,9.810791177859087
-2.1696048134059174,-1.205336007447732,9.786893626751983
-2.1731274457475704,-1.1107095833820917,9.721602478708128
-2.1730039842390956,-1.0140685259782445,9.7238908082429
-2.172880536758217,-0.9174384488534696,9.726178877779525
-2.172757103302546,-0.8208193501365174,9.728466687362292
-2.172633683889097,-0.7242112279630325,9.730754236675821
-2.1726085909232173,-0.6276424818222628,9.731219328797621
-2.172609560702573,-0.5310823370606289,9.731201354169187
-2.077837076027653,-2.077837076027653,9.696520958371444
-2.077658504733026,-1.9810232254431175,9.699984677694516
-2.077479964128935,-1.8842260139774063,9.703447801718085
-2.077304538627596,-1.7874480913772337,9.7068505025834
-2.0771607751245678,-1.6907122588223225,9.709639060646055
-2.077017031495926,-1.5939898148689664,9.712427233208373
-2.076873307754045,-1.497280756752916,9.715215020030307
-2.076729603901346,-1.4005850817009078,9.71800242106491
-2.073093047737016,-1.3017095881139404,9.78854012916711
-2.0716139722168854,-1.204426728033073,9.817229524459137
-2.076355460348722,-1.1106087346051303,9.725259624724295
-2.0762375074444175,-1.0139764571240177,9.727547538662009
-2.076119567959021,-0.9173551579353812,9.729835192315264
-2.0760478367908,-0.8207630982661303,9.731226550506136
-2.0760487634685183,-0.7242030570239018,9.73120857588414
-2.0760496901470638,-0.6276429295793449,9.731190601246112
-2.0760506168264365,-0.5310827159323442,9.731172626592034
-2.418605887768981,2.643592481980049,3.0866819000012526
-2.4204745889612336,2.7582152292814057,3.0504349968123847
-2.422349769822656,2.8730194944408245,3.0140624084994982
-2.424196671115176,2.98796333881638,2.9782383545378934
-2.4260078206544904,3.1030332589766734,2.943107771711567
-2.4278128112184554,3.218263493940743,2.9080966535616426
-2.4296943763431944,3.333766702424383,2.8716002306970765
-1.9809213818895948,-2.0775516932012827,9.702056484180545
-1.9807511630020052,-1.9807511630020052,9.705519252153124
-1.9806037175083762,-1.8839889020201628,9.708518740284383
-1.9804666520017085,-1.7872503932698347,9.711307068027295
-1.9803296054646649,-1.6905252729576405,9.714095009870583
-1.9801925778933063,-1.5938135383043686,9.716882565894359
-1.9800555692836963,-1.4971151865315753,9.719669736178716
-1.9799384620952785,-1.400444278067392,9.722052051250529
-1.9798259774541065,-1.303787838811241,9.72434032970407
-1.975074823432465,-1.2043139167271129,9.82099319949966
-1.9758794434149527,-1.108420175574242,9.804624790888177
-1.9794871172923338,-1.013883645442415,9.73123377221205
-1.979488000868446,-0.9173237077195237,9.731215797596512
-1.9794888844453467,-0.820763683794412,9.73119782296493
-1.9794897680230361,-0.7242035736669645,9.731179848317296
-1.979490651601515,-0.6276433773370657,9.731161873653612
-1.9795189492862155,-0.5310904498084968,9.730586212998865
-1.9797708753904764,-0.43458385069547045,9.725461272649149
-2.301338290946692,2.301338290946692,3.183805623371768
-2.3024576444058718,2.4147726514500607,3.161034582135777
-2.3038810904644205,2.528649977338998,3.13207737596413
-2.305370204501454,2.6427414539406913,3.10178428412231
-2.307004895389236,2.757152192050551,3.0685297180078095
-2.30879148007899,2.8719113532689877,3.0321851716910686
-2.3105860383426986,2.9868551227356837,2.9956784187184695
-2.312314022359061,3.101884664140204,2.960525987670856
-2.3140337855438005,3.2170713603901615,2.9255407932493114
-2.315814790450059,3.3325139667452066,2.889309756636777
-2.3175633249957306,3.4480820201155993,2.853739265550587
-2.319438636396626,3.5640154656826204,2.8155897490686286
-1.883910903339132,-1.9805217188949844,9.710186840553803
-1.8837805347497705,-1.8837805347497705,9.712974937431376
-1.8836501842024436,-1.7870527388587285,9.715762648457265
-1.8835198516934069,-1.6903383284428006,9.718549973711546
-1.8833990902430027,-1.5936453840517713,9.721132609793237
-1.883292087772624,-1.4969757620756754,9.723420992715972
-1.883185097478886,-1.400317123766351,9.725709115225875
-1.883078119342327,-1.3036694672369955,9.727996977739153
-1.8801585827882958,-1.205229860761728,9.790434952945724
-1.8785334403765859,-1.1078530545810634,9.825190675209043
-1.882149845979465,-1.0134653016812503,9.747849275575696
-1.8829289538536618,-0.9173243621338351,9.731187070039965
-1.8829297943304193,-0.820764269323516,9.731169095383379
-1.8829306348077368,-0.724204090310668,9.731151120714813
-1.8831003994584303,-0.62770013315281,9.727520489326999
-1.8833400729754364,-0.5311984821212768,9.722394768571135
-1.8835798075095895,-0.43467226327144376,9.717267742886541
-1.7543092935052482,1.6643447143511327,12.481880892600302
-1.7534280896403918,1.7534280896403918,12.500726549795402
-1.7525557245942174,1.8424303771375103,12.519383177693733
-1.7516842271540127,1.9313441478877575,12.538021250743014
-1.7508135960261124,2.0201695338762833,12.556640796609933
-2.1922074036707473,2.64189097365449,3.1168769477897627
-2.1936247972553446,2.756092693987484,3.08656419648311
-2.195320756812685,2.870804066601204,3.050293960151798
-2.1970215122983747,2.985695901328561,3.0139211568377533
-2.198696359839643,3.100725635671291,2.978102427624691
-2.2003390224337243,3.2158801097108274,2.942972014141631
-2.201976116250546,3.3311946374046717,2.907960695991015
-2.2036827483063486,3.446785837094545,2.87146221480576
-2.2053472497793316,3.5624840188743048,2.8358647493251823
-2.2072246867636145,3.6787078112726905,2.7957133890982604
-2.209286282833071,3.7954405371747626,2.7516235543287735
-1.7871024223810619,-1.9803026842600955,9.714642668748432
-1.7869787667152286,-1.8835722135647006,9.71743014898557
-1.7868553108013865,-1.7868553108013865,9.720213126358047
-1.7867537910081728,-1.690172505007731,9.722501613629163
-1.7866522827637685,-1.593500684627145,9.72478984056383
-1.7865507860523897,-1.4968398477736238,9.727077807517844
-1.7864493008720703,-1.4001899925754064,9.729365514535523
-1.786366579570173,-1.3035648013079641,9.731230241013478
-1.7863673769438775,-1.207004984421539,9.731212266394785
-1.7823849461317636,-1.1079690205683936,9.820985323777379
-1.7825776250194636,-1.0117332466326685,9.816641902972862
-1.7863697690689249,-0.9173250165489073,9.731158342450016
-1.7864398084454909,-0.8207966687452255,9.729579495442216
-1.7866671677613006,-0.7243245274707976,9.724454298830494
-1.7868945849562932,-0.6278278271468056,9.719327797490216
-1.7871220600525732,-0.5313065583940083,9.714199990923092
-1.7873495930722563,-0.43476071182838666,9.709070878630598
-1.667737715224325,1.397293761404164,12.405394928007581
-1.6667160626083284,1.486530542326347,12.428425303988497
-1.6658207832048635,1.575776416545141,12.448606940042595
-1.6649840186162819,1.6649840186162819,12.467469518947404
-1.6641480942422693,1.754102045282392,12.486313157502906
-1.6633138827990785,1.8431315998584383,12.505118182697814
-1.6624864482135997,1.9320788452212103,12.523770442090893
-1.6616598364524637,2.020937638928672,12.542404153149938
-1.6576706295778798,2.1056897186529824,12.632329958407809
-2.080461256290986,2.7552054475204946,3.1016666566658913
-2.081937498777068,2.8696976334494724,3.0683887900396627
-2.0835497922081228,2.9845442969467704,3.0320440253639305
-2.085169035333853,3.099575593063835,2.9955425987477113
-2.086728428318015,3.214689740922348,2.96039033058441
-2.08828041868349,3.3299606676304303,2.925404934300012
-2.089887758097335,3.4454906282145252,2.8891718444510914
-2.091465713148925,3.5611443223887105,2.853601145027355
-2.093158753029319,3.677170782348804,2.8154361715465015
-2.0949161585023597,3.7934968275583274,2.7758202510650065
-2.097080906087687,3.9107725005419023,2.727021911968876
-1.6902110868540778,-1.88337806820883,9.721582192534939
-1.6901150611580895,-1.7866930646528376,9.72387052393529
-1.6900190463724667,-1.6900190463724667,9.726158595337196
-1.6899230424953497,-1.5933560114956158,9.728446406784961
-1.6898270495248806,-1.4967039581506087,9.73073395832288
-1.689806675144088,-1.400125530833673,9.731219488105822
-1.6898074294168972,-1.3035657312644637,9.731201513477934
-1.6898081836901988,-1.2070058454929993,9.731183538838309
-1.687736842056218,-1.1090842104940863,9.780544452634437
-1.6858665021565644,-1.0115199012939387,9.8251154133305
-1.6875934735004552,-0.9161221713288185,9.783960983643134
-1.6902192508411096,-0.8209636361228247,9.721387641402721
-1.6904344079780502,-0.7244718891334502,9.716260359299703
-1.690649619898992,-0.6279555731053399,9.711131771671646
-1.6908653282683739,-0.5314148174557747,9.705991353475305
-1.6910845905913243,-0.4348503232949121,9.700766243119602
-1.5803995428142974,1.219165361599601,12.33843596027915
-1.579298076602135,1.3085612634703403,12.3646843482109
-1.5783295549027763,1.397949034342459,12.38776461431835
-1.5773622203882676,1.487227236366081,12.410816589327865
-1.5763960711196796,1.5763960711196796,12.433840319444911
-1.5755900945194976,1.6656238142063262,12.453047069712767
-1.5747987475753595,1.7547757472982581,12.471905189325497
-1.5740081949417934,1.8438381712175296,12.490744380194151
-1.5715875299519722,1.9308075367981374,12.548429811670879
-1.568411830856832,2.016529496815927,12.624108013038573
-1.5676639283044302,2.105148703723092,12.641930835122281
-1.5702738618177563,2.1983834065448593,12.579735057732648
-1.9686425778029162,2.868593470512821,3.0864464923743427
-1.9701655719342446,2.983393580357571,3.0501529226438677
-1.9716918998202069,3.098372985431754,3.013779908184233
-1.973194744894903,3.213488584543128,2.9779664986702983
-1.9746689221152378,3.328727611565687,2.9428362557883787
-1.9761381171100827,3.444126432677573,2.9078247413667455
-1.9776697965119467,3.5598056337215045,2.8713241981060875
-1.979163589165132,3.6755895227352453,2.835726511479436
-1.9773263856478813,3.7851676525259443,2.879507818702372
-1.9784845287885118,3.9004409281830665,2.8519087965080487
-1.9802825345770922,4.0171445701421025,2.80906158710566
-1.5933923779274572,-1.78653084797927,9.727527257079352
-1.5933018661382,-1.689865615601121,9.72981491303672
-1.5932460079782376,-1.5932460079782376,9.73122670981428
-1.5932467191494002,-1.4966863119282243,9.731208735195054
-1.593247430321115,-1.4001265296761312,9.73119076056188
-1.593248141493465,-1.3035666612219259,9.731172785912648
-1.5932488526664497,-1.2070067065654921,9.731154811247379
-1.5933510135769535,-1.110517373099089,9.72857272754932
-1.590540040435907,-1.0121618439137587,9.799619157023976
-1.5900379156783564,-0.9154763756935991,9.812310196526944
-1.5939595386338918,-0.8211306714174594,9.713192455176731
-1.5941624835555301,-0.7246193107070592,9.708063088463156
-1.5943681192310089,-0.6280844106061549,9.70286571382374
-1.5945748843545937,-0.5315249614515312,9.697639792751751
-1.594781703113673,-0.4349404644855472,9.69241251606013
-1.4920211350154795,1.1303190416783935,12.28965236426653
-1.4909267712372571,1.2198491764668467,12.317312051886361
-1.4898340116645765,1.3092480708567489,12.344931193734269
-1.4888374977841607,1.398604922160878,12.370117757096132
-1.4879245837528707,1.4879245837528707,12.39319136153346
-1.4870127885828637,1.5771347757697036,12.416236687116736
-1.4861274420459487,1.6662641016878819,12.438613532123561
-1.4853807413191407,1.75544996701353,12.45748614949268
-1.482251854328372,1.8415856371958559,12.536567747846576
-1.480094703758265,1.9286082503516788,12.59108902505389
-1.479497304094731,2.017496323765542,12.606188106736205
-1.4824111386032404,2.111312833768251,12.53254188974227
-1.4816742358073662,2.2000617440776042,12.551166867602163
-1.8555511798814397,2.8676700052713153,3.1015490283262395
-1.856868750475471,2.9822437507636352,3.0682478612251245
-1.8583067504375674,3.0971779173959457,3.0319028811184836
-1.8597507296269495,3.212296714810185,2.995406777992038
-1.8587879140780839,3.323287482745665,3.019741627013083
-1.8590900364820329,3.436499764406182,3.01210558177614
-1.8598722230326084,3.550665153062252,2.9923360717833063
-1.8613669801007622,3.666328900198471,2.9545565743297004
-1.8633386416884465,3.7831420907007853,2.904723470664692
-1.8665833335992992,3.9028560611621703,2.8227149407199548
-1.8703769836016721,4.0241444192642035,2.726831674028631
-1.4966860435158642,-1.6898068233243626,9.731215956909601
-1.4966867115860234,-1.5932471445915735,9.731197982282872
-1.4966873796567792,-1.4966873796567792,9.731180007640084
-1.496688047728131,-1.4001275285198647,9.73116203298126
-1.4967077615743591,-1.3035841794357321,9.730631626073375
-1.4968982418576877,-1.2071760014981354,9.7255066972835
-1.497088770607936,-1.1107432814187914,9.720380464476698
-1.4972793478088986,-1.014286009806028,9.715252928088994
-1.4939742387089603,-0.9156616301764595,9.804177873411277
-1.4948197729595387,-0.8197398754939406,9.781428522413385
-1.4978559382952723,-0.7247690024009382,9.699739589217643
-1.4980502023384767,-0.6282146009806515,9.694512857240667
-1.4982445167782683,-0.5316351511148695,9.689284769328495
-1.4984388816342609,-0.435030643055108,9.684055324953412
-1.403573649738167,1.0413610949670271,12.236432660849246
-1.4023827683016392,1.1309538454045478,12.26847368080545
-1.4013535749774098,1.2205337588512923,12.29616443391398
-1.400325891172733,1.3099822852906213,12.323814572949082
-1.3992997137993453,1.3992997137993453,12.351424181001406
-1.3984030347755143,1.4886225854061927,12.375549597365811
-1.3975456963571167,1.5778741733064219,12.398616543016757
-1.3966894087922113,1.667016391139091,12.421655215141307
-1.3932283576359459,1.752771159606513,12.514775827962907
-1.3916335819495733,1.840547640642984,12.557683743079735
-1.391447810324095,1.9300727691592288,12.562681984026874
-1.3937922664313498,2.0232468383680886,12.499603693766495
-1.39309785977538,2.112116109982028,12.518286911792401
-1.3924050909250887,2.2008983695267537,12.536926064168426
-1.7425325718956668,2.8667471344090005,3.116641843681535
-1.7436592294031996,2.9810948115603093,3.086328787674951
-1.7419053373693991,3.090477211461837,3.1335177755391683
-1.74254576618843,3.204035763636791,3.1162868473025753
-1.74393957292574,3.3191108000844736,3.078786061653041
-1.7460212249381184,3.4357191845556523,3.02277859388618
-1.7485008881547113,3.5534050307660268,2.9560625160546437
-1.7516555209483597,3.6728260923110767,2.8711861805980377
-1.7529786026606788,3.788695689621467,2.835588272823344
-1.7544720753881302,3.9051152645735803,2.7954059440066032
-1.7561134838782348,4.022066366301764,2.751243359407866
-1.4001272774238487,-1.5932482812064486,9.731169254712555
-1.4001279023941569,-1.4966884473868574,9.731151280044124
-1.4002525639565284,-1.4002525639565284,9.72756590931639
-1.400430782250985,-1.3038493489922964,9.7224402022104
-1.4006090459147271,-1.2074215913057993,9.717313190245832
-1.4007873549673306,-1.110969281525814,9.712184872859673
-1.400965709426133,-1.0144924102740962,9.707055249553285
-1.3991673473295503,-0.916695848250395,9.758777646547998
-1.3980579227069514,-0.8195511960695921,9.790685625967043
-1.3996539734909434,-0.7239589518056605,9.74478187141716
-1.4016923473018252,-0.6283448453421975,9.686156536913956
-1.4018742007410383,-0.5317453864879801,9.68092628000646
-1.4021304327221298,-0.4351439273965231,9.673556834067888
-1.3150141360700276,0.9522516157748475,12.179094338839882
-1.3138836667303135,1.0420456667171452,12.211607581912645
-1.3127551393670702,1.1316854649716124,12.24406497211897
-1.3116797848640736,1.2212191100458616,12.274993066421963
-1.3107173236681338,1.3107173236681338,12.302674254856143
-1.3097562738720727,1.4000842927598018,12.33031485025014
-1.3087974553081894,1.4893212422472502,12.357891273541817
-1.307994676268446,1.5786142644619174,12.38097986969914
-1.3042981366865607,1.6641045192207842,12.487295437695273
-1.3030192211804932,1.752336194001353,12.524078116585798
-1.3032409658805628,1.8425130896932094,12.51770055367438
-1.305026011046097,1.9350385681028337,12.466361162747113
-1.304370787873636,2.0240236363556416,12.48520592883208
-1.3037165943222153,2.112919997694625,12.50402108215534
-1.3030680268127155,2.20173563151114,12.522674425810635
-1.6263720143941887,2.86017147358978,3.224181520830463
-1.6271611352002309,2.9737772470900774,3.2014857468901354
-1.6287582457763674,3.0890242592310413,3.1555515118323925
-1.6315108275729624,3.206762661091685,3.0763849587147476
-1.6343311212106948,3.3250184879803792,2.9952709564514493
-1.635553336817156,3.440301846408501,2.9601190140641904
-1.6367697754301171,3.5557412362792205,2.9251332228384825
-1.638029725085785,3.671445935537104,2.8888960176573804
-1.6392665158994872,3.787270916043643,2.853324880127701
-1.6405945673758062,3.903483625825194,2.815129009664183
-1.6419720132780475,4.020000446301427,2.7755125142265626
-1.3037826787900695,-1.4969356682404502,9.724499729301463
-1.3039486314342206,-1.4005374189478665,9.719373241679591
-1.3041146263304841,-1.3041146263304841,9.714245448836387
-1.3042806634949977,-1.2076672810138869,9.709116350273334
-1.3044482779952906,-1.1111966812552476,9.70393852580785
-1.30461744045203,-1.014702453684912,9.698712883004767
-1.3047866468020952,-0.9181831958977706,9.693485884281195
-1.302373262308452,-0.8200127947868031,9.768038391695413
-1.302081291301011,-0.7233784951672283,9.777057746362814
-1.3053345265497904,-0.6284944016721213,9.676561184110234
-1.305576619575432,-0.5319015857529538,9.669082623550736
-1.3058188024169848,-0.4352729341389949,9.661601288463842
-1.2262114630955157,0.8628895481042517,12.120772949930341
-1.2251344177262327,0.9528823248981809,12.15404424718546
-1.2240756850412833,1.0427311391092413,12.186749842399266
-1.2230236049632548,1.1324292638548654,12.21924993014914
-1.2219733319119854,1.2219733319119854,12.251694196550929
-1.221008139971711,1.3114531873770228,12.281510199542986
-1.2201123648734629,1.400869752262124,12.309181828257564
-1.2192179033692925,1.4901552152291353,12.336812878385317
-1.2153498062195816,1.5754534525068649,12.456303304462189
-1.214475238299529,1.6642808821141695,12.483319816549546
-1.214922776526315,1.7548884549824555,12.469494793202252
-1.2161207593698224,1.8467018938578785,12.432487584007887
-1.21549112268466,1.9357821583496437,12.451937859652936
-1.214880618632549,2.024801031054248,12.470797104000987
-1.214270727415349,2.113730525500793,12.489637417101498
-1.2136629659275968,2.202573530757491,12.508411940158673
-1.514192043833997,2.8601405272419944,3.224687623614855
-1.5176934647790519,2.979176060492213,3.116524290480797
-1.5186747520476975,3.0935967171341985,3.0862110823849136
-1.519851143866072,3.2085746370505968,3.0498708473364147
-1.5210286105499515,3.323729186016561,3.0134974083294424
-1.5221876037584263,3.439016438120889,2.977694638403875
-1.5233248150149437,3.554424568368202,2.9425647405958912
-1.5244582068434307,3.6699919794378886,2.9075528297631763
-1.5256399219231658,3.785847213661189,2.8710481524208404
-1.5267922902543132,3.9018025195388,2.8354500333568993
-1.2077592700330797,-1.304380011635726,9.706047360223167
-1.2079161762072175,-1.2079161762072175,9.700812567076497
-1.2080728324396754,-1.1114270058445015,9.695586112626494
-1.2082295293113088,-1.0149128046214992,9.690358302349189
-1.2083862668379322,-0.9183735627968285,9.685129135716942
-1.208553042037192,-0.8218160685852904,9.679565086533302
-1.2059455168935578,-0.7235673101361346,9.766558825477446
-1.206817246806472,-0.6275449683393653,9.737475675633618
-1.2092256719444192,-0.5320592956555444,9.657124424475562
-1.2094500483255144,-0.4354020173971852,9.649638651857082
-1.137145137332802,0.7732586933863054,12.061916273277312
-1.1361447729665104,0.8634700274545479,12.095290999017791
-1.1351461671255816,0.9535227803854884,12.128607055833555
-1.134149471654185,1.0434175139218502,12.161859377812952
-1.133174041102954,1.133174041102954,12.194402247414452
-1.1322002869571275,1.2227763099136977,12.226889187824064
-1.1312282050625662,1.3122247178725768,12.259320337634541
-1.1287002823555,1.3995883501208197,12.343658334752753
-1.1265585109660714,1.4870572344752144,12.415113331681482
-1.1257556857264155,1.5760579600169815,12.441897644571775
-1.1264528778754714,1.667150259255698,12.418637523012848
-1.1272562276082254,1.7585197150688319,12.391835711685104
-1.126565424325898,1.8475672958944724,12.414882684233483
-1.1258873954698223,1.9365263202080945,12.437503469097642
-1.1253216795287402,2.025579023151732,12.456377206524557
-1.1247565315026316,2.1145422792249473,12.475231996848684
-1.4032656447174687,2.750400663646239,3.1834523383762416
-1.4039481872754163,2.864054302041849,3.160680964819477
-1.4048196277840888,2.978217610902268,3.131607470244788
-1.405727642387813,3.092600813253188,3.101313769880406
-1.4067271987552796,3.2073380131620377,3.0679660010569165
-1.4078166053089567,3.322447188529138,3.0316205991473737
-1.408910210106855,3.4377409126607263,2.995135133023034
-1.4099638393348288,3.553108875123769,2.9599833546303884
-1.4110124991879949,3.6686324978887863,2.9249973673503717
-1.412098724403725,3.784424581401983,2.8887581030493266
-1.4131649300024078,3.9003352068066452,2.853186744614291
-1.1116574259683623,-1.1116574259683623,9.687230235010396
-1.111801646875067,-1.0151232427989743,9.682000256717195
-1.111992141905414,-0.9186022041827332,9.675092209219507
-1.1121983843249403,-0.822059675370608,9.667613103714586
-1.1107027727532197,-0.7243713735347084,9.721849457055285
-1.1100040237319746,-0.627393578631116,9.7471886557679
-1.1121998256029186,-0.5319216557231349,9.66756083769635
-1.0469049148605936,0.7737992848969605,12.035393446998597
-1.0459568227101013,0.8640512883257357,12.069774740809052
-1.0450368685611446,0.9541640973819145,12.10313564762702
-1.044118531249022,1.044118531249022,12.136437922019653
-1.0432062147557046,1.133919798647505,12.169521859470862
-1.0423091819132073,1.2235803439850694,12.20205155576621
-1.0395237620521505,1.3107038738918417,12.30306108166382
-1.0377826806683517,1.3987505695964737,12.366199069435588
-1.0372395517663526,1.4882132699256363,12.385894912658088
-1.038996260218363,1.5810812655496829,12.322190230158057
-1.038234837375972,1.6702038688222156,12.349802211171351
-1.0375622504391249,1.759344685527212,12.37419267688378
-1.036926115029998,1.8484335094013007,12.397261276695595
-1.0362907593137156,1.9374131587169465,12.420301601989195
-1.0356938912295117,2.0263576132751315,12.441946224780807
-1.035173555395552,2.1153546566778667,12.460815507875488
-1.2906918695586964,2.7497348525380922,3.1947855880697063
-1.2913195047034276,2.863360640864122,3.1720252389775183
-1.2920183941519505,2.9772597778284076,3.14668094785749
-1.2928532301576932,3.0916055503770923,3.1164067366617942
-1.2936891457279118,3.206099187238738,3.0860933765042375
-1.2946919005299788,3.32116617962038,3.049729814743074
-1.295694933733427,3.436408302510393,3.0133561571281646
-1.2966820775440755,3.5517813428381197,2.9775587070918377
-1.2976508081940097,3.6672740231569834,2.942428985702115
-1.298616295694653,3.782925730936598,2.9074168727838696
-1.0155981659200362,-0.9188745310705089,9.66313757141382
-1.0157865859105049,-0.8223034266894563,9.655654029704742
-1.0159750758276076,-0.7256964827340054,9.648167710695425
-1.0139421483979765,-0.6276784728177949,9.72891019016027
-1.0141465733778612,-0.5312196336741177,9.720790972769692
-0.9574320629314783,0.6838800449510559,11.973340733439983
-0.9565460955986054,0.7743468392941091,12.008529003389192
-0.9556617665549101,0.8646463602163472,12.043652204842417
-0.9548062776284003,0.9548062776284003,12.077629953420313
-0.9539666672080285,1.0448206355135552,12.110977049896668
-0.9531285321083903,1.13467682393856,12.144265550550912
-0.9502513653712643,1.22175175547734,12.258538973597531
-0.9489265853629105,1.3104224274059242,12.311155717835845
-0.9486152859043553,1.400336850620715,12.323519705734995
-0.9498780890464469,1.4926655685015595,12.273364518057207
-0.9491810742486092,1.5819684570810153,12.301048095041217
-0.9484850819472004,1.6711403824784008,12.328691061182113
-0.9477901095783716,1.760181632074119,12.356293518309158
-0.9472027133152486,1.8493005355202474,12.379623338164826
-0.946622061751088,1.9383213645379422,12.402685276486928
-0.9460421216495916,2.0272331178205536,12.425718957401159
-1.1777470541440416,2.635910073560474,3.223014285729505
-1.178172584392985,2.7490693635836316,3.206113354153608
-1.1787453652504858,2.8626673156083227,3.183364019400905
-1.179318703162875,2.976375774649161,3.160592559907201
-1.1800514451933115,3.0906109278872442,3.131489992111021
-1.1808141812868347,3.2050670634928373,3.101196139772391
-1.1816543952727507,3.319886158147253,3.0678250712752657
-1.1825695021275506,3.4350828395133615,3.0314794568894072
-1.1834879964187146,3.5504639892561447,2.9949993025258337
-1.18437304056328,3.665916554124438,2.959847699164861
-0.9191680771043351,-0.6289044738082293,9.650251453034727
-0.9177265303052234,-0.5313153596503926,9.713532644268092
-0.9186833766199575,-0.43516580997787463,9.671528892006329
-0.8668620323688124,0.684364762396431,11.946388367638534
-0.8660593067069182,0.7748951691588216,11.981626513323121
-0.8652580663386981,0.8652580663386981,12.016799457411011
-0.864458307437013,0.9554539187461722,12.051907367906388
-0.863693478626751,1.0455236846534357,12.085481913132945
-0.8607497557448953,1.1325654680853887,12.214705807036026
-0.8598605939002268,1.221907159752954,12.253738338456124
-0.8598755421424362,1.3124416169542448,12.253082138758387
-0.8606897285609525,1.404283241336291,12.217340887429266
-0.8599505729497094,1.4935983635442323,12.249788427540423
-0.8592650358977849,1.582856645074867,12.279882213817167
-0.8586346214140751,1.6720779469642515,12.307556223099766
-0.8580051314133293,1.7611684276378867,12.335189649320291
-0.8573951008784628,1.8501683755798408,12.361968841614889
-0.8568692563394557,1.9392304222419263,12.385052427144288
-0.8563440564963661,2.02818329170192,12.408107711736335
-1.0654093392954698,2.635486260362478,3.230535294927442
-1.0657533873066458,2.7485218935802975,3.2154322347964097
-1.0662257293054778,2.861974326030493,3.1946973100793983
-1.0667442124278983,2.975654908351506,3.171936876882654
-1.067322217422951,3.089616945171701,3.1465635455081085
-1.0680118680220396,3.2040356040661195,3.11628918225329
-1.0687024104353449,3.3186022218781766,3.085975670032923
-1.0695313044867483,3.4337583986153497,3.0495887813024396
-1.070359902113013,3.549088096479991,3.013214905077625
-0.8218142861729695,-0.5317621851707449,9.679652536320091
-0.8215632838032336,-0.4349452678958296,9.691967365755687
-0.776220481703166,0.6849004250322054,11.916603231074298
-0.7754442761396355,0.7754442761396355,11.954685895918857
-0.7747263609537268,0.8658706387129887,11.989908683149885
-0.7727463381651513,0.9545690059687163,12.087053753714606
-0.7712158491849168,1.0434096783090052,12.162143525833017
-0.7705381528538069,1.1331443424320689,12.195393071387237
-0.770826851767078,1.224254411630065,12.181228751429153
-0.7712613507167213,1.3156811276932305,12.159911102275345
-0.7705973094407114,1.4052068583918855,12.192490695292193
-0.7699350898038722,1.4945798802075168,12.224980913950922
-0.7692740073674954,1.5837994269330786,12.257415338595663
-0.768683286184864,1.6730165640494101,12.286397657032552
-0.7681194260106811,1.762156330259798,12.314062104495328
-0.7675563924584686,1.8511654171057186,12.34168599573313
-0.7670322246855045,1.9401403330280407,12.367403030701702
-0.9528263223782135,2.5221873239423296,3.251861111180716
-0.9531077429419225,2.635062583427668,3.238053885992393
-0.9534154763915674,2.748079902540401,3.2229556821467753
-0.9537605572543696,2.8612816717631087,3.2060251170235503
-0.9542242386711283,2.9749343911511645,3.183275700092352
-0.9546883711136971,3.0886976712501966,3.1605041546612185
-0.9552821358139658,3.2030048083174147,3.1313725133289765
-0.9558995919384276,3.317533877903955,3.1010785090743056
-0.9565802399473374,3.432434978634564,3.0676841465261546
-0.9573210451851383,3.547719167450807,3.0313383137831664
-0.7251563086059118,-0.43509378516354713,9.678203705553415
-0.7256545082482007,-0.33863877051582697,9.650501671865044
-0.6861468800223995,0.5946606293527462,11.847294995583077
-0.6854399954136485,0.6854399954136485,11.88660080711567
-0.6847345658947064,0.7760325080140005,11.925825709423364
-0.6826216074702928,0.8646540361290375,12.043315246722756
-0.6815777333979289,0.9542088267571005,12.101359115614727
-0.6811817880524759,1.044478741680463,12.123375372487374
-0.6821810572893301,1.1369684288155502,12.067811723473277
-0.6815810251146638,1.2268458452063948,12.10117608206724
-0.6809820475587732,1.3165652919469615,12.134481799340804
-0.680386302239447,1.406131691294857,12.16760779041909
-0.6798012216929372,1.4955626877244619,12.200140774456095
-0.6792171465936843,1.5848400087185963,12.232617851319723
-0.6786340742901211,1.673964049915632,12.265039168448446
-0.6781328237707168,1.7631453418038638,12.292910843970049
-0.6776354718557106,1.8522036230722754,12.320565740391046
-0.8404311553785236,2.409235978751768,3.2684285518702154
-0.8406300242605631,2.521890072781689,3.2573705903580077
-0.8408422476583569,2.634639042662852,3.245570060578146
-0.8411136898871031,2.7476380536312033,3.2304767101882774
-0.8413853074186113,2.8607100452232785,3.215373612214087
-0.8417587423003612,2.9742142227946093,3.1946090335260777
-0.8421680726256152,3.087949599627256,3.171848514454311
-0.8426249146332575,3.2019746756063787,3.1464461423694416
-0.8431693783636108,3.316466221563536,3.1161716272552766
-0.6292337430942678,-0.4356233606037239,9.629125934853185
-0.6288133577356259,-0.33859180801149086,9.65609734978257
-0.6298267619232691,-0.24224106227818046,9.591078565768775
-0.5951350959551323,0.5951350959551323,11.81685379362392
-0.5943561477113107,0.6857955550515125,11.866830168539778
-0.5923364734590383,0.7745938499079732,11.996410019884294
-0.5916642587724662,0.8647400705136045,12.039538499172288
-0.5916041389448848,0.9556682244494293,12.043395714419788
-0.5921797969804511,1.0477027177346443,12.006462192793698
-0.59163229577726,1.137754414956269,12.041589206192342
-0.5911011363807245,1.2276715909445817,12.075667749088979
-0.5905813237785943,1.3174506453522488,12.109018295413591
-0.5900624246154931,1.4070719356215604,12.142310236597567
-0.5895487349254845,1.4965467886569994,12.175267944303961
-0.5890418703969934,1.5858819587611361,12.207787757922311
-0.5885358766787824,1.6750636490088424,12.24025170140888
-0.5880451547127611,1.7641354641382834,12.271735827790643
-0.7281101259917865,2.2963473204356344,3.285337087256451
-0.7282878562754452,2.4089521399880116,3.2739341277395866
-0.7284601687068547,2.521592891677574,3.2628787710543534
-0.7286325626820759,2.6342869573890435,3.251818182617029
-0.7288480103713073,2.7471963467841585,3.2379953200877267
-0.7290833365399991,2.860250012579997,3.2228970784171906
-0.7293476837617219,2.9734944030285586,3.205936881169727
-0.7297022649746019,3.0872018902771616,3.183187380450562
-0.5324075204375454,-0.33880478573298345,9.630720621051232
-0.5324370726605338,-0.24201685120933353,9.628479852654301
-0.5031101564950169,0.5945847304032018,11.852164580164896
-0.5020552456512881,0.6846207895244839,11.932152162863524
-0.5015294919033069,0.7750910329414742,11.972016926455417
-0.5018053814509701,0.8667547497789483,11.951097871408642
-0.5018948395378562,0.9581628754813617,11.944314799488012
-0.5014300530516872,1.0484446563808005,11.97955678009771
-0.5009661267375561,1.1385593789489912,12.01473353900414
-0.5005030580851377,1.2285075062089743,12.049845266550271
-0.5000589342554109,1.3183371903097199,12.083520521449657
-0.49961927487388647,1.4080179564627708,12.11685726393172
-0.49918038792359043,1.4975411637707714,12.150135437571556
-0.4987479450677893,1.5869252797611477,12.182924994050623
-0.4983192332527279,1.6761646936682666,12.215431648015702
-0.615867865208922,2.18353152210436,3.3024216286362247
-0.6160182536796194,2.2960680364422177,3.2910185699717545
-0.6161687156064647,2.408659524643453,3.279609941566733
-0.6163167463701652,2.521295780605221,3.2683856537287355
-0.6164625838181074,2.63397649449555,3.257327671912371
-0.616618420433437,2.746754781930765,3.245511513011124
-0.4368429960411145,-0.3397667746986446,9.516097679022167
-0.43578330113767416,-0.24210183396537452,9.614303637111696
-0.4362040744623288,-0.1454013581541096,9.575308972371808
-0.41229240797898803,0.5039129430854298,11.79129407231892
-0.4115331667704336,0.5944367964461817,11.861655843490105
-0.41127402137915625,0.6854567022985937,11.885671832764238
-0.4118130272315795,0.7778690514374279,11.835720109885102
-0.41138863927271596,0.8684871273535114,11.875049756528242
-0.41096512512257805,0.9589186252860152,11.91429842399257
-0.41055168781662843,1.049187646642495,11.952613231970709
-0.41017157379938934,1.1393654827760815,11.987839844012562
-0.4097921630171932,1.2293764890515795,12.023001284587679
-0.4094146332077316,1.3192249292249127,12.057988408263718
-0.40905442748955695,1.408965250241807,12.091370042494312
-0.4086948550365241,1.4985478018005884,12.124692989635086
-0.5037169151980471,1.9588991146590715,3.318637182905114
-0.5037847418548584,2.0711150498477515,3.3123514285860622
-0.5038525867801646,2.1833612093807138,3.306063981256102
-0.3392923874892831,-0.2423517053494879,9.57262187996308
-0.3391796458414555,-0.1453627053606238,9.586055276628208
-0.3211862421849105,0.41295373995202783,11.7300059224781
-0.32068733560878,0.5039372416709399,11.789451655844104
-0.32058170958483223,0.5953660320861169,11.802037211450141
-0.39113669018935027,0.8381500504057505,3.395267757358525
-0.32055767468287916,0.7784972099441351,11.80490101890696
-0.32022129115335524,0.8691720759876784,11.844981800683549
-0.31989137174699483,0.9596741152409844,11.884292369036608
-0.31956213146341494,1.049989860522649,11.923522018528978
-0.319248364080877,1.140172728860275,11.960908040388944
-0.24238613565182182,-0.14543168139109308,9.566878463182775
-0.24261940516729444,-0.048523881033458886,9.527966111019666
-0.23034056717636828,0.23034056717636828,11.576234043023696
-0.22978845063358808,0.3217038308870233,11.668334175800219
-0.22949986857999227,0.41309976344398613,11.716473369962479
-0.22949243485900853,0.5048833566898188,11.717713410128958
-0.14559158434081002,-0.14559158434081002,9.522422019179942
-0.1455450429183984,-0.0485150143061328,9.535361531195932
-0.13896641657882342,0.0463221388596078,11.364360520886727
-0.13835264071449763,0.13835264071449763,11.535003353873805
-0.13812517121351112,0.2302086186891852,11.598244745923537
-0.13797674596898563,0.3219457405942998,11.639510142112506
-0.13800144776183737,0.4140043432855121,11.632642514763376
-0.04527988703881518,-0.04527988703881518,12.233665492244747
-0.045279815369866326,0.045279815369866326,12.233725268751996
-0.04613347529891143,0.1384004258967343,11.521718049993979
-0.04612285253422798,0.23061426267113994,11.5305781181317
0.04616068690507552,-0.2308034345253776,11.499021822417141
0.046176674974539395,-0.13853002492361818,11.48568674543278
0.045279919867255124,-0.045279919867255124,12.233638111216969
0.045279848198202355,0.045279848198202355,12.233697887810905
0.16656436235102196,-3.0536799764354026,3.691540644913424
0.16655286757150572,-2.942433993763268,3.6947364397551965
0.1665492575597709,-2.8313373785161056,3.695740100318197
0.16654564770452576,-2.720245579173921,3.696743717373721
0.16655489845499355,-2.609360075794899,3.6941718106585313
0.16656533862646042,-2.498480079396906,3.691269219436677
0.16657629623151407,-2.3875935793183682,3.68822277059796
0.16658763251143052,-2.276697644322884,3.6850710420388637
0.1666023983925281,-2.1658311791028657,3.680965810913797
0.1382020661972057,-0.4146061985916172,11.576866293913938
0.13814244537932177,-0.32233237255175085,11.59344215793866
0.1382478669482345,-0.23041311158039082,11.564132704402283
0.13847764304177132,-0.13847764304177132,11.500250030232785
0.1389004660910099,-0.046300155363669965,11.382696168688291
0.14530784820475168,0.0484359494015839,9.60130674060995
0.1452523928875214,0.1452523928875214,9.616724506257626
0.2777721377570162,-3.4999289357384042,3.6640386824593634
0.2777240793668774,-3.388233768275904,3.672055439375441
0.2776771974568749,-3.276590929991124,3.6798759442896767
0.27763730821629473,-3.1650653136657603,3.686529982104389
0.2776137699101575,-3.0537514690117322,3.690456473981733
0.2775902355955075,-2.9424564973123792,3.6943823000277263
0.2775837573967579,-2.83135432544693,3.695462946809272
0.2775777408993274,-2.720261860813409,3.696466575878965
0.2775866927736713,-2.6093149120725103,3.694973288227196
0.2776040924570953,-2.4984368321138573,3.692070797485755
0.2776219433730889,-2.387548713008564,3.6890930353543894
0.2776408364628489,-2.276654858995361,3.6859414252492257
0.27765973212519984,-2.1657459105765593,3.682789386002824
0.2777014753008607,-2.054990917226369,3.6758260879978124
0.27774405225211474,-1.9442083657648028,3.668723705511738
0.27782208559164195,-1.833625764904837,3.6557067419278084
0.27792090596610997,-1.7231096169898816,3.6392222338496865
0.2788845255058391,-0.8366535765175173,3.4784781143052967
0.27866409674162007,-0.7245266515282122,3.5152484641848787
0.2296016172511123,-0.505123557952447,11.699500384380848
0.22974131117979266,-0.41353436012362677,11.67619764232797
0.23006460239866983,-0.3220904433581378,11.622268513463005
0.23064475684234892,-0.23064475684234892,11.525491298593352
0.24208109393659097,0.048416218787318194,9.61776334037495
0.24167402709657426,0.14500441625794455,9.685667319172012
0.24204968007740982,0.24204968007740982,9.62300357568295
0.38904306401471317,-3.7236978984265403,3.644727574687117
0.3889676167148439,-3.6118421552092643,3.653717273933019
0.38889973422638274,-3.5000976080374446,3.6618056105121397
0.38883183982807246,-3.388391747073203,3.6698953661740177
0.3887661990339167,-3.2767436775715835,3.677716600316849
0.3887013325271813,-3.1651394220070475,3.6854455765385765
0.3886683773554527,-3.053822964935699,3.689372252283775
0.3886354277714135,-2.942525381697845,3.6932982622443973
0.38861958643263517,-2.8313712725806273,3.6951857899825242
0.38861116323540007,-2.7202781426478007,3.696189431066614
0.3886146436041404,-2.609269749913514,3.695774738051824
0.3886390023176818,-2.498393586327954,3.6928723477855954
0.38866341717894254,-2.3875038483849327,3.6899632674043943
0.3886898665105216,-2.2766120752759123,3.6868117757464702
0.38871631944277596,-2.1657052083240376,3.6836598550607604
0.3887656081488694,-2.054903928786881,3.6777870054721404
0.3888252108339154,-1.9441260541695768,3.6706852243117893
0.3889127326395134,-1.8334457395862775,3.660256823147698
0.3890510539941644,-1.7229403819741564,3.6437755523831825
0.3891896282008314,-1.61235703111773,3.6272641537866335
0.3195679310694277,-1.232619162696364,11.922830983675645
0.3198198266765929,-1.1422136667021177,11.89281710970399
0.32010921976113765,-1.0517874363580237,11.858335335029388
0.320399422535616,-0.9611982676068478,11.823757084152213
0.3206901519682719,-0.870444698199595,11.789116080881918
0.3209994918982847,-0.7795701946101199,11.752257598996145
0.320862553292432,-0.6875626141980685,11.768574112428716
0.3207811255351278,-0.5957363759938087,11.778276395342765
0.32107186726265585,-0.5045415056984591,11.743633927113436
0.3216327042397625,-0.41352776259398033,11.676809060499224
0.33799860140295573,0.1448565434584096,9.726779123824173
0.3378471737386089,0.24131940981329206,9.744822038048348
0.5004234834286269,-3.8365800396194722,3.623852034149891
0.5002287906197161,-3.723925441280109,3.641894957419737
0.5001253282695511,-3.6120162597245353,3.6514832070104077
0.5000380423707055,-3.500266296594938,3.6595723233173914
0.4999499617283019,-3.388549740602935,3.6677350915333164
0.4998655585516623,-3.2768964393942306,3.675557055006742
0.4997811838785937,-3.1652808312310934,3.683376376945816
0.499728185052143,-3.05389446420754,3.6882879798159607
0.49968581931743655,-2.942594269313793,3.69221417362278
0.4996567446912708,-2.831388219917201,3.6949086298378973
0.49964591473661013,-2.7202944246770997,3.695912282936604
0.4996387511459672,-2.6092245893178285,3.6965761601338656
0.4996700684078239,-2.498350342039119,3.6936738703376335
0.4997013895939402,-2.387462194726603,3.690771216865329
0.4997347228897568,-2.2765692931644472,3.6876820935324517
0.4997687325236252,-2.165664507602376,3.6845302913793248
0.49982033863254655,-2.05481694771158,3.679747756940934
0.4093339372041844,-1.5918542002384946,12.065466813903512
0.40965338583968985,-1.5020624147455295,12.035862293575676
0.40997333346696013,-1.4121303708306403,12.006211529782682
0.41029585181425887,-1.3220644114015008,11.976322527584884
0.4106188079335715,-1.2318564238007144,11.946392955389143
0.41094227287020396,-1.1415063135283443,11.916416229156688
0.4112761477009328,-1.051039044124606,11.885474778436063
0.4116487345234303,-0.9605137138880039,11.850945740166544
0.41202199703216424,-0.869824215956791,11.816354083482992
0.4114509502614232,-0.777185128271577,11.869275160155617
0.41162023778367046,-0.6860337296394508,11.85358664144998
0.4122080257410263,-0.5954115927370379,11.799114095325422
0.413383972474179,-0.505247077468441,11.690134637920664
0.4344882010447757,0.14482940034825856,9.734325489658133
0.43364278249928284,0.240912656944046,9.812673642487056
0.4341820628319318,0.33769715998039135,9.762696482481203
0.6122267266269595,-4.062959185797095,3.5785073994606336
0.6119490004174865,-3.9498526390583217,3.599565717592327
0.6116979833308634,-3.8370146227117794,3.618598842613636
0.6114471720602848,-3.7242691389126437,3.6376163618347306
0.61129375678895,-3.6121903810256137,3.649248924696394
0.6111870637388188,-3.5004350014132353,3.6573388208439894
0.6110804079365266,-3.388718625829829,3.66542589271063
0.6109752774588412,-3.2770492154610573,3.6733973083312037
0.6108721432327177,-3.165428378569537,3.6812173601300415
0.610793193365498,-3.05396596682749,3.687203656574731
0.6107414105984266,-2.942663160156055,3.6911300342284576
0.6106952321965332,-2.831405167456654,3.6946314663753412
0.6106819954268247,-2.72031070690131,3.6956351314888636
0.6106687592285679,-2.6092210621584266,3.696638753272616
0.6106972909271119,-2.498307099247276,3.6944753651432904
0.6107355710525043,-2.38742086865979,3.691572812085134
0.6107754058358449,-2.2765265126608765,3.6885523786090033
0.6108169716038522,-2.165623808413658,3.6854006949139517
0.49969000722413076,-1.6807754788448035,12.111494052672427
0.49999440227715336,-1.5908912799727606,12.08841359556893
0.5003804816081074,-1.5011414448243225,12.05913950800361
0.5007710491372533,-1.411263865750441,12.029525107201238
0.5011622268385789,-1.3212458707562535,11.999864440690274
0.5015570707806332,-1.2310946282797361,11.969925785062763
0.5019519277992036,-1.140799835907281,11.93998613792121
0.5023474070101651,-1.0503627601121635,11.909999313650303
0.5023850819730918,-0.9590987928577207,11.907142646444079
0.5019747714610595,-0.8670473325236482,11.938254039609113
0.5023150293253846,-0.7763050453210489,11.912454319923455
0.5031876051718086,-0.6861649161433754,11.846292110015781
0.5046366427881799,-0.596388759658758,11.736420250358684
0.5295585902956935,0.24070845013440614,9.846737961927651
0.5292244686572198,0.33677920732732175,9.872072408291238
0.7239533691712025,-4.176654052910783,3.552029565155081
0.7236281413641044,-4.063450332275355,3.572895786947754
0.7233115103734588,-3.950393633578122,3.593210447419736
0.7229976950071634,-3.83744930426879,3.6133444608471166
0.7227012145612037,-3.724690875046204,3.6323662868028492
0.7224811213886398,-3.6124056069431996,3.646487197910517
0.7223467998798563,-3.5006037224946884,3.655105103060798
0.7222207399572553,-3.388881933645583,3.6631929548580544
0.7220953572044528,-3.277202005774056,3.6712373602620616
0.7219734599338932,-3.165575939710147,3.67905814135122
0.7218634026608215,-3.0540374727957835,3.6861192825565183
0.7218022019794917,-2.942732054224082,3.6900458440700774
0.7217410116815595,-2.831445507366118,3.6939717393974476
0.7217194053299111,-2.7203269893204345,3.6953579767233578
0.7217037623636374,-2.6092366793146895,3.6963616104737227
0.721720670075122,-2.4982638579523453,3.695276832204023
0.7217659086583063,-2.387379544023629,3.6923743795548063
0.7218119155840583,-2.276483733765107,3.689422630977994
0.5899012787770398,-1.7697038363311195,12.152649158217265
0.5902602370896806,-1.6799714440244755,12.129618828084311
0.5906196325246983,-1.5901297798741878,12.106560452709616
0.5909963892860997,-1.500221603572407,12.082388195683265
0.5914574033696834,-1.4103984234200142,12.052810091020447
0.5919191372542957,-1.3204349984903518,12.023185804796341
0.5923815925782067,-1.2303309999701217,11.993515231901505
0.5928490007557264,-1.140094232222551,11.96352688992404
0.5922560987428265,-1.0478377131603853,12.001566764229018
0.5922260616899809,-0.9566728688838153,12.003493905122248
0.592803245485075,-0.8664047434012634,11.96646249261471
0.5942644081301306,-0.7771149952470939,11.872716068841946
0.5953737902769951,-0.6869697580119175,11.801539455329532
0.6260856910395702,0.2408021888613732,9.831101137940287
0.6245714241235594,0.3363076899126859,9.928254667353173
0.6247089431825463,0.43249080681868596,9.919431611258602
0.8354286130564944,-4.177143065282472,3.5465913287355164
0.83505649263933,-4.063941597511406,3.5672828175632887
0.834691060908247,-3.9508710216323695,3.5876023868001354
0.8343226270269508,-3.8378840843239734,3.6080888884457707
0.833980456713278,-3.725112706652642,3.627115023255854
0.8336830017048317,-3.612626340720937,3.643654795598728
0.8335172523432497,-3.5007724598416488,3.652871169936681
0.8333717845579253,-3.389045257202229,3.6609598017773592
0.8332257992377674,-3.2773548103352184,3.6690772107711567
0.833085135425661,-3.1657235146175116,3.676898721127536
0.8329445191807822,-3.0541299036628677,3.684717586542355
0.8328681938258776,-2.942800951518101,3.6889616031440653
0.8327975863283057,-2.8315117935162393,3.692887682390939
0.832758144469738,-2.720343271934478,3.695080818640001
0.832740094678054,-2.6092522966579024,3.696084464357213
0.8323310966879681,-2.4969932900639042,3.718826504170366
0.8314591382004836,-2.3835161961747193,3.7673111303017492
0.6799158954161147,-1.8584367808040467,12.193764424348657
0.6803268389589169,-1.768849781293184,12.170914203472492
0.6807438559827428,-1.6791681780907657,12.147726271041279
0.6811581464382526,-1.5893690083559224,12.124689947485173
0.6815729414303074,-1.4994604711466764,12.101625569536438
0.6820326009122896,-1.4095340418853983,12.07606653381223
0.6825647176943955,-1.3196251208758314,12.046478561897345
0.6830976654130569,-1.2295757977435025,12.01684438635143
0.6820816071442964,-1.1368026785738274,12.073341577439805
0.6822562834444735,-1.046126301281526,12.06362882708568
0.6831832007287282,-0.9564564810202194,12.012088256488738
0.6852501145660097,-0.8679834784502788,11.897158995423283
0.6858585216000148,-0.7773063244800168,11.863328958784109
0.6864802219199806,-0.6864802219199806,11.828759758516036
0.7203125025002319,0.33614583450010826,9.947540068990008
0.7194958509802324,0.4316975105881395,9.992949390873001
0.7204986851774403,0.5283657024634562,9.937187514796022
0.9473941021106278,-4.291137991912843,3.5183799736213714
0.9469299635601156,-4.177632192176981,3.541151818724096
0.9465117902235823,-4.064432981548324,3.5616684908150518
0.9460975341237374,-3.9513485248697275,3.5819929730803466
0.9456727879635336,-3.8383189629108125,3.602832125004852
0.9452849070711576,-3.725534633751033,3.6218625709562744
0.9448984726917375,-3.6128471014684083,3.64082204721786
0.9446984226787296,-3.5009412134564686,3.6506370214405095
0.9445335432945227,-3.389208596527405,3.6587264330906564
0.9443687215079131,-3.27751497464511,3.6668130188527854
0.9442071711551773,-3.165871103285006,3.6747390995559144
0.9440477912028552,-3.054272265656296,3.6825586947667617
0.9435977565175442,-2.941804770319403,3.704638567540634
0.9426141381875616,-2.8278424145626846,3.7528974424516974
0.9421045068518162,-2.715477696219941,3.777901281982551
0.941870036303371,-2.6039936297799082,3.7894050172453433
0.9418027320143263,-2.493007231802628,3.7927071408099167
0.7697408763257675,-1.946991628353412,12.234509532582969
0.7702056086820975,-1.8575547032921176,12.211708553821573
0.7706709025433296,-1.7680097175994034,12.188880026168498
0.7711367590819592,-1.6783564756489702,12.166023892098053
0.7716100684456176,-1.5886089644468597,12.142802103037425
0.7720797198349092,-1.4987429855618828,12.119759783718273
0.7725499431303021,-1.4087675433552567,12.096689405197544
0.773099172895289,-1.318816236115493,12.069742763682228
0.7718800678935746,-1.2259271666545006,12.129555227508746
0.7722619746697181,-1.1356793745142915,12.110817887245958
0.7737063453613606,-1.0467791731359586,12.039953302469044
0.775525055761718,-0.9580015394703575,11.950722637448962
0.7761359059423908,-0.8674460125238485,11.920752737987037
0.7767533097848153,-0.7767533097848153,11.890461298825166
0.7774569007561326,-0.6859913830201171,11.855941294837486
0.8147490809601922,0.4313377487436312,10.026289889642307
0.8142691138170738,0.5268800148228124,10.049838326688594
0.815618158891466,0.6237080038581799,9.983650664757135
0.8150678029825641,0.7191774732199095,10.010652557823448
1.0590020973650642,-4.291745341953155,3.511801156102571
1.058457429854085,-4.178121433634546,3.535711034673369
1.0580087441927535,-4.0649809645300525,3.555407490699551
1.0575309398214605,-3.9518261435433533,3.5763822032864425
1.057048186394106,-3.8387539400628055,3.5975741701194437
1.0566145742142992,-3.7259566564398976,3.616608928677657
1.0558429383948107,-3.6120942629296153,3.6504822887972566
1.0550141981330075,-3.4982049727568145,3.686862426453743
1.0541132797326946,-3.384258424404967,3.7264110485387008
1.0536521045257112,-3.2718670614219456,3.7466557721114597
1.0533142149155008,-3.159942644746503,3.7614884900313044
1.0529773478825544,-3.048092322817921,3.7762763187339417
1.0528020698461247,-2.9367636685181377,3.7839706946287492
1.0529263144683796,-2.826275896730914,3.778516589562244
1.0530617446308919,-2.7157908151007217,3.7725714603316263
1.054073470417772,-2.6074449005071205,3.7281586025355864
0.859423489262279,-2.035476685094871,12.27292640935331
0.8599037977185253,-1.9460980685208733,12.251841772150094
0.8604096534514968,-1.8566734627111248,12.229635657583174
0.8609291943172633,-1.7671704514933302,12.206828791444394
0.8614493630106657,-1.6775592858628754,12.183994364854094
0.8619755227134156,-1.5878496471036603,12.160896944229584
0.8624999253909322,-1.4980261862053035,12.137876653705767
0.8625691677526535,-1.4073496947543294,12.134837044352658
0.8615014174046088,-1.3149232160386135,12.181709274935628
0.8619759116177712,-1.224913137562096,12.160879872060356
0.8638659017624359,-1.1366656602137317,12.077912862007409
0.865546102859746,-1.0477663350407453,12.004155196273004
0.8662273412301784,-0.9574091666228287,11.97425011402288
0.8669092117963957,-0.8669092117963957,11.944317279567706
0.8675921566700828,-0.7762666664942847,11.914337285036645
0.8683041037770496,-0.6855032398239865,11.883084147051974
0.911021010251146,0.4315362680137008,10.007892353659898
0.9088222181886341,0.5261602315828935,10.104415186686168
0.9090044481665532,0.6219504119034311,10.096415633644767
0.9100673381267153,0.7184742143105647,10.049756764941733
0.9094768089485215,0.8137424080065718,10.075679884383426
0.908887045644588,0.908887045644588,10.101569383386597
0.9082984602446997,1.003908824480984,10.127407174619222
1.1682905702824156,-4.283732091035524,3.598600714874941
1.1676264997505703,-4.170094641966323,3.6249758330907653
1.1670822501412432,-4.057000202871941,3.646591982425136
1.1665136238201113,-3.943927013867996,3.6691763100248096
1.1659284927526976,-3.8309079047588637,3.6924161623216847
1.1654127513750734,-3.7182216353395203,3.712900040390835
1.1649936093146311,-3.6059326002595724,3.7295472500820637
1.1647727083408923,-3.4943181250226774,3.738320850199756
1.164723202481486,-3.383243588160507,3.740287091482273
1.1646844095953115,-3.2722085793392086,3.7418278419142226
1.1651372820175332,-3.1625154797618764,3.723840951817472
1.1657750571836418,-3.0532203878619195,3.69851021570652
1.1660973758099222,-2.9430076627583754,3.6857085757245684
1.1659985114192388,-2.8317106705895805,3.689635206807509
1.165899663807212,-2.7204325488834957,3.6935611714867562
0.9489423900548183,-2.123823444408403,12.310527997439522
0.9494721993251577,-2.034583284268195,12.289485380026264
0.9500026005274655,-1.9452434201276676,12.268419252646964
0.9505335946177762,-1.8558036847299442,12.247329577330497
0.9511018363542486,-1.7663319818007477,12.224760524412304
0.951676214021518,-1.6767628532760082,12.201947768615618
0.9522512860418518,-1.5870854767364198,12.17910743495893
0.9520489103110228,-1.496076859060179,12.18714526161839
0.9510880470107969,-1.4039871170159381,12.225308200519315
0.9516688176623523,-1.3142093196289628,12.202241532362095
0.9538345981005617,-1.2263587689864366,12.11622248416164
0.9553234587026181,-1.1372898317888311,12.057088894425299
0.9560691681690403,-1.04712337466133,12.027471294504252
0.9568160426989539,-0.9568160426989539,11.997807421354928
0.9575702408267771,-0.8663730750337508,11.967852674343007
0.9583241409076408,-0.7757862093061855,11.937909764964921
1.0068487189401478,0.431506593831492,10.010642373014413
1.0040517123345163,0.5259318493180799,10.121732048487587
1.0029397145373078,0.6208674423326191,10.165897648300628
1.0042947064112397,0.7173533617223142,10.112080968983236
1.004233884313894,0.8129512396826761,10.114496661188667
1.0035881352696254,0.9080083128629944,10.140144098567063
1.0029471293454675,1.0029471293454675,10.165603151809094
1.0023069417377235,1.097764745712745,10.191029703696039
1.0016675708803833,1.1924613939052182,10.216423816425682
1.2811796257178365,-4.289166573055365,3.5397343887948836
1.280808490121597,-4.176549424309555,3.553193124816694
1.2804103869113612,-4.063911228023016,3.5676298052922135
1.2804785877385692,-3.9527817273668875,3.565156593508803
1.279918207363236,-3.839754622089708,3.5854780383387563
1.2793495931423484,-3.7268009887190146,3.6060980725653806
1.278824886761711,-3.614070332152661,3.6251258476899224
1.278343520072889,-3.501549641938783,3.6425819668555093
1.2780831197843512,-3.389698708993279,3.652025035046613
1.2778600610772821,-3.27798885232868,3.660113960728296
1.2776354542623327,-3.16631395186752,3.6682590264717447
1.2774197621710772,-3.054699431278663,3.676080811683434
1.277204143022707,-2.943122590443629,3.6838999517189635
1.2770758880513176,-2.831776969157269,3.6885509467216053
1.2769676213110317,-2.720496236706111,3.692477095256578
1.0388870152437766,-2.1229430311503257,12.326151853051606
1.0394418966461312,-2.033690667351126,12.306029821122102
1.040022302497047,-1.9443895220596963,12.284982179203254
1.0406033568866844,-1.8549885927110459,12.263911018895044
1.0411850608135362,-1.7654877118142571,12.242816303988477
1.0418174340983524,-1.6759671765930015,12.21988413258314
1.0412830829583926,-1.5845612131975537,12.239261662005113
1.0404706780432253,-1.492849233714193,12.268722439701577
1.041225353444124,-1.4033906937725147,12.241355145629647
1.0443506096025466,-1.3167898990640805,12.128021910922591
1.0449865163692442,-1.226723301824765,12.104961602522685
1.045665474486448,-1.136592907050487,12.080340094475758
1.0464812029014952,-1.0464812029014952,12.050758794501157
1.04729820493511,-0.9562287958103178,12.02113130845261
1.0481164836545336,-0.8658353560624408,11.991457525100714
1.0489438805479852,-0.7753063464919889,11.961453083362812
1.1016607323258842,0.4310846343883895,10.0497469598632
1.10094588081221,0.5265393343014916,10.075670093927464
1.097604634097846,0.6203852279683477,10.196835937268851
1.097014365093769,0.7154441511481101,10.218241253245623
1.0988169509584778,0.81216905070844,10.152872887732897
1.0981153450222714,0.9071387632792675,10.178315688645597
1.0974146344795743,1.0019872749596113,10.203726019310224
1.0967148176008206,1.0967148176008206,10.229103942447189
1.0960277023738316,1.191334459101991,10.254021257170734
1.0953577761517224,1.2858547806998477,10.278315235621783
1.0946886683888335,1.3802596253598334,10.302579533743852
1.393301297963038,-4.179903893889113,3.5158885499387864
1.3926058242616801,-4.066409006844106,3.539091339666875
1.392015534626604,-3.9533241183395558,3.5587849186686356
1.3913835932195477,-3.840218717285951,3.5798681078097516
1.3907549620799584,-3.727223298374289,3.600840857922286
1.3901844998642716,-3.614479699647106,3.6198729432657757
1.3896145052018654,-3.501828553108701,3.638889429830435
1.3892877505396577,-3.389862111316764,3.6497908049724117
1.3890452720378252,-3.2781468420092676,3.6578805108528982
1.3888028782195174,-3.1664705623405,3.6659673914734014
1.3885644756240911,-3.0548418463730003,3.6739211146429582
1.388330085132593,-2.9432597804810974,3.681740983716189
1.388158466094958,-2.831843270833714,3.687466635794493
1.3880407793422331,-2.7205599275107772,3.6913929682667614
1.1287738930503344,-2.1220949189346285,12.341202492827101
1.1293478008699462,-2.032826041565903,12.322055453283035
1.1299630077495852,-1.9435363733292867,12.301530570976674
1.1305940343315166,-1.8541742163036872,12.280477902752416
1.1312257660507596,-1.764712195039185,12.259401709335563
1.1302722158820655,-1.6728028795054568,12.291214593153008
1.1296515527360764,-1.581512173830507,12.311921510524918
1.1306039012226277,-1.4923971496138686,12.28014871791153
1.133925555832487,-1.4060676892322836,12.169329784986516
1.1346209131299287,-1.3161602592307171,12.146130878792178
1.135311455206309,-1.2261363716228135,12.123092620745375
1.136002838209442,-1.136002838209442,12.100026307221299
1.136782411185079,-1.0458398182902726,12.074017749606412
1.1376693682456762,-0.9556422693263679,12.044426582989047
1.1385577104334974,-0.8653038599294579,12.014789204968338
1.1962923235795437,0.43066523648863575,10.08861415874501
1.195516821734959,0.5260274015633819,10.114486892967037
1.1934266767230683,0.6205818718959955,10.184219501284822
1.1907419896117022,0.7144451937670213,10.273787561743625
1.1916660776526622,0.8103329328038102,10.24295761021164
1.192461680944209,0.9062708775175988,10.216414240067387
1.191699021112074,1.001027177734142,10.241858531755973
1.1909703948406845,1.0956927632534297,10.266167376407317
1.1902426590153434,1.1902426590153434,10.290446513490451
1.1895158120047415,1.2846770769651208,10.314695997430043
1.1887898521070828,1.378996228444216,10.338915885002372
1.1880565336027242,1.473190101667378,10.363381274602474
1.5041904327150155,-4.066885244007264,3.5336500740930177
1.5035527705834681,-3.9537869152380094,3.553348265953936
1.5028759270495855,-3.840682924682274,3.574256821018814
1.502218346531809,-3.7277270080604152,3.594570317088788
1.501569343339158,-3.6148891598905655,3.6146188487087727
1.500953609651347,-3.502225089186476,3.6336396431352824
1.5005154788076789,-3.390053489158089,3.647174060488588
1.5002412011328308,-3.2783048469198897,3.655646845675335
1.4999793905748295,-3.1666231578801955,3.6637345058131743
1.4997195530648642,-3.05498427476176,3.6717612159951614
1.4994663877234788,-2.9433969833090514,3.679581814428758
1.4992462459137885,-2.831909575614934,3.686382274091251
1.2179702836995603,-2.210390514862165,12.37535343208608
1.2185889802202874,-2.121247484087167,12.356241111993626
1.2192083056232352,-2.032013842705392,12.337109364931898
1.2198282607913835,-1.9426894523714626,12.317958163624525
1.2205057311024166,-1.8533605546370029,12.297030246618661
1.2192022580512247,-1.7610699282962137,12.33729618210021
1.2186864667116177,-1.6700518247529577,12.353229630654113
1.2197999779032516,-1.5812221935782889,12.318831857904364
1.2233189104234048,-1.4951675571841614,12.210127570009142
1.2240579688458004,-1.4053998901562892,12.18729711814359
1.224797920800591,-1.315523692711746,12.164439063929272
1.2255500027900303,-1.2255500027900303,12.141206297562597
1.2262959822120798,-1.1354592427889627,12.118162047241235
1.2270428703269285,-1.0452587413896057,12.095089726246997
1.2279297367572208,-0.9550564619222829,12.067693297582629
1.290740540040714,0.43024684668023805,10.127387933965778
1.2899158621448596,0.525521277170128,10.152863279940263
1.2890922373673361,0.6206740402139025,10.17830609375406
1.2853061731287918,0.714058985071551,10.29526241917931
1.2843754579978586,0.8086808439245776,10.32401338981088
1.2866415127578665,0.9054143978666468,10.254012084697038
1.2858550772646922,1.000109504539205,10.278306074357666
1.285069602572137,1.0946889207095984,10.302570383668773
1.284285086762192,1.1891528581131408,10.32680507188011
1.2834937239434094,1.2834937239434094,10.3512512728771
1.2827089247812502,1.3777244006909724,10.375494714197643
1.2819250847719754,1.4718399121456014,10.399708526069283
1.2811422021582966,1.5658404693045849,10.423892762776902
1.6151161238678402,-3.954249820504023,3.5479103402039343
1.6143952186269817,-3.84114724431937,3.5686441774740274
1.6136887576942636,-3.728177474672954,3.5889625843692343
1.6129794257618821,-3.615298712914563,3.6093635636143944
1.612317932338148,-3.502621715079425,3.6283886673667354
1.611763251649519,-3.390260632780023,3.6443417475818194
1.6114478499121985,-3.278462867062749,3.6534129651644847
1.6111666188721803,-3.166775768128079,3.661501404932366
1.6108849959570413,-3.0551267164702502,3.669601115356265
1.6106130522443227,-2.9435341989292794,3.677422443828526
1.6103412003685535,-2.831979352372284,3.6852411309933686
1.30769269628415,-2.2095497282042533,12.389665066446717
1.3083323627256653,-2.1204007257967676,12.3712677249463
1.308997032986184,-2.031202292564768,12.352151252712787
1.309662378893143,-1.9419131824967293,12.333015348322938
1.3079324219007964,-1.8491458378597465,12.38277035734584
1.3075895366005048,-1.7584824802558514,12.392632025170705
1.308889654678762,-1.669962662866007,12.35523954258258
1.312535573961865,-1.5840946582298367,12.25037985668861
1.3133117573221513,-1.4944582066079652,12.228056174501525
1.3141048073603854,-1.4047327251093773,12.20524739255925
1.3148988159495778,-1.3148988159495778,12.18241104189024
1.3157022828584433,-1.2249641943854472,12.15930266204203
1.3165027541350065,-1.1349161673577643,12.136280439082633
1.317304199869144,-1.0447585033444935,12.113230189908933
1.3181066219879067,-0.9544910021291738,12.090151859097332
1.385022893899244,0.4298346912101102,10.165583949341837
1.3841388244239148,0.5250181747814849,10.191010526370327
1.3832558828436863,0.6200802233437214,10.216404664193007
1.3815041512140127,0.7145711126969032,10.266785929984984
1.377936894904423,0.8077561108060411,10.369383203013072
1.37810659860283,0.9028974266708196,10.364502382806087
1.379838659621026,0.9991935121393635,10.314686860241189
1.3789965456057773,1.0936869154804443,10.338906763170783
1.3781458970496467,1.1880568078014198,10.363372126629429
1.3773034797586938,1.2823170328787838,10.387600752021761
1.3764620917250365,1.3764620917250365,10.411799775113998
1.375621731060741,1.4704921952718266,10.435969250204707
1.3747839648357543,1.5644093392958585,10.460064107052425
1.3739615899443316,1.6582295051052278,10.483716296282537
1.725941477730094,-3.8416116762379513,3.5630301766832773
1.7251861127649344,-3.7286280501693745,3.5833534961847278
1.7244147557118428,-3.6157083587506382,3.604107087577944
1.7237074818311109,-3.5030184308180647,3.623136502120758
1.7230246205451327,-3.390467801717842,3.6415090885262913
1.7226652199271708,-3.2786209024420354,3.651178869261109
1.7223645646609567,-3.1669283930862755,3.6592680887998696
1.7220608057333162,-3.055269171462335,3.667440813274254
1.7217700801443534,-2.9436714273435722,3.675262871887327
1.7214794527692756,-2.8321113577817116,3.6830822880265472
1.3973771864134845,-2.2087574882019596,12.403150353269496
1.3980148097791965,-2.1195708406329756,12.38599490659054
1.3987140689440816,-2.0303913904026993,12.36718113036612
1.396723558145752,-1.9373907419441077,12.420736416607106
1.3963942482179041,-1.8468440057075508,12.429596598356781
1.3978116177285802,-1.7585371964972463,12.391461849267657
1.401656045516447,-1.6729443123905983,12.288026373918925
1.4024390791981258,-1.5833989603849807,12.266958619353701
1.4032229882507221,-1.4937535036217366,12.245867312673063
1.404066193189027,-1.404066193189027,12.223180632516076
1.4049141554752327,-1.3142745325413467,12.200365954496043
1.4057631426056474,-1.2243743500113704,12.177523702737133
1.4066232778509125,-1.1343736111700908,12.154381507625814
1.4074791765290464,-1.0442587438763895,12.131353298615743
1.4791247848356328,0.42942332462969984,10.203706855306613
1.4781815524810222,0.5245160347513305,10.229084802909469
1.4772554111206415,0.6194942046634948,10.254002912219114
1.4763524661368792,0.7143640965178448,10.278296916102853
1.472258592767426,0.8073676153885885,10.388443799163916
1.4708428226713435,0.901484310669533,10.426535515526744
1.4736412825199148,0.9982731268683294,10.351242119304075
1.4727402163992886,1.09267822507044,10.375485571815204
1.4718402515290328,1.186967944781478,10.399699394856924
1.4709413858850906,1.2811424973837886,10.423883642887077
1.4700367578068012,1.3751956766579754,10.448222930930669
1.469157140955217,1.469157140955217,10.471889284465902
1.4682785761359838,1.5630062262092732,10.495527332757213
1.4674010614628643,1.6567431339096854,10.519137126554376
1.4665245950541275,1.7503680650646039,10.542718716485908
1.8358753417723277,-3.616118097430342,3.5988494201945684
1.8351222667029619,-3.503415236432927,3.617883146993144
1.8343698092022394,-3.390804798828382,3.6369012649456494
1.8338933127414907,-3.2787789530832714,3.648944557604402
1.8335732294908442,-3.1670810327569128,3.6570345573845486
1.83325325797016,-3.055422096616933,3.665121733226343
1.8329374728730692,-2.943808668553717,3.673103098577009
1.4863197308632619,-2.2970395840614044,12.433753494971832
1.4869973863635728,-2.207965816115608,12.416625973186605
1.4876756601007697,-2.118810788628369,12.3994828256657
1.4853413577206969,-2.02546548780095,12.458481557100257
1.4850976082459921,-1.9351271865023534,12.464642245586113
1.4866603629230786,-1.847062875146855,12.425144130740925
1.4906295332347614,-1.7616530847319907,12.324824645469398
1.4914308314350484,-1.672210326154448,12.30457209476247
1.4922636520070185,-1.582703873340777,12.283522826390772
1.4930974031430835,-1.4930974031430835,12.262450038315038
1.4939422481354805,-1.403400293703027,12.241096856638244
1.4948440611791947,-1.3136508416423225,12.218303826041833
1.4957469638557372,-1.2237929704274213,12.195483255331013
1.4966509579182938,-1.1338264832714346,12.172635100194597
1.5730434341357005,0.42901184567337286,10.2418401755751
1.5720816463548606,0.5240272154516202,10.266149048094455
1.5711210339140342,0.6189264679055286,10.290428214278244
1.570161594710934,0.7137098157776973,10.314677727261106
1.5692033265974823,0.8083774712774908,10.338897641334995
1.5643484261167124,0.9006854574611374,10.461603667791401
1.5639079236866653,0.9952141332551504,10.472737223061912
1.5663192930110006,1.0916770830076672,10.411790649742834
1.5653630200751036,1.1858810758144724,10.435960136354659
1.5644096920618378,1.2799715662324127,10.460055191007335
1.5634738857289963,1.373961899580027,10.483707390901145
1.5625391982973733,1.4678398529460173,10.507331310931527
1.561605627761438,1.561605627761438,10.530927001787632
1.560671789368087,1.6552579584206981,10.554529462652567
1.559788627391387,1.74885391556004,10.576851093612355
1.5589064643869952,1.8423440033664489,10.599147475872819
1.9447926149118275,-3.167233687142119,3.654800810655267
1.9444532184649388,-3.055569343302047,3.662888766057094
1.944115231880239,-2.9439459225615052,3.6709431238693995
1.5765533652391097,-2.207174711334754,12.430091936588859
1.5740106627811656,-2.113671461448994,12.490685570577952
1.5737581763990454,-2.0234033696559157,12.496702423779801
1.575375251044196,-1.9354610227114413,12.458166877131319
1.5795363885247085,-1.8503140551289443,12.35900527814647
1.5803390997002909,-1.7609492825231814,12.339876344275254
1.5811426271569735,-1.6714936344230864,12.320727958093336
1.5820093962931825,-1.5820093962931825,12.300072496960482
1.5828929017243236,-1.492441878768648,12.279018203110766
1.5837773945301594,-1.4027742637267127,12.257940379720402
1.5846886546320058,-1.3130277424093764,12.236224680776694
1.5856453701715616,-1.223212142703776,12.213425760260293
1.666849942493831,0.42861855664127085,10.278287766365892
1.6658317333393804,0.5235471161923767,10.30255210474192
1.6648147673885743,0.6183597707443276,10.326786817069348
1.6637889288938925,0.7130523980973825,10.351232965726837
1.6627715957074636,0.8076319179150537,10.375476429428552
1.6590281865893366,0.9006153012913541,10.464683391598484
1.6563248614324473,0.9937949168594683,10.529104729847596
1.658272633745155,1.089722016461102,10.482688523247582
1.6587261782262555,1.184804413018754,10.471880373753045
1.6577342497574592,1.2788235640986114,10.49551843269849
1.6567435069383019,1.3727303343203074,10.519128237130687
1.6557539478757788,1.466524925261404,10.542709832160725
1.6547896589882554,1.5602302499032124,10.56568922864016
1.653853501826401,1.653853501826401,10.587998234652432
1.6529184032821305,1.7473708834696808,10.610282013377002
1.651984361560813,1.8407825743106205,10.632540607580673
1.6510625694140426,1.9341018670278787,10.654507289439543
1.6682496203325368,-2.2093035512511974,12.39385542140419
1.6623852119900324,-2.111678512527879,12.526052537056572
1.664233897547707,-2.024068253774238,12.484378955648289
1.6683254689286413,-1.938864734160313,12.392145621362019
1.6691291116654277,-1.8495755021157443,12.374029684405834
1.6699770146274773,-1.760246042445179,12.354916021204104
1.6708257794467762,-1.6708257794467762,12.335782929777764
1.6716754074732239,-1.5813145746368333,12.31663037969701
1.672609587890271,-1.4917869297399715,12.295571826230073
1.6735438024240898,-1.4021583209499129,12.27451250369343
1.7604846174008046,0.428225988016412,10.314668594276824
1.7594101950822578,0.5230678958352658,10.338888519495022
1.758324887174802,0.6177898252235791,10.363353830670654
1.757250077895025,0.7123986802277128,10.387582478875991
1.7561765818069777,0.8068919429923951,10.411781524749962
1.7551043965059414,0.9012698252327807,10.435951022500412
1.7499296437557235,0.993203311320816,10.552601730950379
1.7489603658793413,1.087191578789861,10.57445146105779
1.751938283594941,1.1837420835100954,10.507322415865097
1.750891552786931,1.277677619601274,10.530918111389994
1.7498445010507462,1.371499744066801,10.554521041366613
1.748854288714792,1.465256295950231,10.576842681854679
1.747865196439415,1.558906796824343,10.599139073627263
1.7468772223252862,1.6524514265239194,10.62141025949957
1.7458903644453017,1.7458903644453017,10.643656282912914
1.7449767058964247,1.8392997710800154,10.664252226748758
1.7441124301746942,1.932665125328715,10.683734969229889
1.7562615141875917,-2.116520286328636,12.44013018857379
1.757073414427118,-2.027392401262059,12.422766676904182
1.7578747487618993,-1.9381695947887607,12.40562913044731
1.758676814346381,-1.8488653689282464,12.38847594529237
1.759543363824786,-1.759543363824786,12.369943690653109
1.7604372935127262,-1.670158457947971,12.350825875664647
1.761332131977904,-1.5806826825442726,12.331688625327594
1.8539366630615535,0.42783153762958925,10.351223812227708
1.8528030626803202,0.5225854792175262,10.375467287583376
1.851670847745072,0.617223615915024,10.399681133427478
1.8505400157174963,0.7117461598913447,10.423865404045053
1.8494019167122735,0.8061495534386832,10.448205088154374
1.8482953009653629,0.9004515568805612,10.471871463036173
1.8454022875635312,0.9936781548419013,10.533742207146716
1.8411916196986884,1.0858309552069187,10.623792655525307
1.8420202478836298,1.180782210181814,10.606071395623488
1.8439088707063767,1.2765522951044144,10.565680812118579
1.8428657237094415,1.3703360509634306,10.587989827651036
1.8418237563157116,1.4640137550201808,10.610273615879663
1.8407829664789004,1.5575855870206081,10.63253222056688
1.8397557783153369,1.651062877975302,10.654499936299203
1.8388443333280595,1.7445446239266205,10.67399233807756
1.8379337909829918,1.8379337909829918,10.693465435712653
1.8370241499399107,1.9312305166034955,10.71291925786685
1.8361154088612448,2.0244349379752187,10.732353833145787
1.8465180147732774,-2.026666113775548,12.436228241780952
1.94722350839406,0.4274393067206474,10.387573342719847
1.9460339581263275,0.5221066716924293,10.411772399752891
1.9448458603533145,0.6166584435266607,10.435941908641965
1.9436614030716735,0.7110956352701244,10.46003735890509
1.9424987336402224,0.8054263041922873,10.483689578273577
1.9413374545626492,0.8996441862607398,10.507313513631125
1.94017756314453,0.9937494835618323,10.530909219790487
1.9348704811394988,1.0854151479563043,10.638871349346864
1.9330931124810848,1.1787153124884664,10.675028413659646
1.9368240090828832,1.275469469396045,10.599130671378113
1.935729226427258,1.3691743308875728,10.621401868015106
1.9346356806483054,1.4627733195145722,10.643647902832583
1.9336231975420546,1.5563308663143367,10.664244877250361
1.9326654862493746,1.6498363907006857,10.68372762701
1.931708723183689,1.743249335556012,10.703191086959258
1.9307529069374392,1.836569838306345,10.722635285732117
1.9297896106575552,1.9297896106575552,10.742231651055178
1.9288814529598335,2.022973231152996,10.760706330535555
2.0403394618386086,0.4270477943383134,10.423856284617742
2.039084624520731,0.521626299296001,10.44819616676019
2.03786450930755,0.6160985725813521,10.471862549697605
2.0366458535405627,0.7104578558862428,10.495500623986672
2.035428654430081,0.8047043517514273,10.519110443738555
2.0342129093659564,0.8988382622779806,10.542692059581881
2.0330281631524847,0.9928742192140041,10.565672395593396
2.0318780262291547,1.0868184791458269,10.587981420646052
2.0258983417380425,1.1778478731035131,10.703968420465998
2.0249884014014983,1.271504345066057,10.721618390093624
2.028449057745061,1.3680237831303896,10.654492583156106
2.027444130845105,1.4616457687487965,10.6739849922184
2.026440199166605,1.5551750365697201,10.693458097126609
2.0254372612318776,1.6486117242585048,10.712911926543114
2.0244353156906683,1.7419559693152262,10.732346506658601
2.0234495277677844,1.8352216647196187,10.751467679992075
2.0224975176989695,1.9284278657129708,10.76993366960145
2.0215464030287738,2.0215464030287738,10.788382291304607
2.0205961824945606,2.1145774002850053,10.806813569592691
2.133287387038091,0.4266574774076183,10.460028439464416
2.132011286089253,0.521158314377373,10.483680665382032
2.1307367109171285,0.615546160931615,10.507304611393145
2.1294636587868983,0.7098212195956328,10.530900328186966
2.128190166737146,0.8039829518784775,10.554504198783924
2.126985853408508,0.8980606936613702,10.576825858328554
2.125782902219486,0.99203202103576,10.599122270941152
2.1245813109130673,1.0858971144666791,10.621393478454891
2.121174087696937,1.1784300487205206,10.684545545956333
2.116834133374789,1.2701004800248734,10.764985561452804
2.1168250545859064,1.3641761462886952,10.765153834633615
2.1201685065518325,1.460560526735707,10.703183752004342
2.119119439700134,1.554020922446765,10.72262795522483
2.118062144006804,1.6473816675608475,10.742224678057092
2.117065385204078,1.7406982056122422,10.760699364098905
2.116069564108284,1.833926955560513,10.77915666996698
2.1150746793968134,1.9270680412282077,10.797596620175561
2.1140807297495448,2.0201215862051205,10.816019239192762
2.1131217366525568,2.1131217366525568,10.833793946910077
2.2247713561887656,0.5206911684697111,10.519101546818192
2.223442517961815,0.6149947390107148,10.542683173286456
2.222147536326632,0.7091960222319038,10.565663979064624
2.2208904092678323,0.8033007863309181,10.587973015727265
2.2196347037523427,0.8972991355594576,10.61025682561462
2.218380417402164,0.9911912503286265,10.632515450926775
2.2171424077032538,1.0849845824930815,10.654485230010266
2.216043998820755,1.1787468078833805,10.67397764635649
2.2107839163439937,1.270024803006124,10.767323320527765
2.2081210529237247,1.3624576709529366,10.81457862161652
2.209957667836535,1.4576316532538849,10.781985965895487
2.211677783563541,1.5528801459063162,10.751460710274621
2.210637214049077,1.6462192019514401,10.769926706440813
2.209597623226649,1.7394704693486387,10.788375334691516
2.208559009716164,1.8326340718921363,10.806806619517928
2.207521372346297,1.9257101333233657,10.825220581706432
2.2065739632175383,2.0187804344330673,10.842033349230654
2.2056456085556655,2.1117883486171265,10.858507975277952
2.204718034724119,2.204718034724119,10.874968744673083
2.317363120740991,0.5202243740438959,10.554495777487183
2.3160517566400363,0.6144627109453157,10.576817448924203
2.314741875848495,0.7085944517903555,10.599113871884974
2.313433475868287,0.8026197773420586,10.62138508889111
2.31212655418976,0.8965388679511312,10.6436311426612
2.3109163923138665,0.9903927395630855,10.664230178245319
2.309771809683757,1.084178604545437,10.683712942325286
2.3086283604854394,1.1778716124925712,10.703176413447594
2.30748604285269,1.2714719011637272,10.722620623378603
2.301396867888205,1.362051207525672,10.826268849512637
2.2996825548222426,1.454901208152847,10.855449405066011
2.304165045356192,1.5517846223827416,10.779149710080041
2.3030817260931524,1.645058375780823,10.797589666331213
2.3019994252026748,1.7382444639285504,10.81601228813065
2.3009551456100255,1.8313724628324695,10.833787722076522
2.299986878926503,1.9244788170609515,10.850269285631043
2.2990194268142785,2.017506843939061,10.866736983781706
2.298052788245875,2.11045664226662,10.883190834017917
2.297086962195544,2.2033283106773585,10.8996308537997
2.409902872855237,0.5197829725766198,10.587964611917059
2.4085402982043194,0.6139416446403166,10.610248431304868
2.4071792634997244,0.7079939010293307,10.632507066101368
2.4058358281899546,0.8019452760633182,10.654477876861677
2.404643937293628,0.8958477413446849,10.673970299860912
2.4034532269446554,0.989657211094858,10.693443415951712
2.4022636952229313,1.0833738233358319,10.712897256535875
2.4010753403793204,1.176997715872216,10.732331850219104
2.3999061062101026,1.2705385268171132,10.751453740554702
2.3987769771871,1.3640104380083509,10.769919743277697
2.3920724040092116,1.4540047945938346,10.879567679020369
2.391110850380753,1.5471893737757816,10.895293120099012
2.3953959565692706,1.6438991858808718,10.825213633225985
2.394367872467854,1.7370904172806,10.84202712701586
2.393360508578514,1.8302168595012165,10.858501758297706
2.392353991973549,1.9232649739395198,10.874962532920776
2.3913483215732616,2.0162348593656914,10.891409468542676
2.390364285744096,2.1091449580094963,10.907502588045155
2.389524912515451,2.2021111938867883,10.921229866336645
2.5008721115283135,0.6134214613182655,10.643622762570146
2.499563095505293,0.7074235175958377,10.66422282771316
2.4983250772947105,0.8013495530945297,10.68370559594345
2.4970882848426106,0.8951825926794263,10.703169074337595
2.495852716329464,0.9889227743946931,10.72261329152964
2.494607411352134,1.0825654803980957,10.7422107320535
2.4934334501505955,1.1761478538446206,10.760685431218185
2.4922605934677384,1.2696421891250742,10.779142748504903
2.4910888397701245,1.3630486104402566,10.79758270804544
2.487783371627481,1.455118575857583,10.849601062190182
2.482627210133386,1.5457867534792782,10.93074389069519
2.4824841722030344,1.639376340134079,10.932994887345615
2.4866948769517787,1.735994536739921,10.86673076941527
2.485649328693801,1.8290627135671367,10.883184626240343
2.4846046590712794,1.9220526607909896,10.899624655925557
2.4836680046222797,2.0150513999765667,10.914364844224679
2.4827960209574957,2.1080343574167415,10.928087304440822
2.481924649362162,2.2009520475475775,10.941800132482626
2.591959846587845,0.7068981399785031,10.693436073205774
2.5906770177813305,0.8007547145869568,10.712889921056373
2.5893954581578065,0.8945184309999695,10.73232452199526
2.588134495707504,0.988196807451956,10.75144677083231
2.5869168072633717,1.081801573946501,10.76991277783285
2.5857002641956943,1.1753183019071338,10.788361415423559
2.5844848647916807,1.2687471154431886,10.806792709578573
2.5832706074393643,1.3620881384680283,10.825206684743058
2.5821618413992162,1.455400310606831,10.842020904799085
2.5771328031391665,1.5462796818835,10.918285286023654
2.5732006574075292,1.6374913274411549,10.977915506674464
2.5744131632875895,1.7318779462116514,10.95952809224405
2.577844179037593,1.8279258724084753,10.907497409712882
2.5769389723747738,1.9209908703157403,10.921224691640461
2.576034401213106,2.013990531857519,10.934942336317413
2.575130464883593,2.106924925813849,10.94865035388895
2.574227162718178,2.1997941208682614,10.96234875448603
2.6842194601304943,0.7063735421396038,10.722605959677942
2.6828801453482867,0.8001572363319451,10.742203759047982
2.681617583049305,0.8938725276831015,10.760678461900767
2.6803562085746773,0.9874996557906704,10.779135783669055
2.6790960201882714,1.08103874498825,10.797575749757186
2.677837016217929,1.1744899193938285,10.815998384633346
2.6766221426434726,1.267873646515329,10.833775272403464
2.6754957908875463,1.3612171567673481,10.850256846433695
2.6743703864401533,1.4544821399937675,10.866724558776717
2.6732459282955325,1.5476686953289924,10.883178424149555
2.666754590706702,1.6374808890304309,10.978164258248547
2.6644866879794904,1.7295790781621254,11.011349811957885
2.667209902937313,1.824933091483425,10.971501808266822
2.6692400705053996,1.9199796998372172,10.941794963232724
2.668303592344027,2.012930780189354,10.955498172787948
2.667348617559109,2.1058015401782435,10.969472037996411
2.6664249719140853,2.198631117192316,10.982987473113425
2.7750567043381515,0.7995926097245522,10.769905809718509
2.7737516849475163,0.8932420680339458,10.78835445386143
2.7724478923967375,0.9868034871242624,10.80678575455942
2.771145324956613,1.0802769910847814,10.825199736257666
2.769955869996235,1.1737101144051842,10.842014682798322
2.768790487169138,1.2670736127723172,10.858489329245472
2.7676260845352623,1.360358583924112,10.87495011901273
2.7664626608584806,1.453565126891744,10.891397069574857
2.765324121999614,1.5467067123048688,10.907492231379237
2.764353081867743,1.6398704722944237,10.921219516942912
2.757493475172256,1.7292755691758215,11.018191595513976
2.755882177697759,1.8216848293256374,11.040969995535235
2.760028623529765,1.9179859926223786,10.982353009334481
2.7604618674920665,2.0118620390196416,10.97622837720646
2.7595061440875113,2.104708075998949,10.989739135066635
2.758602836296455,2.197531072981922,11.002508910066382
2.865755911743283,0.8926124971003668,10.815991432880999
2.8644557306169474,0.9861241039828835,10.833769048966296
2.863250335905928,1.0795861922268253,10.850250632931562
2.8620459552550823,1.1729696537930665,10.866718351465238
2.860842587385304,1.2662745878590689,10.883172222056785
2.8596402310196356,1.3595010934355645,10.89961226216628
2.8585620455165537,1.452711859196937,10.91435449119443
2.8575584411477304,1.5458922714405756,10.928076958633063
2.856555541254075,1.6390072777687315,10.941789793652937
2.855553345076783,1.7320569470137865,10.955493006629318
2.8480595561671542,1.820890535910148,11.057956963043686
2.8471594755833687,1.9136645655560347,11.070263930696314
2.852577037389665,2.010832993569764,10.996188609989161
2.851653053813616,2.10367848232152,11.008822407658883
2.8507296686222476,2.1964638430368137,11.021448023504618
2.9552622199478495,1.0789052549015958,10.87494391431045
2.954019919695649,1.1722301268633528,10.891390870088017
2.9528041146301782,1.2654874776986478,10.907487053044214
2.951767241007357,1.3587499998287833,10.921214342072176
2.9507310953311703,1.4519470469089883,10.934931993731013
2.949695676826909,1.5450786878617142,10.948640018277175
2.948660984729342,1.6381449915163009,10.962338425841637
2.947612209617472,1.7311373294578805,10.976223280050583
2.9445042015536225,1.8227883152474806,11.017370555913992
2.938537873192184,1.9123817904901512,11.096359462614473
2.93848487113337,2.0056325310910306,11.097061162960976
2.943719796028539,2.102656997163242,11.027755390787753
2.9427670616775066,2.195397649187981,11.040368750329009
3.0449397257074247,1.264821116832315,10.92807178521543
3.0438710616033675,1.3580347813307332,10.941784623866035
3.0428031473613077,1.4511830395107774,10.955487840469317
3.041714130547749,1.544254866278088,10.969461840153066
3.0406608497111876,1.6372789190752548,10.98297728444534
3.039631640115438,1.7302518566810956,10.99618385241238
3.0386470672122834,1.8231882403273703,11.008817653163675
3.0334384401449017,1.9133996314760149,11.075653492689867
3.028917871569144,2.003745668884203,11.133660332493896
3.0301603944414857,2.097803349997952,11.11771658028642
3.135877970038121,1.3573203153896345,10.96233326149298
3.134762600506334,1.4504125465029305,10.976218184467726
3.132651442551339,1.6364597087954758,11.002499398681692
3.131636903636514,1.7294114243962837,11.015129109540538
3.130623021645059,1.8223029528978703,11.02775064254429
3.129609795939136,1.915134352738874,11.040364005633243
3.1224224550611295,2.003942769666098,11.129837199619885
0.0,0.0,50.0
