-3.537263573439215,-2.6244213609387725,9.82886938151357
-3.536624882604638,-2.395778146280561,9.84605354876048
-3.5353187583787804,-2.166808271264414,9.881195210308249
-3.5338900949201184,-1.937939729472323,9.919633826433767
-3.3092973727687798,-2.852842562731707,9.821841600683797
-3.3056851345936655,-2.6217502791604934,9.92573258976087
-3.3068528381498172,-2.394617572453316,9.892148459502465
-3.3055035233194205,-2.165674722174793,9.930955881801466
-3.304215457813431,-1.9369538890630458,9.968001722337462
-3.303009205737478,-1.7084530374504197,10.002694540244761
-3.3020564220851214,-1.4802321892105719,10.030097394436865
-3.079647449294245,-2.8515254160131898,9.865784999680955
-3.078439528948559,-2.6223744135487723,9.903099190919335
-3.074748580512858,-2.391471118176667,10.017117268578701
-3.075997072426504,-2.1645905324482806,9.978549770157343
-3.0749448976450506,-1.9360764170357727,10.01105278341609
-3.074082875929311,-1.7078238199607283,10.037681727342417
-3.0732766364330786,-1.479725787912223,10.062587487770912
-3.0726522096023032,-1.251821270578716,10.081876824407331
-2.850078812598733,-2.850078812598733,9.91404740669941
-2.848939251938468,-2.6210241117833903,9.952066078477955
-2.847829343390578,-2.3921766484480855,9.989095479595221
-2.8445553710321287,-2.1618620819844176,10.098323610091526
-2.8461457390141742,-1.9353791025296385,10.045264847688813
-2.8454617856638804,-1.707277071398328,10.068083288903352
-2.844883679698631,-1.4793395134432883,10.087370389373206
-2.844525596094135,-1.2515912622814191,10.099316978531036
-2.8442334580727464,-1.0239240449061886,10.109063453586273
-2.620733143148759,-2.848622981683434,9.962617666856445
-2.61974220264902,-2.61974220264902,9.998552798744768
-2.618979082763054,-2.3912417712184406,10.026226320773574
-2.6182450026035453,-2.162898045629016,10.052846755961639
-2.6153142029687038,-1.93305832393339,10.15912828491716
-2.5212251201223954,-1.644277252253736,13.5711430347653
-2.524415375231209,-1.4268434729567705,13.455452700055247
-2.5250129212577037,-1.2076148753841192,13.433783492593179
-2.6168704198597146,-1.023992772988584,10.102694160729087
-2.617118832942907,-0.7965144274174065,10.093685792507515
-2.3910507980082265,-2.6187699216280578,10.033811269591368
-2.390396896375033,-2.390396896375033,10.059782506154278
-2.3899112025714135,-2.1623006118503265,10.079072974369396
-2.389509081646084,-1.9343644946658776,10.095044149770217
-2.305175271377545,-1.6465537652696751,13.444559161742362
-2.3033593021057417,-1.4258890917797449,13.516684639268135
-2.3063327840584122,-1.2080790773639303,13.39858583160624
-2.3069565325175714,-0.988695656793245,13.37381219905015
-2.307590195177613,-0.7691967317258709,13.348644800760226
-2.529431146791263,2.529431146791263,4.537711257807189
-2.5290104612138,2.7698686003770194,4.554419771895951
-2.5286386253685595,3.010284077819714,4.5691881043317295
-2.528406610087576,3.2508084986840267,4.578403135221336
-2.1626148473628395,-2.6179021836497527,10.065278626817246
-2.1621754610446873,-2.3897728779967595,10.084566859180867
-2.1618723414214562,-2.1618723414214562,10.097873240115632
-2.1616461417692525,-1.934104442635647,10.107802979099375
-2.086433107964692,-1.6471840326037042,13.409513598803514
-2.086974898992121,-1.4279301940472404,13.385729992446528
-2.086331436707285,-1.2078760949357963,13.413976775640279
-2.0881617146907407,-0.9891292332745614,13.33363101707549
-2.088868795488601,-0.7695832404431686,13.302591500901343
-2.0895878674534862,-0.5498915440667069,13.271025595064273
-2.290078023015693,2.0490171784877256,4.469885124039493
-2.2894006662739765,2.2894006662739765,4.499619810094913
-2.2888636345278695,2.5297966486886976,4.523194492959675
-2.288405297802053,2.770174834181432,4.543314612551754
-2.2880299394878296,3.0105657098524072,4.559792136054995
-2.2877185425177102,3.250968455156746,4.573461876938708
-2.285463434470567,3.4883389262971813,4.672456875693584
-1.9342491723771984,-2.389366624701245,10.100702161352757
-1.9340928442901575,-2.161633178912529,10.108372024111134
-1.934193881282614,-1.934193881282614,10.1034148863355
-1.867563182325071,-1.6478498667574155,13.372490368372752
-1.8680761623795248,-1.4285288300549308,13.347322231987775
-1.8667499338038103,-1.2078970159907008,13.412390457119386
-1.8693209856589368,-0.9896405218194372,13.286247962531476
-1.8699837726640944,-0.7699933181558035,13.253729907306592
-1.8706539937809743,-0.5501923511120512,13.22084711521505
-2.0505230454459684,1.8092850400993836,4.3960033723931815
-2.0495645015983874,2.0495645015983874,4.443032027946984
-1.8864158247169358,2.108347098213046,12.447530672930682
-1.8852052581350174,2.328782965931492,12.506924219662707
-1.8839319507838652,2.5488491098840527,12.569395991801883
-1.8826186376048901,2.7685568200071913,12.633830553960081
-1.8814098244137287,2.9881214858335694,12.693138074778773
-1.8806015791564734,3.2080850467963367,12.732792690373458
-1.7066670581145458,-2.161778273611758,10.102002639909017
-1.7068489990138773,-1.9344288655490611,10.091885946730713
-1.6485780388733016,-1.6485780388733016,13.332000880278102
-1.649136280582463,-1.429251443171468,13.300960250536988
-1.6497056778026653,-1.2097841637219546,13.269299326607694
-1.648551998944295,-0.989131199366577,13.333448811848811
-1.6509131050091617,-0.770426115670942,13.202161203029462
-1.6515815265261224,-0.5505271755087076,13.164994104121462
-1.6522561919082217,-0.33045123838164436,13.127479819571931
-1.8109251560040598,1.5694684685368518,4.304805904174543
-1.6673794271304767,1.6673794271304767,12.286563174832153
-1.6661243652948279,1.8882742806674717,12.35634998779011
-1.6649439872757594,2.1089290505492952,12.421984060707203
-1.6638708054081435,2.329419127571401,12.481657568528007
-1.6628014595770773,2.5496289046848517,12.541117776288544
-1.6616120097703762,2.769353349617294,12.607256279448606
-1.6605183830258172,2.9889330894464714,12.668066609984152
-1.659624488928186,3.2086073452611594,12.717770949980562
-1.6590108033170736,3.4286223268552853,12.751894498112804
-1.6577817475709309,3.647119844656048,12.820235261121198
-1.4295061880943507,-1.649430217031943,13.284616125141127
-1.4300145071588182,-1.4300145071588182,13.252002990258035
-1.4305270484377923,-1.2104459640627474,13.219118963211258
-1.4303968174457746,-0.9902747197701517,13.227474425765237
-1.4315565597765127,-0.7708381475719683,13.15306676391289
-1.4322681759888152,-0.5508723753803136,13.107410330505004
-1.432862945544748,-0.33066067974109564,13.069250636903291
-1.5708777248129349,1.3292042286878678,4.214389730103065
-1.4467015289043006,1.4467015289043006,12.18138390664619
-1.4455273730285991,1.6679161996483836,12.256716324068208
-1.4444392492112412,1.8888820951223924,12.326529028933379
-1.4433521764794677,2.1095147194699915,12.396274297421797
-1.442418023469613,2.330059884066298,12.456208421953917
-1.4414937778410901,2.5503351454111596,12.515506900911632
-1.4405041342400473,2.7702002581539373,12.5790012344968
-1.438735531624858,2.988143027220859,12.692472634008837
-1.437124643957503,3.2058934365205833,12.795825233683615
-1.4366744555314235,3.4259160093441636,12.824708777286133
-1.4376373845597539,3.649387206959375,12.76292841829708
-1.2106953519548609,-1.4308217795830176,13.200209370269775
-1.2111855485261487,-1.2111855485261487,13.163040694814825
-1.2116809579689847,-0.9913753292473513,13.12547675847452
-1.2108875648650665,-0.7705648140050423,13.185635014396752
-1.2126907012275183,-0.5512230460125084,13.04891396373553
-1.2132018362622463,-0.33087322807152175,13.01015764977447
-1.225596706370804,1.225596706370804,12.070328749786498
-1.2245713974231112,1.4472207424091317,12.148071797677943
-1.2235439325930608,1.6684689989905375,12.225978313240063
-1.222611210829411,1.8894900530999987,12.296701028480186
-1.2216909483297793,2.1101934562059825,12.366479032215125
-1.2208444148344066,2.330702973774776,12.430666606331755
-1.218782180895681,2.5483627418727877,12.587033477236858
-1.2181989237442916,2.768633917600663,12.63125838013616
-1.2183876105000222,2.990587771227328,12.616951391476533
-1.217599017467833,3.2100337733242874,12.676745686655863
-1.2169906306672202,3.4297008682439847,12.722876020623005
-1.2165710115211381,3.649713034563415,12.754693231858155
-0.9915918992630707,-1.211945654654864,13.105406391222445
-0.9920036807929751,-0.9920036807929751,13.067245030309465
-0.9924215247231984,-0.7718834081180432,13.028521843695785
-0.9918069382147424,-0.5510038545637458,13.085477913500299
-0.9933621133353845,-0.33112070444512814,12.941353918731792
-1.0895961674976333,1.0895961674976333,4.022978017176754
-1.0031246201231494,1.226041202372738,12.036625275293588
-1.0022807772665716,1.447738900496159,12.114827403036372
-1.001440509612194,1.6690675160203234,12.192698203190162
-0.9999009375249486,1.8887017708804583,12.335376205495322
-0.9988239083567002,2.108628250975256,12.435188595849198
-0.9991484651594102,2.3313464187052904,12.405110682233556
-0.9985034732622522,2.5517310983368664,12.464884535080017
-0.9978646361479442,2.7718462115220674,12.52408800078517
-0.9971684689027395,2.9915054067082187,12.588604467821028
-0.9964930300460346,3.210921985703889,12.65119995623779
-0.99588173437502,3.4302593072917356,12.707851051617297
-0.7724205264421525,-0.7724205264421525,12.964523102832032
-0.7723368927730712,-0.5516692091236224,12.974488224621354
-0.7732684540854902,-0.33140076603663865,12.863490799368634
-0.7811682361720246,1.0043591607926032,11.922215694903429
-0.7804933119510687,1.2264894902088224,12.002634288685812
-0.7790742269022766,1.4468521356756567,12.171721158793744
-0.778437760971401,1.668080916367288,12.247557369085499
-0.7785263553471644,1.890706862985971,12.2370011690045
-0.777940251310048,2.111552110698702,12.306836657214319
-0.7773547034683447,2.332064110405034,12.376605873609307
-0.7768281355507661,2.552435302523946,12.439347512074434
-0.7763289144626438,2.772603265938014,12.498830720184003
-0.7758127059425496,2.9924204372069774,12.560338015366966
-0.7752646492509829,3.2118106897540724,12.625640084962853
-0.5522191327032306,-0.3313314796219384,12.882753906276506
-0.6063647067219419,0.8489105894107185,3.8505765125822933
-0.557577623320134,1.0036397219762412,11.988888826970253
-0.5572482544481616,1.2259461597859553,12.043831786455513
-0.5572222476025608,1.448777843766658,12.048170062430486
-0.5567550381708624,1.6702651145125869,12.126106598215458
-0.5562880288032431,1.8913792979310264,12.20400976074167
-0.555850453960226,2.1122317250488587,12.27700286639758
-0.5554320504443179,2.332814611866135,12.34679794838381
-0.5550304120648719,2.5531398954984104,12.41379639021433
-0.5546721467945894,2.7733607339729467,12.473559640190643
-0.5543178103688202,2.993316175991629,12.532667508425433
-0.33194209212663417,-0.11064736404221139,12.712990555003174
-0.3353489658374643,0.5589149430624406,11.765806712439016
-0.33513626823670395,0.7819846258856425,11.824941199917049
-0.33504699867236937,1.0051409960171083,11.849760050319901
-0.33474403998874575,1.2273948132920676,11.933989051583026
-0.3344555784999776,1.4493075068332362,12.014187522249742
-0.334172440285503,1.6708622014275152,12.092906008676223
-0.33389257740236566,1.8920579386134055,12.170713882856731
-0.3336176490023523,2.1129117770148977,12.2471498650673
-0.33336651378429355,2.333565596490055,12.316970833214114
-0.333115599053855,2.5538862594128884,12.386730501081232
-0.11074365103461692,-0.11074365103461692,12.632681017993605
-0.11211655512490318,0.11211655512490318,11.487590813232941
-0.11201516310858858,0.3360454893257657,11.572158268122365
0.11202915031741512,-0.33608745095224535,11.56049203744206
0.11211987289839395,-0.11211987289839395,11.484823577012449
0.11076615218012005,0.11076615218012005,12.61391361720149
0.3341941950223953,-2.116563235141837,12.086857725988764
0.3343416116915684,-1.894602466252221,12.045872735344261
0.3345167711734986,-1.672583855867493,11.997174648699954
0.3347281019480359,-1.4504884417748223,11.93842016817959
0.3354853222865254,-0.5591422038108756,11.727896699816739
0.3319779306535026,0.1106593102178342,12.703026677127937
0.5561923667549331,-2.7809618337746653,12.219967419439342
0.5564137303372474,-2.559503159551338,12.18304112989118
0.5566426997898077,-2.337899339117192,12.144846083467868
0.5568787229897475,-2.1161391473610407,12.105474381357041
0.557121630338015,-1.894213543149251,12.064954314859534
0.5573908182138596,-1.6721724546415786,12.02005031871721
0.5577065478998001,-1.4500370245394802,11.96738255069458
0.55808682292684,-1.227791010439048,11.903947790515858
0.5579673464861458,-1.0043412236750624,11.923877995823943
0.5587660394731978,-0.7822724552624768,11.79064574419688
0.5527009593244365,0.3316205755946619,12.802379035484066
0.7780396358217189,-3.2233070626899782,12.294994790491842
0.7782298543565821,-3.001743723946817,12.272329865141586
0.7785263013333661,-2.780451076190593,12.237007604858434
0.7788335244976319,-2.559024437635076,12.200401339917107
0.7791505386932033,-2.3374516160796097,12.1626284536799
0.7794760110590767,-2.1157206014460654,12.123847759246544
0.7798102034015226,-1.8938247796894123,12.084028061867357
0.7801541965276981,-1.6717589925593532,12.043040581171141
0.7798632362672612,-1.4483174387820565,12.077709088041075
0.7803683246465082,-1.22629308158737,12.017526780259416
0.7816544489327822,-1.004984291485006,11.864282455459445
0.7732942415186953,0.3314118177937266,12.860418174248323
0.7736999728467208,0.5526428377476578,12.812074461220732
1.000004403517725,-3.4444596121166082,12.325787618329997
1.0002299268480466,-3.222963097621483,12.304887513352739
1.0004580931435378,-3.0013742794306135,12.283742474738588
1.000784941121434,-2.7799581697817612,12.253452229202153
1.0011735360223213,-2.558554592057043,12.217439661408875
1.001573170493085,-2.3370040644838648,12.180404014677407
1.0019853388853197,-2.115302382091231,12.142206801760537
1.0015403493770019,-1.8917984377121144,12.18344567236592
1.001927464592205,-1.6698791076536745,12.147570232674141
1.0033400935602947,-1.449269024031537,12.016656532149682
1.003918148383114,-1.2270110702460282,11.963085992630283
1.004611565962411,-1.004611565962411,11.89882434759464
0.9945011655289374,0.3315003885096458,12.8357936186693
0.9931666464857053,0.5517592480476141,12.959468575304314
0.9938823323848842,0.7730195918549099,12.893143240350028
0.9936013141560667,0.9936013141560667,12.919186268689657
1.2220996851542583,-3.4440991127074554,12.33548696236926
1.2223749278651599,-3.2226248098263306,12.314616953087139
1.2226528868933493,-3.0010570860109484,12.293540981704055
1.2229647927515586,-2.7794654380717243,12.269891025145157
1.2234306624296647,-2.558082294171117,12.234566912566521
1.2226995964666703,-2.334244684163643,12.289999274003321
1.2233439877500716,-2.1130487061137604,12.241138935352183
1.2249268255122616,-1.8930687303371319,12.121121810536053
1.2254533550243958,-1.671072756851449,12.081198225386203
1.2260029909399734,-1.4489126256563325,12.039522619800422
1.2266510587822517,-1.2266510587822517,11.990383509669272
1.2148160045218124,0.3313134557786761,12.887764920645665
1.2136084284754,0.5516401947615456,12.97932819298427
1.2141325806640475,0.7726298240589393,12.939584866062049
1.2138195869317754,0.9931251165805436,12.96331730960749
1.2135067545213751,1.2135067545213751,12.987037521079827
1.4438488071482096,-3.665154664299301,12.364411075837282
1.4441530437979038,-3.4437495659796165,12.344891621253666
1.4444733003089862,-3.2222865929969693,12.324344351786081
1.443482183580998,-2.998001458206688,12.387933199410043
1.4437435392883176,-2.776429883246765,12.371164934099724
1.4456162762894647,-2.5576287965121294,12.251012398638636
1.4461789526485098,-2.3361352312014385,12.214911765638973
1.446757907105547,-2.1144923257696457,12.17776674960794
1.447354516723992,-1.892694368023682,12.13948899982634
1.4479696906455655,-1.670734258437191,12.100020186863645
1.4486044911616722,-1.4486044911616722,12.059292155391262
1.4349636895414979,0.3311454668172687,12.934469449043178
1.4345904065943789,0.551765540997838,12.958418830356877
1.4327185914302758,0.7714638569239947,13.078512221870866
1.4338934085578943,0.9926954366939268,13.003137379327569
1.4335869683338593,1.2130351270517272,13.022798212569228
1.4332805324655054,1.4332805324655054,13.042458766355693
1.664422597077285,-3.6617297135700273,12.450975588634776
1.664470421444455,-3.4399055376518737,12.448316349008707
1.6659818626662084,-3.2208982678213363,12.364273744219503
1.6669008638411653,-3.000421554914098,12.31317334320083
1.6672800831189096,-2.7788001385315164,12.292087127323427
1.6677231258006202,-2.557175459560951,12.267452056856996
1.6683616970671398,-2.3357063758939955,12.23194475970945
1.6690199415407463,-2.1140919259516124,12.19534354799589
1.669703194471451,-1.8923302870676448,12.157351758967081
1.6704037888064023,-1.6704037888064023,12.118395713596328
1.6711236522773107,-1.4483071653070028,12.078368221744839
1.6549580470348273,0.3309916094069655,12.977245103636648
1.6545654097468747,0.5515218032489583,12.999077418345266
1.653860169691158,0.7718014125225403,13.03829178568624
1.6533381792257262,0.9920029075354359,13.06731669102733
1.6535052830312729,1.2125705408896,13.058025003804431
1.653152641810437,1.4327322895690455,13.077633365895224
1.71456869714103,1.71456869714103,9.662637670678222
1.714593789572409,1.9432062948487303,9.661242424033361
1.8878006668452023,-3.664554235640687,12.379586714382498
1.888133024876924,-3.4430661041873316,12.363280364460337
1.888536097713717,-3.221620401982223,12.343504562182233
1.8889560412336364,-3.0001066537240106,12.322901040287874
1.8893844157720832,-2.778506493782475,12.301883870684748
1.889813454672848,-2.5568064386750295,12.280834105737455
1.8904710158494076,-2.3352877254610327,12.248572443262617
1.8912086186783785,-2.1137037502875997,12.21238372903035
1.891967942279651,-1.891967942279651,12.175129337185638
2.0605122977609818,-1.8180990862596895,3.9059046590703304
1.8748560886936685,0.3308569568282944,13.014681403805724
1.8744554597116785,0.5513104293269643,13.034337304207611
1.87405518379542,0.77166978156282,13.053975882285926
1.8717481420893727,0.9909254869884914,13.167165351933875
1.8733060969854622,1.2121392392258872,13.090728030509837
1.872982630158874,1.4322808348273741,13.106598154770822
1.872670191046187,1.6523560509231061,13.121927230690687
1.9433030794197388,1.9433030794197388,9.656493921119932
1.9434018774378623,2.172037392430552,9.651646633251502
2.308410847676335,-3.523363925400722,3.665108627076208
2.1109639921864782,-2.9997909362649953,12.332653952957216
2.111440647262139,-2.7782113779764983,12.311729692285411
2.111921225153689,-2.5565362199228865,12.290633227379473
2.112504855257006,-2.334873787389322,12.26501296433959
2.30375631918784,-2.30375631918784,3.869433667070112
2.0941777539214494,0.5510994089266972,13.069538218103943
2.0937696999442696,0.7713888368215729,13.087451019671931
2.0934081525095967,0.9916143880308614,13.10332227155746
2.091280025667354,1.210741067491626,13.196743034418432
2.092725082110167,1.431864529864851,13.13330777643236
2.0923984797991393,1.651893536683531,13.14764500316278
2.1721137175039353,1.9434701682929947,9.64829610618736
2.1722961638813927,2.1722961638813927,9.64028705361352
2.1727021481631374,2.401407637443467,9.622465107779618
2.313849391241314,0.5509165217241224,13.100046153177672
2.3134498957128606,0.7711499652376201,13.115913054785807
2.31308647020402,0.99132277294458,13.130347350991784
2.3105752199937575,1.210301305711016,13.230087541210949
2.312364492261197,1.4314637333045503,13.159022397809892
2.3120036496873437,1.6514311783481026,13.173354106696635
2.401214388540434,1.9438402192946371,9.630140441073536
2.4016632034760192,2.1729333745735415,9.612314703572139
2.4021571453434607,2.4021571453434607,9.592696644163112
2.402665826166944,2.631491142944748,9.572493192556536
2.5330666497815764,0.7709333281943929,13.14172579914522
2.532671286895525,0.9910452861765098,13.156063105429254
2.5322760527332924,1.2110885469594006,13.170395743716142
2.5295850415499412,1.4297654582673582,13.267981665183754
2.531668173211844,1.6510879390512023,13.192439681552173
2.630694178119747,1.9444261316537261,9.601394056033499
2.631251203153536,2.173642298257269,9.58119428817703
2.631900979858604,2.4030400250882904,9.557631005012496
2.6327425084190454,2.6327425084190454,9.527114097271607
2.857992884493366,0.8002380076581423,9.650013632732694
2.8581692765588502,1.0289409395611862,9.644128740180832
2.7518645181290324,1.210820387976774,13.190728636231867
2.750144387477304,1.4300750814881982,13.248116614726186
2.859794899035022,1.715876939421013,9.589893797266072
2.8579768487297965,1.9434242571362614,9.650548627009982
2.861282676021936,2.1745748337766715,9.540257734073094
2.862197713843436,2.404246079628486,9.509729721117239
2.8631579859145875,2.6341053470414204,9.47769257736158
3.0876842474473123,1.0292280824824374,9.617518113293258
3.088296925198487,1.2581950435993834,9.598591720624682
3.088950862476072,1.487272637488479,9.578390768864196
3.0897599265892755,1.7165332925495973,9.553397752435572
3.0881416108619435,1.944385458690853,9.603389577434143
3.0917515085065377,2.1756769874675634,9.49187526149234
3.0928296387672187,2.405534163485614,9.458570450566171
3.0939174137957006,2.6355592784185595,9.42496770053215
3.318174286099049,1.25861783265826,9.566534153853041
3.319235145432516,1.4879329962283694,9.536022952740979
3.320300938086169,1.7173970369411222,9.505369865217034
3.3214252664039283,1.9470423975471305,9.473033243068471
3.3191879421317934,2.174640375879451,9.53738055912298
3.3238169498201824,2.406901929180132,9.404246429013497
3.3250990942041874,2.6371475574722867,9.36737088489474
3.5499504122912042,1.488688882573731,9.487526201269759
3.5511998667795326,1.7183225161836446,9.453909255898921
3.552455833884424,1.948120941162426,9.42011708663857
3.5538259469287232,2.1781513868272824,9.383253786860678
3.554384768383174,2.407809036646666,9.36821852908875
3.5565664788207934,2.6387428713831693,9.309518959571363
3.782476837234145,1.7193076532882476,9.399131413959907
3.7839348130485844,1.9492997521765436,9.362281550699464
3.785369358788433,2.179455085363037,9.32602387493371
3.7828950243603705,2.4072968336838723,9.388561870716401
0.0,0.0,105.0
