-3.1507185237664266,-2.6466035599637987,9.883934134958224
-3.146518543568353,-2.391354093111948,10.024056266402965
-3.148222938977825,-2.140791598504921,9.967193256022739
-3.1470955297421845,-1.8882573178453108,10.00480652505216
-3.1462009345664033,-1.6360244859745297,10.034652518818547
-3.145373267228675,-1.383964237580617,10.062265627933428
-2.8971471029342277,-2.645221267896469,9.93883510546705
-2.896028263068833,-2.392371173839471,9.979408336791664
-2.8924204714731707,-2.1378760006540825,10.11024007376254
-2.8942625907150585,-1.887562559161995,10.043438083200385
-2.8935677926342467,-1.635494839315009,10.068634006342378
-2.8929847916653952,-1.3836014221008412,10.089775756742341
-2.8926609118713706,-1.1319107916018407,10.101520824299158
-2.643100977763285,-2.3913770751191628,10.023047399542492
-2.642366417449342,-2.139058528411372,10.052222184731434
-2.63939452590039,-1.8852818042145643,10.170257825780638
-2.6413167766540444,-1.635100861738218,10.093911130005381
-2.641042628187639,-1.3834032814316202,10.104799579143531
-2.6410162752555864,-1.13186411796668,10.1058462476296
-2.6411531770158505,-0.8803843923386168,10.100408873227693
-2.3905302072545296,-2.3905302072545296,10.06022330484383
-2.3900485205765936,-2.1384644657790575,10.081368443385145
-2.3896880969814838,-1.8865958660380135,10.097190360829117
-2.387287289337893,-1.633407092704874,10.202581297635476
-2.389528215100649,-1.3834110719003758,10.10420887447161
-2.3897067232312335,-1.131966342583216,10.09637270352303
-2.3900291751863194,-0.8805370645423282,10.082217669606734
-2.5163879439212384,2.5163879439212384,4.535305551835918
-2.515957189442453,2.7807947883311326,4.554214862698018
-2.515586393594702,3.0451835290883236,4.570492102510499
-2.515395789237879,3.309731301628788,4.578859275023717
-2.138334711980348,-2.3899035016250947,10.087734502404473
-2.1380751480479434,-2.1380751480479434,10.100469384384098
-2.137921482814209,-1.8864013083654787,10.108008600629802
-2.1380323034368,-1.6349658790987294,10.102571452500115
-2.1367482688265738,-1.38260182100543,10.165569531884714
-2.1385340549045178,-1.132165087890627,10.077954219800262
-2.1389320926180138,-0.8807367440191821,10.058425453773893
-2.1393460694733215,-0.6292194321980357,10.038114671972238
-2.253129912955659,1.9880558055491113,4.455583214256478
-2.2524032375939567,2.2524032375939567,4.491235798508313
-2.2518358789209776,2.516757747029328,4.519071891426066
-2.2513660439835874,2.7810992308032554,4.542123216092577
-2.2509963387237963,3.0454656347439597,4.560261918211452
-2.2507064206680125,3.3098623833353127,4.574486052473745
-2.2493225788110056,3.572453507523362,4.642380935110964
-1.8864307540126926,-2.137954854547718,10.106371296541525
-1.8865285399449017,-1.8865285399449017,10.100933979935164
-1.886763885520371,-1.635195367450988,10.087847758054096
-1.887044052231533,-1.3838323049697907,10.072269289078662
-1.8870697615018448,-1.132241856901107,10.070839743547452
-1.887773617019807,-0.8809610212759098,10.031702362435027
-1.888158419698023,-0.6293861398993409,10.01030568558005
-1.9896694187458654,1.7243801629130833,4.365859410098125
-1.9886397769182584,1.9886397769182584,4.423111905230968
-1.987804160794625,2.2528447155672415,4.469575740293337
-1.9872194434997923,2.51714462843307,4.502088525981435
-1.9867561906949343,2.7814586669729082,4.5278473658462275
-1.9848747265539366,3.043474580716036,4.6324648295961595
-1.9860781482897667,3.310130247149611,4.565549427340699
-1.9858674284863165,3.574561371275369,4.577266350835799
-1.6352618118517868,-1.8868405521366773,10.083584765856969
-1.6355311509623118,-1.6355311509623118,10.06630429507618
-1.6358399576792748,-1.3841722718824634,10.046491630517409
-1.635121176321142,-1.1320069682223293,10.092607770994647
-1.6365318071078878,-0.881209434596555,10.002103409985523
-1.6369564764395923,-0.6295986447844586,9.974857140538376
-1.7259393171997446,1.460410191476707,4.265825961406378
-1.601318507681517,1.601318507681517,12.261346008085255
-1.6001216336049828,1.8462941926211343,12.338135997728841
-1.5989646982848207,2.0909538362186115,12.412363565185913
-1.5979397526659058,2.335450407742478,12.478122833437098
-1.596915030024811,2.5796319715785407,12.5438677957017
-1.7217312748460707,3.0461399478045865,4.535808856928753
-1.7214380495926094,3.310457787678095,4.554621833680429
-1.7211853236358672,3.574769518320647,4.570836424656534
-1.384255634356676,-1.6359384769669807,10.040170752464363
-1.3845364868461962,-1.3845364868461962,10.018875387206563
-1.38486587500168,-1.1330720795468292,9.993899852559892
-1.3839712196638683,-0.8807089579679163,10.061736218301505
-1.3857121412320499,-0.6298691551054773,9.929732543550614
-1.3565585764774395,1.3565585764774395,12.140273069920212
-1.3554287521943633,1.6018703435024293,12.225940890868984
-1.3544040487430036,1.8469146119222775,12.303638027593365
-1.3533917868924497,2.091605488833786,12.380391792108327
-1.3524924809769503,2.3361233762329143,12.448580783353407
-1.3516304534277057,2.5803854110892566,12.513943178946931
-1.3496254495138709,2.8219441217108208,12.665970639203252
-1.348458144934457,3.064677602123766,12.754480366954567
-1.133160614250244,-1.3849740840836313,9.98569500478267
-1.1334870185864228,-1.1334870185864228,9.955445873211914
-1.1338840815186413,-0.8819098411811654,9.918648540740321
-1.1333958973459552,-0.6296643874144195,9.963890425217755
-1.1112575129375286,1.1112575129375286,12.015538729201666
-1.110325530248864,1.3570645369708336,12.101909110493523
-1.109402322640383,1.6024700215916643,12.187466271721775
-1.1085209917819325,1.847534986303221,12.269142555213364
-1.1071360830036991,2.0912570456736534,12.397487320288164
-1.1058523775154594,2.3345772414215253,12.516453191472493
-1.1061288418867254,2.580967297735693,12.49083218643635
-1.105476804245863,2.8251073886283162,12.551258995155976
-1.1920475476900025,3.311243188027785,4.528418859893449
-0.8823720795613892,-0.6302657711152779,9.863571897502965
-0.8646412078071778,1.1116815528949429,11.976241333176716
-0.8639087386531347,1.3575708750263544,12.063516522787921
-0.8625203104762853,1.6018234337416728,12.228950564245082
-0.8616995100157943,1.846498950033845,12.326750608693246
-0.8618281059793858,2.0930111145213655,12.31142813805576
-0.861183995301679,2.3374994158188427,12.38817523548255
-0.8606210409934812,2.581863122980444,12.455252386403103
-0.8600730912817967,2.825954442783046,12.520541709128437
-0.6305033526413979,-0.3783020115848388,9.823940246564348
-0.6183974006411642,0.86575636089763,11.843368574129443
-0.6172766639657462,1.1110979951383433,12.03032185050428
-0.6168681126234509,1.357109847771592,12.098473463353912
-0.616795543531214,1.6036684131811563,12.110578920286656
-0.6162825004243133,1.84884750127294,12.196161101953763
-0.6157982643053724,2.0937140986382663,12.276937907924946
-0.6153380082059553,2.3382844311826303,12.353714538550918
-0.6149063819527129,2.5826068042013945,12.425715343006573
-0.3678696216611123,-0.12262320722037076,12.724368032798651
-0.37120177182101116,0.6186696197016852,11.797958937439276
-0.3709694672974567,0.8655954236940656,11.862544569294627
-0.3708477878726006,1.1125433636178017,11.89637405491068
-0.37052857461419303,1.3586047735853743,11.985122176020866
-0.37021539502867673,1.6042667117909322,12.07219280686904
-0.3699079677420926,1.849539838710463,12.1576641754408
-0.36960309796589663,2.0944175551400805,12.242424501361015
-0.36932683799931487,2.339069973995661,12.319230687590263
-0.12272872121881533,-0.12272872121881533,12.636362580022407
-0.12410012408631955,0.12410012408631955,11.492524491498429
-0.12399022717714106,0.3719706815314232,11.584185573378917
0.1240131323253027,-0.37203939697590815,11.565081208417027
0.12410062055486829,-0.12410062055486829,11.492110404836339
0.12274942486794464,0.12274942486794464,12.619094406674748
0.37017351418681305,-2.0976499137252738,12.083836577696275
0.3703387170895391,-1.8516935854476955,12.037906633269685
0.3705328832603767,-1.605642494128299,11.983924280121315
0.3707787368248091,-1.3595220350243,11.915571724778005
0.37106866542565653,-1.1132059962769696,11.834965365538167
0.37134888402688737,-0.6189148067114789,11.757058594110745
0.36789651670411677,0.12263217223470559,12.716890634943283
0.6659955230781434,-2.7971811969282023,3.9033902241168335
0.6165685161318671,-2.342960361301095,12.148450007283017
0.6168270345695992,-2.097211917536637,12.105325810495842
0.6170940950230608,-1.8512822850691826,12.060776695739548
0.6173969209903506,-1.6052319945749116,12.010261433771248
0.6177646338424935,-1.3590821944534857,11.94892220576071
0.6176459416516209,-1.1117626949729178,11.968721588122719
0.618543249133055,-0.8659605487862772,11.819039171860936
0.6315560477207269,0.3789336286324362,9.648337182596777
0.9330543679781876,-3.332337028493527,3.8246741403895754
0.9327234206332381,-3.0646626677949254,3.864107189716435
0.86267840089287,-2.58803520267861,12.210113769539163
0.8630241202694288,-2.3424940407313066,12.16892060259842
0.8633803350843833,-2.096780813776359,12.126476882824193
0.8637474515064696,-1.850887396085292,12.082734214385368
0.8634317602647272,-1.6035161262059219,12.120349467982848
0.8639992742831807,-1.3577131453021412,12.052729018310458
0.8651644460203524,-1.112354287740453,11.913896435764215
0.8843755641290703,0.6316968315207644,9.624852635999162
1.2003068698412498,-3.600920609523749,3.762996055273021
1.1998630036722022,-3.3329527879783396,3.804130821754697
1.1085238656232823,-2.8328943232594987,12.268876225402565
1.1089463023693304,-2.5875413721951044,12.229727405074001
1.109380300366545,-2.3420250785515946,12.189507159617492
1.1089214418213684,-2.094629390107029,12.232031326630391
1.1094434400810758,-1.8490724001351264,12.18365576207006
1.1107812714836642,-1.604461836587515,12.059673836492323
1.1113287251569277,-1.3582906640806895,12.008939221917942
1.1119944065230483,-1.1119944065230483,11.94724799727399
1.1361396922599423,0.63118871792219,9.709612512344478
1.1369681764094002,0.8843085816517556,9.632833734419478
1.1368926749149217,1.1368926749149217,9.639830745142447
1.4673597382653276,-3.6017011757421673,3.738883374952408
1.3543667418690504,-3.078106231520569,12.306466784813267
1.3538400756689748,-2.830756521853311,12.346400734192542
1.3538492101153743,-2.5846212193111695,12.345708123730589
1.355398340410991,-2.341142587982621,12.228246834591118
1.3561943149548483,-2.095936668566584,12.167892843510941
1.356754531560419,-1.8501198157642078,12.125414967457615
1.3573319625515676,-1.604119592106398,12.081631827458793
1.357943487003147,-1.357943487003147,12.03526358417669
1.3895714738852452,0.6316233972205659,9.637102420735872
1.3883341209204725,0.8834853496766644,9.730923498778168
1.3894126717011437,1.1367921859372994,9.649143440988013
1.3893363446706626,1.3893363446706626,9.654930863402939
1.389276283071724,1.6418719709029466,9.659484975383748
1.7354546216345799,-3.8713987713386784,3.6553355653553723
1.7345738873162224,-3.6025765351952312,3.711842411406593
1.5995927647698969,-3.0761399322498018,12.372067580980001
1.6008018953138237,-2.8321879686321494,12.294491231248415
1.6012159526961758,-2.5865796158938226,12.26792581160565
1.601826674122736,-2.341131292948614,12.228742665324745
1.6024535720385633,-2.0955162095888906,12.188521655105049
1.6031101929986304,-1.8497425303830353,12.146393650403567
1.6037834063440946,-1.6037834063440946,12.10320109837187
1.642073992281931,0.631566920108435,9.646523528641652
1.6419834630293992,0.8841449416312149,9.652331775725159
1.6414589151519352,1.1363946335667243,9.685986131574069
1.6418409460202628,1.3892500312479146,9.661475494241742
1.6418077715088364,1.6418077715088364,9.663603930673602
1.6418288637881464,1.8944179197555537,9.662250675605648
2.001554647293943,-3.8696723181016233,3.704989803447603
2.000335104206186,-3.6006031875711346,3.7728016219111
2.000992077234098,-3.334986795390163,3.7362711080232316
2.0001862598287525,-3.0669522650707535,3.7810780067335514
1.99948223660428,-2.799275131245992,3.820224713046173
1.998774249933547,-2.531780716582493,3.8595918039446246
1.8486320066245154,-2.0951162741744502,12.208143527278082
1.997935342149082,-1.997935342149082,3.9062386694460116
1.8945389672690458,0.6315129890896819,9.655519915460488
1.8944610442807537,0.8840818206643517,9.65985276732053
1.892974620622856,1.1357847723737136,9.742504288419795
1.8944069896747722,1.389231792428166,9.662858434906
1.8944323530290774,1.6418413726252004,9.661448123786158
1.8944929778692239,1.8944929778692239,9.658077123043611
1.8945652974937717,2.147174003826274,9.654055842204585
2.2695087126576157,-3.6045138377503307,3.6519966787920595
2.268351799272055,-3.3358114695177283,3.7087578600905857
2.2673527532910485,-3.0675949015114186,3.7577736557078225
2.266498618252387,-2.7997924107823606,3.79967974339597
2.265702442866045,-2.532255671438521,3.838742179714558
2.264939681746486,-2.264939681746486,3.87616522515178
2.1470152794935404,0.6314750822039825,9.66184327101233
2.1469822010161304,0.8840514945360537,9.663466187193265
2.1470097833083632,1.136652238222075,9.662112928159686
2.145065265587923,1.3879834071451267,9.75751602768787
2.1471298943688293,1.6419228603996932,9.65621996697162
2.1472476098429354,1.894630243979061,9.650444539484326
2.1473812346286043,2.1473812346286043,9.643888559771412
2.147767858717996,2.400446430331878,9.624919775844958
2.3995853247772203,0.6314698223097948,9.66272068894051
2.3996221300206733,0.884071311060248,9.66110500802695
2.399698922007284,1.1366994893718714,9.657733984350926
2.3997979098836626,1.389356684669489,9.6533886028907
2.39847495400134,1.6410618106324957,9.711463876086242
2.400243365088396,1.8949289724382077,9.633833957828884
2.4006955662979435,2.1479907698455283,9.613983175852908
2.401189491324162,2.401189491324162,9.592300796856733
2.6523455681796793,0.8841151893932264,9.655876815400177
2.652499142388094,1.1367853467377544,9.649777255628138
2.6526761588510053,1.3894970355886218,9.642746631753795
2.6515722264689554,1.6414494735284009,9.686591894692882
2.6536919689697,1.8954942635497858,9.602401351123802
2.654258295793418,2.148685287070862,9.579908353455536
2.654954740467797,2.4021019080422925,9.552247420261452
2.905217700963265,0.8841966915975156,9.64616566197644
2.9056134670720226,1.1369791827673135,9.631813733360275
2.906160889439752,1.3899030340798812,9.611962193345377
2.9067662036491226,1.6429548107581997,9.590011283120859
2.9046950092667716,1.894366310391373,9.665120377275045
2.90832359057062,2.14963047998698,9.533534729342037
2.9092688115526646,2.403309018239158,9.499257554615298
3.159225717964657,1.1373212584672765,9.600112276889206
3.159899945759091,1.390355976134,9.577618305208404
3.160764025060531,1.643597293031476,9.54879039942196
3.161782382712486,1.8970694296274915,9.514815371437194
3.16138949682414,2.149744857840415,9.527923054210277
3.163962287670494,2.404611338629575,9.442088140674741
3.41423094763643,1.3909829786666938,9.530076451568135
3.4153435306260493,1.6444246628940238,9.495707352155662
3.416535742260538,1.8980754123669659,9.458878422926333
3.4150303313121575,2.150204282678025,9.505382476128872
3.4190762604245304,2.406016627706151,9.380398595217201
0.0,0.0,115.0
