-2.3497998641281694,-1.3281477492898353,9.787650670451526
-2.351859174923226,-1.1248022140937168,9.712972518696859
-2.147393478089297,-1.5338524843494978,9.711233032542552
-2.145265121293771,-1.3280212655628103,9.79576571302681
-2.1471197672676277,-1.1246817828544717,9.72210409959385
-2.1470029310467917,-0.9201441133057678,9.726744524049792
-2.1468899355821613,-0.7156299785273871,9.731232403867608
-2.314710294351481,2.755607493275572,3.065853367601221
-1.942664714116275,-1.5336826690391643,9.720675491043835
-1.9425590016450993,-1.329119316915068,9.725316069558758
-1.9403087717182086,-1.1233366573105417,9.824096928016047
-1.942424803057148,-0.9200959593428595,9.731207134984189
-1.942425634694331,-0.7156304969926481,9.731170627677145
-1.942502958481816,-0.5111849890741621,9.727776258943678
-2.0904260043159595,2.0904260043159595,3.2342329643244625
-2.0911713387929196,2.311294637613227,3.2015141836380536
-2.0921769023332875,2.5326351975613477,3.157371836865451
-2.093508034976218,2.754615835495023,3.098937619269364
-2.0950460472030388,2.9771706986569497,3.0314217773246526
-2.096618765346872,3.2001023260557515,2.9623824109458496
-2.0981787416621565,3.423344262711939,2.893902386857931
-1.7380136449583883,-1.533541451433872,9.728527794672999
-1.737958805251858,-1.3290273216631856,9.7312183733832
-1.7367529524829182,-1.1237813221948294,9.790380648183884
-1.7379634917570272,-0.9200983191654849,9.730988441244037
-1.7381761884998963,-0.715719607029369,9.720552985544174
-1.73838893730996,-0.5112908639146941,9.710114975292242
-1.8696423789571932,1.8696423789571932,3.2704795709663443
-1.870081746462936,2.09009136369387,3.248923057780985
-1.870675838217987,2.3108348589751606,3.219775370290037
-1.871490681243248,2.532016804034982,3.179797051027819
-1.87253291689748,2.7537248777904115,3.1286622576508876
-1.8737905705554712,2.9760203179410425,3.066958496433344
-1.8752215903593974,3.198907418848384,2.9967489409504253
-1.8751977552952308,3.4194782596560094,2.9979183512237597
-1.8759469787763736,3.641544135271784,2.9611594975558546
-1.533493517898593,-1.533493517898593,9.731193104513466
-1.5334941744542727,-1.3290282845270365,9.73115659720591
-1.5336270938052428,-1.1246598687905114,9.723765712054956
-1.5321192868183335,-0.9192715720910001,9.807606237822938
-1.5340042056723044,-0.7158686293137421,9.702796677236634
-1.5341954482166664,-0.5113984827388888,9.692162772759659
-1.5343867384509509,-0.3068773476901902,9.681526216518748
-1.6490863237044593,1.6490863237044593,3.303738066898049
-1.6494835764817015,1.869414720012595,3.2816491112187407
-1.6498752051380887,2.089841926508246,3.2598728807446946
-1.6503279721290742,2.310459160980704,3.234697097037497
-1.6509122037590158,2.531398712430491,3.202211316397225
-1.6517060576659823,2.752843429443304,3.1580696394313463
-1.650969148089687,2.9717444665614368,3.199044967743575
-1.6526762676943036,3.1951741175423205,3.104121806859908
-1.6552062431697705,3.420759569217526,2.9634443356153497
-1.6564375169667436,3.6441625373268356,2.8949802394818107
-1.3292560762076324,-1.3292560762076324,9.716541759156684
-1.3294187817801324,-1.1248928153524198,9.706102766891604
-1.3295850281604167,-0.920481942572596,9.695436600692005
-1.3284966643146623,-0.7153443577078951,9.765264705488065
-1.3299604049949212,-0.5115232326903543,9.671352878102311
-1.3301976569154021,-0.3069686900574005,9.656131082531786
-1.4289225381089525,1.4289225381089525,3.3220624005789006
-1.4291109197235088,1.6489741381425098,3.30997606458547
-1.4293763271082105,1.8691844277568905,3.2929478485666266
-1.4297212176221046,2.0895925488323064,3.270820091345257
-1.4295361730996399,2.3092507411609566,3.2826923235560344
-1.4290224512886556,2.5282704907414675,3.3156520921052817
-1.4306201701162782,2.751192634838996,3.2131443892216396
-1.431922528245037,2.9739929432781538,3.129586670677668
-1.4328814471133,3.1964278435604383,3.06806359869654
-1.433976396566095,3.419482176426842,2.9978129693372324
-1.4350277490419354,3.6427627475679896,2.9303594691617434
-1.1251305700074423,-1.1251305700074423,9.688075252771654
-1.1252893269206432,-0.9206912674805262,9.676037665141266
-1.124506699054558,-0.7155951721256278,9.735379657436525
-1.125690857710034,-0.51167766259547,9.64559198585627
-1.1259112852922697,-0.307066714170619,9.628878280079192
-1.2088659224118743,1.2088659224118743,3.3389240756222307
-1.209011480378764,1.4288317495385394,3.327887285183266
-1.2091654430861491,1.6488619678447487,3.316213213518651
-1.209327411160688,1.8689605445210633,3.303932142721308
-1.2083664523297677,2.087178417660508,3.3767959059626804
-1.20990399178708,2.3098167115935166,3.2602134807982424
-1.2102343917735674,2.5304900918901865,3.2351612250555917
-1.2106597554745084,2.7514994442602463,3.202908438568201
-1.2112419061727842,2.973048315151379,3.158767431393798
-1.2120065686982524,3.195290044749938,3.1007876434752006
-1.212892224551052,3.418150814643874,3.0336336548803473
-0.9209692107875019,-0.9209692107875019,9.650279601506611
-0.9211442128495249,-0.7164454988829638,9.634061494660202
-0.9203009227728296,-0.5112782904293498,9.712212394188342
-0.9215090689545251,-0.30716968965150837,9.600248891391061
-0.9890141947402737,1.208795126904779,3.34429207568796
-0.9891282464208334,1.4287408003856485,3.3337224725647303
-0.988236062908019,1.6470601048466984,3.4164045128228793
-0.9887519870933391,1.8676426422874184,3.368591855843576
-0.9895644340382694,2.089080471858569,3.2932993066723384
-0.9898033224452548,2.309541085705595,3.271160609196002
-0.9900359252721019,2.530091809028705,3.249604420343246
-0.9903477770927983,2.7509660474799955,3.2207039257442602
-0.9907741323228454,2.9723223969685364,3.181191964596465
-0.9913210062733014,3.194256575769527,3.1305110751400917
-0.7168301704095495,-0.5120215502925354,9.588227099811647
-0.7165004363566235,-0.3070716155814101,9.627515582925966
-0.7691657703490583,0.9889274190202179,3.3523339117856352
-0.7685555644999981,1.2077301727857113,3.4250411799137623
-0.7686241697887198,1.4274448867504799,3.416866720213349
-0.7693694213493596,1.648648760034342,3.328068480855606
-0.7694672899593928,1.8687062756156685,3.316407236896751
-0.7695703601190227,2.088833834608776,3.304126217723038
-0.7697531017179058,2.309259305153718,3.2823521845035657
-0.7699360453425448,2.5297898632683613,3.2605540795043453
-0.7701452631731092,2.7505187970468183,3.2356253494250353
-0.7704139937896531,2.971596833188662,3.203605549842024
-0.5117496096176832,-0.30704976577061,9.633590298195628
-0.5491440498720648,0.7688016698208907,3.3957172303294385
-0.548851525515415,0.987932745927747,3.4445140512907244
-0.5494164264450263,1.2087161381790579,3.3502813185405103
-0.5494513293702636,1.4285734563626855,3.344459062187795
-0.5495146911826412,1.6485440735479235,3.333889497828153
-0.5495834188493659,1.8685836240878442,3.3224248400243965
-0.5496557194988377,2.0886917340955837,3.310364162793732
-0.5497559120678472,2.3089748306849587,3.2936507550365093
-0.5498886933845502,2.529487989568931,3.2715011254727955
-0.3073055844004768,-0.10243519480015892,9.56246724128087
-0.32942953801657965,0.5490492300276327,3.4115343985998834
-0.10248210060661611,-0.10248210060661611,9.523344785531378
-0.10996023769953757,0.10996023769953757,3.286098064840047
-0.10991930666811538,0.32975792000434617,3.320237174399054
0.1094747867419589,-2.5179200950650547,3.690995348159447
0.10948210852703083,-2.2991242790676476,3.6848885090681023
0.10949550607760988,-2.080414615474588,3.6737140912450315
0.1095222727598602,-1.8618786369176237,3.651388958793575
0.1098481209487716,-0.32954436284631483,3.379610637204024
0.10994468427721864,-0.10994468427721864,3.2990706181843876
0.10240384916159387,0.10240384916159387,9.588611517444647
0.32844173944543503,-3.174936814639205,3.6861635529832313
0.328414062968227,-2.955726566714043,3.693858206279941
0.3284052997763935,-2.7367108314699453,3.696294561254774
0.3284183201673376,-2.517873787949588,3.6926746137683324
0.32843976755045223,-2.299078372853166,3.686711782012381
0.3284717332059315,-2.0803209769708992,3.6778246453126258
0.32853246352945803,-1.8616839600002622,3.6609403149615503
0.3286490967301058,-1.6432454836505288,3.628513787729588
0.3287691564804942,-1.4246663447488084,3.5951346062974494
0.328930138429678,-1.2060771742421525,3.5503781773383594
0.32896042616415194,-0.7675743277163545,3.5419575386071926
0.32925462210698464,-0.548757703511641,3.460164766919405
0.3068497571019439,0.10228325236731464,9.689196990844962
0.5476125767797934,-3.614243006746636,3.65118661806342
0.5475177424957254,-3.3946100034734976,3.6670061950506323
0.5474252153368103,-3.1750662489535,3.6824409139210275
0.5473703612272524,-2.955799950627163,3.691591284145744
0.547345643661597,-2.736728218307985,3.695714491661519
0.5473538005516,-2.51782748253736,3.6943538176115567
0.547388682969488,-2.2990324684718497,3.6885349821481697
0.5474282491831797,-2.0802273468960832,3.6819348293686005
0.5475118875178264,-1.86154041756061,3.667982880587317
0.5476912079480488,-1.6430736238441463,3.6380699289668854
0.5474222647387945,-1.4232978883208658,3.6829331115785493
0.5475320479593612,-1.2045705055105946,3.6646198599235476
0.5481667657192691,-0.9867001782946845,3.5587407828924995
0.5103848625542076,0.30623091753252457,9.861247642276524
0.7667026181630888,-3.614455199911705,3.645823505013027
0.7665639518252939,-3.3947832152263016,3.6623458812208867
0.7664331388439158,-3.1752230037819373,3.677932514037238
0.7663375321212341,-2.9558733381819033,3.689324249517284
0.7662887695027458,-2.7367456053669494,3.695134414697634
0.7662812283390407,-2.5177811788282765,3.696032959692502
0.7663290618121725,-2.2989871854365176,3.690333504071333
0.7656824235593257,-2.0782808639467416,3.7673817672173584
0.7656957884093099,-1.859546914708324,3.7657893181564646
0.7663180196980541,-1.642110042210116,3.6916491944291607
0.7669628405107293,-1.4243595609484976,3.61481748297642
0.7672691709993915,-1.2057086972847582,3.5783175821490545
0.7142322308960724,0.3060995275268882,9.897776877280918
0.7137793045452283,0.5098423603894489,9.951743973276194
0.7137064494286666,0.7137064494286666,9.960424808608266
0.9866762333827387,-4.056335626129037,3.5609598489759264
0.9862318188146553,-3.835345962056993,3.6021454376825233
0.9858322376905638,-3.6147182048654005,3.639176140574932
0.9856325161932005,-3.3949564446654685,3.657685091534262
0.9854626885118993,-3.1753797740938983,3.673423668834346
0.9844787004337601,-2.9534361013012806,3.764613587412441
0.9841974565795768,-2.733881823832158,3.7906775253130434
0.9843158598412755,-2.5154738640388152,3.779704644610973
0.9852621018809183,-2.2989449043888097,3.6920127950172628
0.9853270564355064,-2.0801348969194025,3.6859932093375676
0.9854326802429452,-1.8613728404588967,3.6762046492785174
0.9856380072428884,-1.6427300120714807,3.6571762150701375
0.9859889205619642,-1.424206218589504,3.6246557428150226
0.917834945579446,0.3059449818598154,9.940743881993868
0.9161682889668306,0.5089823827593504,10.095199290731586
0.916676165841466,0.7129703512100292,10.048132408647717
0.916113176938488,0.916113176938488,10.100306732060261
0.9155535482291433,1.119009892280064,10.15216965354567
1.2043536334501896,-3.8320342882506035,3.681063971736208
1.2039213741435366,-3.6117641224306096,3.7138396107806813
1.204019828418251,-3.393146789178708,3.706374411718997
1.2045138675433704,-3.1755365598870675,3.6689143783789717
1.2043120417400868,-2.956038647907486,3.684217622465269
1.2042030115536975,-2.736825026258403,3.6924847296832155
1.2041574009681193,-2.5177836565697036,3.6959431077134894
1.2041870892313784,-2.298902624896268,3.6936920241961246
1.2042645789936621,-2.0800933637163257,3.6878164387797767
1.2043635114900866,-1.8612890632119519,3.6803149790247858
1.204547522306685,-1.6425648031454796,3.6663625388753474
1.1206314054002382,0.3056267469273377,10.029220007546783
1.1199430013532292,0.5090650006151042,10.08141757094046
1.1179600584886096,0.7114291281291151,10.231772273722527
1.118577925295683,0.9152001206964677,10.184923127539875
1.117900544796268,1.117900544796268,10.236284841221632
1.1172522679975507,1.3203890439971055,10.285439795270364
1.4249311589169493,-3.836353120161017,3.578144450333923
1.4243199442419485,-3.615581396921869,3.6173592428367556
1.4238400222820322,-3.395310822364846,3.6481504539209055
1.423590139366703,-3.1757010801257217,3.664182638806892
1.4233481341615262,-2.9561845863354774,3.679709399360533
1.4231843477224801,-2.736892976389385,3.690217738712761
1.4231041514601348,-2.517799652583315,3.6953630336737717
1.423104024307833,-2.2988603469588074,3.6953711916112866
1.4231933588618975,-2.0800518321827735,3.68963959493297
1.423289811787363,-1.8612251384911669,3.683451292175988
1.3230506142415939,0.3053193725172909,10.114676675308942
1.322245569426935,0.5085559882411289,10.16632737456986
1.3202722181543218,0.710915809775404,10.292935199702072
1.3206664249525832,0.9143075249671729,10.267643369467464
1.3199008462481001,1.1168391775945463,10.316761970948775
1.3191345979145874,1.3191345979145874,10.365923535016776
1.642998520207977,-3.395530275096486,3.6422460127748337
1.6426878242823444,-3.175863126945866,3.6595220368184727
1.6424058550966791,-2.956330539174022,3.6752007310955292
1.6421765579367562,-2.7369609298945936,3.6879506351694147
1.6420536840001179,-2.5178156488001804,3.69478295226331
1.6420182760424364,-2.298825586459411,3.6967517863476047
1.642115405643762,-2.0800128471487653,3.6913509645491587
1.5250791153375007,0.3050158230675002,10.199069922216509
1.524166064393368,0.5080553547977894,10.249839464919035
1.523282333166372,0.7108650888109737,10.298978705784876
1.5204670612016349,0.9122802367209809,10.455519883636356
1.5215145469017368,1.1157773343946071,10.397275192775083
1.5206313817596528,1.3178805308583659,10.446382956895519
1.7257484357431219,0.5075730693362123,10.330290876180442
1.7247459548749204,0.7101895108308496,10.379475196301954
1.7232884031448603,0.9123291546061024,10.450986477124289
1.7215715365627682,1.1139580530700264,10.535220419394989
1.7217758496740574,1.3166521203389852,10.525196286476913
1.92582970995645,0.7095162089313236,10.459700487186012
1.9247341855222757,0.9117161931421305,10.507791947874296
1.921434803461125,1.1124096230564409,10.652628610334546
1.922607888333281,1.3154685551754026,10.601132392401425
2.1254021450972926,0.9108866336131253,10.584670385313004
2.1242581407856913,1.1127066451734573,10.630107198890713
2.120686239041524,1.3128057670257052,10.771973651684462
0.0,0.0,95.0
