-1.9989405622168988,1.9989405622168988,3.2501911826363923
-1.9995539259440398,2.1476690315695244,3.2312435993003206
-2.000190638652292,2.2965151777118904,3.2115747363289557
-2.001148774302697,2.445848501925519,3.1819767110790025
-2.002159661672783,2.5953921540202742,3.15074911831384
-2.0034316636548986,2.745443390934491,3.111455364064419
-2.004797313702617,2.8958183420148917,3.0692687023136997
-2.006321698445661,3.0466366531952627,3.0221785245333948
-1.8502110512826697,1.8502110512826697,3.272205129144922
-1.850643069568237,1.998694515133696,3.257791889048093
-1.8511281883653523,2.147308698503809,3.24160707944187
-1.8517175393591574,2.296129748805355,3.221944815924793
-1.8524480366614866,2.445231408393162,3.197573548873592
-1.8533350658005185,2.5946690921207263,3.1679799775344293
-1.854408260542268,2.744524225602557,3.1321754433277746
-1.8555867479580546,2.894715326814565,3.0928580749610006
-1.8569609482898297,3.045415955195321,3.047011220823748
-1.85838757946689,3.196426636683051,2.9994151389643875
-1.857781971429851,3.3440075485737317,3.01961977921696
-1.701236498601413,1.553302890027377,3.306933699314257
-1.7015702823129524,1.7015702823129524,3.2948294794347674
-1.7019804199054325,1.8499787172885136,3.279956388182569
-1.7023820799306928,1.9984485286142915,3.265390724567254
-1.70277962450084,2.146983004805407,3.2509743024274016
-1.7032942687700967,2.2957444492118695,3.232311416314488
-1.7038366348448408,2.444635171733902,3.212643236002144
-1.7046379702738548,2.5940143025906486,3.1835838784161297
-1.7054846091142615,2.7436056755316383,3.1528816532070536
-1.7065680916146881,2.89374589447708,3.1135906094342474
-1.705028491311088,3.0393986149458527,3.1694221553037565
-1.7062413478461034,3.1899294764079325,3.125439535198069
-1.7083212879850946,3.3423677373621414,3.0500132878763537
-1.5529878966407171,1.4050842874368392,3.31944440022923
-1.5531939987772871,1.5531939987772871,3.3112585706284747
-1.5534103165190767,1.70135415618756,3.302667004313939
-1.5537846948396508,1.8497436843329176,3.287797691508942
-1.5541575798282539,1.9982026026363264,3.2729876898845873
-1.554520465985825,2.14671873874233,3.258574815278884
-1.5549208018397245,2.29535927890626,3.2426745381753506
-1.555415839532267,2.4442248906935626,3.2230129555030658
-1.5550478612206637,2.591746435367773,3.237628076945704
-1.5543007329446281,2.738529862807202,3.2673020282172303
-1.5551555811564517,2.888146079290553,3.233349727125372
-1.5586390750396222,3.0430572417440245,3.094994599820687
-1.5597828125715036,3.1938409971702217,3.049568382025072
-1.5609835920107997,3.344964840023142,3.001876611130548
-1.2580624854520355,-0.7283519652617048,9.77342478616378
-1.2604400186808293,-0.5970505351646034,9.669055552360419
-1.2606622994138859,-0.46445453136301057,9.65929784655114
-1.4049922958241656,1.4049922958241656,3.3234826588810193
-1.4051722539558804,1.5530851227933415,3.31558283561197
-1.4053591311212463,1.7012242113572982,3.307379279788492
-1.4056266204283026,1.8495087110898718,3.2956370026712065
-1.4059654208889176,1.9979508612631987,3.2807643001329723
-1.4062978005616882,2.146454537699419,3.2661734580960413
-1.40528545553463,2.2928341642933434,3.3106134993703904
-1.4048634240273323,2.44002594699484,3.3291398882023415
-1.405563296831539,2.5891955467949406,3.2984167893828413
-1.4081425834494545,2.742172399348938,3.1851909615328324
-1.4088300143003072,2.891808976721683,3.1550140410476217
-1.40972500340898,3.042038165250957,3.115725703705664
-1.410666878999511,3.192561884051525,3.074379138058852
-1.4117394168185207,3.343593355622812,3.0272967465114036
-1.1277055706107675,-0.8623630834082339,9.671830109578465
-1.1265618248712816,-0.7289517690343588,9.727945251894774
-1.1263493122304127,-0.5963025770631597,9.738371675071427
-1.1283064805236502,-0.46459678609797367,9.64234790552159
-1.12852649513469,-0.3319195573925559,9.631553416166184
-1.2568622313655495,1.2568622313655495,3.335068232229716
-1.257016072439742,1.4049003162561822,3.327520388793573
-1.2571721982505497,1.552977421368326,3.319860450233577
-1.257338442219519,1.7011049512381728,3.3117040885039657
-1.257505669045073,1.8492730427133426,3.3034995052726615
-1.2576031494748092,1.9973697079894028,3.2987168617192353
-1.2561777319284875,2.142891425054479,3.368651555865476
-1.2567775332839184,2.2917707959883216,3.339223740521966
-1.2587236546898852,2.443404741456836,3.2437419600086272
-1.2591243855822851,2.59231491149294,3.22408105961685
-1.2595991847212569,2.741480578510971,3.2007861783025504
-1.2602023019684496,2.8910523398099723,3.171195676680341
-1.2609106367883451,3.0410197710777735,3.1364429271366348
-1.2617118977916644,3.191388917943622,3.097130977214981
-0.9953353947621768,-0.8626240087938866,9.65508945318458
-0.9955109681529943,-0.7300413766455291,9.645326820748984
-0.9939960858431095,-0.5963976515058657,9.729560764775023
-0.9952185533121872,-0.4644353248790207,9.661586338186218
-0.9960918970633764,-0.3320306323544588,9.613024685460367
-1.1088022533701969,1.1088022533701969,3.3458461842968035
-1.1089291701297095,1.2567863928136707,3.338789068937409
-1.1090592226819929,1.4048083487305245,3.3315575900706946
-1.1091969627181477,1.5528757478054067,3.323898654178521
-1.1093385051099236,1.7009857078352162,3.3160282910299372
-1.1078369748377628,1.846394958062938,3.399519804577416
-1.107980693498847,1.9943652482979246,3.3915284315352565
-1.109958171412237,2.1459191313969916,3.2815721908541633
-1.1102210292066532,2.29445679369375,3.2669561717765205
-1.1104802842132997,2.4430566252692594,3.2525404831280795
-1.1108056825764394,2.5918799260116923,3.234446940594758
-1.1111593750475297,2.7408597917839064,3.214780124487767
-1.1116626126625948,2.8903227929227464,3.186797957937543
-1.112195015985247,3.039999710359675,3.1571940531411613
-1.1129023967991056,3.190320204157436,3.1178606504795425
-0.8630634140612677,-0.7302844272826112,9.626897743970481
-0.8630501645909543,-0.5974962677937375,9.627747813921957
-0.8619214356432893,-0.46411154226946344,9.700165694717398
-0.8635734676822853,-0.33214364141626357,9.594173322042138
-0.8637471683476714,-0.1993262696186934,9.583028897948076
-0.960926501309978,1.1087613476653593,3.348120716667502
-0.961013960257286,1.2567105634133742,3.342509456644663
-0.9611239666956395,1.4047196436320886,3.3354515769332522
-0.9600169044440754,1.5507965379481217,3.4064793487758678
-0.9598902331305974,1.6982673355387492,3.414606426670538
-0.9611556947439219,1.8483763360460037,3.3334159438229776
-0.9616150364392605,1.9972004602969256,3.3039451375623514
-0.9618415378082608,2.145646507418428,3.2894130843407154
-0.9620731558462631,2.2941744485564732,3.2745527518394297
-0.9622977882361059,2.442755923983961,3.260140610054563
-0.9625367463849078,2.5914450864209058,3.2448093449436257
-0.9628431770218701,2.7403998115237838,3.2251491267969215
-0.9631978713799373,2.889593614139812,3.2023923668197227
-0.9636590547517815,3.0392324034479263,3.1728034008273553
-0.7305288332748097,-0.7305288332748097,9.60836589871623
-0.7306742200739705,-0.5978243618787031,9.597342086902842
-0.729725463605174,-0.46437074956692886,9.669280617973847
-0.7300633624936539,-0.3318469829516609,9.643659765323846
-0.731115279515783,-0.19939507623157718,9.563899186219132
-0.8130355775244482,0.9608602279834387,3.3523727329475506
-0.8130722968701146,1.108734950277429,3.349588524485199
-0.8122528423046053,1.2552998471980263,3.41172286523647
-0.8119667670455779,1.4024880521696346,3.433414241882673
-0.8125234503594795,1.5511811325044609,3.391204274213493
-0.8134056197381098,1.7007572049069568,3.324314644111709
-0.8135090289733689,1.8488841567576566,3.316473740014203
-0.8136172178294817,1.997060443763273,3.308270425841414
-0.8137625337842027,2.145373952703807,3.29725198573837
-0.8139586711689125,2.2938835278396628,3.282380060425403
-0.814151765570871,2.442455296712613,3.2677388663025937
-0.8143418810816954,2.591087803441758,3.2533235436857524
-0.8145767524841805,2.7399399856286073,3.2355146493687457
-0.8148361179942883,2.888964418343386,3.2158485133040244
-0.5980306751125013,-0.5980306751125013,9.578222254651209
-0.5981509986799579,-0.46522855452885614,9.56707141190914
-0.5972536714638462,-0.3318075952576923,9.650230138720005
-0.5984254533290555,-0.1994751511096852,9.541636655471933
-0.6649447502358042,0.9604757503406061,3.3770403523656327
-0.6642106846555086,1.107017807759181,3.4450690022906514
-0.6644659639149074,1.2551023762837141,3.4214113021655947
-0.6653132216006128,1.4045501344901825,3.3428927092165495
-0.6653893789614835,1.5525752175767948,3.335834916859902
-0.6654701207854893,1.7006458642295836,3.328352264863895
-0.6655527733914246,1.8487577038650682,3.3206925334373167
-0.6656401489534515,1.9969204468603545,3.312595107702222
-0.6657286782239449,2.1451257409438225,3.304390763414496
-0.6658815802750144,2.293592109836161,3.290220748658001
-0.6660420928979923,2.442154340625972,3.2753454332499246
-0.6661977135234698,2.590768885924605,3.2609234778607856
-0.4650130444823464,-0.33215217463024743,9.592749872317249
-0.4648419277304878,-0.19921796902735192,9.613138781367795
-0.516660605893708,0.8118952378329697,3.4388378744511243
-0.516642247127203,0.9594784589505199,3.441025358823545
-0.5173856590565853,1.1086835551212542,3.352446315272111
-0.5174083744009565,1.2565631949737515,3.3497397357852634
-0.5174346193073415,1.4044653952627841,3.3466126018050346
-0.5174938456614758,1.5524815369844276,3.339555661238286
-0.5175539898650787,1.7005345381281158,3.332389357040384
-0.5176182668089475,1.8486366671748127,3.3247306284334357
-0.5176838254477144,1.9967804695840412,3.3169191832722973
-0.5177526718935307,2.1449753549874844,3.308715989213532
-0.5178421084216962,2.2933007658675115,3.2980594449608205
-0.33216825322924926,-0.19930095193754954,9.590067755430354
-0.33273286551184544,-0.06654657310236908,9.49588317271072
-0.3693562241912273,0.5170987138677182,3.386636418197483
-0.3691186907503843,0.6644136433506916,3.426260047894111
-0.3694382395065696,0.8127641269144531,3.372955209888282
-0.19955548998738606,-0.19955548998738606,9.51930072718492
-0.19944502657368846,-0.06648167552456281,9.550011921531876
-0.22194069448418574,0.22194069448418574,3.2957345455383233
-0.2216537903335205,0.36942298388920086,3.3755000428653403
-0.22166543754781015,0.5172193542782236,3.3722618678925045
-0.06553905391050713,-0.06553905391050713,10.336218900364457
-0.06553899022370932,0.06553899022370932,10.336272019244987
-0.07396472055157029,0.22189416165471088,3.308671668533904
0.07393754196530074,-0.3696877098265037,3.3313403553975434
0.07392613136368353,-0.2217783940910506,3.3408575301475736
0.0655391125485911,-0.0655391125485911,10.3361699924356
0.06553904886167931,0.06553904886167931,10.336223111411186
0.2204986084299872,-2.7194828373031754,3.6966653478107503
0.22051227796980222,-2.5726432429810258,3.6928649230380586
0.22052626324307464,-2.425788895673821,3.6889767176034454
0.22054110642403532,-2.2789247663816985,3.684849995461235
0.22056474544581506,-2.1321258726428787,3.678277841227107
0.2205982020279504,-1.9853838182515537,3.6689761949919344
0.22066211701279487,-1.8388509751066238,3.651206460601742
0.2207398379067746,-1.692338757285272,3.629598387847757
0.22081975383472263,-1.5457382768430583,3.607380048648608
0.220905166759663,-1.3990660561445323,3.583633426579084
0.22132659167196292,-0.6639797750158888,3.4664682770416704
0.2213339466604115,-0.5164458755409602,3.464423432761535
0.22153642718294692,-0.3692273786382449,3.4081295118070116
0.19915360810310445,0.06638453603436816,9.631032496460875
0.19917275198687187,0.19917275198687187,9.625710086847981
0.3675259581221472,-3.0137128566016074,3.6919483132727464
0.36750674971383746,-2.866552647767932,3.6951525225631343
0.3674988753477294,-2.7194916775731977,3.6964660679976404
0.3675132214072754,-2.5725925498509277,3.6940729609511678
0.36753600590077085,-2.4257376389450878,3.6902722147072424
0.36756064702817653,-2.2788760115746944,3.686161758073581
0.36759018867186444,-2.1320230942968137,3.681233832363567
0.3676459442659377,-1.9852880990360635,3.671933082939674
0.3677290407267151,-1.8386452036335754,3.658071525681642
0.3678585465554777,-1.6921493141551973,3.63646828958894
0.36799050767435154,-1.5455601322322765,3.614455479560789
0.3681239829032094,-1.3988711350321956,3.5921900965344378
0.36830446841699416,-1.2522351926177802,3.562082794007125
0.36849684600824956,-1.1054905380247486,3.529991740171596
0.3682520082619954,-0.957455221481188,3.5708338218544995
0.36829519266414645,-0.8102494238611222,3.5636301087544453
0.3686296596265469,-0.6635333873277844,3.5078367222869318
0.3312460758431266,0.19874764550587595,9.74389879131585
0.5145949295821824,-3.161083138861978,3.684967408737492
0.5145500422977797,-3.0137931048869953,3.6903158199787853
0.5145129537753917,-2.8665721710343255,3.694734992862628
0.5145019295126775,-2.719510198852724,3.6960485561893606
0.5145083717437148,-2.5725418587185738,3.695280951257203
0.5145402687773359,-2.4256898385217265,3.691480354819859
0.5145738971605232,-2.2788272588537453,3.68747346456
0.5146085329460561,-2.131949636490804,3.683346540261496
0.5146795082721567,-1.9851923890497474,3.674889685786532
0.5147630538982222,-1.8384394782079363,3.6649350545016475
0.5149443214805922,-1.6919599134362315,3.64333665334798
0.5151273428928992,-1.5453820286786977,3.6215292797898826
0.5149953746458796,-1.3978445883245305,3.637253564857332
0.5148164815245457,-1.2502685979881825,3.6585690441486847
0.5149808901900852,-1.103530478978754,3.638979417227908
0.5154679431155812,-0.9572976086432223,3.580946070446373
0.46327758953967196,0.19854753837414513,9.79953285880557
0.46314380206111194,0.3308170014722228,9.815473909011551
0.46343030271005015,0.46343030271005015,9.78133677392293
0.6618818336033441,-3.4564940199285745,3.660892488921675
0.6617674136808226,-3.308837068404113,3.671496218428409
0.6616571064119718,-3.1612506195238654,3.6817188126737577
0.6615819565125702,-3.0138733574461534,3.6886832397433835
0.6615265369995852,-2.8666149936648693,3.693819176843654
0.661506986039481,-2.719528720384533,3.695631038694053
0.6614977293215609,-2.5724911695838477,3.696488893958957
0.6615387381770897,-2.4256420399826624,3.692688447307482
0.6615808572247885,-2.278778508218716,3.688785114924123
0.6616253870446895,-2.1319040249217776,3.684658367109506
0.6616988960970902,-1.9850966882912708,3.6778460035737126
0.6611810796091794,-1.8366141100254982,3.725834027432981
0.6610335628277455,-1.6893079938931275,3.7395049687652104
0.6611961634419007,-1.5427910480311016,3.724436151271412
0.6615994007950975,-1.3967098461229834,3.687066611718457
0.6625053794862515,-1.2513990501406973,3.603106119802696
0.6630722958266703,-1.1051204930444505,3.550567825821396
0.5959896096422544,0.19866320321408482,9.767375556585833
0.5943917501293156,0.33021763896073086,9.915455276372334
0.5952030519208239,0.4629357070495297,9.840268852925213
0.5948203905887177,0.5948203905887177,9.875731534326526
0.8091590300937839,-3.604435679508674,3.646308149422552
0.8090109947652272,-3.456683341269607,3.6575327833863014
0.8088697016631908,-3.3090124158948715,3.6682461946201173
0.8087348673795228,-3.1614181179381347,3.678469872269865
0.8086217013920403,-3.0139536142794228,3.687050572559606
0.8085539628259054,-2.866691322746392,3.6921867830676334
0.8085140449690519,-2.719547242168629,3.695213515511618
0.8084967213999584,-2.572489568090777,3.6965270581903553
0.808531414442563,-2.4255942433276894,3.6938964921753197
0.807549232930314,-2.2758205655308847,3.7683694444661455
0.807412150879931,-2.128632034138,3.7787635568280464
0.8074871114387924,-1.9820138189861267,3.773079745786859
0.8078192613672901,-1.8359528667438412,3.747894802403259
0.8090171143839898,-1.6915812391665241,3.6570687692804924
0.8093020365378546,-1.5450311606631768,3.6354648257051636
0.8095927468746189,-1.3983874718743419,3.61342199882408
0.8098864022847175,-1.2516426217127454,3.5911558646386155
0.8102891840854849,-1.1049397964802066,3.5606153286398623
0.7276362998894954,0.19844626360622603,9.827689412870804
0.7262114728909554,0.3300961240413434,9.935725526116272
0.7254270644753061,0.4616354046661039,9.995202526840309
0.7262377677858941,0.594194537279368,9.933731741432034
0.7257769611171443,0.7257769611171443,9.968671956279415
0.9563452291515302,-3.6046858637249986,3.642049583955142
0.9561562741183726,-3.4568726833510395,3.6541727097908137
0.9559915293929605,-3.3092014478987095,3.6647425316344453
0.9558282149614035,-3.1615856341031034,3.6752205875584494
0.9556692775617783,-3.014033875387147,3.6854178184204684
0.9545498858616046,-2.863649657584814,3.7572366327374738
0.9541625651632986,-2.715693454695542,3.7820866591477653
0.9539615390706072,-2.568357989805481,3.7949842495280066
0.954200386070711,-2.422200980025651,3.779660115582786
0.9548601028792101,-2.2769740914811933,3.737333484999361
0.955640224112756,-2.1318128076361478,3.6872818524849365
0.9557045481107642,-1.9849248306915872,3.6831549027600374
0.9558401040075081,-1.8381540461682848,3.6744578007748174
0.9560041544624006,-1.6913919655873242,3.663932522485972
0.9563408052788395,-1.5448582239119715,3.642333414263412
0.9566811698314757,-1.3982263251383107,3.6204960372290103
0.9570281371373709,-1.2514983331796388,3.598235035550786
0.8590242024176657,0.19823635440407672,9.886048665827353
0.858474174800379,0.3301823749232227,9.921337770891306
0.856417479901,0.46114787379284616,10.053292822069835
0.8563704372437884,0.5928718411687766,10.056311021921353
0.8568465172717975,0.7250239761530594,10.025766304530372
1.1021220738556714,-3.60026544126186,3.7172927736712467
1.1017289096463119,-3.452083916891777,3.7391543874666766
1.1013736315316824,-3.3041208945950475,3.7589093721450837
1.1012325926089117,-3.1568667654788802,3.766751740260837
1.1012060479358086,-3.00996319769121,3.768227737764917
1.101517013650016,-2.8639442354900417,3.7509367123211277
1.1025399398932263,-2.719598518403292,3.6940576324407317
1.10251054650633,-2.57252460851477,3.695692030631534
1.1024993889402022,-2.425498655668445,3.6963124390913507
1.1025677374274563,-2.2786399906834096,3.692511970492532
1.1026382078887926,-2.1317672019183322,3.6885935110472303
1.1027124247125382,-1.9848823644825686,3.6844667378078952
1.1028392598684693,-1.8380654331141155,3.6774141599571095
1.10300654745822,-1.691276706102604,3.668112253545395
1.1033466613359793,-1.5446853258703708,3.6492004653789465
1.1037356964776115,-1.3980652155383078,3.627568445432196
0.9895130418261613,0.32983768060872043,9.978837211087594
0.9888856977180075,0.4614799922684035,10.013720230148856
0.9863083261587395,0.5917849956952437,10.157033126630026
0.9876768951413725,0.7242963897703398,10.080934830196924
1.2501971017265494,-3.603509293211819,3.662076836797098
1.250505822373869,-3.4572808030336373,3.6469301984646094
1.2502797153908198,-3.3095639525051115,3.6580235954447886
1.2500616798799837,-3.1619207196964294,3.6687209849940388
1.2498533028603585,-3.0143520833690998,3.678944503830472
1.2496832226757548,-2.866920334373791,3.687289080281971
1.2495785366044148,-2.7196709326096085,3.692425251363524
1.2495204626983019,-2.5725421290847392,3.6952745083214964
1.2494936899659619,-2.4254877511103965,3.6965880482400166
1.2495521464230332,-2.2785950905361196,3.693720022336514
1.2496299023648212,-2.131721598151754,3.689905113490312
1.249714011168147,-1.9848399000905865,3.685778516725186
1.2498242434476172,-1.8379768285994371,3.680370234240044
1.2500138177721987,-1.6911951652212098,3.671069224552191
1.2503196157586407,-1.5445124665253798,3.6560659795678987
1.1196091336625513,0.46101552562575643,10.069062375386437
1.1175064101128849,0.5916210406479979,10.17222746459099
1.1164360834253597,0.7223998186869974,10.224740477161795
1.397721162485668,-3.457520770359284,3.642671726873999
1.3974479879391464,-3.309745234592715,3.654663575303182
1.3972072109657867,-3.1621005300804645,3.665233231248557
1.3969688855251734,-3.014511805606953,3.6756952695205882
1.3967419721671646,-2.8669966797115487,3.6856563388458454
1.3966249638587716,-2.7197433506723447,3.690792783353835
1.3965323813712376,-2.572559649894385,3.6948569802998605
1.3965024584975432,-2.4255042700220484,3.696170538134872
1.396530762935727,-2.2785501921582916,3.6949280265725903
1.3966173415983534,-2.131679100334329,3.6911273862397493
1.3967093078812949,-1.9847974375155244,3.687090239515527
1.3968033204645118,-1.8378991058743577,3.6829632640607173
1.3970069135582033,-1.6911136322020357,3.6740259104460975
1.5446323837191047,-3.3099265365409383,3.6513031870497414
1.544366232647525,-3.162273714468742,3.6618740009009088
1.5441000595174623,-3.0146715447721886,3.672445690856449
1.5438426838829684,-2.867136412925513,3.6826679676480296
1.5436792222818376,-2.7198157725918093,3.6891602284047167
1.5435499120820395,-2.572583186803399,3.694296086182824
1.5435132294646328,-2.4255207891587087,3.695753022342714
1.5435035873079432,-2.278505295549821,3.6961359832035754
1.5435992757428807,-2.131637095073502,3.6923354926497325
1.5436983152556512,-1.9847549767572656,3.6884019061824915
1.6907413124992197,-2.71988819836831,3.687527586509219
1.690599679499845,-2.5726516861954165,3.6926637178042867
1.6905260029081437,-2.42553730852038,3.6953355008634787
0.0,0.0,65.0
