-0.5525653098028757,0.7049971194036689,1.2218209277461511
-0.5524342183843071,0.7429287764478613,1.2333931357301324
-0.5523060053692893,0.7808464213841676,1.2447112501592912
-0.5147613275691892,0.6291527336956758,1.193000052699091
-0.5146391326826972,0.6671248016257186,1.2045859382331514
-0.5145169957960812,0.7050788460909262,1.2161663245197047
-0.5143949168700079,0.7430148799233448,1.227741215288134
-0.5142736154533853,0.7809340086514369,1.2392423866419833
-0.5141555460564612,0.8188403140899198,1.250437114646644
-0.5134789900028047,0.8557983166713412,1.3145846515859176
-0.5132841955759252,0.8934947108173513,1.3330540490974627
-0.5144389161429216,0.9336113663334503,1.2235694323748376
-0.47691264551222184,0.5532186687941774,1.1641450995484774
-0.4767993682932012,0.5912312166835695,1.1757446867761985
-0.4766861448730527,0.6292257112324295,1.187338764999403
-0.47657297521345954,0.6672021652988434,1.1989273381417433
-0.47645985927614093,0.7051605917286886,1.2105104101231632
-0.4763467970253018,0.7431010033594708,1.2220879846090966
-0.47583083994969955,0.7803625775175073,1.2749219891507693
-0.47547090292933186,0.8178099530384508,1.3117795400364187
-0.47521150300057413,0.8553807054010335,1.3383420927412075
-0.4749523859561424,0.8929104855975477,1.3648756780910176
-0.47576915095869043,0.9325075358790332,1.2812389418300967
-0.43892173207546836,0.5152559463494628,1.1461028646435238
-0.43881055716528894,0.5532828764257991,1.158477115515666
-0.4387063179344599,0.5912998198247068,1.170079395120979
-0.43860212821582484,0.629298705700966,1.1816761638038429
-0.43849798797411554,0.6672795469171323,1.1932674254897435
-0.4379259574631298,0.7044895837450349,1.2569369084516424
-0.43769117114990086,0.7421719858628754,1.2830696459240798
-0.4374566364548904,0.7798140041152395,1.3091743771948074
-0.4372197603436555,0.8174108562946603,1.3355397182713915
-0.4370971802899273,0.8551901353498578,1.3491834112080952
-0.4369983674833498,0.8929966639877148,1.360181706201061
-0.4371907181174494,0.9314063125110879,1.338772244318676
-0.4381741375734097,0.9716035224453867,1.2293133831335297
-0.40080464618897677,0.5153202593858273,1.1400050360104501
-0.40070225437069046,0.5533507322261916,1.1524870862396384
-0.4006044263437117,0.5913684388883363,1.1644127885760938
-0.4000715120509062,0.628683804651424,1.2293775785561962
-0.39985689952561326,0.6664281658760222,1.2555398673538107
-0.39964251712838705,0.7041320539881105,1.2816741024442493
-0.39942836448927804,0.7417955340515163,1.307780328926107
-0.39932028026197186,0.7796253090828974,1.320956310921531
-0.3992265006975504,0.8174637871426033,1.332388486393853
-0.39913621801461524,0.855291895745604,1.3433943753611928
-0.3990459761562241,0.8931028990163111,1.3543952876222036
-0.39906602199125857,0.9311540513129367,1.351951604875147
-0.3995990798050567,0.9704549080979948,1.2869693190026155
-0.36277075446338924,0.4773299400834069,1.1214141354591334
-0.3626780437444814,0.5153845884789999,1.1339056849540796
-0.36217706656208465,0.5527965752789713,1.2014057684770165
-0.36197984367692065,0.5905986923149757,1.2279789572149014
-0.36178565930575785,0.628364566162632,1.2541427461715742
-0.3615894075975973,0.6660857508376792,1.2805850815868922
-0.36150322297141707,0.7039799605232858,1.2921973259564368
-0.36141707941955836,0.7418561103875145,1.30380403610161
-0.3613309769126652,0.7797142133378564,1.3154052159777407
-0.36124792437441067,0.8175610920052452,1.3265954527109827
-0.36125482882906673,0.8556035419635791,1.3256651682941651
-0.36128854817188727,0.8937137770567738,1.3211219305246615
-0.3613222738099883,0.9318311271941804,1.316577844548945
-0.324739993615932,0.43935410900979033,1.0979774319537725
-0.32424020048396257,0.4768238242411214,1.173240397709172
-0.3240629598244025,0.5146882303093452,1.1999307558546803
-0.323885912830456,0.552511263063719,1.2265919502372213
-0.32371865932103244,0.5903104964089415,1.2517783610680553
-0.3236414555547589,0.628245178429826,1.2634043399892576
-0.3235642886044067,0.6661617706561315,1.2750247748658126
-0.3234871584436479,0.7040602860244102,1.286639669662435
-0.3234100650461792,0.7419407374588818,1.2982490283400736
-0.32341998626079455,0.7800129080407397,1.2967550101391794
-0.32343906563962693,0.8181105777943505,1.2938818801502947
-0.3234631626353804,0.8562260187407128,1.2902531560838923
-0.32376044387742237,0.8951024036611088,1.2454860984587555
-0.2866029575570835,0.3630304129056391,1.086428576924419
-0.2862595166283954,0.40076332327975356,1.145042495420519
-0.2861029471764473,0.43869118567055254,1.1717636818863255
-0.28594654890198856,0.4765775815033143,1.1984556540606164
-0.2858142870393167,0.5144657166707701,1.2210283452899446
-0.28574023612517235,0.5524311231753333,1.233666367970585
-0.2856667296289877,0.5903779078999079,1.2462114766527677
-0.28559859310133817,0.628316904822944,1.2578401107049473
-0.28553006888194365,0.6662368273912019,1.2695349108149472
-0.28554692245156593,0.7043490753805293,1.266658568266081
-0.28556377801088806,0.7424658228283089,1.2637818861417713
-0.28558063556026253,0.7805870705313842,1.2609048643818639
-0.2858380800549212,0.8194024961574407,1.2169676706267865
-0.28577026066090144,0.8573107819827043,1.2285421805394847
-0.2857030229954371,0.8952028053857028,1.2400174087787406
-0.24852687944334798,0.2867617839730938,1.059322201925319
-0.2482449923198215,0.3246280668797666,1.1148322816351524
-0.2480990886895349,0.36260636039239713,1.1435640734454324
-0.24796338695406867,0.40055624046426475,1.1702868767372507
-0.24786327772835326,0.43852733751939427,1.1900006934935092
-0.24779901860920417,0.47653657424846957,1.2026547969567147
-0.24773479280006533,0.5145261081232126,1.2153023409102133
-0.24767060027504303,0.5524959544597114,1.2279433304530656
-0.24761701688137,0.5904713479478823,1.2384951372071384
-0.24762702195732744,0.6285916711224466,1.2365249068647515
-0.24764164818040013,0.6667275143318465,1.233644666013511
-0.2476562761313863,0.7048678628354841,1.2307640848962365
-0.2478727211795607,0.743618163538682,1.188141060024975
-0.24781387489497786,0.7815668362072379,1.1997292514505133
-0.24775505654459667,0.8194974947244352,1.2113119419871126
-0.24769626610853157,0.8574101519141477,1.2228891355507088
-0.24763750356691555,0.8953048205880794,1.2344608360535503
-0.2104143535417542,0.2104143535417542,1.0308413575553885
-0.2102034749826441,0.2484222886158521,1.0799185494937333
-0.2100762029430629,0.28646754946781305,1.1095382241599054
-0.20994908492919875,0.3244667676178526,1.1391220528410173
-0.20986237106806788,0.3624895500266627,1.1593027332496533
-0.20980951509812648,0.40054543791460506,1.171603758981476
-0.20975510100746425,0.4385788475610616,1.184267401899234
-0.20970071513406902,0.4765925343956114,1.1969244778893966
-0.20966786444471294,0.5146393036370227,1.2045697292304425
-0.20967364729821739,0.5527759792407549,1.2032239015057726
-0.20967943047072457,0.5909147585993147,1.2018779995404643
-0.20968521396226095,0.6290556418867829,1.200532023328357
-0.20986246720220963,0.6677442138252125,1.1592803602130246
-0.20981261529659903,0.7057333423612877,1.1708822582460385
-0.20976278707262572,0.7437044268938549,1.1824786449161948
-0.20971298251082873,0.7816574802676344,1.1940695247525852
-0.2096632015938889,0.8195925153215656,1.2056549017858558
-0.20961344430497197,0.8575095448839762,1.217234779933797
-0.1722726556584722,0.1339898432899228,0.9980001682568016
-0.17210758039097232,0.17210758039097232,1.0449549110123186
-0.17200329986640878,0.21022625539227738,1.0746169268881687
-0.17189914563312092,0.248298765914508,1.1042430199122677
-0.1718322042228564,0.286387007038094,1.1232841321652955
-0.17178117556112288,0.3244755538376765,1.1377989515028304
-0.1717301771981483,0.3625414851960908,1.1523051525267078
-0.17168250183588712,0.40059250428373666,1.165866144458775
-0.17166586963446842,0.4387016668436415,1.170597081751204
-0.17167060765073044,0.47686279902980677,1.1692493793477894
-0.1716753459285403,0.515026037785621,1.1679016025485325
-0.17174794355038484,0.5534100403290177,1.1472516123349834
-0.1718142848001104,0.5918047587559359,1.1283812124130392
-0.17177038171324824,0.6298247329485769,1.1408692015649393
-0.17172650105745044,0.667825281890085,1.1533508103252075
-0.17168478806935022,0.7058152398406621,1.1652158380514948
-0.17164401006122182,0.7437907102652945,1.176814915919131
-0.1716032514195632,0.781748145355788,1.1884084851020233
-0.13414880251747127,0.057492343936059113,0.9398665078962267
-0.13397621963978493,0.09569729974270352,1.002982531735796
-0.13387907702605642,0.13387907702605642,1.0385089733279358
-0.13379484410728207,0.17202194242364838,1.0693141550511314
-0.13374584805404616,0.21017204694207256,1.0872327116631197
-0.13370610053295442,0.24831132956120108,1.101768947948095
-0.13366637662973316,0.28642794992085674,1.116296546840445
-0.13362667632333808,0.32452192821382103,1.1308155160363569
-0.13361360497946398,0.36266549922997365,1.1355958932245969
-0.13361503667158525,0.40084511001475576,1.1350723029631098
-0.1336183027279918,0.4390315661062587,1.1338778594772876
-0.13372188031666699,0.4775781439880964,1.095998055618928
-0.13358172518082137,0.6679086259041068,1.1472547910139
-0.1335481106570852,0.7058971563303074,1.1595481025517032
-0.09246958512226801,-0.018493917024453604,2.65557241739878
-0.09246961991484115,0.01849392398296823,2.655554603601331
-0.09572241612538082,0.05743344967522849,0.9901229438050194
-0.0956529921301282,0.0956529921301282,1.0256680293743585
-0.09560642033134469,0.13384898846388257,1.0495127903515211
-0.09557483248128026,0.17203469846630448,1.0656857695845048
-0.09554641637944188,0.21020211603477212,1.0802348137257596
-0.09551801716980862,0.24834684464150242,1.0947752090579854
-0.09551100025236194,0.2865330007570858,1.098367870790689
-0.095512024448414,0.3247408831246076,1.0978434824120313
-0.0955130486664319,0.3629495849324412,1.0973190827868677
-0.09561048698178218,0.40156404532348516,1.047430665327525
-0.057545538651312046,-0.09590923108552007,0.8944736842137218
-0.055481708772857685,-0.055481708772857685,2.6556085138281063
-0.055481729648369726,-0.01849390988278991,2.6555907000578287
-0.05548175052389749,0.01849391684129916,2.6555728862741432
-0.05548177139944095,0.05548177139944095,2.655555072477057
-0.05739692633292629,0.09566154388821049,1.0212895292362276
-0.057375224174387264,0.13387552307357029,1.0398087045228621
-0.05736679167525944,0.1721003750257783,1.0470044371119513
-0.05735029326593117,0.21028440864174763,1.0610830797387365
-0.057350908720996116,0.24852060445764984,1.06055789141665
-0.057351524189270725,0.2867576209463536,1.0600326918223146
-0.05741849055170784,0.3253714464596778,1.0028880625426382
-0.01917319093598994,-0.17255871842390946,0.9166312038657551
-0.019164366635359243,-0.1341505664475147,0.9392214134803396
-0.01849388882413969,-0.09246944412069845,2.655644610202394
-0.018493895782633094,-0.05548168734789929,2.6556267964592735
-0.018493902741131735,-0.018493902741131735,2.655608982702759
-0.018493909699635616,0.018493909699635616,2.6555911689328227
-0.018493916658144725,0.05548174997443418,2.6555733551494995
-0.018493923616659077,0.09246961808329539,2.6555555413527614
-0.01913317942210811,0.13393225595475675,1.0190606794032462
-0.01913257322225898,0.1721931590003308,1.0206125510170168
-0.019131368541671308,0.21044505395838436,1.0236965333214556
-0.019155979231368032,0.24902773000778441,0.9606931676978405
0.01915572711786761,-0.2107129982965437,0.9613385782589248
0.019146469284909016,-0.17231822356418114,0.9850386306329142
0.01914795606931218,-0.1340356924851853,0.9812324625608113
0.01849388168249778,-0.09246940841248891,2.6556628928056796
0.01849388864098581,-0.05548166592295743,2.655645079076322
0.018493895599479077,-0.018493895599479077,2.655627265333564
0.01849390255797758,0.01849390255797758,2.655609451577398
0.01849390951648132,0.055481728549443964,2.6555916378078166
0.018493916474990296,0.09246958237495148,2.6555738240248417
0.019149647454597598,0.13404753218218318,0.9769025162301475
0.019172754425598813,0.17255478983038933,0.9177486704670414
0.05744075874722806,-0.2872037937361403,0.9838858690320578
0.05741510474270266,-0.24879878721837817,1.0057772862270653
0.05741300765674307,-0.21051436140805793,1.0075667995792443
0.057417463910616626,-0.1722523917318499,1.0037641296071413
0.05742192085631041,-0.13398448199805763,0.9999608692817787
0.05743101270200718,-0.0957183545033453,0.9922024942872056
0.05548164449803212,-0.05548164449803212,2.6556633616792524
0.0554816653734958,-0.018493888457831936,2.6556455479502503
0.05548168624897519,0.018493895416325064,2.6556277342078403
0.05548170712447028,0.05548170712447028,2.6556099204520294
0.057561256695431696,0.09593542782571948,0.8810609532316249
0.09569037680641078,-0.36362343186436097,1.0065270751176811
0.0956476596140388,-0.32520204268773195,1.0283982776121334
0.09564089306192618,-0.2869226791857785,1.0318627522937973
0.0956469772526396,-0.24868214085686297,1.028747646648526
0.09565306221749324,-0.21043673687848516,1.0256321446434598
0.09566248078787157,-0.17219246541816882,1.0208098366097573
0.09569720841440252,-0.1339760917801635,1.0030292918259107
0.09573196126390493,-0.09573196126390493,0.9852358328806758
0.09576673936386827,-0.05746004361832096,0.9674294456994446
0.09246940658095153,-0.018493881316190307,2.655663830552818
0.0924694413733903,0.01849388827467806,2.6556460168241642
0.13390467514839344,-0.439972504059007,1.0291473743018287
0.1338449262771184,-0.40153477883135513,1.0509983900824196
0.13383133935869426,-0.3632564925450273,1.0559673202489606
0.13383984884164962,-0.3250396329011491,1.052855280768135
0.13384835940680156,-0.28681791301457477,1.0497428455125757
0.13385687105435642,-0.24859133195809052,1.0466300144067873
0.13390202795657738,-0.210417472503193,1.03011549016599
0.1339468462062012,-0.17221737369368725,1.0137248160178487
0.13399513282846717,-0.13399513282846717,0.9960657084462881
0.13407595230248398,-0.09576853735891712,0.966508872234435
0.13419696609994428,-0.05751298547140468,0.9222523977346668
0.17200860768159582,-0.7835947683272698,1.0731071483460823
0.1720313768270689,-0.7454692995839652,1.06663059141151
0.1720561310869365,-0.7073418722462945,1.0595893797158453
0.17208748285562123,-0.6692290999940825,1.0506715432899654
0.17211884605211775,-0.6311024355244317,1.0417504562865076
0.17206781179471428,-0.5162034353841428,1.0562668672812734
0.17199976230290964,-0.4777771175080823,1.0756231671723668
0.17198352579697448,-0.43951345481449033,1.080241551082814
0.17199513565632676,-0.40132198319809576,1.0769391910892736
0.17200606704589222,-0.36312391931910576,1.0738298180573267
0.17201457550055615,-0.3249164203899394,1.071409635397366
0.1720721018064421,-0.28678683634407015,1.0550465972786895
0.17212966660189144,-0.2486317406471765,1.038672611017546
0.17218726992554578,-0.21045110768677816,1.0222876656225353
0.17227008294192384,-0.17227008294192384,0.9987319631861098
0.17242274097019633,-0.1341065763101527,0.9553092351441563
0.21016372510821185,-0.859760693624503,1.0891694293616112
0.21019153579356395,-0.8216578217384772,1.082697124406934
0.21021935384019197,-0.7835448643134427,1.0762231062825975
0.21024717925101896,-0.7454218173445217,1.0697473743083137
0.2102750120289696,-0.7072886768247159,1.0632699278034394
0.210310704656763,-0.6691704239078823,1.0549632798806101
0.2102697416170893,-0.630809224851268,1.0644964963864822
0.21018659797784153,-0.5923440488466443,1.0838462887932465
0.2101035200649539,-0.5539092801712421,1.103180784883456
0.210102144267091,-0.5157052632010416,1.1035009705679144
0.21011526588216697,-0.47753469518674313,1.100447212877505
0.21012838913632698,-0.43935935910322915,1.0973930737275381
0.21014151402987818,-0.4011792540570402,1.0943385530465335
0.21020332982383794,-0.36307847878662913,1.07995233190681
0.21027361519974258,-0.32496831439960217,1.063595008059906
0.2103439475938026,-0.28683265580973083,1.047226741805943
0.2104381770768141,-0.24869966381805303,1.0252969712141748
0.21061628479458397,-0.21061628479458397,0.9838464478059166
0.24829379875818522,-0.9358766260885444,1.1052211676189074
0.24832664436095422,-0.8977963296126806,1.0987531104582473
0.24835949865484927,-0.8597059568821706,1.0922833418143014
0.2483923616433204,-0.8216055038971367,1.0858118610076772
0.24842523332981953,-0.7834949666555847,1.0793386673586127
0.24845811371780036,-0.7453743411534011,1.072863760187012
0.24836224367596316,-0.7068771550777413,1.0917427838103322
0.24826308120706522,-0.668400603249791,1.111270162301004
0.24816904146516408,-0.6299675667961857,1.1297887576292283
0.24818453215822797,-0.591824653608082,1.1267382826874197
0.24820002478526837,-0.5536769783671371,1.1236874269010002
0.24821551934664757,-0.5155245401814988,1.1206361901986313
0.24823024232862612,-0.4773658506319733,1.1177368952859368
0.2483061766976777,-0.4393109280035836,1.1027836656880865
0.2483821575380434,-0.4012327160229932,1.0878212848160658
0.2484617868619369,-0.3631364577212924,1.0721404333416586
0.2485649095742777,-0.325046420212517,1.0518331915268533
0.24877517237601265,-0.28704827581847614,1.0104275936467388
0.286474724214569,-0.9358174324342586,1.1083137340468951
0.2865125050618507,-0.8977391825271324,1.1018658027774748
0.28655040903634454,-0.8596512271090336,1.0953968577971978
0.2865883230411257,-0.8215531927178936,1.0889262009812128
0.2864213313647042,-0.7828849723968582,1.1174261137571477
0.28630703324537743,-0.7443982864379813,1.1369329927889211
0.28623280534451684,-0.7060409198498082,1.1496012212024596
0.28623941689848936,-0.6678919727631418,1.1484728493244845
0.2862486002289373,-0.629746920503662,1.1469055609280332
0.28626646158669244,-0.591617353945831,1.143857222537818
0.28629665657821823,-0.5535068693845553,1.1387039439840905
0.2863841979998406,-0.5154915563997131,1.1237635413605318
0.2864717929732201,-0.4774529882887002,1.1088139992370998
0.2865594415475105,-0.43939114370618276,1.093855309224871
0.28666413984722916,-0.4013297957861208,1.0759867994062233
0.28689269574877024,-0.36339741461510894,1.0369799255432142
0.3246541452346274,-0.9357678303821613,1.110905188197286
0.32456997314175984,-0.8973405139801596,1.1235805151232228
0.324440467882717,-0.8588130032189568,1.143082483543786
0.3243110659291196,-0.8203162255854202,1.1625688953796356
0.32427747109735616,-0.7820809597053884,1.1676278818098993
0.3242849586626462,-0.7439478463437178,1.1665003425662164
0.32429244657372,-0.705812971954567,1.1653727512515815
0.3242999348306014,-0.667676336415944,1.164245107862385
0.32433426425565715,-0.6295900423786286,1.159075500324569
0.3244295577480353,-0.5916068405993585,1.1447254214723301
0.3245287469035717,-0.5536078623649164,1.1297887015797912
0.3246279967286569,-0.5155856418631609,1.1148428455669617
0.32477459759762395,-0.477609702349447,1.0927664794166319
0.3250234300428156,-0.43973758182263284,1.0552952406113008
0.3626205333556167,-0.9733498526913923,1.14165445313796
0.36245135070889833,-0.9347429570913693,1.1644495886958026
0.3622921957144653,-0.8961964841357826,1.185893630050991
0.36229406889951826,-0.8580649000251749,1.1856412430122774
0.3623024311819724,-0.8199476074118323,1.1845145354816111
0.3623107938504631,-0.7818285551509994,1.1833877759375966
0.36231915690501715,-0.7437077431208247,1.1822609643766384
0.3623873678517786,-0.7057017163429372,1.173070436812992
0.3624771291539193,-0.6677210273887987,1.1609762824192984
0.362566934933811,-0.6297215185692506,1.1488761352338912
0.3626638925182148,-0.5917147720034031,1.1358123764931705
0.36285892249448426,-0.5538373027547392,1.1095346533747517
0.363136838603071,-0.5160365601201535,1.0720891145335898
0.4004602397005099,-1.0106853668631917,1.1819898269854576
0.4003116205393909,-0.9721853641670922,1.2001072104361583
0.40030750233658513,-0.9340508387853653,1.2006092389686671
0.4003033842185104,-0.8959170980128567,1.2011112571720588
0.40030110164222293,-0.8577880749476205,1.2013895140909199
0.40031956619058917,-0.8197019688664445,1.199138597718651
0.40041867013191534,-0.7817697845432633,1.1870573553474628
0.40051782315414636,-0.743818814429129,1.1749701297802488
0.4006170252937518,-0.7058490445651817,1.1628769165712072
0.4007162765872377,-0.6678604609787294,1.1507777112700737
0.4009477040421221,-0.6300606777804776,1.1225656024841655
0.40122410124067404,-0.5922831970695664,1.0888714678035498
0.40154571010447376,-0.5545155044299876,1.0496658158355743
0.4016188939037926,-0.5163671493048761,1.0407443622043289
0.4394330129118739,-1.012606508014318,1.0891950845914238
0.4382998955087194,-0.9718823769975952,1.2153159781599285
0.4382953879070622,-0.9337597394541759,1.2158176938226433
0.4383292677492775,-0.8957163297485236,1.2120467200804157
0.4384309575707255,-0.8577996995948977,1.2007282008235975
0.43853672379576936,-0.819873005357308,1.1889559601230602
0.4386453115142843,-0.78193294661242,1.1768696749318295
0.43878036732325754,-0.7440188837220454,1.1618373761939438
0.4390753897240913,-0.7063386704257122,1.12900010027505
0.4393708091197984,-0.6686077530083889,1.0961186371006946
0.4396142994716881,-0.6307509514159003,1.06901710228167
0.43967249701737465,-0.592602061197331,1.0625394624139517
0.43974959853050216,-0.5544668851036767,1.0539577287788902
0.47632323431892043,-0.9716993980105977,1.2245008057425437
0.47643371030304776,-0.9338100721939736,1.213188064967909
0.47654423754553743,-0.8959031665856103,1.20187007533697
0.4766548160820719,-0.8579786689477295,1.1905468331958389
0.47687244590910094,-0.8202206069636536,1.1682615389080695
0.4771930380454818,-0.7825965823945902,1.135432904142661
0.4776215454851041,-0.7450896109567624,1.0915537423253383
0.4776847454255572,-0.7069734232298247,1.0850820684229348
0.477747962093736,-0.6688471469312304,1.0786086816014375
0.4778111954962823,-0.6307107780550927,1.0721335811806867
0.477874445639842,-0.5925643125934041,1.0656567664801742
0.4779467881917235,-0.5544182743023992,1.0582488891675155
0.5156689975611224,-0.9740414398376755,1.1069394905009915
0.5146557339050172,-0.9340048504202163,1.2030118964131873
0.5149311885037641,-0.8963616985065522,1.1768947196431156
0.5152863193157953,-0.8588105321929921,1.1432230574653417
0.5156619899495747,-0.8212394654752486,1.1076039158921773
0.5157302010908625,-0.7831458609157542,1.1011364891626627
0.5157984302803116,-0.7450421770715612,1.094667351200087
0.5158666775250856,-0.7069284099417841,1.0881965013252142
0.5159349428323529,-0.6688045555234203,1.0817239388583957
0.5160032262092846,-0.6306706098113478,1.0752496631196848
0.5160715276630566,-0.5925265687983242,1.0687736734287085
0.5533512724902614,-0.9349728397249244,1.1524393939631352
0.5537676584415469,-0.8592946424092969,1.1156825651600002
0.5538286555135186,-0.821194213347631,1.1102979960480184
0.5538971806779733,-0.7830960140619623,1.1042488780823518
0.5539704545522548,-0.7449947492254461,1.0977805636630222
0.5540437478155896,-0.7068834023854075,1.0913105376582877
0.5541170604756747,-0.6687619695396074,1.084838799388713
0.5920593019548755,-0.7830461735532226,1.1073608708231788
0.5921376192291073,-0.7449473274172641,1.100893379789838
0.0,0.0,50.0
