-1.0094331320324144,1.2379840298510743,1.24247513201923
-1.0095421155781874,1.2762136178063879,1.2372110211290632
-1.0096511226593397,1.3144514615753669,1.231945773435669
-1.0097601532834957,1.3526975638326075,1.2266793885707727
-1.0098698722295858,1.3909528428822595,1.2213797564577433
-1.0099782314976795,1.429214478534452,1.2161457993573705
-1.010086614022217,1.4674843260322779,1.2109107189268684
-1.0101950198106866,1.5057623880197026,1.2056745148045707
-0.9709277738978012,1.0851545708269543,1.263233310228017
-0.9709774620255356,1.1232876521471882,1.2607391610711574
-0.9710822544281521,1.1614905396101427,1.2554789934103994
-0.9711870694525769,1.199701674029654,1.250217690223586
-0.9712919071061358,1.2379210580764475,1.24495525114299
-0.9713967673961578,1.2761486944224034,1.2396916758007066
-0.9715016503299755,1.314384585740555,1.2344269638286818
-0.9716065559149238,1.35262873470509,1.2291611148587265
-0.9717124495044791,1.3908825257613133,1.2238456719320254
-0.9718167092009001,1.4291422194130885,1.2186122440332454
-0.9719209912727693,1.467410124078495,1.213377692974717
-0.9720252957272902,1.5056862424010966,1.2081420183948453
-0.9721296225716702,1.5439705770255938,1.20290521993185
-0.9722339718131189,1.582263130597821,1.1976672972238376
-0.9723383434588496,1.6205639057647494,1.1924282499087226
-0.9724448360981697,1.6588764851086424,1.1870827370330517
-0.9328004088570644,1.0089473810086615,1.265937822977861
-0.9328213558056758,1.0470443789655544,1.2648434517851044
-0.9328423036950769,1.0851430879718242,1.2637490314408808
-0.9328632525249698,1.1232435081423104,1.2626545619607654
-0.9329531516791248,1.1614314745393186,1.257957789825312
-0.9330538460679135,1.1996406592301745,1.2526970217579887
-0.9331545621951021,1.2378580927077885,1.247435117970177
-0.9332553000677309,1.2760837776436322,1.2421720780940575
-0.9333560596928433,1.3143177167103304,1.2369079017616613
-0.9334568410774856,1.352559912581663,1.231642588604828
-0.9335576442502643,1.3908103679646795,1.2263761371290514
-0.9336590454973597,1.4290699675979996,1.2210784393216159
-0.9337592279452406,1.4673359296282351,1.2158444175547771
-0.9338594318947607,1.5056101044833898,1.2106092724369901
-0.9339596573528427,1.5438924948077604,1.2053730036065886
-0.9340599043264126,1.5821831032467806,1.2001356107017074
-0.9341601728223994,1.6204819324470194,1.1948970933603604
-0.934260462875731,1.6587889851058897,1.189657449757732
-0.9343701094016972,1.6971212191173684,1.183928978197045
-0.934022215973547,1.772736042562038,1.2021046348514233
-0.8946772751279248,0.9327486485376237,1.2686420355853727
-0.8946973648693052,0.970841821453927,1.2675477858420976
-0.8947174555129256,1.0089367051528735,1.266453486955541
-0.8947375470588464,1.0470332997497138,1.2653591389224061
-0.8947576395071288,1.0851316053597093,1.2642647417393675
-0.894777732857651,1.1232316220979024,1.2631702954130475
-0.8948279266777983,1.1613724154754403,1.260436334145453
-0.8949245012685736,1.1995796506365988,1.2551761011159925
-0.8950210967072865,1.2377951337441195,1.2499147325392954
-0.8951177130006879,1.2760188674690658,1.2446522280476415
-0.8952143501555326,1.3142508544836542,1.239388587273119
-0.8953110081785782,1.3524910974612565,1.2341238098476524
-0.8954076870933012,1.3907395991023614,1.2288578944925277
-0.8955052398018614,1.4289977230880766,1.2235443852603183
-0.8956013234542464,1.4672617426803611,1.2183108927048778
-0.8956974277275245,1.5055339742654135,1.2130762769688772
-0.8957935526283347,1.54381442048713,1.207840537690707
-0.895889698163319,1.582103083990542,1.2026036745085875
-0.8959858643391218,1.620399967421816,1.1973656870606035
-0.8960820511885942,1.6587050734767594,1.1921265735574238
-0.8959323963921539,1.6965528357213127,1.2002779837465098
-0.8951801438695696,1.733221129619805,1.241251738168124
-0.8950006321087947,1.7709586975769767,1.2510294000316122
-0.8948211923290881,1.8086811334311355,1.2608031412241374
-0.8565776047303152,0.8946477204961071,1.270251819786509
-0.8565968383182876,0.9327387795021355,1.2691576423374187
-0.8566160727700212,0.9708315491393573,1.268063415749907
-0.8566353080855739,1.0089260295230094,1.2669691400206844
-0.8566545442650042,1.0470222207683384,1.2658748151464252
-0.8566737813083701,1.0851201229906022,1.2647804411238326
-0.8566930192157299,1.1232197363050682,1.2636860179495812
-0.8567122579860025,1.16132106082547,1.26259154568519
-0.8567990344628428,1.1995186482479798,1.257654928336052
-0.8568915100507821,1.237732181184463,1.2523940948888352
-0.8569840056029305,1.2759539638976967,1.2471321256999488
-0.8570765211257536,1.314183999059489,1.2418690204015732
-0.8571690566257197,1.3524222893428022,1.2366047786257184
-0.8572616121215142,1.3906688374415674,1.2313393993094195
-0.8573541876271097,1.4289236460451828,1.2260728816577569
-0.8574472772145202,1.4671875632337346,1.2207771184628484
-0.8575392826401267,1.5054578517460002,1.21554303202835
-0.8576313078125024,1.5437363540625044,1.2103078222220844
-0.8577233527380054,1.5820230728278766,1.2050714886823641
-0.8569203286366123,1.618627287424712,1.250754637561613
-0.8567951690979179,1.6564706602559744,1.2578748246517861
-0.856670046114833,1.6943029800937808,1.2649929321339428
-0.8565283822217179,1.732090728492807,1.2730520336089413
-0.8565224971736807,1.77014649415894,1.273386827452832
-0.8566242040156754,1.8084288751442035,1.2676008382193586
-0.8567259350146774,1.8467203488094157,1.2618134747205758
-0.8186054490459852,0.8566801210946356,1.2644197777273902
-0.8185278476346002,0.8946699729959584,1.269039768730778
-0.8185172073274666,0.9327289106754852,1.2696732381787328
-0.8185355865257465,0.9708212770421645,1.2685790347462529
-0.8185539665494276,1.0089153541190619,1.267484782173618
-0.8185723473985652,1.0470111420214205,1.2663904804575168
-0.8185907290732153,1.0851086408644948,1.2652961295946241
-0.8186091115734334,1.1232078507635481,1.264201729581636
-0.8186274948983364,1.161308771832524,1.2631072804711323
-0.8186774450591262,1.1994576520633708,1.2601335034566716
-0.8187658016338035,1.2376692350278427,1.2548732050572795
-0.8188541772824812,1.2758890669285172,1.2496117710894907
-0.8189425720113364,1.3141171504367954,1.2443492011855568
-0.8190309858265487,1.3523534882252315,1.2390854949775658
-0.8191194187423496,1.3905980829811981,1.2338206516182595
-0.8192078707793299,1.428850937405808,1.2285546698817527
-0.8192970886409137,1.4671133912872176,1.2232430948665325
-0.8193849960472308,1.5053817369239821,1.2180095376532378
-0.8185311290061572,1.5418842197557845,1.2688444126566907
-0.8184116208502457,1.5797247565248929,1.2759593168225862
-0.8182921475863838,1.6175542452288982,1.2830721436943548
-0.8181727091992931,1.6553726907055464,1.2901828941816262
-0.8182170224121218,1.693518953364624,1.2875447122085646
-0.8183067361550053,1.731765418374546,1.2822036149578295
-0.818402101605092,1.7700324523086874,1.2765260439759203
-0.8184992756201547,1.8083123531142953,1.2707408002884648
-0.8187757618263012,1.8470057883058422,1.254280226155089
-0.7807136872170555,0.7807136872170555,1.2529990420570272
-0.780639660492988,0.8187196439316703,1.2576211984866035
-0.7805656478059138,0.8567183939333199,1.262242478460017
-0.7804916491516665,0.8947099392714225,1.2668628822374117
-0.7804383821298845,0.9327190420576668,1.270188823109649
-0.7804559061109023,0.970811005162342,1.2690946428314618
-0.7804734308789054,1.008904678941024,1.2680004134146827
-0.7804909564339471,1.0470000635089534,1.2669061348559865
-0.7805084827760801,1.0850971589813796,1.265811807152076
-0.7805260099053575,1.1231959654735633,1.2647174302996262
-0.7805435378210808,1.1612964830996568,1.2636230043422714
-0.7805610665237837,1.19939871197557,1.2625285292466728
-0.7806439708646848,1.237606295273281,1.2573520630830899
-0.7807282274474825,1.2758241765605203,1.2520911642547503
-0.7808125022202319,1.3140503086145365,1.246829129663567
-0.7808967951888242,1.352284694107476,1.241565958941706
-0.7809811063633745,1.3905273357201546,1.2363016514575946
-0.7804983610775061,1.4277409044100722,1.2664437961362012
-0.7801678089855898,1.4651932022412297,1.2870831462656085
-0.7800565444644669,1.5030357807973875,1.2940303944137668
-0.7799427125747985,1.5408624321599678,1.3011379465491615
-0.7798684863717806,1.5787581553379948,1.3057725582497994
-0.779953963373261,1.6169777289445653,1.3004354576695647
-0.7800394591141024,1.6552056815348029,1.295097187021895
-0.7801249736004684,1.6934420158644314,1.2897577459219747
-0.7802105068385247,1.7316867346903841,1.2844171339848032
-0.780417546807854,1.7702154110519617,1.2714897602900876
-0.7807605743054309,1.8090793794881936,1.2500714580023597
-0.7811039034866578,1.8479775277611172,1.228634318881852
-0.7427337133757028,0.7427337133757028,1.2461972758513014
-0.7426632780604309,0.7807485743712222,1.2508207221871004
-0.7425928561030103,0.8187562259597293,1.2554432916998337
-0.7425224474996412,0.8567566701918937,1.2600649846389373
-0.7424520522465257,0.8947499091176079,1.2646858012536981
-0.7423816703375005,0.9327359447830135,1.2693057419486848
-0.74237703149991,0.9708007334998823,1.2696102400059104
-0.7423937010484275,1.0088940039888887,1.2685160337442412
-0.7424103713455676,1.0469889852309286,1.267421778342225
-0.7424270423913807,1.0850856773412487,1.2663274737965509
-0.7424437141859171,1.1231840804351054,1.2652331201039004
-0.7424603867286487,1.1612841946268608,1.2641387172989553
-0.7424770600198107,1.199386020032002,1.2630442653662683
-0.7425260171518808,1.2375433619198013,1.2598306690047494
-0.7426061555061976,1.2757592927926984,1.2545703052342105
-0.7426863111605118,1.3139834735916747,1.2493088058741009
-0.7419312954481505,1.3506954353030431,1.2988688116085854
-0.7418268721327522,1.3885477350177156,1.3057232651321655
-0.7417224782073912,1.4263893811680601,1.3125757894635512
-0.7416181136596618,1.4642203782511272,1.3194263854170742
-0.7416294030440811,1.5022749446277541,1.3186853386449329
-0.7417111500338064,1.540477003916367,1.3133193823963012
-0.7417924322233477,1.5786864583214835,1.3079839361084566
-0.7418737322298476,1.6169042881932578,1.3026473202971758
-0.741955050059165,1.6551304962858295,1.2973095345778916
-0.7422093543382141,1.693759808617976,1.280616740876198
-0.7424801071264021,1.7324535832949381,1.2628442501643775
-0.7432964071188632,1.7724760477449817,1.209261481428463
-0.7437408485714633,1.8116764260074105,1.1800878886424115
-0.7047431392123632,0.7047431392123632,1.2393936112527086
-0.7046762973135602,0.742766907979158,1.24401834803475
-0.704609468092896,0.7807834646434794,1.2486422076266521
-0.7045426515467642,0.8187928112570503,1.2532651902779364
-0.7044758476715591,0.8567949498708152,1.2578872962380672
-0.704409056463677,0.8947898825349411,1.2625085257564024
-0.704342277917543,0.9327776112962056,1.267128879218646
-0.7042989626671926,0.970790462054779,1.2701258262699113
-0.7043147770324151,1.0088833292626487,1.2690316431626343
-0.7043305921078467,1.0469779071873395,1.2679374109165593
-0.7043464078935351,1.0850741959440946,1.2668431295283824
-0.7043622243895283,1.1231721956481668,1.2657487989947995
-0.7043780415954544,1.1612719064141275,1.2646544193415394
-0.7043938595112781,1.1993733283570411,1.263559990571025
-0.7040096611627717,1.2367737290697343,1.290142362792004
-0.703614259060343,1.2741123069471076,1.3174999136627576
-0.7035152665660375,1.3119609025150427,1.3243491240795748
-0.7034163019226041,1.3497988496352673,1.331196407517119
-0.703332148462197,1.3876553199389294,1.3370189172101448
-0.7034099146707646,1.4258309081164149,1.3316383362930395
-0.7034876980781819,1.464014939243784,1.326256565401465
-0.7035654986901551,1.5022074161222227,1.3208736041406297
-0.7036427293866813,1.5404070562248968,1.3155300748674605
-0.703778712375094,1.5787468412738597,1.3061215221556566
-0.704035311483538,1.6173784182729927,1.288367637895746
-0.704292097773312,1.6560381758453553,1.2706008027113853
-0.7045490714493056,1.6947261448375188,1.2528210024264226
-0.7053993323390473,1.734901060617657,1.193992140865916
-0.705475064399846,1.773221107815829,1.18875230098363
-0.7055596669470896,1.8115721178371218,1.1828987193365066
-0.666835573674897,0.666835573674897,1.2257408969218204
-0.6666787138151465,0.7047746403188692,1.237214075235002
-0.6666154793396031,0.7428001055498434,1.2418392254461708
-0.6665522568585018,0.7808183580342449,1.2464634983495841
-0.6664890463684304,0.8188293998240717,1.2510868941948061
-0.6664258478659778,0.8568332329705429,1.2557094132313367
-0.6663626613477343,0.8948298595241003,1.2603310557085834
-0.6662994868086839,0.9328192815321574,1.2649518219934066
-0.6662363242464009,0.9708015010447557,1.269571712263243
-0.6662366588052904,1.0088726547622968,1.269547241670196
-0.6662516186952044,1.0469668293781784,1.2684530325793304
-0.666266579256962,1.0850627147899095,1.267358774347926
-0.666281540490608,1.1231603111127393,1.2662644669726717
-0.6658500446402978,1.1604815063730907,1.2978253063096403
-0.6654705019452299,1.1978469035014139,1.325586143434606
-0.6652937776395894,1.2355455870449517,1.3385122640757459
-0.6651394150075535,1.2732668801573166,1.3498027880189412
-0.6651372360706372,1.3112705511106848,1.3499621616905344
-0.6652107595714375,1.3494275408449161,1.3445844427748526
-0.6652842993284402,1.387592967170747,1.339205534834079
-0.6653578553470375,1.425766832886509,1.333825437473827
-0.6654314276326235,1.4639491407917717,1.3284441502995321
-0.6656325445457763,1.5024277434033235,1.3137338846517963
-0.6658734131179689,1.5410213275015852,1.2961160690857056
-0.6661162417829923,1.5796470876568103,1.2783548867297014
-0.6664994119334252,1.6186414289811757,1.2503287271551784
-0.6670926708905001,1.6582017819278143,1.2069360720091424
-0.6671642713306681,1.6965034328122703,1.2016990112425603
-0.6672358871425335,1.734813306570587,1.1964608261461223
-0.667307518331047,1.7731314058510677,1.1912215163577073
-0.6673828816705955,1.8114678216773306,1.185709226379302
-0.6288014638333191,0.6669106434595808,1.220250078384943
-0.6286512742784406,0.7048514287364334,1.23190114688461
-0.6285512589976713,0.7428333060881569,1.2396599080594441
-0.6284916439012176,0.7808532545439371,1.244284594329784
-0.6284320401121082,0.818865991661232,1.2489084034243305
-0.6283724476271261,0.8568715194915355,1.2535313355926476
-0.6283128664430557,0.8948698400855642,1.2581533910841571
-0.628253296555411,0.9328609554913678,1.2627745702469042
-0.628193737961417,0.9708448677585535,1.2673948732961406
-0.6281593463414764,1.0088619804878256,1.2700628292672889
-0.6281734510820627,1.0469557518034378,1.2689686433309006
-0.6277024639543998,1.0842133468303268,1.3055058265677744
-0.6273993997766968,1.1217140783886397,1.3290162597471635
-0.6272327974833063,1.159430322620657,1.341940558870789
-0.6270662836469834,1.1971265415078773,1.3548579958703826
-0.627031081740714,1.2350612216104973,1.3575888104173401
-0.6270450745288133,1.273091514952439,1.3565033092799368
-0.6271012221334482,1.3112116462790282,1.3521476163143191
-0.6271705380629682,1.349366915226386,1.3467703805697369
-0.6272754232743369,1.3876092696674724,1.3386338308393206
-0.6275019780860944,1.4261408592865783,1.3210586696847955
-0.6277286966078442,1.4647002920849699,1.303470808603599
-0.6279555790170975,1.5032875982530518,1.2858702338251575
-0.6286954694688582,1.5431616068781067,1.2284726715067507
-0.6288063228878316,1.5815431757481824,1.2198731335500383
-0.6288737960341888,1.6198264443304864,1.214638853105356
-0.6289412836775197,1.658117929695279,1.209403448046956
-0.629008785836158,1.6964176345278201,1.2041669169525875
-0.6290763024859123,1.734725561400546,1.1989292616989289
-0.6291438336314492,1.773041712961357,1.1936904819239373
-0.5908999759259542,0.6290225550179512,1.2030987622437834
-0.5907587895599256,0.6669857301483031,1.2147580234384066
-0.5906176706352566,0.7049307681775643,1.2264117152820404
-0.5904836358315227,0.7428665095944963,1.2374803958484435
-0.5904276287649315,0.7808881541729739,1.2421054955411464
-0.5903716323218151,0.8189025867689693,1.2467297179404326
-0.590315646499151,0.8569098094342515,1.251353063295909
-0.5902596712939185,0.8949098242198119,1.2559755318570538
-0.5902037067021308,0.9329026331743359,1.2605971239530689
-0.5901477527207235,0.9708882383469967,1.2652178398370282
-0.5898438827855154,1.0084427673429779,1.2903116151316354
-0.5893336630187047,1.0455919827751212,1.3324458926489058
-0.589177179886781,1.0833257823724682,1.3453683706400241
-0.5890207798333302,1.1210395487150477,1.3582839879572504
-0.5889965044170613,1.1589931215948626,1.360288667494288
-0.5890096476982453,1.1970196066125631,1.35920328685458
-0.589022791566019,1.2350477887674594,1.3581178577739124
-0.589035936020422,1.2730776681731701,1.3570323802490165
-0.5891701230833197,1.3113786610564213,1.3459511260226265
-0.5893828832881792,1.3498769262406685,1.3283812510406818
-0.5895957972118224,1.3884030063375172,1.3107986818624084
-0.5898088650209019,1.4269569315021822,1.2932034047255172
-0.5904752101669329,1.4666642317049623,1.238176192666188
-0.5905389665236113,1.5049218824311383,1.2329111515985502
-0.5906027366499175,1.5431877957626874,1.2276449734261732
-0.5906669862336277,1.5814632212061643,1.2223392013520424
-0.590730363689493,1.6197445456002229,1.2171054501579945
-0.590793754761236,1.6580340859428235,1.211870574555995
-0.5908571594669304,1.6963318449211873,1.206634573053492
-0.5909205777834262,1.7346378251061865,1.201397447562222
-0.5909840097151065,1.7729520291453194,1.1961591977202417
-0.5529718257643242,0.5911078137480708,1.185935380804473
-0.5528396552793292,0.6290934008350988,1.1976028443074895
-0.5527075479616127,0.6670608337467738,1.2092647316645397
-0.5525755037560901,0.705010125481908,1.2209210477382584
-0.5524435226116441,0.7429412890294523,1.232571797041075
-0.5523602109934497,0.7809230569217738,1.2399262019575445
-0.5523078225414872,0.8189391851477225,1.244550837716993
-0.5522554440261188,0.8569481027991498,1.2491745963150365
-0.5522030754445179,0.894949811927322,1.2537974780011822
-0.5516756984879113,0.9321416974450915,1.300352133480935
-0.5513767861637157,0.9696626239430861,1.326738876582347
-0.5511618420000848,1.0072957802070515,1.3457132579235491
-0.5509806345985777,1.044963272514544,1.3617094975048616
-0.5509661490150181,1.0829334653053801,1.362988224881164
-0.5509784429777914,1.1209561426099894,1.3619029647190999
-0.5509907374892189,1.1589805167876674,1.3608176561241265
-0.551003032549337,1.197006587952008,1.359732299093011
-0.5511298881777305,1.2352911286742234,1.3485340091382767
-0.5513008848440758,1.2736951477432097,1.3334391310057185
-0.551471987652133,1.312123005103351,1.3183348831220485
-0.5520603330645142,1.3515959878476036,1.2663981846497876
-0.5522326999441005,1.3901030033075634,1.2511823497621606
-0.5522923111613393,1.4283421840379464,1.2459201181714263
-0.5523519352611945,1.4665896212107579,1.2406567493566243
-0.5524115722361778,1.504845317470967,1.2353922439787866
-0.55247122209046,1.5431092754940432,1.2301266016697454
-0.5525308848282136,1.581381497956611,1.2248598220611555
-0.5525907882280465,1.619662655151171,1.219571797800029
-0.5526500835563869,1.6579502506691608,1.2143374515741243
-0.552709391637535,1.6962460639910555,1.2091019795831244
-0.5527687124494364,1.7345500976861625,1.2038653837738877
-0.5150169852047087,0.5531663915161686,1.168759921331322
-0.5148938433255335,0.5911744127070939,1.1804355958012778
-0.5147707603193582,0.6291642626125489,1.1921056882386338
-0.5146477361439734,0.6671359542607063,1.2037702026454795
-0.5145247707486068,0.7050895006554982,1.2154291438357987
-0.5144018640845767,0.743024914788833,1.2270825164253196
-0.5142893901304971,0.7809579627907549,1.2377467135528661
-0.5142406103149791,0.8189757867979298,1.242371762727899
-0.5137596083551127,0.8562660139251878,1.2879778744782087
-0.5134725811903054,0.8938226413312723,1.3151923019562304
-0.5132723658217183,0.9314942935283035,1.3341756850518962
-0.5130723065298947,0.9691365790009122,1.3531442697581326
-0.5129991498546728,1.0069983311962094,1.360080606371774
-0.5137208085310452,1.0464683136743513,1.2916566726120138
-0.5129629050080314,1.0829216883502886,1.36351715479406
-0.5129743508623479,1.1209439518843898,1.362431918236645
-0.5131000683952801,1.1592260804485959,1.3505120336326968
-0.5132592592408303,1.1976049382286038,1.3354183830916497
-0.5134185488959175,1.236007617712394,1.3203153639426404
-0.5140130307240537,1.275513816981911,1.2639496794971308
-0.5140245738613293,1.313618355423397,1.2628552190739697
-0.5140660555223149,1.3518033311883093,1.2589221430694053
-0.5141215379899183,1.3900323064171867,1.2536615831781148
-0.5141770324411228,1.4282695345586742,1.2483998870639184
-0.5142325388869295,1.4665150183071693,1.2431370536837179
-0.5142880573180953,1.5047687603010937,1.2378730839139251
-0.5143435877385024,1.5430307632155071,1.2326079773864436
-0.5143991301520349,1.5813010297266257,1.2273417337329917
-0.5144550690648944,1.619580772982075,1.2220378960692742
-0.5145102694778292,1.657866423873005,1.216804079139159
-0.5145654817626395,1.696160291736108,1.2115691365793637
-0.4769213255353678,0.5532287376210266,1.1632562651783331
-0.4768072795765777,0.5912410266749564,1.1749345713584418
-0.47669328814825435,0.6292351403556957,1.1866072936187564
-0.47657935121129674,0.6672110916958154,1.1982744359632136
-0.4764654687191695,0.7051688937043709,1.2099360031570399
-0.4763516406257876,0.7431085593762287,1.2215919999193474
-0.4758701003232484,0.7804269645301274,1.2709017268993676
-0.4755503882057686,0.817946667713922,1.303640247729291
-0.4753649156348944,0.85565684814281,1.3226326389868106
-0.4751795876823993,0.8933376248429107,1.3416102213223127
-0.4751105519700554,0.9312166818613087,1.3486794782663267
-0.4750660489942568,0.9691347399482838,1.353236582988103
-0.47502155435474686,1.0070456952320632,1.3577928340739263
-0.4749770680491835,1.0449495497082038,1.3623482317636118
-0.4750733408467536,1.0831672171305982,1.352489897292429
-0.4752207277910827,1.1215209175869552,1.337397474193132
-0.47536820621456194,1.159898423163531,1.3222956836288589
-0.47591158093156966,1.1992971839475555,1.2666541126072701
-0.47592226783546443,1.2373978963722074,1.265559773648448
-0.47593295521933277,1.2755003199878119,1.2644653855403263
-0.4759436430832069,1.313604454909651,1.263370948279615
-0.475962884869943,1.351734593030638,1.2614005893178373
-0.4760142523004625,1.3899616167173505,1.2561405644326413
-0.4760656308231126,1.4281968924693378,1.2508794037132702
-0.4761170204522853,1.4664404229930388,1.2456171056859802
-0.4761684211773194,1.5046922109203293,1.2403536714424988
-0.47621983300180865,1.54295225892586,1.2350891006147933
-0.4762712559293488,1.5812205696854382,1.2298233928346747
-0.4763232056151997,1.619498899091679,1.2245037450035525
-0.4763743119405374,1.6577826055530702,1.219270457288971
-0.4389292645615589,0.5152647888331344,1.1452644661917049
-0.43881707755063815,0.5532910977812394,1.1577513682767986
-0.43871213161628536,0.5913076556567325,1.1694323070569368
-0.4386072358669246,0.6293060340699353,1.1811076600292552
-0.4385023902665671,0.6672862460578195,1.192777431199488
-0.4379259574631298,0.7044895837450349,1.2569369084516424
-0.43769117114990086,0.7421719858628754,1.2830696459240798
-0.4374566364548904,0.7798140041152395,1.3091743771948074
-0.4372688960349126,0.817502718673967,1.3300707022010343
-0.4372041878538677,0.8553994979749586,1.3372730040912444
-0.43716322591644263,0.893333548611861,1.3418322458220402
-0.43712227165379824,0.9312604917841789,1.3463906333163678
-0.43708132506377767,0.9691803294892462,1.3509481668143053
-0.4371448136560728,1.007333701033559,1.3438816104545097
-0.43723335342350933,1.045558019056218,1.3340267493833124
-0.43760193824857957,1.0844917600073494,1.2930016558102722
-0.43781435951141723,1.1230890091814616,1.269358245685737
-0.4378241903724743,1.161185896205258,1.268264028107211
-0.4378340216747617,1.1992844941526082,1.2671697614178328
-0.4378438534182794,1.2373848031386157,1.266075445617595
-0.43785368560335874,1.2754868232793495,1.264981080669635
-0.4378635182300294,1.3135905546900881,1.2638866665706416
-0.4378733512983213,1.3516959974861222,1.2627922033172823
-0.43791084228438404,1.389890934206958,1.2586192935642089
-0.4379581057157682,1.4281242577688094,1.253358668157972
-0.43800537936552975,1.4663658352672082,1.2480969054019084
-0.438052663221926,1.5046156693274848,1.2428340066030188
-0.43809995728826295,1.5428737626238824,1.2375699713933415
-0.4381472615678478,1.5811401178317985,1.2323047994047727
-0.4381945760639892,1.619414737627786,1.227038490269031
-0.4382422103596051,1.6576987957080715,1.221736586061347
-0.4008100843151413,0.5153272512623246,1.139342102535153
-0.4007069985158338,0.5533572836647228,1.151908752355503
-0.40060839654217645,0.5913742996574985,1.1639288024775354
-0.4000715120509062,0.628683804651424,1.2293775785561962
-0.39985689952561326,0.6664281658760222,1.2555398673538107
-0.39964251712838705,0.7041320539881105,1.2816741024442493
-0.39942836448927804,0.7417955340515163,1.307780328926107
-0.39932028026197186,0.7796253090828974,1.320956310921531
-0.39924262743480277,0.817496808556977,1.330422560328806
-0.399205216874833,0.8554397504460708,1.3349830857346419
-0.39916781332523127,0.8933755822040891,1.3395427565432314
-0.39922485498028537,0.9315246616206659,1.3325891071652123
-0.39930573316996626,0.9697424948413467,1.322729670708874
-0.3993866441361987,1.0079758161532633,1.3128662386348324
-0.39979100530710177,1.047071680566219,1.2635726863723562
-0.3997531056249058,1.08504414383903,1.268192838106721
-0.39973931617854513,1.1230771264063888,1.2698738372821126
-0.39974829199217776,1.1611736100725163,1.268779642858334
-0.39975726820873336,1.1992718046262,1.2676853993163135
-0.3997662448280653,1.237371710182107,1.2665911066739497
-0.3997752218505494,1.2754733268565148,1.2654967648854054
-0.39978419927621284,1.3135766547646994,1.2644023739473909
-0.39979317710508283,1.3516816940219467,1.2633079338565736
-0.3998113073504544,1.389820258884913,1.261097770611272
-0.39985445652829665,1.4280516304582023,1.255837680360031
-0.3998976150350508,1.4662912551285194,1.2505764528699999
-0.39994078286011175,1.5045391355213729,1.2453140894339967
-0.39998396000586994,1.5427952743083555,1.2400505897606138
-0.4000271464753445,1.5810596741644567,1.2347859534818184
-0.36277499976967875,0.4773355260127352,1.120842136295913
-0.3626816610336096,0.5153897288372348,1.1334183028399636
-0.36217706656208465,0.5527965752789713,1.2014057684770165
-0.36197984367692065,0.5905986923149757,1.2279789572149014
-0.36178565930575785,0.628364566162632,1.2541427461715742
-0.3615894075975973,0.6660857508376792,1.2805850815868922
-0.36150322297141707,0.7039799605232858,1.2921973259564368
-0.36141707941955836,0.7418561103875145,1.30380403610161
-0.3613309769126652,0.7797142133378564,1.3154052159777407
-0.3613159329214724,0.8177150060854375,1.3174321958437218
-0.36128729068045584,0.8556804252958164,1.321291360949104
-0.36136050016699606,0.8938917635709902,1.311427345920535
-0.3614337393291729,0.932118590901551,1.3015593324903918
-0.3618004376904259,0.9711485432743011,1.252151553289984
-0.3617661314291899,1.0091371034603718,1.2567738705933635
-0.3617318316732416,1.047118460106752,1.2613953113948213
-0.3616975384207308,1.0850926152621925,1.266015875943637
-0.3616650785385169,1.123065243882763,1.2703894179682464
-0.3616731993409098,1.161161324199763,1.2692952466984693
-0.36168132050790686,1.1992591153683227,1.2682010263030747
-0.3616894420392427,1.2373586175026723,1.2671067568178245
-0.36169756393532365,1.275459830719299,1.2660124381879712
-0.3617056861961743,1.3135627551334752,1.2649180704101965
-0.3617138088218192,1.3516673908604824,1.2638236534811966
-0.36172193181228307,1.3897737380156139,1.262729187397646
-0.36175468266968175,1.4279790105382173,1.2583164402955163
-0.36179372686935707,1.4662166825758154,1.2530557481287374
-0.3618327795001935,1.5044626095008045,1.2477939199739296
-0.3618718405627549,1.5427167939780604,1.2425309557551287
-0.324739993615932,0.43935410900979033,1.0979774319537725
-0.32424020048396257,0.4768238242411214,1.173240397709172
-0.3240629598244025,0.5146882303093452,1.1999307558546803
-0.323885912830456,0.552511263063719,1.2265919502372213
-0.32371865932103244,0.5903104964089415,1.2517783610680553
-0.3236414555547589,0.628245178429826,1.2634043399892576
-0.3235642886044067,0.6661617706561315,1.2750247748658126
-0.3234871584436479,0.7040602860244102,1.286639669662435
-0.3234100650461792,0.7419407374588818,1.2982490283400736
-0.32341998626079455,0.7800129080407397,1.2967550101391794
-0.32343906563962693,0.8181105777943505,1.2938818801502947
-0.32365222591051285,0.8567264803513576,1.2617824511227695
-0.3237920601072627,0.8951898132377263,1.24072506620044
-0.3237613506416611,0.9331944812612586,1.2453495504322092
-0.3237306469999364,0.9711919409998092,1.2499731576566333
-0.32369994918082,1.0091821945049095,1.254595888064749
-0.3236692571830045,1.0471652438273675,1.2592177418534405
-0.3236385710048342,1.0851410910162087,1.2638387192720302
-0.3236078906446539,1.123109738119681,1.2684588205697693
-0.3235989123930955,1.1611490385869898,1.269810839627965
-0.3236061785467056,1.1992464263789677,1.2687166423784504
-0.3236134450262332,1.2373455251003032,1.267622396049596
-0.3236207118321012,1.2754463348676932,1.2665281005776947
-0.3236279789643319,1.313548855796406,1.2654337559594353
-0.32363524642294705,1.3516530880017201,1.2643393621914996
-0.3236425142079688,1.3897590315989248,1.2632449192705835
-0.32365878354749594,1.4279063980036584,1.2607949481417933
-0.3236937142770773,1.4661421176079383,1.255534791216597
-0.32372865255060834,1.5043860912645919,1.250273498261329
-0.2866029575570835,0.3630304129056391,1.086428576924419
-0.2862595166283954,0.40076332327975356,1.145042495420519
-0.2861029471764473,0.43869118567055254,1.1717636818863255
-0.28594654890198856,0.4765775815033143,1.1984556540606164
-0.2858142870393167,0.5144657166707701,1.2210283452899446
-0.28574023612517235,0.5524311231753333,1.233666367970585
-0.2856667296289877,0.5903779078999079,1.2462114766527677
-0.28559859310133817,0.628316904822944,1.2578401107049473
-0.28553006888194365,0.6662368273912019,1.2695349108149472
-0.28554692245156593,0.7043490753805293,1.266658568266081
-0.28556377801088806,0.7424658228283089,1.2637818861417713
-0.28558063556026253,0.7805870705313842,1.2609048643818639
-0.2858352984477243,0.8193945222168098,1.217442398255045
-0.2857670226026342,0.8573010678079025,1.229094809150432
-0.28571164658664616,0.8952298259714913,1.2385456492123907
-0.28568454757711276,0.9332361887519016,1.2431705468394227
-0.28565745370709406,0.9712353426041197,1.2477945673226216
-0.28563036497524896,1.0092272895792131,1.252417710890839
-0.2856032813805345,1.0472120317286264,1.2570399777221155
-0.28557620292148933,1.0851895711016593,1.2616613680658233
-0.28554912959665285,1.1231599097468346,1.266281882171242
-0.2855254311231612,1.161136753234189,1.2703264216471553
-0.2855318422995216,1.1992337376579907,1.2692322475483166
-0.28553825376345937,1.2373324329749906,1.2681380243696054
-0.2855446655153032,1.2754328393016876,1.2670437520549171
-0.28555107755510495,1.3135349567534826,1.2659494305954269
-0.28555748988288376,1.35163878544565,1.2648550599878376
-0.2855639024986593,1.3897443254934754,1.26376064022881
-0.2855703154024508,1.427851577012254,1.262666171315061
-0.2855975766669606,1.4660675602237312,1.2580135821720546
-0.24852687944334798,0.2867617839730938,1.059322201925319
-0.2482449923198215,0.3246280668797666,1.1148322816351524
-0.2480990886895349,0.36260636039239713,1.1435640734454324
-0.24796338695406867,0.40055624046426475,1.1702868767372507
-0.24786327772835326,0.43852733751939427,1.1900006934935092
-0.24779901860920417,0.47653657424846957,1.2026547969567147
-0.24773479280006533,0.5145261081232126,1.2153023409102133
-0.24767060027504303,0.5524959544597114,1.2279433304530656
-0.24761701688137,0.5904713479478823,1.2384951372071384
-0.24762702195732744,0.6285916711224466,1.2365249068647515
-0.24764164818040013,0.6667275143318465,1.233644666013511
-0.2476562761313863,0.7048678628354841,1.2307640848962365
-0.24787027421507998,0.74361082264524,1.1886229237996346
-0.24781103188866122,0.7815578698027007,1.2002891050020992
-0.24775181787394399,0.8194867821984301,1.211949710977187
-0.24769263215063808,0.8573975728291318,1.2236047457205004
-0.2476334746984726,0.8952902546790933,1.235254213223854
-0.24760434080857896,0.9332778999707977,1.2409913484644477
-0.24758085735570176,0.971278748087753,1.2456157822618081
-0.2475573783564094,1.0092723886838229,1.2502393390455353
-0.2475339038098937,1.0472588238110887,1.2548620189747766
-0.24751043371488812,1.0852380555191248,1.2594838222989537
-0.24748696807012652,1.123210085856728,1.2641047492673891
-0.24746350687434335,1.1611749168719188,1.2687248001293128
-0.24745831174080393,1.1992210492054345,1.2697478418109185
-0.24746386822534516,1.2373193411267258,1.2686536417781866
-0.24746942495935165,1.275419344021274,1.2675593926199795
-0.2474749819429137,1.3135210580046959,1.2664650943185336
-0.24748053917604806,1.3516244831922624,1.2653707468705377
-0.24748609665877158,1.3897296196992557,1.2642763502726737
-0.247491654391101,1.4278364676409674,1.2631819045216517
-0.2104143535417542,0.2104143535417542,1.0308413575553885
-0.2102034749826441,0.2484222886158521,1.0799185494937333
-0.2100762029430629,0.28646754946781305,1.1095382241599054
-0.20994908492919875,0.3244667676178526,1.1391220528410173
-0.20986237106806788,0.3624895500266627,1.1593027332496533
-0.20980951509812648,0.40054543791460506,1.171603758981476
-0.20975510100746425,0.4385788475610616,1.184267401899234
-0.20970071513406902,0.4765925343956114,1.1969244778893966
-0.20966786444471294,0.5146393036370227,1.2045697292304425
-0.20967364729821739,0.5527759792407549,1.2032239015057726
-0.20967943047072457,0.5909147585993147,1.2018779995404643
-0.20968521396226095,0.6290556418867829,1.200532023328357
-0.2098603659476241,0.6677375280151676,1.159769379462027
-0.20981017855897505,0.705725146062007,1.1714493535476294
-0.20976001516093795,0.7436945992069619,1.1831237443635274
-0.2097098757442447,0.7816459005012757,1.1947925540666873
-0.20965976029170236,0.8195790629584728,1.2064557866583598
-0.20960966878613455,0.8574940995796413,1.218113446135959
-0.20955960121038125,0.8953910233534472,1.2297655364930904
-0.20952072987965126,0.9333196149184465,1.2388119552811574
-0.2095008574894808,0.9713221574512292,1.2434368024481088
-0.20948098886815225,1.009317491819279,1.2480607725027468
-0.209461124015063,1.047305620075315,1.2526838655853325
-0.20944126292914114,1.085286544269186,1.2573060819453374
-0.2094214056093151,1.123260266449963,1.2619274218321195
-0.2094015520545138,1.1612267886659402,1.2665478854949654
-0.20938558684500194,1.1992083610213748,1.2702634251631792
-0.20939028838631538,1.2373062495555,1.2691692482756949
-0.20939499013866972,1.2754058490264428,1.26807502227323
-0.2093996921021797,1.3135071595500363,1.2669807471290895
-0.20940439427685956,1.351610181241548,1.2658864228399551
-0.1722726556584722,0.1339898432899228,0.9980001682568016
-0.17210758039097232,0.17210758039097232,1.0449549110123186
-0.17200329986640878,0.21022625539227738,1.0746169268881687
-0.17189914563312092,0.248298765914508,1.1042430199122677
-0.1718322042228564,0.286387007038094,1.1232841321652955
-0.17178117556112288,0.3244755538376765,1.1377989515028304
-0.1717301771981483,0.3625414851960908,1.1523051525267078
-0.17168250183588712,0.40059250428373666,1.165866144458775
-0.17166586963446842,0.4387016668436415,1.170597081751204
-0.17167060765073044,0.47686279902980677,1.1692493793477894
-0.1716753459285403,0.515026037785621,1.1679016025485325
-0.17174794355038484,0.5534100403290177,1.1472516123349834
-0.1718123162172876,0.5917979780817684,1.1289411648604215
-0.17176811778045112,0.6298164318616541,1.1415131646716787
-0.17172394207771727,0.6678153303022338,1.154078697893759
-0.1716822200264038,0.7058046823307712,1.1659463036006983
-0.17164116799561235,0.7437783946476536,1.1776233256924868
-0.1716001355925535,0.7817339510327437,1.1892947647847834
-0.17155912280315402,0.8196713645039582,1.2009606248806293
-0.17151812961335416,0.8575906480667709,1.2126209099792575
-0.17147715600910765,0.8954918147142288,1.22427562407605
-0.1714362019763815,0.933374877426966,1.235924771162594
-0.17141745365207087,0.9713655706950682,1.241257627855397
-0.1714011960542472,1.0093625989861224,1.245882011236354
-0.17138494153994177,1.0473524205218663,1.250505517527678
-0.17136869010827738,1.0853350373524233,1.2551281469788762
-0.1713524417583772,1.1233104515271395,1.2597498998393775
-0.17133619648936474,1.1612786650945832,1.2643707763584757
-0.17131995430036379,1.1992396801025464,1.268990776785408
-0.171317514220796,1.2372931582613045,1.2696848438624713
-0.13414880251747127,0.057492343936059113,0.9398665078962267
-0.13397621963978493,0.09569729974270352,1.002982531735796
-0.13387907702605642,0.13387907702605642,1.0385089733279358
-0.13379484410728207,0.17202194242364838,1.0693141550511314
-0.13374584805404616,0.21017204694207256,1.0872327116631197
-0.13370610053295442,0.24831132956120108,1.101768947948095
-0.13366637662973316,0.28642794992085674,1.116296546840445
-0.13362667632333808,0.32452192821382103,1.1308155160363569
-0.13361360497946398,0.36266549922997365,1.1355958932245969
-0.13361503667158525,0.40084511001475576,1.1350723029631098
-0.1336183027279918,0.4390315661062587,1.1338778594772876
-0.13372188031666699,0.4775781439880964,1.095998055618928
-0.1335792541804062,0.667896270902031,1.1481584711657362
-0.13354566637040183,0.7058842365292668,1.1604420131101918
-0.1335137298157918,0.7438622089736971,1.1721216673675698
-0.13348180853235744,0.781822021403808,1.1837957367378493
-0.133449902509148,0.8197636868419093,1.1954642252258694
-0.13341801173522322,0.8576872182978635,1.2071271368326535
-0.1333861361996532,0.8955926287691001,1.2187844755554025
-0.13335427589151855,0.9334799312406299,1.2304362453875015
-0.13333064538703007,0.9714089878197906,1.2390782584575675
-0.13331799945838207,1.0094077101848928,1.2437030552202657
-0.13330535592834764,1.0473992251513027,1.248326974775729
-0.1332927147962443,1.0853835347694178,1.2529500173735073
-0.13328007606139006,1.123360641088859,1.2575721832630649
-0.133267439723103,1.161330546158469,1.2621934726937596
-0.08917801232301371,-0.017835602464602744,4.3408576906169785
-0.08917800109946897,0.017835600219893794,4.340863437071889
-0.09572241612538082,0.05743344967522849,0.9901229438050194
-0.0956529921301282,0.0956529921301282,1.0256680293743585
-0.09560642033134469,0.13384898846388257,1.0495127903515211
-0.09557483248128026,0.17203469846630448,1.0656857695845048
-0.09554641637944188,0.21020211603477212,1.0802348137257596
-0.09551801716980862,0.24834684464150242,1.0947752090579854
-0.09551100025236194,0.2865330007570858,1.098367870790689
-0.095512024448414,0.3247408831246076,1.0978434824120313
-0.0955130486664319,0.3629495849324412,1.0973190827868677
-0.09561048698178218,0.40156404532348516,1.047430665327525
-0.057545538651312046,-0.09590923108552007,0.8944736842137218
-0.05350682228524339,-0.05350682228524339,4.340844983258982
-0.053506815551112794,-0.017835605183704265,4.340850729717083
-0.0535068088169839,0.017835602938994635,4.340856476173741
-0.0535068020828567,0.0535068020828567,4.3408622226289495
-0.05739692633292629,0.09566154388821049,1.0212895292362276
-0.057375224174387264,0.13387552307357029,1.0398087045228621
-0.05736679167525944,0.1721003750257783,1.0470044371119513
-0.05735029326593117,0.21028440864174763,1.0610830797387365
-0.057350908720996116,0.24852060445764984,1.06055789141665
-0.057351524189270725,0.2867576209463536,1.0600326918223146
-0.05741849055170784,0.3253714464596778,1.0028880625426382
-0.01917319093598994,-0.17255871842390946,0.9166312038657551
-0.019164366635359243,-0.1341505664475147,0.9392214134803396
-0.01783561239222894,-0.08917806196114471,4.340832275893909
-0.017835610147517496,-0.053506830442552486,4.340838022355207
-0.017835607902806614,-0.017835607902806614,4.34084376881507
-0.0178356056580963,0.0178356056580963,4.340849515273469
-0.01783560341338655,0.053506810240159644,4.3408552617304395
-0.017835601168677363,0.08917800584338682,4.3408610081859464
-0.01913317942210811,0.13393225595475675,1.0190606794032462
-0.01913257322225898,0.1721931590003308,1.0206125510170168
-0.019131368541671308,0.21044505395838436,1.0236965333214556
-0.019155979231368032,0.24902773000778441,0.9606931676978405
0.01915572711786761,-0.2107129982965437,0.9613385782589248
0.019146469284909016,-0.17231822356418114,0.9850386306329142
0.01914795606931218,-0.1340356924851853,0.9812324625608113
0.01783561511133349,-0.08917807555666746,4.340825314986262
0.01783561286662136,-0.05350683859986408,4.340831061449322
0.017835610621909796,-0.017835610621909796,4.340836807910925
0.017835608377198796,0.017835608377198796,4.340842554371079
0.01783560613248836,0.05350681839746508,4.340848300829798
0.01783560388777849,0.08917801943889246,4.34085404728706
0.019149647454597598,0.13404753218218318,0.9769025162301475
0.019172754425598813,0.17255478983038933,0.9177486704670414
0.05744075874722806,-0.2872037937361403,0.9838858690320578
0.05741510474270266,-0.24879878721837817,1.0057772862270653
0.05741300765674307,-0.21051436140805793,1.0075667995792443
0.057417463910616626,-0.1722523917318499,1.0037641296071413
0.05742192085631041,-0.13398448199805763,0.9999608692817787
0.05743101270200718,-0.0957183545033453,0.9922024942872056
0.053506846757178164,-0.053506846757178164,4.340824100541305
0.05350684002304141,-0.017835613341013804,4.340829847004663
0.05350683328890636,0.01783561109630212,4.340835593466572
0.053506826554773006,0.053506826554773006,4.340841339927039
0.057561256695431696,0.09593542782571948,0.8810609532316249
0.0954971885396709,-0.9740713231046432,1.1054394676884982
0.09551035222884242,-0.9360014518426557,1.098699658832679
0.09569037680641078,-0.36362343186436097,1.0065270751176811
0.0956476596140388,-0.32520204268773195,1.0283982776121334
0.09564089306192618,-0.2869226791857785,1.0318627522937973
0.0956469772526396,-0.24868214085686297,1.028747646648526
0.09565306221749324,-0.21043673687848516,1.0256321446434598
0.09566248078787157,-0.17219246541816882,1.0208098366097573
0.09569720841440252,-0.1339760917801635,1.0030292918259107
0.09573196126390493,-0.09573196126390493,0.9852358328806758
0.09576673936386827,-0.05746004361832096,0.9674294456994446
0.08917808030059321,-0.017835616060118645,4.3408228860962765
0.08917806907703137,0.017835613815406274,4.340828632559941
0.1335628890997863,-1.2783876528122404,1.154143414935291
0.13357636141907267,-1.2403519274628176,1.1492163953105674
0.13359224393610594,-1.2023301954249535,1.1434079319383983
0.1336083888300322,-1.1643016740902807,1.1375035135882214
0.13362453762671656,-1.1262639599966109,1.131597667943666
0.13364069032757428,-1.0882170498102477,1.1256903944871226
0.1336568469340214,-1.0501609401958825,1.119781692700741
0.1336730074474746,-1.0120956278165933,1.1138715620664357
0.13368917186853402,-0.9740211093278907,1.107960002364706
0.1337077392443918,-0.9359541747107425,1.101169647765289
0.1337261716283252,-0.8978757237901835,1.094428661641068
0.13374460909498043,-0.8597867727534457,1.0876858166928685
0.13376305164646007,-0.8216873172568262,1.0809411121517414
0.13378149928486796,-0.7835773529542266,1.0741945472482897
0.133799952012309,-0.7454568754971501,1.0674461212127113
0.13381986190748005,-0.7073335557966802,1.0601647881215897
0.13384527089147935,-0.6692263544573968,1.0508723596875527
0.13390467514839344,-0.439972504059007,1.0291473743018287
0.1338449262771184,-0.40153477883135513,1.0509983900824196
0.13383133935869426,-0.3632564925450273,1.0559673202489606
0.13383984884164962,-0.3250396329011491,1.052855280768135
0.13384835940680156,-0.28681791301457477,1.0497428455125757
0.13385687105435642,-0.24859133195809052,1.0466300144067873
0.13390202795657738,-0.210417472503193,1.03011549016599
0.1339468462062012,-0.17221737369368725,1.0137248160178487
0.13399513282846717,-0.13399513282846717,0.9960657084462881
0.13407595230248398,-0.09576853735891712,0.966508872234435
0.13419696609994428,-0.05751298547140468,0.9222523977346668
0.17166542816122254,-1.3923973617521384,1.1707226563633668
0.1716827379574376,-1.3543860438864523,1.1657989809955254
0.1717000512448537,-1.3163670595438786,1.160874312574947
0.1717173680245272,-1.2783404064048136,1.1559486508011503
0.17173468829750974,-1.2403060821486815,1.1510219953750038
0.17175385117105457,-1.202276958197382,1.1455712224555867
0.17177460705351025,-1.1642501144737916,1.1396673270015327
0.17179536795313113,-1.1262140788038597,1.1337620044427013
0.1718161338717366,-1.0881688478543319,1.1278552542615898
0.17183690481114688,-1.0501144182903421,1.1219470759404402
0.17185768077318317,-1.012050786775412,1.1160374689612311
0.17187846175873223,-0.9739779499661493,1.11012643307172
0.17190126777939677,-0.9359069023544936,1.1036393871938088
0.1719249641647207,-0.8978303684157636,1.0968990820350015
0.1719486670839824,-0.859743335419912,1.0901569183338964
0.17197237653988467,-0.8216457990238935,1.0834128953216933
0.17199609253513187,-0.7835377548822674,1.0766670122291586
0.1720198150724298,-0.7454191986471959,1.0699192682866325
0.17204354415424988,-0.7072901259674718,1.0631696627911396
0.1720748041207945,-0.6691797938030898,1.0542779389740033
0.17210748067499618,-0.631060762474986,1.0449832746677572
0.17214016964193893,-0.5929272509889008,1.035685079626262
0.17206781179471428,-0.5162034353841428,1.0562668672812734
0.17199976230290964,-0.4777771175080823,1.0756231671723668
0.17198352579697448,-0.43951345481449033,1.080241551082814
0.17199513565632676,-0.40132198319809576,1.0769391910892736
0.17200606704589222,-0.36312391931910576,1.0738298180573267
0.17201457550055615,-0.3249164203899394,1.071409635397366
0.1720721018064421,-0.28678683634407015,1.0550465972786895
0.17212966660189144,-0.2486317406471765,1.038672611017546
0.17218726992554578,-0.21045110768677816,1.0222876656225353
0.17227008294192384,-0.17227008294192384,0.9987319631861098
0.17242274097019633,-0.1341065763101527,0.9553092351441563
0.20975128756067088,-1.5063956106629999,1.1851548949711415
0.20976325256367223,-1.4683427679457057,1.1823703124544593
0.209784398888729,-1.430348174241334,1.1774489858958006
0.20980554947775612,-1.3923459192614724,1.1725266669949406
0.20982670433204345,-1.354336000688644,1.1676033554517105
0.20984786345288126,-1.316318416204437,1.1626790509658136
0.20986902684156053,-1.278293163489505,1.1577537532368254
0.20989019449937252,-1.240260240223565,1.1528274619642147
0.20991207908770304,-1.2022237256841175,1.1477343214072917
0.20993744514196142,-1.1641985594236042,1.1418309487798837
0.209962817327496,-1.1261642020292968,1.1359261492372923
0.20998819564653012,-1.0881206501683833,1.130019922262079
0.2100135801012881,-1.0500679005064404,1.1241122673365922
0.21003897069399532,-1.012005949707432,1.118203183942903
0.21006436742587656,-0.973934794429064,1.1122926717959984
0.21009093841847012,-0.9358596347731851,1.1061088771560392
0.21011989774161943,-0.897785017623283,1.099369252859475
0.21014886504948263,-0.8596999024751563,1.0926277703022222
0.2101778403453624,-0.8216042849864167,1.0858844287156586
0.2102068236325635,-0.7834981608122821,1.0791392273306784
0.21023581491439225,-0.7453815256055725,1.0723921653778064
0.21026481419378096,-0.7072543750154451,1.065643242174616
0.21029901816852978,-0.6691332396271402,1.0576830444148868
0.2102697416170893,-0.630809224851268,1.0644964963864822
0.21018659797784153,-0.5923440488466443,1.0838462887932465
0.2101035200649539,-0.5539092801712421,1.103180784883456
0.210102144267091,-0.5157052632010416,1.1035009705679144
0.21011526588216697,-0.47753469518674313,1.100447212877505
0.21012838913632698,-0.43935935910322915,1.0973930737275381
0.21014151402987818,-0.4011792540570402,1.0943385530465335
0.21020332982383794,-0.36307847878662913,1.07995233190681
0.21027361519974258,-0.32496831439960217,1.063595008059906
0.2103439475938026,-0.28683265580973083,1.047226741805943
0.2104381770768141,-0.24869966381805303,1.0252969712141748
0.21061628479458397,-0.21061628479458397,0.9838464478059166
0.24785892095022777,-1.5824838799129928,1.1908586436474522
0.24787115972433746,-1.5444279952054873,1.1884485465920065
0.24788339970715878,-1.5063683520665803,1.186038211513349
0.24789564089992894,-1.468304949945733,1.1836276381678417
0.24791785840067837,-1.4302953369269906,1.1792524995587215
0.2479428527045634,-1.3922944805717792,1.174330544332129
0.24796785204865177,-1.3542859611887903,1.169407596573194
0.24799285643446825,-1.31626977645987,1.164483655981634
0.24801786586353816,-1.2782459240659274,1.1595587222570956
0.24804288033738753,-1.2402144016869376,1.1546327950990687
0.24806789985778946,-1.2021752070031335,1.1497058741583857
0.24809690354440092,-1.164147008939112,1.1439943789487401
0.24812688619898915,-1.1261143296723353,1.1380901023529049
0.24815687610129566,-1.0880724567518347,1.1321843985140845
0.24818687325394873,-1.0500213868436292,1.1262772669147125
0.24821687765957792,-1.0119611166121254,1.1203687070369597
0.24824688931979705,-0.9738916427161268,1.1144587185630428
0.24827690823427953,-0.9358129618061305,1.108547301557259
0.24831097294375787,-0.8977396714120477,1.1018391741522962
0.24834520357645937,-0.8596564739185132,1.0950983726356966
0.2483794436481136,-0.8215627751437604,1.0883557123714738
0.24841369316262518,-0.7834585707436641,1.081611192590728
0.24844795212390097,-0.7453438563717029,1.074864812524119
0.24836224367596316,-0.7068771550777413,1.0917427838103322
0.24826308120706522,-0.668400603249791,1.111270162301004
0.24816904146516408,-0.6299675667961857,1.1297887576292283
0.24818453215822797,-0.591824653608082,1.1267382826874197
0.24820002478526837,-0.5536769783671371,1.1236874269010002
0.24821551934664757,-0.5155245401814988,1.1206361901986313
0.24823024232862612,-0.4773658506319733,1.1177368952859368
0.2483061766976777,-0.4393109280035836,1.1027836656880865
0.2483821575380434,-0.4012327160229932,1.0878212848160658
0.2484617868619369,-0.3631364577212924,1.0721404333416586
0.2485649095742777,-0.325046420212517,1.0518331915268533
0.24877517237601265,-0.28704827581847614,1.0104275936467388
0.28597176840440186,-1.6205066876249439,1.1941515256487492
0.28598588816143283,-1.582455247826595,1.1917417537821322
0.2860000093128489,-1.5444000502893842,1.1893317439404498
0.2860141318588566,-1.5063410944566449,1.1869214960884733
0.2860282558007699,-1.4682783797772856,1.184511010001934
0.2860485007032285,-1.4302425035161426,1.1810558799823312
0.28607733815396647,-1.3922430456826367,1.1761342883897257
0.2861061814196792,-1.3542359253864815,1.1712117043747483
0.2861350305021258,-1.3162211403097785,1.166288127637202
0.28616388540306587,-1.2781986881336944,1.1613635578767543
0.2861927461242601,-1.2401685665384603,1.1564379947929453
0.286221612667735,-1.2021307732044868,1.151511438039897
0.2862529827097643,-1.164095463019708,1.1461576175335608
0.28628757501670893,-1.1260644617323885,1.1402538638150048
0.2863221756852945,-1.088024267604119,1.134348683043072
0.286356784718553,-1.049974877301361,1.1284420747002812
0.2863914021195182,-1.0119162874889642,1.1225340382688955
0.28642602789024385,-0.9738484948268292,1.1166245733983757
0.28646066202996856,-0.935771495964564,1.1107136802187014
0.28649819035575425,-0.8976943297813632,1.1043088459512802
0.28653768324977275,-0.8596130497493182,1.0975687253721205
0.2865771870332402,-0.8215212694952886,1.0908267463270036
0.2864213313647042,-0.7828849723968582,1.1174261137571477
0.28630703324537743,-0.7443982864379813,1.1369329927889211
0.28623280534451684,-0.7060409198498082,1.1496012212024596
0.28623941689848936,-0.6678919727631418,1.1484728493244845
0.2862486002289373,-0.629746920503662,1.1469055609280332
0.28626646158669244,-0.591617353945831,1.143857222537818
0.28629665657821823,-0.5535068693845553,1.1387039439840905
0.2863841979998406,-0.5154915563997131,1.1237635413605318
0.2864717929732201,-0.4774529882887002,1.1088139992370998
0.2865594415475105,-0.43939114370618276,1.093855309224871
0.28666413984722916,-0.4013297957861208,1.0759867994062233
0.28689269574877024,-0.36339741461510894,1.0369799255432142
0.32406450568923756,-1.6965730003730672,1.1996979667971672
0.32407947368071244,-1.6585243653071755,1.1974439633750649
0.32409547391299426,-1.6204773695649715,1.195034516631452
0.3241114757252594,-1.5824266167762666,1.1926248319609343
0.3241274791177418,-1.5443721063845346,1.19021490932829
0.3241434840906756,-1.5063138378331398,1.1878047486982553
0.3241594906454215,-1.4682518105704385,1.1853943498659447
0.3241754987841807,-1.430186024047856,1.1829837124998477
0.3242090061382414,-1.3921916145936248,1.1779378991824743
0.32424169275749626,-1.354185893281308,1.1730156788711454
0.3242743859683188,-1.3161725077537645,1.1680924659472822
0.3243070857727031,-1.2781514556924183,1.163168260110588
0.32433979217264414,-1.240122734777757,1.1582430610606451
0.3243725051704171,-1.2020863426903694,1.1533168684548372
0.32440568308690776,-1.1640439216647867,1.148320664559769
0.3244448842296742,-1.1260145982088694,1.142417433649058
0.32448409484770824,-1.087976082724669,1.1365127758745217
0.32452331494444553,-1.0499283718790886,1.1306066907187855
0.3245625445233236,-1.0118714623374208,1.1246991776642048
0.3246017835868877,-0.973805350760663,1.1187902363275057
0.3246410321338385,-0.9357300337975345,1.112879866904322
0.32456997314175984,-0.8973405139801596,1.1235805151232228
0.324440467882717,-0.8588130032189568,1.143082483543786
0.3243110659291196,-0.8203162255854202,1.1625688953796356
0.32427747109735616,-0.7820809597053884,1.1676278818098993
0.3242849586626462,-0.7439478463437178,1.1665003425662164
0.32429244657372,-0.705812971954567,1.1653727512515815
0.3242999348306014,-0.667676336415944,1.164245107862385
0.32433426425565715,-0.6295900423786286,1.159075500324569
0.3244295577480353,-0.5916068405993585,1.1447254214723301
0.3245287469035717,-0.5536078623649164,1.1297887015797912
0.3246279967286569,-0.5155856418631609,1.1148428455669617
0.32477459759762395,-0.477609702349447,1.0927664794166319
0.3250234300428156,-0.43973758182263284,1.0552952406113008
0.3621926759892563,-1.7347122902643328,1.1993026035528374
0.36219052856188405,-1.696576686421457,1.1995919411356226
0.36219991801977813,-1.6584943614589842,1.1983268352298921
0.36221779998530074,-1.6204480525658191,1.1959174756647428
0.3622356837165912,-1.582397986761951,1.1935078781856063
0.36225356921391105,-1.5443441634908839,1.1910980427572468
0.3622714564775218,-1.5062865821960116,1.1886879693444286
0.36228934550880054,-1.4682252423251392,1.1862776577616074
0.3623072363104948,-1.4301601433309004,1.1838671076385978
0.36233785696961796,-1.3921401873043218,1.1797413767251541
0.36237438637442715,-1.3541358648728592,1.174819520077186
0.3624109231454661,-1.3161238787914296,1.1698966709266756
0.3624474672849632,-1.2781042267417122,1.164972828973383
0.3624840187951477,-1.2400769064044526,1.1600479939169475
0.3625205776785381,-1.2020419154604158,1.155122165418021
0.36255714393720784,-1.1639992515878776,1.150195343197261
0.3625988142868244,-1.1259647391011915,1.1445808118805019
0.3626426340376391,-1.0879279021129173,1.1386766770338923
0.36268646438089125,-1.049881870576264,1.1327711149957054
0.36273030532042205,-1.0118266411569667,1.126864125248396
0.36251717407239265,-0.9730724146153696,1.1555807565618323
0.3623938856829102,-0.9345947578138211,1.172192244828942
0.36228354921618544,-0.8961750954295113,1.1870586319244865
0.36229406889951826,-0.8580649000251749,1.1856412430122774
0.3623024311819724,-0.8199476074118323,1.1845145354816111
0.3623107938504631,-0.7818285551509994,1.1833877759375966
0.36231915690501715,-0.7437077431208247,1.1822609643766384
0.3623873678517786,-0.7057017163429372,1.173070436812992
0.3624771291539193,-0.6677210273887987,1.1609762824192984
0.362566934933811,-0.6297215185692506,1.1488761352338912
0.3626638925182148,-0.5917147720034031,1.1358123764931705
0.36285892249448426,-0.5538373027547392,1.1095346533747517
0.363136838603071,-0.5160365601201535,1.0720891145335898
0.4003214640968201,-1.7728521981430605,1.1989072339114486
0.4003190905861039,-1.7347160592064501,1.1991965761701948
0.40031671710340605,-1.6965803724858637,1.199485915013362
0.40031898313360265,-1.658464358696354,1.1992096751417733
0.4003387466961886,-1.6204187366274299,1.1968004027503483
0.40035851221030655,-1.5823693577835924,1.194390892457868
0.40037827967624584,-1.5443162216083768,1.191981144229075
0.40039804909429555,-1.506259327545207,1.189571158028734
0.4004178204658188,-1.4681986750413356,1.187160933690663
0.40043759379416954,-1.4301342635506054,1.1847504708060015
0.40046389096028,-1.3920887638143067,1.1815447210325374
0.40050426258275007,-1.3540858401607263,1.1766232280076139
0.4005446423459403,-1.3160752534223752,1.17170074259014
0.4005850302523131,-1.2780570012811896,1.1667772644799257
0.40062542630433223,-1.2400310814181712,1.1618527933766458
0.4006658305047544,-1.2019974915142633,1.1569273289442208
0.4007062428559236,-1.1639562292481591,1.1520008708969272
0.4007493656370192,-1.125914884408768,1.1467439985348022
0.40055322069460736,-1.0872158847425057,1.170655001038341
0.40041703866087036,-1.048711291730851,1.1872562394367563
0.4002809491953231,-1.0102328717786726,1.2038461933320406
0.40027368141434994,-0.9720932262919928,1.2047321704411473
0.4002833647111194,-0.9339945176592785,1.2035517304540164
0.40029304847641073,-0.8958939656376812,1.2023712333518333
0.40030110164222293,-0.8577880749476205,1.2013895140909199
0.40031956619058917,-0.8197019688664445,1.199138597718651
0.40041867013191534,-0.7817697845432633,1.1870573553474628
0.40051782315414636,-0.743818814429129,1.1749701297802488
0.4006170252937518,-0.7058490445651817,1.1628769165712072
0.4007162765872377,-0.6678604609787294,1.1507777112700737
0.4009477040421221,-0.6300606777804776,1.1225656024841655
0.40122410124067404,-0.5922831970695664,1.0888714678035498
0.4015689713345726,-0.5545476270810765,1.0468301611187698
0.43845087002700617,-1.8109927240245907,1.1985118578636573
0.4384482704255281,-1.7728560499814832,1.1988012048107848
0.4384456708548761,-1.7347198281649447,1.1990905483268293
0.43844307131488325,-1.6965840585662875,1.1993798884303857
0.43844047180551965,-1.6584487411774005,1.1996692251247651
0.4384583141205193,-1.6203894217497452,1.1976832978900305
0.43847996128127836,-1.582340729841135,1.1952738747794527
0.43850161057963033,-1.5442882807369591,1.1928642137454943
0.4385232620158919,-1.5062320738806723,1.1904543147528983
0.4385449155913822,-1.4681721087189752,1.1880441776548523
0.4385665713101222,-1.4301083847069203,1.1856338020037853
0.43858822916772316,-1.3920409012714692,1.1832231882882098
0.438631321694697,-1.3540358191444994,1.1784268026772082
0.43867554388206775,-1.3160266316462033,1.1735046809524619
0.4387197749871739,-1.278009779310463,1.1685815666449955
0.4385446288577212,-1.239365255467473,1.1880760923579885
0.43844843871494066,-1.2009674625670113,1.1987824734674746
0.4383522907594949,-1.1625865102751822,1.2094841589431766
0.4382561849636363,-1.1242223875154147,1.2201811518735255
0.4382257163217503,-1.0860376447973812,1.2235724441877949
0.4382363136489797,-1.047956402204082,1.2223929155918256
0.43824691148875805,-1.0098733177784425,1.2212133299469272
0.43825750984112244,-0.9717883913868368,1.2200336872489785
0.4382681087061102,-0.9337016228956262,1.2188539874938158
0.4383362206686405,-0.8957305378880913,1.2112728299252353
0.4384319718117128,-0.8578016839794381,1.2006153113919638
0.43853672379576936,-0.819873005357308,1.1889559601230602
0.4386453115142843,-0.78193294661242,1.1768696749318295
0.43878036732325754,-0.7440188837220454,1.1618373761939438
0.4390753897240913,-0.7063386704257122,1.12900010027505
0.4393708091197984,-0.6686077530083889,1.0961186371006946
0.43963256361538944,-0.6307771564916458,1.0669842236783893
0.439699544385177,-0.5926385163452386,1.0595289727802992
0.43978303321638884,-0.5545090418815337,1.0502363028715038
0.4765808937948309,-1.849133867923944,1.1981164754093143
0.47657806809526426,-1.810996658762004,1.1984058270449438
0.4765752424292051,-1.7728599018366429,1.198695175249398
0.476572416796653,-1.734723597139817,1.1989845200227336
0.47656959119739556,-1.6965877446627282,1.1992738613866933
0.4765667656314616,-1.6584523443974863,1.1995631993383356
0.4765765023331494,-1.620360107932708,1.1985661610855018
0.476600031004374,-1.5823121029345215,1.1961568251521086
0.4766235619989429,-1.544260340876575,1.1937472513082454
0.4766470953172006,-1.506204821202354,1.1913374395186551
0.4766706309603917,-1.4681455433580064,1.1889273896558947
0.47669416893326455,-1.4300825067997938,1.1865171012337115
0.47646627974609185,-1.3912815368585882,1.2098529540001977
0.47635365200580737,-1.3528443716964929,1.2213860346053238
0.47624924013738856,-1.3144479027791924,1.2320778099314111
0.4761448740309752,-1.2760682624030135,1.2427648992281348
0.47611722725524513,-1.2379047908636374,1.245595929062901
0.47613437671715075,-1.19985862932722,1.2438398241637643
0.47615152741452804,-1.1618097268914485,1.24208359275233
0.4761686793475102,-1.1237580832601242,1.2403272348149557
0.47618298682585153,-1.0856972099629414,1.238862149032805
0.47619449843933764,-1.0476278965665429,1.2376833598118253
0.4762485279980376,-1.0096468793558397,1.2321507330009496
0.4763525162622751,-0.9717591331750413,1.221502334743029
0.47645654994784253,-0.9338548378977714,1.2108492853409274
0.47656062908450586,-0.895933982678871,1.2001915817466013
0.47666475370205724,-0.857996556663703,1.1895292209093427
0.47687244590910094,-0.8202206069636536,1.1682615389080695
0.4771930380454818,-0.7825965823945902,1.135432904142661
0.4776396928839701,-0.7451179208989934,1.0896954486814607
0.47770555372432566,-0.707004219512002,1.0829512986290553
0.47777143272952266,-0.6688800058213318,1.0762052884968796
0.4778373299075958,-0.6307452754780265,1.0694574174621891
0.4779032452660657,-0.5926000241299215,1.0627076847548693
0.5147115354153113,-1.8872756298561415,1.1977210865482562
0.5147084836103292,-1.8491378855630345,1.1980104428724943
0.5147054318415359,-1.8110005935165154,1.1982997957654788
0.5147023801089312,-1.7728637537085408,1.1985891452272668
0.5146993284125142,-1.7347273661310665,1.1988784912579078
0.5146962767520228,-1.6965914307751864,1.199167833882278
0.5146932251275539,-1.6584559476332292,1.199457173091183
0.5146933114089299,-1.620330795176261,1.199448992338489
0.5145198800652648,-1.5816722239043328,1.215892853071182
0.5143963094547573,-1.5431889283642721,1.227609177623009
0.5142727981851227,-1.504724113208322,1.2393198757809571
0.5141493462136262,-1.4662777651277488,1.251024951596925
0.5140259534975745,-1.4278498708265956,1.2627244091188672
0.5140047236257593,-1.389716474988164,1.2647373154835577
0.5139994765633848,-1.351628253185197,1.265234814730917
0.5140138494723553,-1.3135909486515747,1.2638720500285316
0.5140323570076539,-1.2755617747967707,1.2621172614965204
0.5140508658757615,-1.2375298622935,1.2603623465944551
0.5140693760768226,-1.1994952108459191,1.2586073053086793
0.5140878876109806,-1.1614578201581414,1.2568521376255504
0.5141502597385084,-1.1235135305397035,1.2509383359043866
0.5142391588553924,-1.0856160020280508,1.2425093825998275
0.5143528734873285,-1.0477558534001137,1.2317275508310743
0.5144651827620161,-1.0098760994958094,1.221078967749584
0.5145775410930173,-0.971979799842366,1.2104257334028006
0.5147391475309124,-0.9341562307042485,1.195103048920899
0.5150410959803023,-0.8965530189286743,1.1664738626083775
0.5153433988864315,-0.8589056648107193,1.1378110685457443
0.5156826218247005,-0.8212723236467453,1.105647708472837
0.5157537051406968,-0.7831815522506878,1.098907957030228
0.5158248080560909,-0.7450802783032423,1.0921663472743504
0.5158959305763454,-0.7069684974564734,1.0854228786872469
0.5159670727118705,-0.6688462053672395,1.0786775502819097
0.5160382344711265,-0.6307133976869325,1.0719303612561504
0.5161094158622341,-0.5925700700640466,1.0651813108400177
0.5528396301107061,-1.8872801165848243,1.1976050660893947
0.5528362391068856,-1.849141903219583,1.1979044098749227
0.5528329612669013,-1.811004528288125,1.1981937640252625
0.5528296834657862,-1.7728676055971766,1.1984831147443842
0.5528264057035397,-1.7347311351386936,1.1987724620323519
0.5524557685135018,-1.6954677033690226,1.2314907794977756
0.5522600495560102,-1.6567801486680307,1.2487680391935783
0.5520644692244382,-1.6181199960026635,1.2660330615668371
0.5519480123647618,-1.5797132767681112,1.276313391248621
0.5519423793080777,-1.5416321628949754,1.2768106541834925
0.5519367463663718,-1.5035518263083922,1.2773079069685522
0.5519311135396407,-1.4654722669845635,1.27780514960412
0.5519254808278808,-1.4273934848996919,1.2783023820905157
0.5519198482310886,-1.3893154800299816,1.2787996044280376
0.5519142157492605,-1.3512382523516377,1.2792968166170056
0.5519217989775274,-1.3131932458430824,1.2786274006044849
0.5519931999067104,-1.2752946342672273,1.2723244220283263
0.5520886003771328,-1.237439966362539,1.2639028632600002
0.5521840338292042,-1.1995722114220644,1.2554783930081754
0.5522795002800313,-1.1616913626579968,1.2470510097627638
0.552374999746732,-1.1237974132778341,1.2386207120126258
0.5524705322464366,-1.0858903564843754,1.2301874982455914
0.552578510855937,-1.0479937274853977,1.2206555934069456
0.5529110772355109,-1.0104926583959337,1.191298009554906
0.5532354428234939,-0.9729312959999377,1.1626643576501863
0.5536522204095023,-0.9354813379332971,1.125872956954268
0.5537191544107176,-0.8974069054242666,1.1199643002952655
0.5537861045979141,-0.8593232657553839,1.114054214804824
0.5538530709769637,-0.8212304155865323,1.1081426999645885
0.5539297031942514,-0.7831419941711829,1.101377924921259
0.5540060652771354,-0.7450426395106302,1.0946369962252973
0.5540824484136694,-0.7069327790105436,1.0878942090002255
0.5541588526154948,-0.6688124083290455,1.0811495622183855
0.554235277891466,-0.6306815231178752,1.0744030550981734
0.5909678073656947,-1.8872842880388312,1.197497198187797
0.5906246458918161,-1.8480835694034246,1.2258356940951884
0.5904153805603582,-1.8093374565559366,1.243116960176863
0.5902062634667661,-1.7706187904002981,1.2603859846799637
0.5900201934672874,-1.7319947614684887,1.2757517652820738
0.5899733070605591,-1.693794333173863,1.2796236749989944
0.589926428104967,-1.6555999756494235,1.2834949693962727
0.5898795565987354,-1.6174116874481452,1.2873656486205647
0.5898431878721545,-1.5792575675286717,1.2903690015253062
0.5898371698024243,-1.541187443677302,1.290865977606252
0.5898311518554955,-1.5031180966640048,1.2913629435461758
0.5898251340313644,-1.4650495264650019,1.291859899345397
0.5898968207259228,-1.4271697275627162,1.285939965859285
0.5899635653054905,-1.3892690408806712,1.2804281554175532
0.5900303249905579,-1.3513597765912775,1.2749150975539365
0.5901087282477278,-1.3134678144868779,1.2684405059940929
0.5902107243199138,-1.2756167267559428,1.2600176045490485
0.5903127556567779,-1.2377525521835664,1.2515917909241523
0.5904148222766121,-1.1998752839815021,1.2431630636088045
0.590624581485288,-1.1621967571162117,1.2258410128278356
0.590880808371346,-1.124579603029336,1.2046816312694872
0.591137257668435,-1.08692979635809,1.183503882864727
0.5915943895699928,-1.049602949237084,1.1457536355102746
0.5916658815200971,-1.0115577974375853,1.1398497841468185
0.5917373907513547,-0.9735034493006158,1.1339445056945792
0.591808917259288,-0.9354399014743585,1.128037800523316
0.5918804610597536,-0.8973671506389813,1.122129667323577
0.5919520221601756,-0.8592851934583196,1.1162201054822702
0.5920236005668298,-0.8211940265926994,1.1103091144811543
0.5921018449442761,-0.7831024400875909,1.103847643311397
0.5921834651316448,-0.7450050045204563,1.0971073955803021
0.5922651078211792,-0.7068970641736655,1.0903652896058418
0.5923467730255195,-0.6687786147062317,1.0836213243442003
0.6285721586402251,-1.9619070406043388,1.2380386024552692
0.6283518743943105,-1.923137554964405,1.2551273197140915
0.6281317444923277,-1.8843952334769831,1.2722040636254874
0.6280642953986633,-1.8461283834445559,1.2774364781643044
0.6280144333105268,-1.8079203383181832,1.2813045674257992
0.6279645333494064,-1.769718230348327,1.2851755947127188
0.6279146413174296,-1.7315221927238211,1.2890460068903096
0.6278647572127065,-1.6933322239979054,1.292915804105192
0.627814881033348,-1.6551483227242811,1.2967849865039156
0.627795783018252,-1.617049744137922,1.2982665294931763
0.6289563580015146,-1.5819205367916882,1.2082340459431151
0.6279090958830751,-1.5412314171675479,1.2894761981614522
0.627980136248974,-1.503346386777847,1.2839651879583798
0.6280511926914186,-1.4654527829466435,1.2784529306050985
0.6281222652158668,-1.4275506027633336,1.2729394256782172
0.6281933538277787,-1.3896398433159953,1.2674246727541387
0.6282644585326174,-1.351720501691389,1.2619086714090813
0.6284626019220132,-1.3140581676551184,1.2465375478680727
0.6287351280931545,-1.2765228358254954,1.2253961236825646
0.6290078907230263,-1.2389549362726275,1.204236356031899
0.6292808901195094,-1.2013544265917908,1.1830582210319989
0.6295416286126279,-1.1636981619809181,1.1628312348991727
0.6296051183836853,-1.125657635898104,1.1579059678110823
0.6296686209620216,-1.0876094362071282,1.1529797071886279
0.6297338860530459,-1.0495564767550767,1.1479167183091619
0.629809983647541,-1.0115130040399902,1.142013389766511
0.6298860996356588,-0.9734603358005636,1.1361086343246498
0.6299622340130555,-0.935398468686052,1.130202452320546
0.6300383867957631,-0.8973273993757838,1.1242948425105013
0.6301145579921059,-0.8592471245346899,1.118385804248753
0.6301907476087636,-0.8211576408235405,1.1124753370171305
0.6302701309750515,-0.7830628899993064,1.106317112238429
0.6303570082040696,-0.7449673733320822,1.0995775453812726
0.630443909383639,-0.7068613529452922,1.0928361205419463
0.6660518295813694,-1.9220352796490945,1.283066179191266
0.6659993729081104,-1.8838267976543694,1.2869030101496364
0.6659469244969288,-1.8456243336057743,1.290739236796064
0.6658941983272237,-1.8074271097453216,1.294595779494486
0.6658413029980277,-1.769235462251902,1.2984646950014067
0.6658936229442722,-1.731323419655108,1.2946378646475125
0.6659385363623074,-1.6933865638927244,1.2913527689283768
0.665983455839422,-1.6554445902294204,1.2880672300308476
0.6660283813768423,-1.617497497629474,1.2847812478652543
0.6660733129757946,-1.5795452850568845,1.2814948223418767
0.6661419085559203,-1.5416427026579869,1.2764775456241182
0.6662643393767054,-1.503853794593135,1.2675226055895479
0.666496477879054,-1.466292251333919,1.2505433322749084
0.6667287782002582,-1.4287045247148389,1.2335522230668303
0.6669612405095777,-1.391090587348548,1.2165492655851722
0.6673773654401876,-1.3538226556072377,1.1861126992319981
0.667410322402901,-1.3157517784514334,1.1837021328163857
0.66746907800382,-1.2777265207501698,1.1794045802920223
0.6675363699411703,-1.2397104013193163,1.1744826557315449
0.6676036754483501,-1.2016866158070303,1.169559738634959
0.6676709945298799,-1.1636551618949336,1.164635828671642
0.6677383271892731,-1.1256160372619175,1.1597109255845979
0.6678056734306379,-1.0875692395870389,1.154785029073338
0.6678730332580844,-1.0495147665484184,1.1498581388372529
0.667950707760836,-1.011468214609266,1.1441768037788478
0.6680314296895601,-0.9734172261190733,1.1382725712778878
0.6681121711199218,-0.9353570395678906,1.132366912371431
0.6681929320680257,-0.8972876516342059,1.126459825881554
0.6682737125431477,-0.859209058984047,1.1205513111297662
0.6683545125523709,-0.821121258278627,1.1146413675980185
0.6684353321027814,-0.783024246177544,1.1087299947679838
0.6685266950789522,-0.7449297459451182,1.1020474456537812
0.6686188536856943,-0.7068256453248768,1.0953067018463614
0.7039197121181593,-1.9215105655117322,1.2963658642570905
0.7039507171401705,-1.8835438107264024,1.2942206519233324
0.7039975548061436,-1.8456152112485387,1.290979991791147
0.7040446274502655,-1.8076821515614925,1.287723073711362
0.7040921208323624,-1.7697450604705325,1.2844370451122273
0.7041396206225005,-1.7318028507202037,1.281150573145915
0.7041871268219768,-1.6938555212744846,1.2778636577226905
0.7042909008265084,-1.656035361402871,1.2706836184902315
0.704535035749005,-1.618526433477444,1.253792121149921
0.7047793399837214,-1.5809914923959156,1.236888909234409
0.7050252245283191,-1.5434335996430768,1.2198763569595457
0.705361127292147,-1.5060413258399894,1.196635517083891
0.7053959524809172,-1.4679861713792062,1.1942259905095085
0.705430781117482,-1.429927259021923,1.1918162253850255
0.705465613193861,-1.3918645881932934,1.1894062222625834
0.7055004487102188,-1.3537981583358254,1.1869959811308064
0.7055352876670651,-1.3157279688926349,1.184585501954416
0.7055841038551647,-1.2776793231971901,1.1812079494804948
0.7056552357904796,-1.2396646034157075,1.1762863885505936
0.7057263820694066,-1.201642218118179,1.171363835197809
0.7057975426968168,-1.163612164986644,1.1664402890851022
0.7058687176763774,-1.1255744417001694,1.1615157499587525
0.7059399070124306,-1.0875290459380687,1.156590217518314
0.7060111107093207,-1.0494759753787197,1.1516636914632201
0.7060880543086937,-1.0114234291448856,1.1463400262092946
0.7061733813619331,-0.9733741202556375,1.1404363165797662
0.7062587290289242,-0.935315614119386,1.1345311807014653
0.7063440973257415,-0.8972479074137798,1.1286246174622008
0.7064294862626639,-0.8591709968059426,1.1227166261508188
0.7065148958471773,-0.8210848789575304,1.116807206249355
0.706600326086772,-0.7829895505285852,1.110896357239561
0.7066925263405788,-0.7448921223589884,1.1045170964356288
0.7421583675865547,-1.9219998750318468,1.2839635635492286
0.7422077578148351,-1.8840658467607352,1.2807215383082635
0.7422571546173379,-1.8461267691764556,1.2774790815285897
0.7423066226096664,-1.808182798664572,1.2742319517757466
0.7425698304040617,-1.7707434417327625,1.2569547221949264
0.7428273068544571,-1.7332637159937332,1.240053703912558
0.7430849619200193,-1.695757990022608,1.2231409611474504
0.7434554612377376,-1.6584775673764915,1.1988210059331195
0.7434510532730729,-1.6203420391849026,1.1991103492547026
0.7434466453606777,-1.5822069632034936,1.1993996891452596
0.7434422375005513,-1.544072339424222,1.1996890256048403
0.7434753053478962,-1.506014080063687,1.1975184181893823
0.7435120116511271,-1.467959612747097,1.195108978797812
0.7435487215880281,-1.4299013876692848,1.192699300888414
0.7435854351507772,-1.3918394042565831,1.1902893849746192
0.7436221523392531,-1.353773661950948,1.1878792310644144
0.7436588731539928,-1.3157041601955257,1.185468839122521
0.7436955975955337,-1.2776308984333529,1.1830582091136819
0.7437712853374467,-1.2396188088957447,1.1780899881060591
0.7438462718203854,-1.2015978237098532,1.1731677984567526
0.7439212734257739,-1.1635691712556977,1.1682446161543325
0.7439962901574279,-1.125532849212519,1.1633204409483255
0.7440713220199234,-1.087488855259888,1.1583952725383568
0.7441463690178393,-1.04943718707644,1.153469110623881
0.7442220237397469,-1.0113786476463227,1.148503057083282
0.7443119551015729,-0.9733310182097492,1.1425998702557294
0.7444019081890203,-0.9352741923400512,1.1366952573361004
0.7444918830180313,-0.8972081667140377,1.1307892172779432
0.7445818795999378,-0.8591329379999283,1.124881749337412
0.7446718979426294,-0.8210485028598222,1.1189728529966274
0.7447619380539996,-0.7829548579542047,1.113062527737462
0.7806096537602669,-1.9229652446289502,1.2594947896028472
0.7808772558131053,-1.885532885987742,1.2427859784987874
0.7811450414030439,-1.8480748540511038,1.2260657075172574
0.781601792993593,-1.8110285447412522,1.1975465838146775
0.7815969828870987,-1.7728907172804922,1.1978469221713937
0.7815923486885158,-1.734753749528169,1.1981362770097448
0.7815877145443408,-1.6966172340108863,1.198425628450913
0.7815830804551186,-1.658481170721837,1.1987149764608915
0.7815784464208474,-1.6203455596529763,1.199004321039773
0.7815738124415266,-1.5822104007962612,1.199293662187607
0.7815691785171555,-1.5440756941436484,1.1995829999044432
0.7815881043822795,-1.5059868352731727,1.1984012873503502
0.7816266916638239,-1.467933055075962,1.1959919351368455
0.7816652827648634,-1.4298755172527988,1.1935823444378002
0.7817038776777949,-1.3918142212311957,1.1911725157279278
0.7817424764021809,-1.3537491664525572,1.1887624490345559
0.7817810789385862,-1.3156803523600598,1.18635214432242
0.7818196852875754,-1.2776077783967694,1.1839416015562705
0.7818845188941718,-1.2395730177590527,1.1798934544126922
0.7819633450134809,-1.2015534325816901,1.1749716284265617
0.7820421870290397,-1.1635261807017419,1.1700488098941122
0.7821210449448075,-1.1254912597986255,1.1651249985681176
0.7821999187655945,-1.087448667552168,1.1602001941482456
0.7822788084962129,-1.0493984016412612,1.155274396334022
0.7823577141414773,-1.0113404597438609,1.1503476048248373
0.782447151357195,-0.973287919980901,1.1447632323312433
0.7825417090490885,-0.9352327742293984,1.1388591423008165
0.7826362895939357,-0.8971684295345117,1.1329536253542543
0.7827308930041733,-0.8590948825655561,1.1270466807150328
0.7828255192880939,-0.821012129985074,1.1211383078653583
0.8197305215729899,-1.8110325476612565,1.197438715654556
0.8197254460140938,-1.772894569286296,1.197740888463251
0.819720585735871,-1.7347575186503317,1.1980302445620978
0.8197157255147631,-1.6966209202514866,1.198319597260614
0.8197108653512888,-1.6584847740828401,1.1986089465279264
0.8197060052454466,-1.6203490801363478,1.1988982923641132
0.8197011451972356,-1.5822138384039663,1.1991876347692312
0.819696285206655,-1.5440790488776523,1.1994769737433302
0.8196995244701379,-1.505959591468393,1.1992841245685355
0.8197399925938598,-1.4679064983657488,1.19687485952835
0.819780464722851,-1.4298496477724147,1.194465356034911
0.8198209408497882,-1.3917890391170822,1.192055614524243
0.8198614209738876,-1.353724671840605,1.1896456350429716
0.8199019050957413,-1.3156565453861895,1.1872354175558684
0.8199423932159416,-1.2775846591969324,1.1848249620276619
0.8199949367727084,-1.2395272300052569,1.1816967874852722
0.8200776019608411,-1.2015090447333252,1.1767753251220228
0.8201602838188572,-1.1634831933244252,1.1718528703191993
0.8202429823508537,-1.125449673458148,1.1669294228328937
0.820325697561875,-1.0874084828145785,1.162004982362788
0.8204084294569676,-1.0493596190728656,1.1570795486084435
0.8204911780411798,-1.0113030799112215,1.1521531212693006
0.8205789705774353,-0.9732448255685862,1.1469264028317525
0.8206781320579273,-0.9351913597869403,1.1410228356210723
0.8207773175024163,-0.8971286958747341,1.1351178417166068
0.8578542443477818,-1.7728987716520823,1.1976252104373017
0.857848988467025,-1.7347612877888727,1.1979242116536923
0.8578439021670194,-1.696624606508105,1.1982135656095636
0.8578388159273282,-1.6584883774595014,1.198502916134217
0.8578337297479502,-1.620352600635017,1.1987922632277233
0.8578286436288843,-1.5822172760266089,1.1990816068901324
0.8578235575701298,-1.5440824036262337,1.1993709471215013
0.8578184715716851,-1.5059479834258471,1.199660283921915
0.8578519145160808,-1.4678799426164049,1.1977577519740734
0.8578942675368484,-1.4298237792280808,1.1953483356815156
0.8579366247416258,-1.3917638579141929,1.1929386813652911
0.8579789861292528,-1.3537001781150433,1.1905287890913954
0.8580213517003491,-1.3156327392738687,1.1881186588245853
0.8580637214555348,-1.2775615408337961,1.1857082905295826
0.8581060953954289,-1.2394865822378418,1.1832976841711513
0.8581890429746231,-1.2014646601644723,1.1785788885547746
0.8582755641074226,-1.163440209123395,1.1736567974444085
0.8583621026878573,-1.1254080901907462,1.1687337137574545
0.8584486587211508,-1.087368301046791,1.1638096371967563
0.8585352322125832,-1.049320839370935,1.1588845674619321
0.8586218231674371,-1.011265702841648,1.153958504252465
0.858708431590997,-0.9732028891364632,1.1490314472677312
0.8588111776642559,-0.9351499490121897,1.1431863373223337
0.8959775568830576,-1.7347650569437925,1.1978181782845212
0.8959722445021895,-1.6966282927807417,1.1981075334977689
0.8959669321843169,-1.6584919808518206,1.198396885279763
0.8959616199294383,-1.6203561211489843,1.198686233630589
0.8959563077375529,-1.5822207136641893,1.1989755785503107
0.8959509956086597,-1.5440857583893923,1.1992649200389636
0.8959456835427573,-1.5059512553165495,1.1995542580966259
0.8959624575053283,-1.4678533878278783,1.1986406124757352
0.8960066912817078,-1.4297979116197466,1.1962312833793192
0.896050929428171,-1.3917386776224783,1.1938217162528133
0.896095171943151,-1.3536756852758238,1.1914119111815609
0.8961394188272953,-1.3156089340230506,1.1890018681302976
0.8961836700812509,-1.2775384233073153,1.1865915870637807
0.8962279257056653,-1.2394641525716648,1.1841810679467386
0.8962976683668351,-1.201420278874694,1.1803823187425948
0.8963880282068865,-1.1633972280982994,1.1754605912844838
0.8964784062680632,-1.1253665099960792,1.170537871356558
0.8965688025557608,-1.0873281222484759,1.165614158664944
0.8966592170754936,-1.049282062535152,1.1606894529092884
0.8967496498327778,-1.0112283285348345,1.1557637537891239
0.9340675231183457,-1.467820393471686,1.1997375676945907
0.9341177360322761,-1.4297720449473612,1.1971141991300698
0.9341638549842817,-1.391713498241889,1.1947047191885503
0.9342099784904512,-1.3536511933228987,1.1922950013152018
0.9342561065514597,-1.3155851296336882,1.1898850454747603
0.9343022391679816,-1.2775153066174443,1.1874748516319826
0.9343483763406919,-1.2394417237172444,1.1850644197516047
0.9344034784494853,-1.201375900863624,1.1821856157003623
0.9344976764293531,-1.1633542502487866,1.1772642518542042
0.93459189340367,-1.1253249328738066,1.1723418956449976
0.9346861293779983,-1.0872879464193042,1.1674185467821303
0.0,0.0,50.0
