-1.1243812715304238,1.3911836071478125,1.2132872013917861
-1.1245013095622318,1.4294508172401252,1.2080787715370604
-1.1246213732271022,1.4677261989574046,1.2028692294681065
-1.1247414625332464,1.5060097549173976,1.1976585748286297
-1.124861577488879,1.5443014877389696,1.1924468072621934
-1.1249977541356972,1.5826239592078453,1.18653812563754
-1.125293483678711,1.621185527333736,1.173706470889826
-1.1255893687401834,1.6597673742439993,1.1608680682225483
-1.1258854094428228,1.6983695159391734,1.1480229123114114
-1.0857433649160206,1.2381283985884446,1.236789224824335
-1.0858599906064172,1.2763617433443852,1.231551299080209
-1.085976641352731,1.314603302690148,1.226312248017699
-1.0860945267258646,1.3528545859216912,1.221017747048883
-1.086210458920857,1.3911116403723254,1.215810967765023
-1.0863264158682227,1.4293768629845034,1.2106030767956213
-1.0864423975758897,1.4676502563744473,1.2053940737846034
-1.0865584040517897,1.505931823159498,1.20018395837576
-1.0866744353038573,1.544221565958113,1.1949727302127258
-1.0867904913432278,1.5825194873945245,1.189760388795385
-1.0870094617181965,1.6209790218604685,1.1799259298494178
-1.0872952439486185,1.6595558986584176,1.167090798097135
-1.0875811764867673,1.698153065040742,1.1542489156820253
-1.0878672594512568,1.7367705370186732,1.1414002772768796
-1.088153492960825,1.7754083306202932,1.1285448775489115
-1.0884398771343342,1.814066461890557,1.115682711159728
-1.0887264120523716,1.8527449468259656,1.1028137744899809
-1.0890526467523167,1.891512491727708,1.0881618300713853
-1.0473676067446211,1.1616258911167616,1.2497986678867221
-1.0474800802650928,1.1998408192127428,1.2445635367520396
-1.0475925779445154,1.2380639557526092,1.2393272811280056
-1.047705099790674,1.2762953033813667,1.2340899006522577
-1.0478176458113568,1.3145348647451567,1.2288513949622981
-1.0479317424792196,1.3527846130186287,1.2235407136945113
-1.0480435953057847,1.3910396810422234,1.2183344730398318
-1.048155472012513,1.4293029163806996,1.213127120872123
-1.0482673726070524,1.4675743216498733,1.207918656835382
-1.0483792970970545,1.5058538994666781,1.202709080573463
-1.0484912454901743,1.5441416524491656,1.1974983917300719
-1.0486032177940696,1.582437583216505,1.1922865899487576
-1.048735191699117,1.6207725689895445,1.1861438045501913
-1.0490108762361454,1.6593444769553574,1.1733119424630445
-1.0492867057515225,1.6979366693070093,1.1604733322927672
-1.0495626803596412,1.736549162049588,1.147627968714886
-1.0498388001750147,1.7751819712050247,1.1347758463993145
-1.050115065312277,1.8138351128121148,1.121916960010374
-1.050391475873302,1.8525086029038234,1.1090513048063144
-1.050688402238048,1.8912391240284863,1.0952307321926753
-1.0510018246238848,1.930021532491134,1.0806423447791786
-1.0506091859108084,1.9675044754329685,1.0989178921514622
-1.0501741044405497,2.0048778357501402,1.1191689569489611
-1.0090171621455954,1.0851694007980932,1.2625672624014257
-1.0091206452644235,1.1233607183132261,1.25756883251087
-1.009228994289657,1.161565446257907,1.2523353701599618
-1.0093373665842031,1.1997783791472605,1.2471007838573556
-1.009445762155559,1.2379995196247422,1.2418650732409233
-1.0095541810112243,1.2762288703349438,1.236628237948409
-1.0096626231587025,1.3144664339235939,1.2313902776173862
-1.0097710885937579,1.3527122130218268,1.2261511924524484
-1.0098806800724196,1.3909677291563514,1.2208577172567203
-1.0099884773821188,1.4292289774275269,1.215650903807088
-1.0100962977074097,1.4674983947824631,1.2104429786609714
-1.0102041410556633,1.5057759838376867,1.2052339414623034
-1.010312007434255,1.5440617472108427,1.2000237918548464
-1.010419896850563,1.5823556875206932,1.1948125294822347
-1.0105278093259322,1.6206578074095142,1.1896001533134566
-1.0107362618741853,1.6591331091142287,1.1795315019261423
-1.011001993505563,1.6977203287168887,1.1666961627501706
-1.0112678649001456,1.7363278435077973,1.1538540727476772
-1.0115338761682262,1.7749556695027366,1.1410052265913322
-1.011800027420214,1.8136038227343458,1.1281496189481572
-1.012066318766634,1.8522723192521415,1.1152872444795605
-1.0123327500413555,1.890961174605551,1.1024181112099996
-1.011348894776466,1.9272875164608123,1.1499401768348605
-1.0112676583880456,1.9652937512069566,1.1538640476717603
-1.0111864350491686,2.003293880757787,1.1577872881910949
-1.0114114471919802,2.041906129236639,1.1469187771420906
-0.9709088408686243,1.0470585538779282,1.2641836740455261
-0.9709305308397743,1.085157652115042,1.2630949225525043
-0.970990101157074,1.1233022738875953,1.260104726233152
-0.9710943506909588,1.1615050076891862,1.254871808453828
-0.9711986226125742,1.1997159455802386,1.249637766898239
-0.9713029169291322,1.2379350902037958,1.2444026012043494
-0.9714072336478486,1.2761624442040365,1.2391663110099458
-0.9715115727759421,1.3143980102262747,1.2339288959527082
-0.9716159343122157,1.3526417909052415,1.2286903560926987
-0.9717217126080995,1.3908957847135541,1.2233807004561825
-0.9718254313641823,1.4291550461237976,1.2181744256410454
-0.971929172263907,1.4674224757709968,1.2129670393019296
-0.9720329353143654,1.505698076271272,1.207758541082832
-0.972136720522653,1.5439818502418605,1.2025489306276143
-0.9722405278958677,1.582273800301118,1.1973382075799748
-0.9723443574520458,1.620573929086743,1.1921263710345613
-0.9724713971360572,1.6589217951144506,1.1857494770920312
-0.9727270360192648,1.6975040432493052,1.1729174076604352
-0.9729828093401997,1.736106581371729,1.1600785899821346
-0.9732387172049393,1.7747294254913597,1.1472330187324644
-0.9734947597196718,1.8133725916346828,1.1343806885811816
-0.9726347928869911,1.8499132335301594,1.1775476511628042
-0.972533610035102,1.8878593606563745,1.1826266335321378
-0.9724324482330554,1.9257975935595801,1.1877045592819258
-0.9725252395721277,1.964119601488807,1.1830467979481014
-0.9728033161841,2.0028303568496177,1.1690884425236092
-0.973081551863859,2.0415632558712336,1.1551221025200178
-0.9733574377929267,2.080312955282922,1.1412737107864217
-0.9328030472866731,1.008950234820279,1.2657999784921827
-0.9328238852884665,1.0470472181809318,1.2647112992148095
-0.9328447242212861,1.0851459036859858,1.2636225712960751
-0.9328655640810033,1.1232462914444734,1.2625337949516648
-0.9329636753290361,1.1614445754096165,1.2574079828095392
-0.9330638477305153,1.1996535185106625,1.252174485915937
-0.9331640416453454,1.2378706674887234,1.2469398650595025
-0.9332642570804579,1.2760960249875648,1.241704119878115
-0.9333644940427867,1.3143295936520873,1.2364672500095182
-0.9334647525339469,1.352571376120617,1.231229255369307
-0.9335650325565024,1.3908213750331566,1.225990135823551
-0.9336663333459724,1.429081122468325,1.2206976864145105
-0.9337659956636171,1.4673465646142554,1.215490838798786
-0.9338656792600368,1.5056201767661819,1.2102828794756277
-0.9339653841420472,1.543901961540935,1.2050738080889616
-0.9340651103164666,1.5821919215564637,1.199863624282564
-0.9341648577982188,1.6204900594458898,1.194652327276735
-0.934264626592893,1.6587963778281978,1.1894399167794631
-0.9344618295649043,1.6972878128831936,1.1791370676294903
-0.9347075099491351,1.7358853756198225,1.1663015210247778
-0.9339774205513827,1.772651022679155,1.204444967111435
-0.9338803127348614,1.8105842797920784,1.209518355076625
-0.9337832251092942,1.848509649706154,1.2145906881674833
-0.9337638775905589,1.8865841608462313,1.215601497309578
-0.9339999746088553,1.9251836211325386,1.2032666326802115
-0.9342361910489906,1.9638026056744087,1.1909255288690659
-0.9344972922200263,2.002494197614342,1.1772843248312768
-0.9350023726716744,2.041739875017738,1.1508964481737465
-0.9356154723261968,2.0812670710929684,1.1188651192844148
-0.8946997811486306,0.970844443374046,1.2674161757341622
-0.8947197672940362,1.008939312054977,1.266327568665261
-0.8947397543323782,1.0470358827293786,1.2652389129598234
-0.8947597422637161,1.0851341555113152,1.264150208614609
-0.8947797310849283,1.1232341305108673,1.263061455799651
-0.8948369675845277,1.1613841494182169,1.2599438932682787
-0.8949330413184657,1.199591097937518,1.2547109409516537
-0.895029135684438,1.237806251478478,1.2494768648476295
-0.8951252506890912,1.2760296126844493,1.2442416645941847
-0.8952213863390753,1.314261184199919,1.2390053398290917
-0.8953175426385913,1.3525009686668081,1.2337678903235414
-0.8954137195847922,1.3907489687168049,1.2285293162325956
-0.8955111827148844,1.429007206459922,1.2232206861679984
-0.8956067672937396,1.4672706613110202,1.2180143771920555
-0.8957023722796811,1.5055422853211662,1.2128069566811988
-0.895797997679245,1.543822081106784,1.2075984242794249
-0.89589364349897,1.5821100512854152,1.2023887796305672
-0.8959893097508645,1.6204061984856062,1.1971780220805712
-0.8960849964448965,1.65871052533417,1.1919661510864898
-0.895936270107673,1.6965601710549552,1.2000669898799359
-0.8952695773896794,1.7333942881374644,1.236380465583423
-0.8951765550325268,1.7713068003835106,1.2414472152496003
-0.8950835520042112,1.809211434902129,1.2465129121110508
-0.8952930743416487,1.8477325151306367,1.2351006316038138
-0.8955193537277218,1.8863067238094566,1.222775626745367
-0.8957457475239392,1.9249004361684652,1.2104443901854367
-0.8960967418916473,1.9637864769114826,1.1913263990932492
-0.8966624126532745,2.003181985714762,1.1605153959067493
-0.8972502561815321,2.0426761151366795,1.1284966845803766
-0.8565990422030481,0.9327411792877635,1.2690322657821582
-0.8566181766050179,0.970833933485687,1.2679437309145314
-0.8566373118618418,1.0089283895261691,1.266855147415228
-0.8566564479735768,1.0470245475232605,1.2657665152809656
-0.8566755849402803,1.0851224075910217,1.2646778345084968
-0.8566947227597655,1.1232219698405814,1.2635891052222306
-0.8567138614314387,1.161323234384839,1.2625003274559319
-0.8568062027569934,1.1995286838597907,1.2572471320466008
-0.8568981984267781,1.2377418421720128,1.2520136006099563
-0.8569902138539175,1.2759632072936105,1.2467789451993596
-0.8570822490447771,1.3141927818686583,1.2415431654526827
-0.857174304005725,1.352430568542366,1.2363062610076412
-0.8572663787295346,1.3906765699390227,1.2310682322753692
-0.8573584732359785,1.4289307887266307,1.2258290781309995
-0.8574514865416007,1.4671947658600724,1.2205376545222677
-0.8575430137604279,1.5054644019349734,1.2153307727401028
-0.8576345605211796,1.5437422089381234,1.210122779239562
-0.857726126830115,1.5820281894866566,1.2049136736645707
-0.8569203286366123,1.618627287424712,1.250754637561613
-0.8567951690979179,1.6564706602559744,1.2578748246517861
-0.856670046114833,1.6943029800937808,1.2649929321339428
-0.8568743413831905,1.7327903347971187,1.2533708013118243
-0.8566366443416609,1.7703823983060991,1.2668931218966293
-0.8568530123816633,1.8089119150279558,1.2545841845098238
-0.8570694897491304,1.8474609001259032,1.242269027605026
-0.8573165344492476,1.8860963757883447,1.2282149291094697
-0.8578415096502884,1.925377610548425,1.1983496732280372
-0.8583671281792395,1.9647069822769259,1.1684478191365955
-0.8596366791134035,2.0058189179312746,1.0962244771041583
-0.8185192788058727,0.8946606070668841,1.269549912952698
-0.81851911296998,0.9327310822216052,1.2695597859732786
-0.8185373965582285,0.9708234238248757,1.2684712746729048
-0.8185556809633108,1.0089174672338481,1.2673827147424248
-0.8185739661852817,1.0470132125625695,1.2662941061785773
-0.8185922522241961,1.085110659925097,1.2652054489780937
-0.8186105390787307,1.1232098094336074,1.264116743219752
-0.8186288267467852,1.161310661198928,1.2630279890286005
-0.8186833314267952,1.1994662762764674,1.2597830592419612
-0.818771229252863,1.2376774395682812,1.254550072387687
-0.818859145955234,1.2758968088139693,1.2493159617349008
-0.8189470815399896,1.3141243866571926,1.2440807269215455
-0.8190350360132137,1.3523601757427481,1.2388443675854148
-0.8191230093704275,1.3906041786986327,1.2336068839931542
-0.8192110016256693,1.4288563981843068,1.2283682753089948
-0.8193001527946534,1.4671188782601934,1.2230606708299376
-0.8193876030895341,1.5053865266063533,1.217854327692855
-0.8185311290061572,1.5418842197557845,1.2688444126566907
-0.8184116208502457,1.5797247565248929,1.2759593168225862
-0.8182921475863838,1.6175542452288982,1.2830721436943548
-0.8181727091992931,1.6553726907055464,1.2901828941816262
-0.8182170224121218,1.693518953364624,1.2875447122085646
-0.8183067361550053,1.731765418374546,1.2822036149578295
-0.8184436548781479,1.7701223233411103,1.2740521746963154
-0.8186503458126126,1.8086461128418185,1.2617468539467822
-0.8190957865415648,1.847727704523995,1.2352275919440459
-0.8195972852199543,1.8869797962040809,1.205370926439933
-0.8202705463233917,1.9266819808991291,1.1652884049329657
-0.8212350868207179,1.967144510291487,1.1078645985805124
-0.8214698858225435,2.005914837473653,1.0938858673090337
-0.7805578962053292,0.8567098860790199,1.2627264808379763
-0.7804842842933705,0.8947014966289857,1.2673227368041822
-0.7804400081701226,0.9327209853740489,1.2700872947435684
-0.7804574409814857,0.9708129143916041,1.2689988070096732
-0.7804748745716651,1.0089065451780062,1.2679102706472563
-0.780492308940713,1.0470018778472978,1.2668216856530492
-0.7805097440886815,1.0850989125135326,1.2657330520237906
-0.7805271800150403,1.123197649289936,1.264644369792606
-0.7805446167163246,1.1612980882852633,1.2635556391758342
-0.7805644267086967,1.199403875186534,1.2623187225789394
-0.780648227543319,1.2376130436662374,1.2570862802220333
-0.7807320463734676,1.275830417244447,1.2518527142420268
-0.78081588320494,1.3140559985644111,1.2466180242769198
-0.7808997380435357,1.352289790270513,1.2413822099645984
-0.7809836108872984,1.390531794994458,1.236145271427226
-0.7804983610775061,1.4277409044100722,1.2664437961362012
-0.7801678089855898,1.4651932022412297,1.2870831462656085
-0.7800565444644669,1.5030357807973875,1.2940303944137668
-0.7799427125747985,1.5408624321599678,1.3011379465491615
-0.7798684863717806,1.5787581553379948,1.3057725582497994
-0.779953963373261,1.6169777289445653,1.3004354576695647
-0.7800394591141024,1.6552056815348029,1.295097187021895
-0.7801249736004684,1.6934420158644314,1.2897577459219747
-0.7802105068385247,1.7316867346903841,1.2844171339848032
-0.7809193164122746,1.771353571374184,1.2401597557213861
-0.7808860282125848,1.8093700653706233,1.2422382384337283
-0.7813640638501389,1.8485930291088652,1.2123901596010853
-0.7825263196268472,1.8895147717818992,1.1398200428114933
-0.7827322199858157,1.9281940053309117,1.1269638252759009
-0.7829382287273774,1.9668935989980456,1.114100840436926
-0.7831443459371309,2.005613568863384,1.1012310829498801
-0.7425158404069762,0.856749046623434,1.2604986809779817
-0.742445812919361,0.8947423899284606,1.2650953570881
-0.74237579862241,0.9327285674999509,1.2696911673494995
-0.7423783098480147,0.9708024051858654,1.2695263279251918
-0.7423948926601278,1.0088956233586353,1.2684378151300706
-0.7424114762130919,1.0469905433774374,1.2673492537047366
-0.7424280605069564,1.085087165356321,1.2662606436459356
-0.7424446455417711,1.123185489409346,1.2651719849504062
-0.7424612313132729,1.161285515643837,1.2640832778979814
-0.7424778178256828,1.1993872441799491,1.2629945222115921
-0.742529192678901,1.237548654464835,1.2596222241541852
-0.7426089144891735,1.2757640325839648,1.254389202761942
-0.7426886534199838,1.3139876175892022,1.2491550575600385
-0.7419312954481505,1.3506954353030431,1.2988688116085854
-0.7418268721327522,1.3885477350177156,1.3057232651321655
-0.7417224782073912,1.4263893811680601,1.3125757894635512
-0.7416181136596618,1.4642203782511272,1.3194263854170742
-0.7416294030440811,1.5022749446277541,1.3186853386449329
-0.7417111500338064,1.540477003916367,1.3133193823963012
-0.7417924322233477,1.5786864583214835,1.3079839361084566
-0.7418737322298476,1.6169042881932578,1.3026473202971758
-0.741955050059165,1.6551304962858295,1.2973095345778916
-0.7422093543382141,1.693759808617976,1.280616740876198
-0.7424801071264021,1.7324535832949381,1.2628442501643775
-0.7435419599147716,1.77306159671984,1.193143144056016
-0.7438681184238871,1.8119864423145968,1.1717337649961337
-0.7440637192711804,1.8506200197257563,1.1588943247635441
-0.7442594229288567,1.8892739197424824,1.1460481359519719
-0.744455229433764,1.9279481582771836,1.1331951961426725
-0.7446511389948792,1.9666427517044245,1.1203354916181851
-0.7448471516935838,2.0053577160981106,1.1074690170365429
-0.7045367615587509,0.8187859661358456,1.2536727137729073
-0.7044703066151041,0.8567882107480995,1.2582706774414447
-0.7044038642069079,0.8947832869655318,1.2628677737923155
-0.7043374343155536,0.9327711967962736,1.2674640041130516
-0.7043000031310414,0.9707918962076517,1.2700538374198374
-0.7043157352019234,1.008884701775728,1.2689653481912444
-0.704331467975641,1.04697920915298,1.2678768103340303
-0.7043472014522414,1.0850754184534528,1.2667882238449195
-0.7043629356317717,1.1231733297912034,1.2656995887206648
-0.7043786705108471,1.1612729432746398,1.2646109051954397
-0.7043944060921531,1.1993742590217742,1.2635221730834658
-0.7040096611627717,1.2367737290697343,1.290142362792004
-0.703614259060343,1.2741123069471076,1.3174999136627576
-0.7035152665660375,1.3119609025150427,1.3243491240795748
-0.7034163019226041,1.3497988496352673,1.331196407517119
-0.703332148462197,1.3876553199389294,1.3370189172101448
-0.7034099146707646,1.4258309081164149,1.3316383362930395
-0.7034876980781819,1.464014939243784,1.326256565401465
-0.7035654986901551,1.5022074161222227,1.3208736041406297
-0.7036427293866813,1.5404070562248968,1.3155300748674605
-0.703778712375094,1.5787468412738597,1.3061215221556566
-0.704035311483538,1.6173784182729927,1.288367637895746
-0.704292097773312,1.6560381758453553,1.2706008027113853
-0.7045490714493056,1.6947261448375188,1.2528210024264226
-0.7053967369456989,1.7348946773529352,1.1941717140273127
-0.705472074049997,1.7732135915310734,1.188959200865078
-0.7056311375467138,1.8117556234307517,1.1779537264976412
-0.7058166603006514,1.8503842175449507,1.1651175575765578
-0.7060022805715819,1.8890331290969353,1.1522746415337934
-0.7061879983619898,1.9277023739070533,1.1394249781974608
-0.7063738138862836,1.9663919683861408,1.126568552732806
-0.7065597272216321,2.005101928601929,1.1137053598005906
-0.6665470432804176,0.7808122506999178,1.2468448343465965
-0.6664841628851517,0.8188234001160435,1.251444086114617
-0.6664212943527278,0.8568273784535072,1.2560424702004838
-0.6663584376797893,0.8948241877414315,1.2606399868496965
-0.6662955928495867,0.9328138299894214,1.265236637287373
-0.6662327598701331,0.9707963072393367,1.2698324209274077
-0.6662374021702772,1.008873780429277,1.2694928698311543
-0.6662522842015841,1.0469678751739178,1.2684043555412785
-0.6662671668977584,1.085063671804921,1.2673157926210976
-0.6662820502588449,1.1231611704363385,1.2662271810673502
-0.6658500446402978,1.1604815063730907,1.2978253063096403
-0.6654705019452299,1.1978469035014139,1.325586143434606
-0.6652937776395894,1.2355455870449517,1.3385122640757459
-0.6651394150075535,1.2732668801573166,1.3498027880189412
-0.6651372360706372,1.3112705511106848,1.3499621616905344
-0.6652107595714375,1.3494275408449161,1.3445844427748526
-0.6652842993284402,1.387592967170747,1.339205534834079
-0.6653578553470375,1.425766832886509,1.333825437473827
-0.6654314276326235,1.4639491407917717,1.3284441502995321
-0.6656325445457763,1.5024277434033235,1.3137338846517963
-0.6658734131179689,1.5410213275015852,1.2961160690857056
-0.6661162417829923,1.5796470876568103,1.2783548867297014
-0.6664994119334252,1.6186414289811757,1.2503287271551784
-0.6670901826744879,1.6581955969337272,1.2071180672374524
-0.6671614096981097,1.6964961560894787,1.201908319223982
-0.6672326519335595,1.7348048950272548,1.1966974585739294
-0.6673039093857114,1.7731218163677473,1.1914854849308298
-0.6674038970218003,1.8115248633448864,1.1841721035483275
-0.667579346810897,1.8501484754473432,1.1713392046886781
-0.667754888825884,1.888792399821786,1.1584995601639179
-0.6679305230384084,1.92745665219655,1.1456531720478438
-0.6681062496665565,1.9661412490187236,1.132800024389006
-0.6682820687832887,2.0048462063498658,1.1199401118508874
-0.6284873772593591,0.7808479535646583,1.244615582304263
-0.6284280846078175,0.8188608375192773,1.2492152546662822
-0.6283688031427755,0.8568665497401484,1.2538140592271105
-0.6283095328610676,0.894865092256672,1.2584119962323328
-0.6282502737477068,0.9328564670799283,1.2630090668445604
-0.6281910258086345,0.9708406762497079,1.2676052706028926
-0.6281598935384158,1.0088628593192739,1.2700203800501697
-0.6281739248641457,1.0469565414402429,1.268931889326879
-0.6277024639543998,1.0842133468303268,1.3055058265677744
-0.6273993997766968,1.1217140783886397,1.3290162597471635
-0.6272327974833063,1.159430322620657,1.341940558870789
-0.6270662836469834,1.1971265415078773,1.3548579958703826
-0.627031081740714,1.2350612216104973,1.3575888104173401
-0.6270450745288133,1.273091514952439,1.3565033092799368
-0.6271012221334482,1.3112116462790282,1.3521476163143191
-0.6271705380629682,1.349366915226386,1.3467703805697369
-0.6272754232743369,1.3876092696674724,1.3386338308393206
-0.6275019780860944,1.4261408592865783,1.3210586696847955
-0.6277286966078442,1.4647002920849699,1.303470808603599
-0.6279555790170975,1.5032875982530518,1.2858702338251575
-0.6286954694688582,1.5431616068781067,1.2284726715067507
-0.6288039456117217,1.5815371965385727,1.220057552545228
-0.6288710668935013,1.619819414725685,1.214850568261724
-0.6289382025090383,1.6581098066147375,1.2096424720261183
-0.629005352467819,1.6964083748374512,1.2044332631025298
-0.6290725167669542,1.7347151219937222,1.199222941715064
-0.6291396954110382,1.773030050703835,1.1940115075073336
-0.6292068884046674,1.8113531635891942,1.1887989601227673
-0.6293517750776195,1.8499127934099726,1.1775592667058774
-0.6295172439645254,1.888551731893576,1.1647228924489426
-0.6296827997328376,1.927210993121715,1.1518797783010868
-0.6298484426025684,1.9658905935777136,1.139029907194697
-0.5904799452650763,0.7428618666238057,1.2377851652066028
-0.5904242305007917,0.7808836596945955,1.2423861263862293
-0.5903685262494539,0.8188982783460168,1.246986219399929
-0.5903128325080875,0.8569057246085141,1.251585444493422
-0.5902571492737184,0.8949060005117666,1.256183801912286
-0.5902014765330245,0.9328991080683291,1.2607812927566826
-0.5901458142900707,0.9708850493159228,1.2653779166909374
-0.5898438827855154,1.0084427673429779,1.2903116151316354
-0.5893336630187047,1.0455919827751212,1.3324458926489058
-0.589177179886781,1.0833257823724682,1.3453683706400241
-0.5890207798333302,1.1210395487150477,1.3582839879572504
-0.5889965044170613,1.1589931215948626,1.360288667494288
-0.5890096476982453,1.1970196066125631,1.35920328685458
-0.589022791566019,1.2350477887674594,1.3581178577739124
-0.589035936020422,1.2730776681731701,1.3570323802490165
-0.5891701230833197,1.3113786610564213,1.3459511260226265
-0.5893828832881792,1.3498769262406685,1.3283812510406818
-0.5895957972118224,1.3884030063375172,1.3107986818624084
-0.5898088650209019,1.4269569315021822,1.2932034047255172
-0.5904729668671675,1.4666586596378033,1.2383614458080956
-0.5905363907744873,1.5049153184253063,1.2331238586229887
-0.5905998283082533,1.5431801965473715,1.2278851461571492
-0.5906640628226529,1.5814553940090383,1.2225806185164032
-0.590727109625113,1.6197356231656324,1.2173741728938978
-0.5907901698890098,1.6580240251723823,1.2121666156172566
-0.5908532436262904,1.6963206026690274,1.206957945699891
-0.5909163308327223,1.7346253582508946,1.2017481634913167
-0.5909794315126206,1.7729382945378616,1.196537268635204
-0.5910425456703017,1.8112594141509244,1.1913252607750877
-0.5911339413784181,1.8496771714098892,1.1837777442338577
-0.5912893422621674,1.8883111252888571,1.1709446389952092
-0.5914448247169968,1.9269653966586024,1.1581047975641354
-0.5916003889630935,1.9656400020386655,1.1452582017574358
-0.5524362601590357,0.7429315222828411,1.2332128963058153
-0.5523576025271989,0.7809193690901777,1.240156466564514
-0.5523054873326793,0.8189357225967314,1.2447569802876188
-0.5522533819714173,0.8569449030590959,1.249356625971437
-0.5522012864406299,0.8949469125072278,1.2539554038616316
-0.5516756984879113,0.9321416974450915,1.300352133480935
-0.5513767861637157,0.9696626239430861,1.326738876582347
-0.5511618420000848,1.0072957802070515,1.3457132579235491
-0.5509806345985777,1.044963272514544,1.3617094975048616
-0.5509661490150181,1.0829334653053801,1.362988224881164
-0.5509784429777914,1.1209561426099894,1.3619029647190999
-0.5509907374892189,1.1589805167876674,1.3608176561241265
-0.551003032549337,1.197006587952008,1.359732299093011
-0.5511298881777305,1.2352911286742234,1.3485340091382767
-0.5513008848440758,1.2736951477432097,1.3334391310057185
-0.551471987652133,1.312123005103351,1.3183348831220485
-0.5520603330645142,1.3515959878476036,1.2663981846497876
-0.5522305736663189,1.3900976509531475,1.2513700487663328
-0.5522898740583648,1.4283358811854263,1.246135255537446
-0.5523491871832019,1.466582324589881,1.2408993383104487
-0.5524085130492636,1.5048369838238562,1.2356622963408626
-0.5524678516606558,1.5430998615349352,1.2304241292662468
-0.5525272030214858,1.5813709603718389,1.2251848367240115
-0.5525870984464338,1.61965184027403,1.2198975164527397
-0.5526460842023273,1.657938252606982,1.2146904980014526
-0.5527050825606868,1.6962328395827975,1.2094823670566157
-0.5527640935178305,1.7345356037973303,1.2042731239432314
-0.5528231170772282,1.7728465478683524,1.1990627683550272
-0.5528821532429171,1.8111656744164528,1.193851299935588
-0.5529412020189365,1.8494929860633396,1.188638718328363
-0.5530711799938831,1.8880705799791184,1.1771648005399697
-0.5532165942645058,1.9267198627832787,1.1643282304436298
-0.5145187036098434,0.7050811864283039,1.2160043984741051
-0.5143964397108237,0.7430170795823009,1.2275968274181963
-0.514287492860976,0.7809550817518525,1.2379266028111644
-0.5142389673800246,0.818973170271891,1.2425275373013775
-0.5137596083551127,0.8562660139251878,1.2879778744782087
-0.5134725811903054,0.8938226413312723,1.3151923019562304
-0.5132723658217183,0.9314942935283035,1.3341756850518962
-0.5130723065298947,0.9691365790009122,1.3531442697581326
-0.5129991498546728,1.0069983311962094,1.360080606371774
-0.5137208085310452,1.0464683136743513,1.2916566726120138
-0.5129629050080314,1.0829216883502886,1.36351715479406
-0.5129743508623479,1.1209439518843898,1.362431918236645
-0.5131000683952801,1.1592260804485959,1.3505120336326968
-0.5132592592408303,1.1976049382286038,1.3354183830916497
-0.5134185488959175,1.236007617712394,1.3203153639426404
-0.5140126805450247,1.2755129480191354,1.263982881656915
-0.5140241635624652,1.3136173068818555,1.2628941214847842
-0.514063760844494,1.3517972970355212,1.2591397125220496
-0.5141189539598156,1.3900253199654273,1.2539065875137823
-0.5141741589254549,1.428261552570708,1.2486723389198318
-0.5142293757423884,1.4665059974875518,1.2434369666476286
-0.5142846044199891,1.504758657377005,1.2382004698084401
-0.5143398449620792,1.5430195348862374,1.2329628480399037
-0.514395097372482,1.5812886326635558,1.2277241009794793
-0.514451032745146,1.6195680660495337,1.2224205989787436
-0.5145059448366284,1.6578524889180248,1.2172141191937556
-0.5145608686582979,1.696145085577352,1.2120065272132408
-0.514615804209372,1.7344458586315872,1.206797823111394
-0.5146707514917581,1.7727548106938333,1.2015880067073823
-0.5147257105092142,1.8110719443842722,1.1963770776448754
-0.5147806812655,1.8493972623242039,1.1911650355674013
-0.5148627534293801,1.8878300959077272,1.18338337854766
-0.476461090184208,0.7051624134726279,1.2103843651371022
-0.47634785678839,0.7431026565898884,1.2219794648688662
-0.4758701003232484,0.7804269645301274,1.2709017268993676
-0.4755503882057686,0.817946667713922,1.303640247729291
-0.4753649156348944,0.85565684814281,1.3226326389868106
-0.4751795876823993,0.8933376248429107,1.3416102213223127
-0.4751105519700554,0.9312166818613087,1.3486794782663267
-0.4750660489942568,0.9691347399482838,1.353236582988103
-0.47502155435474686,1.0070456952320632,1.3577928340739263
-0.4749770680491835,1.0449495497082038,1.3623482317636118
-0.4750733408467536,1.0831672171305982,1.352489897292429
-0.4752207277910827,1.1215209175869552,1.337397474193132
-0.47536820621456194,1.159898423163531,1.3222956836288589
-0.4759112515781177,1.1992963539768566,1.266687838400749
-0.4759218828214472,1.2373968953357628,1.265599199083809
-0.4759325145397638,1.275499138966567,1.2645105111281865
-0.47594314673309934,1.3136030849833542,1.2634217745306273
-0.4759602007539383,1.3517269701411847,1.2616754427967152
-0.4760113001727795,1.389952996504516,1.256442862307381
-0.4760624105638342,1.4281872316915025,1.2512091582633786
-0.47611353192518663,1.466429678329575,1.2459743308608893
-0.4761646642669239,1.5046803390834795,1.2407383790669897
-0.4762158075925842,1.542939216599973,1.2355013025193742
-0.4762669619057072,1.5812063135269478,1.2302631008555807
-0.47631812720983385,1.6194816325134351,1.225023773713012
-0.47636975117861174,1.657766734101569,1.2197374793101545
-0.47642060130653985,1.6960573406512818,1.2145304262103167
-0.47647146229456694,1.7343561227522237,1.2093222610363412
-0.4765223341432341,1.7726630830128307,1.204112983732827
-0.47657321685602005,1.8109782240528762,1.1989025939435436
-0.4766241104364056,1.8493015484932538,1.1936910913120684
-0.4379259574631298,0.7044895837450349,1.2569369084516424
-0.43769117114990086,0.7421719858628754,1.2830696459240798
-0.4374566364548904,0.7798140041152395,1.3091743771948074
-0.4372688960349126,0.817502718673967,1.3300707022010343
-0.4372041878538677,0.8553994979749586,1.3372730040912444
-0.43716322591644263,0.893333548611861,1.3418322458220402
-0.43712227165379824,0.9312604917841789,1.3463906333163678
-0.43708132506377767,0.9691803294892462,1.3509481668143053
-0.4371448136560728,1.007333701033559,1.3438816104545097
-0.43723335342350933,1.045558019056218,1.3340267493833124
-0.43760193824857957,1.0844917600073494,1.2930016558102722
-0.4378140518002781,1.1230882198354961,1.2693924952733937
-0.4378238314611396,1.161184944309979,1.26830397649924
-0.43783361155702755,1.1992833707866406,1.267215409304761
-0.43784339208912315,1.2373834993823045,1.2661267935584632
-0.43785317305819277,1.2754853302129963,1.2650381291750676
-0.43786295446426554,1.3135888633927968,1.2639494161513127
-0.437872736307371,1.3516940990357975,1.262860654483923
-0.4379076116861984,1.3898806805692383,1.2589788731883544
-0.43795462835400906,1.4281129185456818,1.2537457136407326
-0.43800165511218603,1.4663533671147098,1.2485114309914636
-0.4380486919704577,1.5046020289420068,1.2432760241577512
-0.43809573893236076,1.5428589066748357,1.2380394927459335
-0.43814279600115114,1.5811240029606757,1.2328018363936124
-0.4381898631800859,1.6193973204481436,1.227563054738269
-0.43823750261601696,1.6576809881562382,1.2222605783911575
-0.438284279892956,1.6959696048031774,1.21705406408838
-0.4383310671607623,1.7342663961577987,1.2118464377586307
-0.4383778644188066,1.7725713648238703,1.2066376994719548
-0.43842467167028915,1.8108845134207594,1.2014278488721644
-0.4000715120509062,0.628683804651424,1.2293775785561962
-0.39985689952561326,0.6664281658760222,1.2555398673538107
-0.39964251712838705,0.7041320539881105,1.2816741024442493
-0.39942836448927804,0.7417955340515163,1.307780328926107
-0.39932028026197186,0.7796253090828974,1.320956310921531
-0.39924262743480277,0.817496808556977,1.330422560328806
-0.399205216874833,0.8554397504460708,1.3349830857346419
-0.39916781332523127,0.8933755822040891,1.3395427565432314
-0.39922485498028537,0.9315246616206659,1.3325891071652123
-0.39930573316996626,0.9697424948413467,1.322729670708874
-0.3993866441361987,1.0079758161532633,1.3128662386348324
-0.3997921516530374,1.0470746829008122,1.2634329413440142
-0.3997544490748723,1.085047790346082,1.26802906515843
-0.39973893743711886,1.123076062323334,1.2699200076655117
-0.3997478664993673,1.1611723741172097,1.2688315124580853
-0.39975679595917507,1.1992703878775253,1.2677429687862798
-0.39976572581687225,1.2373701037188902,1.266654376609857
-0.39977465607353274,1.275471521758414,1.2655657357979138
-0.3997835867291832,1.3135746421101735,1.2644770463471886
-0.3997925177838504,1.3516794648882562,1.2633883082544273
-0.3998078878811894,1.3898083721584202,1.2615146201978646
-0.3998508116763024,1.4280386131296512,1.256282005174569
-0.3998937446841046,1.4662770638417169,1.2510482670805771
-0.39993668691110873,1.5045237269513139,1.2458134051219787
-0.39997963836172745,1.5427786051095203,1.240577418760843
-0.40002259903893284,1.5810417009634012,1.23534030763485
-0.40006556894569834,1.6193130171611598,1.2301020713815376
-0.40010854808499835,1.657592556352136,1.2248627096382947
-0.40015190380521626,1.6958818780316307,1.2195774408879245
-0.4001946181954318,1.7341766788468709,1.2143703533187917
-0.4002373417057535,1.7724796561254796,1.2091621539652948
-0.36217706656208465,0.5527965752789713,1.2014057684770165
-0.36197984367692065,0.5905986923149757,1.2279789572149014
-0.36178565930575785,0.628364566162632,1.2541427461715742
-0.3615894075975973,0.6660857508376792,1.2805850815868922
-0.36150322297141707,0.7039799605232858,1.2921973259564368
-0.36141707941955836,0.7418561103875145,1.30380403610161
-0.3613309769126652,0.7797142133378564,1.3154052159777407
-0.3613159329214724,0.8177150060854375,1.3174321958437218
-0.36128729068045584,0.8556804252958164,1.321291360949104
-0.36136050016699606,0.8938917635709902,1.311427345920535
-0.3614337393291729,0.932118590901551,1.3015593324903918
-0.36180149187106975,0.971151372917082,1.2520095163190277
-0.3617673640224734,1.0091405417468995,1.2566077948667456
-0.3617332426116625,1.047122544402181,1.261205206007574
-0.36169912763681566,1.085097382910447,1.2658017499869416
-0.3616646473968345,1.123063905074381,1.2704475086370337
-0.36167272589729843,1.1611598041965898,1.2693590369955743
-0.3616808047577861,1.1992574052495013,1.2682705168456678
-0.36168888397791843,1.2373567083455104,1.2671819482383597
-0.3616969635590058,1.27545771360281,1.2660933309971085
-0.36170504350107247,1.3135604211354737,1.26500466511866
-0.36171312380414256,1.3516648310575854,1.2639159505997384
-0.3617212044682403,1.389770943483239,1.2628271874370967
-0.3617509599128633,1.427964315445513,1.258818032793151
-0.36178980002178934,1.4662007685093568,1.2535848391694344
-0.36182864846952445,1.504445433110128,1.2483505220009121
-0.36186750526113215,1.542698311902721,1.2431150806053566
-0.3619063703993005,1.5809594075337865,1.2378785146205615
-0.36194524388671945,1.6192287226511133,1.2326408236841147
-0.3619841257260795,1.6575062599036272,1.227402007433497
-0.36202347243111704,1.6957941603352324,1.2221005566494938
-0.36206211478617584,1.734086970818,1.216894007757361
-0.324739993615932,0.43935410900979033,1.0979774319537725
-0.32424020048396257,0.4768238242411214,1.173240397709172
-0.3240629598244025,0.5146882303093452,1.1999307558546803
-0.323885912830456,0.552511263063719,1.2265919502372213
-0.32371865932103244,0.5903104964089415,1.2517783610680553
-0.3236414555547589,0.628245178429826,1.2634043399892576
-0.3235642886044067,0.6661617706561315,1.2750247748658126
-0.3234871584436479,0.7040602860244102,1.286639669662435
-0.3234100650461792,0.7419407374588818,1.2982490283400736
-0.32341998626079455,0.7800129080407397,1.2967550101391794
-0.32343906563962693,0.8181105777943505,1.2938818801502947
-0.32365222591051285,0.8567264803513576,1.2617824511227695
-0.3237930185523271,0.8951924630564339,1.2405807356495586
-0.3237624687947393,0.9331977041730721,1.245181169733371
-0.32373192479659363,0.9711957743897809,1.2497807365129603
-0.32370138656099245,1.0091866757489765,1.2543794355211375
-0.32367085408630514,1.0471704102792225,1.2589772670034662
-0.3236403273709017,1.0851469800083176,1.2635742312053893
-0.32360980641315273,1.1231163869632947,1.2681703283722925
-0.32359840962816205,1.1611472345481109,1.2698865501120693
-0.32360563792608743,1.1992444229025592,1.2687980534833088
-0.32361286654548677,1.2373433132621554,1.2677095084443408
-0.32362009548783544,1.275443905746175,1.2666209147730143
-0.32362732475315503,1.3135462004686882,1.2655322724660607
-0.3236345543414672,1.3516501975437747,1.2644435815202328
-0.32364178425279355,1.3897558970855253,1.2633548419322622
-0.3236550724448671,1.4278900254920606,1.2613537965376693
-0.32368982050621575,1.4661244811163892,1.2561211472992682
-0.32372457602648125,1.5043671474171776,1.250887374835763
-0.32375933901115145,1.5426180270531336,1.2456524783207215
-0.32379410946263126,1.5808771226704939,1.2404164573919942
-0.3238288873833266,1.6191444369166332,1.2351793116872827
-0.3238636727756446,1.6574199724400636,1.2299410408441105
-0.32389898515872284,1.6957064517133136,1.2246234113923293
-0.2866029575570835,0.3630304129056391,1.086428576924419
-0.2862595166283954,0.40076332327975356,1.145042495420519
-0.2861029471764473,0.43869118567055254,1.1717636818863255
-0.28594654890198856,0.4765775815033143,1.1984556540606164
-0.2858142870393167,0.5144657166707701,1.2210283452899446
-0.28574023612517235,0.5524311231753333,1.233666367970585
-0.2856667296289877,0.5903779078999079,1.2462114766527677
-0.28559859310133817,0.628316904822944,1.2578401107049473
-0.28553006888194365,0.6662368273912019,1.2695349108149472
-0.28554692245156593,0.7043490753805293,1.266658568266081
-0.28556377801088806,0.7424658228283089,1.2637818861417713
-0.28558063556026253,0.7805870705313842,1.2609048643818639
-0.2858374593043295,0.8194007166724113,1.2170736120610925
-0.2857695378930376,0.8573086136791128,1.2286655329215819
-0.2857127876326061,0.8952334012488324,1.2383509107018895
-0.2856858294991452,0.9332403763638745,1.2429517654792122
-0.2856588764478752,0.9712401799227756,1.2475517528959728
-0.2856319284819007,1.0092328139693825,1.252150872422284
-0.28560498559978276,1.0472182805325367,1.2567491243037452
-0.2855780478000828,1.0851965816403146,1.26134650878587
-0.2855511150813629,1.1231677193200273,1.2659430261140727
-0.28552418744218566,1.1611316955982216,1.270538676533647
-0.28553129543730726,1.1992314408366904,1.2693255786995579
-0.2855376734928037,1.237329918468816,1.2682370572281698
-0.28554405183324605,1.275430098188499,1.2671484871260077
-0.2855504304586535,1.3135319801098062,1.266059868389803
-0.28555680936904515,1.3516355643468139,1.2649712010162872
-0.2855631885644402,1.389740851013609,1.2638824850022132
-0.2855695680448575,1.4278478402242876,1.2627937203443196
-0.2855938055184887,1.4660482016615752,1.2586571915112614
-0.2856244689628843,1.5042888698711907,1.2534239636677427
-0.28565513899249123,1.5425377505594526,1.2481896119481632
-0.2856858156094311,1.5807948463721855,1.2429541359904235
-0.24852687944334798,0.2867617839730938,1.059322201925319
-0.2482449923198215,0.3246280668797666,1.1148322816351524
-0.2480990886895349,0.36260636039239713,1.1435640734454324
-0.24796338695406867,0.40055624046426475,1.1702868767372507
-0.24786327772835326,0.43852733751939427,1.1900006934935092
-0.24779901860920417,0.47653657424846957,1.2026547969567147
-0.24773479280006533,0.5145261081232126,1.2153023409102133
-0.24767060027504303,0.5524959544597114,1.2279433304530656
-0.24761701688137,0.5904713479478823,1.2384951372071384
-0.24762702195732744,0.6285916711224466,1.2365249068647515
-0.24764164818040013,0.6667275143318465,1.233644666013511
-0.2476562761313863,0.7048678628354841,1.2307640848962365
-0.24781324282767742,0.7815648427642133,1.199853720088143
-0.24775433604447747,0.8194951115317332,1.211453825087517
-0.2476954572596558,0.8574073520526547,1.2230484165600828
-0.24763660645325575,0.8953015771771554,1.234637498435795
-0.2476057077948164,0.9332830524573849,1.240722157328463
-0.2475823463473745,0.971284589516623,1.2453225654400981
-0.24755898930779344,1.0092789564086964,1.2499221055422183
-0.24753563667482564,1.0472661551627238,1.2545207778804937
-0.24751228844722428,1.0852461878070603,1.2591185827004452
-0.2474889446237429,1.1232190563692948,1.2637155202475512
-0.24746560520313546,1.1611847628762508,1.2683115907671763
-0.247457777264584,1.1992184590514456,1.2698530925126832
-0.24746330479309647,1.2373165239654824,1.2687645945902304
-0.2474688325684633,1.2754162909297724,1.2676760480564582
-0.24747436059079184,1.3135177600588182,1.2665874528902208
-0.24747988886009867,1.3516209314666927,1.265498809088264
-0.2474854173764003,1.3897258052674786,1.2644101166473263
-0.24749094613971334,1.4278323815752694,1.2633213755641393
-0.24750175443984143,1.4659719301436762,1.2611929718466115
-0.24752832665976754,1.504210600470895,1.255960288538084
-0.2104143535417542,0.2104143535417542,1.0308413575553885
-0.2102034749826441,0.2484222886158521,1.0799185494937333
-0.2100762029430629,0.28646754946781305,1.1095382241599054
-0.20994908492919875,0.3244667676178526,1.1391220528410173
-0.20986237106806788,0.3624895500266627,1.1593027332496533
-0.20980951509812648,0.40054543791460506,1.171603758981476
-0.20975510100746425,0.4385788475610616,1.184267401899234
-0.20970071513406902,0.4765925343956114,1.1969244778893966
-0.20966786444471294,0.5146393036370227,1.2045697292304425
-0.20967364729821739,0.5527759792407549,1.2032239015057726
-0.20967943047072457,0.5909147585993147,1.2018779995404643
-0.20968521396226095,0.6290556418867829,1.200532023328357
-0.2095221032039903,0.9333257324541387,1.2384923452531638
-0.2095023340174644,0.9713290031718804,1.2430931741173765
-0.2094825685611785,1.0093251030674963,1.2476931348530087
-0.2094628068340769,1.0473140341703844,1.2522922277057447
-0.20944304883510426,1.0852957985091765,1.2568904529211977
-0.20942329456320577,1.12327039811174,1.261487810744839
-0.20940354401732691,1.1612378350051766,1.2660843014220973
-0.20938508338114764,1.1992054775465728,1.2703805949329094
-0.2093897604195939,1.2373031297521457,1.2692921205308707
-0.20939443766671403,1.2754024839699856,1.2682035975647352
-0.209399115122795,1.313503540315714,1.2671150259677049
-0.20940379278785082,1.3516062989034008,1.2660264057365396
-0.2094084706618955,1.3897107598471246,1.2649377368679637
-0.1722726556584722,0.1339898432899228,0.9980001682568016
-0.17210758039097232,0.17210758039097232,1.0449549110123186
-0.17200329986640878,0.21022625539227738,1.0746169268881687
-0.17189914563312092,0.248298765914508,1.1042430199122677
-0.1718322042228564,0.286387007038094,1.1232841321652955
-0.17178117556112288,0.3244755538376765,1.1377989515028304
-0.1717301771981483,0.3625414851960908,1.1523051525267078
-0.17168250183588712,0.40059250428373666,1.165866144458775
-0.17166586963446842,0.4387016668436415,1.170597081751204
-0.17167060765073044,0.47686279902980677,1.1692493793477894
-0.1716753459285403,0.515026037785621,1.1679016025485325
-0.17174794355038484,0.5534100403290177,1.1472516123349834
-0.13414880251747127,0.057492343936059113,0.9398665078962267
-0.13397621963978493,0.09569729974270352,1.002982531735796
-0.13387907702605642,0.13387907702605642,1.0385089733279358
-0.13379484410728207,0.17202194242364838,1.0693141550511314
-0.13374584805404616,0.21017204694207256,1.0872327116631197
-0.13370610053295442,0.24831132956120108,1.101768947948095
-0.13366637662973316,0.28642794992085674,1.116296546840445
-0.13362667632333808,0.32452192821382103,1.1308155160363569
-0.13361360497946398,0.36266549922997365,1.1355958932245969
-0.13361503667158525,0.40084511001475576,1.1350723029631098
-0.1336183027279918,0.4390315661062587,1.1338778594772876
-0.13372188031666699,0.4775781439880964,1.095998055618928
-0.08823956854747822,-0.017647913709495644,4.821340903691151
-0.088239584190304,0.0176479168380608,4.82133289456435
-0.09572241612538082,0.05743344967522849,0.9901229438050194
-0.0956529921301282,0.0956529921301282,1.0256680293743585
-0.09560642033134469,0.13384898846388257,1.0495127903515211
-0.09557483248128026,0.17203469846630448,1.0656857695845048
-0.09554641637944188,0.21020211603477212,1.0802348137257596
-0.09551801716980862,0.24834684464150242,1.0947752090579854
-0.09551100025236194,0.2865330007570858,1.098367870790689
-0.095512024448414,0.3247408831246076,1.0978434824120313
-0.0955130486664319,0.3629495849324412,1.0973190827868677
-0.09561048698178218,0.40156404532348516,1.047430665327525
-0.057545538651312046,-0.09590923108552007,0.8944736842137218
-0.05294376201456155,-0.05294376201456155,4.821323080907476
-0.05294377140026444,-0.017647923800088144,4.821315071774343
-0.05294378078597064,0.017647926928656882,4.8213070626383825
-0.05294379017168018,0.05294379017168018,4.82129905349958
-0.05739692633292629,0.09566154388821049,1.0212895292362276
-0.057375224174387264,0.13387552307357029,1.0398087045228621
-0.05736679167525944,0.1721003750257783,1.0470044371119513
-0.05735029326593117,0.21028440864174763,1.0610830797387365
-0.057350908720996116,0.24852060445764984,1.06055789141665
-0.057351524189270725,0.2867576209463536,1.0600326918223146
-0.05741849055170784,0.3253714464596778,1.0028880625426382
-0.01917319093598994,-0.17255871842390946,0.9166312038657551
-0.019164366635359243,-0.1341505664475147,0.9392214134803396
-0.01764792763355089,-0.08823963816775444,4.821305258109724
-0.017647930762120984,-0.052943792286362944,4.821297248970282
-0.017647933890692188,-0.017647933890692188,4.821289239827998
-0.017647937019264502,0.017647937019264502,4.821281230682871
-0.017647940147837927,0.05294382044351378,4.821273221534909
-0.017647943276412458,0.0882397163820623,4.821265212384105
-0.01913317942210811,0.13393225595475675,1.0190606794032462
-0.01913257322225898,0.1721931590003308,1.0206125510170168
-0.019131368541671308,0.21044505395838436,1.0236965333214556
-0.019155979231368032,0.24902773000778441,0.9606931676978405
0.01915572711786761,-0.2107129982965437,0.9613385782589248
0.019146469284909016,-0.17231822356418114,0.9850386306329142
0.01914795606931218,-0.1340356924851853,0.9812324625608113
0.017647937724159315,-0.08823968862079658,4.821279426152152
0.01764794085273299,-0.05294382255819897,4.821271417003544
0.01764794398130777,-0.01764794398130777,4.821263407852108
0.017647947109883662,0.017647947109883662,4.821255398697829
0.017647950238460663,0.05294385071538199,4.8212473895407015
0.017647953367038772,0.08823976683519386,4.821239380380746
0.019149647454597598,0.13404753218218318,0.9769025162301475
0.019172754425598813,0.17255478983038933,0.9177486704670414
0.05744075874722806,-0.2872037937361403,0.9838858690320578
0.05741510474270266,-0.24879878721837817,1.0057772862270653
0.05741300765674307,-0.21051436140805793,1.0075667995792443
0.057417463910616626,-0.1722523917318499,1.0037641296071413
0.05742192085631041,-0.13398448199805763,0.9999608692817787
0.05743101270200718,-0.0957183545033453,0.9922024942872056
0.05294385283006959,-0.05294385283006959,4.821245585007283
0.052943862215804674,-0.017647954071934892,4.8212375758466735
0.05294387160154308,0.01764795720051436,4.821229566683236
0.05294388098728482,0.05294388098728482,4.8212215575169495
0.057561256695431696,0.09593542782571948,0.8810609532316249
0.09569037680641078,-0.36362343186436097,1.0065270751176811
0.0956476596140388,-0.32520204268773195,1.0283982776121334
0.09564089306192618,-0.2869226791857785,1.0318627522937973
0.0956469772526396,-0.24868214085686297,1.028747646648526
0.09565306221749324,-0.21043673687848516,1.0256321446434598
0.09566248078787157,-0.17219246541816882,1.0208098366097573
0.09569720841440252,-0.1339760917801635,1.0030292918259107
0.09573196126390493,-0.09573196126390493,0.9852358328806758
0.09576673936386827,-0.05746004361832096,0.9674294456994446
0.08823982081286776,-0.01764796416257355,4.821211743811709
0.08823983645578298,0.017647967291156596,4.821203734639113
0.13348057319972906,-1.5064236118255137,1.1842475155276588
0.13390467514839344,-0.439972504059007,1.0291473743018287
0.1338449262771184,-0.40153477883135513,1.0509983900824196
0.13383133935869426,-0.3632564925450273,1.0559673202489606
0.13383984884164962,-0.3250396329011491,1.052855280768135
0.13384835940680156,-0.28681791301457477,1.0497428455125757
0.13385687105435642,-0.24859133195809052,1.0466300144067873
0.13390202795657738,-0.210417472503193,1.03011549016599
0.1339468462062012,-0.17221737369368725,1.0137248160178487
0.13399513282846717,-0.13399513282846717,0.9960657084462881
0.13407595230248398,-0.09576853735891712,0.966508872234435
0.13419696609994428,-0.05751298547140468,0.9222523977346668
0.17158934189653816,-1.6205660068006382,1.1923649716513651
0.17159789750045565,-1.582513943615313,1.189931377648172
0.17160645395759633,-1.544458085618367,1.1874975409503747
0.17161501126808795,-1.5063984322421053,1.1850634615216507
0.1716249848396582,-1.4683470925170758,1.182226534497218
0.17164245633971104,-1.4303538028309253,1.1772568633710847
0.17165993139733904,-1.3923527768895279,1.1722861803124474
0.1716774100136289,-1.3543440123297392,1.16731448501222
0.17169489218966782,-1.3163275067874534,1.1623417771611528
0.17171237792654334,-1.2783032578976006,1.15736805644989
0.17172986722534356,-1.240271263294148,1.1523933225689476
0.1717483072071729,-1.2022381504502104,1.1471481721819288
0.17176926554293329,-1.1642139109021035,1.1411866900100875
0.17179022899438248,-1.126180390074285,1.1352237527089883
0.17181119756339375,-1.0881375845681602,1.129259359745781
0.17206781179471428,-0.5162034353841428,1.0562668672812734
0.17199976230290964,-0.4777771175080823,1.0756231671723668
0.17198352579697448,-0.43951345481449033,1.080241551082814
0.17199513565632676,-0.40132198319809576,1.0769391910892736
0.17200606704589222,-0.36312391931910576,1.0738298180573267
0.17201457550055615,-0.3249164203899394,1.071409635397366
0.1720721018064421,-0.28678683634407015,1.0550465972786895
0.17212966660189144,-0.2486317406471765,1.038672611017546
0.17218726992554578,-0.21045110768677816,1.0222876656225353
0.17227008294192384,-0.17227008294192384,0.9987319631861098
0.17242274097019633,-0.1341065763101527,0.9553092351441563
0.20969034793092844,-1.7728365779614859,1.1993372088021061
0.20968909249220777,-1.7347006742537188,1.1996293836316454
0.2096958920386728,-1.696630399221989,1.1980469437270571
0.20970634645330472,-1.6585865583125008,1.1956139163218111
0.20971680191040082,-1.6205389238530972,1.1931806463067218
0.20972725841011713,-1.5824874952763384,1.1907471336454734
0.2097377159526096,-1.5444322720146706,1.1883133783017712
0.20974817453803415,-1.506373253500427,1.1858793802393208
0.20975863416629392,-1.4683104391640573,1.183445139480689
0.20977806615143488,-1.430304996487056,1.178922786575157
0.20979942309757585,-1.3923052623748216,1.1739524427459855
0.20982078439274715,-1.354297790171368,1.1689810867788495
0.20984215003827736,-1.3162825775128308,1.164008718364542
0.20986352003549563,-1.2782596220343825,1.1590353371937425
0.20988489438573155,-1.240228921370232,1.1540609429570168
0.2099062730927546,-1.2021904731675945,1.1490855347771145
0.2099316264695677,-1.16416629224033,1.143185112536969
0.20995724636971724,-1.1261343214375743,1.1372226630476234
0.2099828725238973,-1.0880930667147406,1.1312587580748072
0.21000850493439813,-1.0500425246719907,1.1252933970855281
0.2100341436035111,-1.0119826919078263,1.1193265795465024
0.21005978853352877,-0.973913565019088,1.113358304924212
0.21008634580158914,-0.9358391767525335,1.10717770435744
0.21011558819901385,-0.8977666041230592,1.1003722009567767
0.2102697416170893,-0.630809224851268,1.0644964963864822
0.21018659797784153,-0.5923440488466443,1.0838462887932465
0.2101035200649539,-0.5539092801712421,1.103180784883456
0.210102144267091,-0.5157052632010416,1.1035009705679144
0.21011526588216697,-0.47753469518674313,1.100447212877505
0.21012838913632698,-0.43935935910322915,1.0973930737275381
0.21014151402987818,-0.4011792540570402,1.0943385530465335
0.21020332982383794,-0.36307847878662913,1.07995233190681
0.21027361519974258,-0.32496831439960217,1.063595008059906
0.2103439475938026,-0.28683265580973083,1.047226741805943
0.2104381770768141,-0.24869966381805303,1.0252969712141748
0.21061628479458397,-0.21061628479458397,0.9838464478059166
0.24781784679380925,-1.8109765727239906,1.1989470929114106
0.24781636306978133,-1.7728401358068973,1.1992392724122922
0.24781487936351992,-1.7347041555446394,1.1995314484145396
0.24781827673037257,-1.6966020483848583,1.1988624284804814
0.24783063153474452,-1.6585588418094441,1.1964294823887727
0.2478429875710579,-1.6205118418107631,1.1939962936993709
0.24785534483949698,-1.5824610478214038,1.1915628623759744
0.24786770334024608,-1.544406459273841,1.18912918838231
0.24788006307348953,-1.5063480756004364,1.186695271682062
0.2478924240391575,-1.468285896231933,1.1842611122889792
0.24791107353545871,-1.4302561934738003,1.1805885960942817
0.2479363118402429,-1.3922577511029024,1.175618591459859
0.24796155528426414,-1.3542515711679042,1.1706475747910616
0.24798680386909222,-1.3162376513051819,1.165675545778761
0.24801205759629782,-1.2782159891501503,1.160702504113658
0.248037316467452,-1.24018658233726,1.155728449486375
0.24806258048678784,-1.2021494285128949,1.1507533810633177
0.24809086569113623,-1.164118677473793,1.145183371591635
0.24812114127808424,-1.126088256569767,1.13922140985418
0.24815142425525222,-1.0880485525037982,1.1332579928118705
0.2481817146253465,-1.049999561876466,1.127293119931764
0.2482120123910745,-1.0119412812866884,1.121326790680719
0.24824231755514517,-0.9738737073317234,1.11535900452526
0.24827263012158832,-0.9357968366121405,1.1093897606718386
0.24830683726820238,-0.8977247193542701,1.1026535841078413
0.2483414028615202,-0.85964331759757,1.0958468211160195
0.24837597807959583,-0.8215513121094323,1.0890381627872827
0.24836224367596316,-0.7068771550777413,1.0917427838103322
0.24826308120706522,-0.668400603249791,1.111270162301004
0.24816904146516408,-0.6299675667961857,1.1297887576292283
0.24818453215822797,-0.591824653608082,1.1267382826874197
0.24820002478526837,-0.5536769783671371,1.1236874269010002
0.24821551934664757,-0.5155245401814988,1.1206361901986313
0.24823024232862612,-0.4773658506319733,1.1177368952859368
0.2483061766976777,-0.4393109280035836,1.1027836656880865
0.2483821575380434,-0.4012327160229932,1.0878212848160658
0.2484617868619369,-0.3631364577212924,1.0721404333416586
0.2485649095742777,-0.325046420212517,1.0518331915268533
0.24877517237601265,-0.28704827581847614,1.0104275936467388
0.2859459552493157,-1.8491171772789083,1.19855697078345
0.285944243232681,-1.810980207140313,1.1988491549557807
0.28594253123654656,-1.7728436936665888,1.1991413356293847
0.285940819260912,-1.7347076368495329,1.1994335128043474
0.28593910730620403,-1.6965720366834773,1.1997256864078452
0.28595364245391525,-1.6585311262327085,1.1972450211984622
0.2859678989423984,-1.6204847606735908,1.1948119138306765
0.28598215685249373,-1.5824346012504653,1.1923785638410678
0.2859964161844139,-1.5443806473958352,1.1899449711933556
0.28601067693837173,-1.5063228985420911,1.1875111358512243
0.28602493911433813,-1.4682613541202691,1.185077057819619
0.28604147875816344,-1.4302073937908173,1.1822542919401045
0.28607059789180256,-1.392210243073439,1.177284626465699
0.2860997229547235,-1.3542053553190248,1.1723139490605163
0.2861288539487375,-1.3161927281641925,1.167342259415463
0.2861579908756564,-1.2781723592445986,1.1623695572213109
0.2861871337372929,-1.240144246194936,1.1573958421686825
0.2862162825382754,-1.2021083866607567,1.1524211134676605
0.28624698359065925,-1.1640710666020144,1.1471814671941516
0.28628191410264414,-1.1260421954704003,1.141219993148738
0.28631685314075955,-1.0880040419348862,1.1352570639770434
0.28635180070812755,-1.0499566025964677,1.129292679146232
0.28638675680787185,-1.0118998740544807,1.123326838123198
0.2864217214431175,-0.9738338529065995,1.1173595403746148
0.2864566946188882,-0.9357585357550346,1.1113907850430849
0.2864945229234628,-0.8976828384935168,1.1049347543956785
0.28653440257889884,-0.8596032077366966,1.0981286265345958
0.2865742933382702,-0.8215129742363746,1.0913206036018863
0.2864213313647042,-0.7828849723968582,1.1174261137571477
0.28630703324537743,-0.7443982864379813,1.1369329927889211
0.28623280534451684,-0.7060409198498082,1.1496012212024596
0.28623941689848936,-0.6678919727631418,1.1484728493244845
0.2862486002289373,-0.629746920503662,1.1469055609280332
0.28626646158669244,-0.591617353945831,1.143857222537818
0.28629665657821823,-0.5535068693845553,1.1387039439840905
0.2863841979998406,-0.5154915563997131,1.1237635413605318
0.2864717929732201,-0.4774529882887002,1.1088139992370998
0.2865594415475105,-0.43939114370618276,1.093855309224871
0.28666413984722916,-0.4013297957861208,1.0759867994062233
0.28689269574877024,-0.36339741461510894,1.0369799255432142
0.32407661365184365,-1.9253963516962476,1.1978746500753061
0.32407467331206763,-1.8872583916408643,1.198166842418054
0.3240727329955262,-1.8491208882685906,1.1984590312619403
0.32407079270221895,-1.8109838415712234,1.1987512166070289
0.3240688524321455,-1.7728472515405607,1.1990433984533837
0.32406691218530537,-1.7347111181683992,1.1993355768010758
0.3240649719621612,-1.6965754414489616,1.1996277515804294
0.32407537927469204,-1.6585034115822475,1.1980605327522582
0.3240915360883069,-1.6204576804415343,1.1956275067020243
0.32410769451300153,-1.5824081555634781,1.1931942380421248
0.3241238545490169,-1.5443548363806099,1.1907607267362792
0.32414001619659405,-1.5062977223253489,1.188326972748186
0.3241561794557587,-1.4682368128290249,1.1858929760739798
0.3241723443261803,-1.4301721073213836,1.1834587367634342
0.32420228151868064,-1.3921627382860993,1.1789505477751447
0.3242352876706326,-1.3541591426244066,1.1739802095988594
0.32426830054380185,-1.3161478080895488,1.1690088592863077
0.32430132014024154,-1.2781287323174226,1.1640364965283325
0.3243343464620058,-1.2401019129429636,1.159063121015592
0.32436737951405037,-1.2020673476108927,1.1540887320018243
0.3244004193004421,-1.16402503396041,1.1491133288745985
0.324439565226495,-1.125996138139012,1.1432184129513487
0.32447915956365747,-1.0879595350075573,1.137255971590406
0.3245187635661201,-1.0499136468315649,1.131292074748977
0.32455837723742226,-1.0118584702107871,1.1253267218940621
0.3245980005811053,-0.9737940017433159,1.1193599124923779
0.32463763360328635,-0.9357202380330017,1.1133916456227624
0.32456997314175984,-0.8973405139801596,1.1235805151232228
0.324440467882717,-0.8588130032189568,1.143082483543786
0.3243110659291196,-0.8203162255854202,1.1625688953796356
0.32427747109735616,-0.7820809597053884,1.1676278818098993
0.3242849586626462,-0.7439478463437178,1.1665003425662164
0.32429244657372,-0.705812971954567,1.1653727512515815
0.3242999348306014,-0.667676336415944,1.164245107862385
0.32433426425565715,-0.6295900423786286,1.159075500324569
0.3244295577480353,-0.5916068405993585,1.1447254214723301
0.3245287469035717,-0.5536078623649164,1.1297887015797912
0.3246279967286569,-0.5155856418631609,1.1148428455669617
0.32477459759762395,-0.477609702349447,1.0927664794166319
0.3250234300428156,-0.43973758182263284,1.0552952406113008
0.36220576525838166,-1.9635365169270165,1.1975389967654166
0.362204000996685,-1.9254002158244832,1.1977767078150805
0.3622018323729367,-1.8872621792063542,1.1980689013306431
0.3621996637751566,-1.8491245992731682,1.1983610913473157
0.3621974952033444,-1.8109874760167217,1.1986532778651835
0.36219532665749943,-1.772850809428813,1.198945460884289
0.3621931581376213,-1.7347145995012387,1.1992376404047107
0.36219098964420365,-1.696578846228112,1.1995298163599273
0.3621958420609456,-1.6584756978580142,1.1988760170515391
0.3622138990726639,-1.6204306011145488,1.1964430723147643
0.3622319578849104,-1.5823817107603981,1.1940098849804883
0.3622500184979546,-1.544329026228122,1.191576455012438
0.36226808091206564,-1.5062725469501677,1.1891427823743115
0.3622861451273379,-1.468212272358159,1.1867088670534187
0.362304211143271,-1.4301482018813327,1.184274709117176
0.36233136298726676,-1.3921152367405514,1.1806163553998417
0.36236824969846226,-1.3541129330837274,1.1756463564177153
0.36240514392083756,-1.3161028910809365,1.170675345402941
0.362442045656687,-1.2780851083683173,1.165703322046383
0.362478954908306,-1.240059582581047,1.1607302860387705
0.36251587168090943,-1.2020263113630156,1.1557562366774619
0.36255279597968887,-1.1639852923558434,1.1507811732629705
0.36259409503267204,-1.1259500845751396,1.1452166692820853
0.36263834390712163,-1.0879150317213648,1.1392547156720312
0.3626826035826398,-1.0498706945813259,1.133291306760107
0.362726874063182,-1.0118170697551918,1.127326442013377
0.36251717407239265,-0.9730724146153696,1.1555807565618323
0.3623938856829102,-0.9345947578138211,1.172192244828942
0.36228354921618544,-0.8961750954295113,1.1870586319244865
0.36229406889951826,-0.8580649000251749,1.1856412430122774
0.3623024311819724,-0.8199476074118323,1.1845145354816111
0.3623107938504631,-0.7818285551509994,1.1833877759375966
0.36231915690501715,-0.7437077431208247,1.1822609643766384
0.3623873678517786,-0.7057017163429372,1.173070436812992
0.3624771291539193,-0.6677210273887987,1.1609762824192984
0.362566934933811,-0.6297215185692506,1.1488761352338912
0.3626638925182148,-0.5917147720034031,1.1358123764931705
0.36285892249448426,-0.5538373027547392,1.1095346533747517
0.363136838603071,-0.5160365601201535,1.0720891145335898
0.40033507537885205,-2.0016753768942603,1.197247953816131
0.4003332872768371,-1.9635394566435345,1.1974659319665264
0.4003314991907942,-1.9254038770604864,1.19768390816985
0.40032914446997964,-1.8872659667870468,1.1979709598501032
0.4003267475891284,-1.8491283102926408,1.1982631510395834
0.4003243507369786,-1.810991110476808,1.1985553387302303
0.4003219539135297,-1.772854367331346,1.1988475229220938
0.40031955711878114,-1.7347180808480518,1.199139703615245
0.40031716035325265,-1.6965822510209279,1.1994318807463458
0.4003147636166318,-1.6584468778403318,1.199724054353453
0.40033498795934547,-1.6204035226925888,1.1972586106702678
0.40035494703210606,-1.582355266841181,1.194825504657551
0.40037490809512205,-1.544303216938328,1.1923921560232174
0.4003948711486913,-1.5062473724165053,1.189958564730965
0.40041483619299006,-1.46818773270763,1.187524730759307
0.4004348032273207,-1.430124297240431,1.1850906541932815
0.40045784256391403,-1.392067738436463,1.1822820493514357
0.4004986093046471,-1.354066726696664,1.177312389528737
0.4005393843463605,-1.3160579771380416,1.1723417177770017
0.40058016769159005,-1.2780414873969776,1.1673700337871153
0.40062095934287223,-1.2400172551088904,1.1623973372498568
0.40066175930561293,-1.2019852779168387,1.1574236275062333
0.4007025675862644,-1.1639455534648633,1.152448903769674
0.40074550390414815,-1.1259040347783211,1.147214762160985
0.40055322069460736,-1.0872158847425057,1.170655001038341
0.40041703866087036,-1.048711291730851,1.1872562394367563
0.4002809491953231,-1.0102328717786726,1.2038461933320406
0.40027368141434994,-0.9720932262919928,1.2047321704411473
0.4002833647111194,-0.9339945176592785,1.2035517304540164
0.40029304847641073,-0.8958939656376812,1.2023712333518333
0.40030110164222293,-0.8577880749476205,1.2013895140909199
0.40031956619058917,-0.8197019688664445,1.199138597718651
0.40041867013191534,-0.7817697845432633,1.1870573553474628
0.40051782315414636,-0.743818814429129,1.1749701297802488
0.4006170252937518,-0.7058490445651817,1.1628769165712072
0.4007162765872377,-0.6678604609787294,1.1507777112700737
0.4009477040421221,-0.6300606777804776,1.1225656024841655
0.40122410124067404,-0.5922831970695664,1.0888714678035498
0.43846484028511906,-2.0398146917612063,1.196956907395439
0.4384628818643154,-2.0016783737283963,1.19717488814576
0.4384609234610064,-1.9635423963688547,1.197392866948853
0.43845896507519055,-1.925406759678011,1.197610843804874
0.4384566096041178,-1.8872697543829418,1.1978730179764554
0.4384539844383629,-1.8491320213270088,1.1981652103387361
0.43845135930404305,-1.8109947449514823,1.1984573992021623
0.43844873420115765,-1.7728579252481593,1.198749584566798
0.4384461091297063,-1.7347215622088377,1.1990417664326927
0.4384434840902295,-1.6965856558274097,1.1993339447396778
0.4384408590824422,-1.658450206094455,1.199626119519479
0.43845480281222354,-1.6203764451756086,1.1980741217699062
0.43847666201846985,-1.5823288238057827,1.195641097074656
0.4384985234044106,-1.544277408511185,1.1932078297699533
0.43852038697037155,-1.5062221987243196,1.1907743198195178
0.4385422527166253,-1.4681631938773976,1.1883405671930163
0.43856412064224926,-1.430100393398639,1.1859065719931294
0.4385859907488719,-1.3920337967246803,1.183472334038612
0.4386263667555852,-1.3540205234628935,1.178978308943563
0.4386710220868503,-1.316013066260551,1.1740079764201354
0.43871568651151166,-1.2779978694030991,1.1690366317621823
0.4385446288577212,-1.239365255467473,1.1880760923579885
0.43844843871494066,-1.2009674625670113,1.1987824734674746
0.4383522907594949,-1.1625865102751822,1.2094841589431766
0.4382561849636363,-1.1242223875154147,1.2201811518735255
0.4382257163217503,-1.0860376447973812,1.2235724441877949
0.4382363136489797,-1.047956402204082,1.2223929155918256
0.43824691148875805,-1.0098733177784425,1.2212133299469272
0.43825750984112244,-0.9717883913868368,1.2200336872489785
0.4382681087061102,-0.9337016228956262,1.2188539874938158
0.4383362206686405,-0.8957305378880913,1.2112728299252353
0.4384319718117128,-0.8578016839794381,1.2006153113919638
0.43853672379576936,-0.819873005357308,1.1889559601230602
0.4386453115142843,-0.78193294661242,1.1768696749318295
0.43878036732325754,-0.7440188837220454,1.1618373761939438
0.4390753897240913,-0.7063386704257122,1.12900010027505
0.4393708091197984,-0.6686077530083889,1.0961186371006946
0.47659505998531954,-2.077954461535993,1.1966658575032838
0.4765929312416642,-2.039817745714323,1.1968838408535873
0.47659080251702524,-2.001681370571506,1.197101822256613
0.4765886738114023,-1.9635453361029775,1.1973198017124034
0.4765865451247937,-1.9254096423041664,1.197537779221122
0.47658422777627274,-1.88727354199404,1.1977750757096715
0.4765813743237815,-1.8491357323762723,1.198067269244774
0.476578520905459,-1.810998379440744,1.1983594592810007
0.4765756675213047,-1.7728614831792535,1.1986516458184013
0.47657281417131786,-1.734725043583597,1.198943828857054
0.4765699608560555,-1.6965890606475575,1.1992360083399163
0.4765671075752692,-1.6584535343619369,1.1995281842924328
0.4765733436951657,-1.6203493685635633,1.1988896056150367
0.4765971029078791,-1.5823023816541586,1.1964566622331816
0.47662086448970653,-1.5442516009466492,1.1940234762540527
0.4766446284410026,-1.5061970258735682,1.1915900476413341
0.47666839476214934,-1.4681386558674199,1.1891563763559105
0.47669216345197185,-1.4300764903559156,1.1867224625180839
0.47646627974609185,-1.3912815368585882,1.2098529540001977
0.47635365200580737,-1.3528443716964929,1.2213860346053238
0.47624924013738856,-1.3144479027791924,1.2320778099314111
0.4761448740309752,-1.2760682624030135,1.2427648992281348
0.47611722725524513,-1.2379047908636374,1.245595929062901
0.47613437671715075,-1.19985862932722,1.2438398241637643
0.47615152741452804,-1.1618097268914485,1.24208359275233
0.4761686793475102,-1.1237580832601242,1.2403272348149557
0.47618298682585153,-1.0856972099629414,1.238862149032805
0.47619449843933764,-1.0476278965665429,1.2376833598118253
0.4762485279980376,-1.0096468793558397,1.2321507330009496
0.4763525162622751,-0.9717591331750413,1.221502334743029
0.47645654994784253,-0.9338548378977714,1.2108492853409274
0.47656062908450586,-0.895933982678871,1.2001915817466013
0.47666475370205724,-0.857996556663703,1.1895292209093427
0.47687244590910094,-0.8202206069636536,1.1682615389080695
0.4771930380454818,-0.7825965823945902,1.135432904142661
0.4776453688073447,-0.7451267753394577,1.089114234127905
0.5147234354170204,-2.077957572609453,1.196592790089916
0.5147211363669886,-2.0398207996765843,1.1968107740929383
0.5147188373374944,-2.0016843674235894,1.1970287561486828
0.5147165383285376,-1.9635482758459029,1.1972467362571706
0.5147142393401164,-1.925412524938954,1.1974647144185937
0.5147119403722318,-1.887277114698183,1.1976826906328384
0.5147089172463056,-1.8491394434404311,1.19796932775769
0.5147058355421479,-1.8110020139445946,1.1982615189667172
0.5147027538748921,-1.7728650411246283,1.198553706676897
0.5146996722445374,-1.7347285249723297,1.1988458908883146
0.514696590651652,-1.6965924654813715,1.1991380715470683
0.5146935090960343,-1.6584568626427774,1.1994302486723
0.5146904275773158,-1.6203217164471053,1.1997224222989473
0.5145198800652648,-1.5816722239043328,1.215892853071182
0.5143963094547573,-1.5431889283642721,1.227609177623009
0.5142727981851227,-1.504724113208322,1.2393198757809571
0.5141493462136262,-1.4662777651277488,1.251024951596925
0.5140259534975745,-1.4278498708265956,1.2627244091188672
0.5140047236257593,-1.389716474988164,1.2647373154835577
0.5139994765633848,-1.351628253185197,1.265234814730917
0.5140138494723553,-1.3135909486515747,1.2638720500285316
0.5140323570076539,-1.2755617747967707,1.2621172614965204
0.5140508658757615,-1.2375298622935,1.2603623465944551
0.5140693760768226,-1.1994952108459191,1.2586073053086793
0.5140878876109806,-1.1614578201581414,1.2568521376255504
0.5141502597385084,-1.1235135305397035,1.2509383359043866
0.5142391588553924,-1.0856160020280508,1.2425093825998275
0.5143528734873285,-1.0477558534001137,1.2317275508310743
0.5144651827620161,-1.0098760994958094,1.221078967749584
0.5145775410930173,-0.971979799842366,1.2104257334028006
0.5147391475309124,-0.9341562307042485,1.195103048920899
0.5150410959803023,-0.8965530189286743,1.1664738626083775
0.5153433988864315,-0.8589056648107193,1.1378110685457443
0.5156893394687493,-0.8212830221168971,1.1050107762963606
0.5157611226253017,-0.783192815838421,1.0982046696010244
0.5528594108731879,-2.154245290643801,1.1958589022289274
0.5528543943985208,-2.116097854421924,1.1963017358547177
0.5528519250190331,-2.077960683692228,1.196519722457765
0.5528494556616049,-2.0398238536479907,1.196737707113499
0.5528469863262356,-2.001687364284646,1.1969556898219622
0.5528445170129251,-1.9635512155976307,1.1971736705831546
0.5528420477216712,-1.9254154075823724,1.1973916493972965
0.5528395784524756,-1.8872799402343132,1.1976096262642244
0.5528366132068566,-1.8491431545194859,1.1978713858774839
0.5528333032150312,-1.8110056484630332,1.1981635782593116
0.5528299932628413,-1.772868599084284,1.1984557671422849
0.5528266833502862,-1.7347320063750358,1.1987479525264604
0.5524557685135018,-1.6954677033690226,1.2314907794977756
0.5522600495560102,-1.6567801486680307,1.2487680391935783
0.5520644692244382,-1.6181199960026635,1.2660330615668371
0.5519480123647618,-1.5797132767681112,1.276313391248621
0.5519423793080777,-1.5416321628949754,1.2768106541834925
0.5519367463663718,-1.5035518263083922,1.2773079069685522
0.5519311135396407,-1.4654722669845635,1.27780514960412
0.5519254808278808,-1.4273934848996919,1.2783023820905157
0.5519198482310886,-1.3893154800299816,1.2787996044280376
0.5519142157492605,-1.3512382523516377,1.2792968166170056
0.5519217989775274,-1.3131932458430824,1.2786274006044849
0.5519931999067104,-1.2752946342672273,1.2723244220283263
0.5520886003771328,-1.237439966362539,1.2639028632600002
0.5521840338292042,-1.1995722114220644,1.2554783930081754
0.5522795002800313,-1.1616913626579968,1.2470510097627638
0.552374999746732,-1.1237974132778341,1.2386207120126258
0.5524705322464366,-1.0858903564843754,1.2301874982455914
0.552578510855937,-1.0479937274853977,1.2206555934069456
0.5529110772355109,-1.0104926583959337,1.191298009554906
0.5532354428234939,-0.9729312959999377,1.1626643576501863
0.5536576532236267,-0.9354905175157832,1.1253933706039803
0.553725245814108,-0.8974167776987266,1.1194265764097793
0.5537928549105151,-0.8593337403783856,1.1134583251407335
0.5538627109089514,-0.8212447092787901,1.107291726658076
0.5539398041425596,-0.7831562748222394,1.100486255001634
0.5909898563376076,-2.15425334729515,1.1956763798620855
0.5909831684812961,-2.116101022626576,1.1962286673510363
0.5909805287918706,-2.0779637947843193,1.1964466546068167
0.5909778891260259,-2.039826907628541,1.1966646399152765
0.5909752494837617,-2.0016903611546764,1.1968826232764584
0.5909726098650775,-1.9635541553581608,1.1971006046903696
0.5909699702699713,-1.9254182902344228,1.1973185841572018
0.5907571590853199,-1.8866115725627959,1.2148926690832553
0.5906221858700588,-1.8480758719159904,1.2260388442790173
0.5904153805603582,-1.8093374565559366,1.243116960176863
0.5902062634667661,-1.7706187904002981,1.2603859846799637
0.5900201934672874,-1.7319947614684887,1.2757517652820738
0.5899733070605591,-1.693794333173863,1.2796236749989944
0.589926428104967,-1.6555999756494235,1.2834949693962727
0.5898795565987354,-1.6174116874481452,1.2873656486205647
0.5898431878721545,-1.5792575675286717,1.2903690015253062
0.5898371698024243,-1.541187443677302,1.290865977606252
0.5898311518554955,-1.5031180966640048,1.2913629435461758
0.5898251340313644,-1.4650495264650019,1.291859899345397
0.5898968207259228,-1.4271697275627162,1.285939965859285
0.5899635653054905,-1.3892690408806712,1.2804281554175532
0.5900303249905579,-1.3513597765912775,1.2749150975539365
0.5901087282477278,-1.3134678144868779,1.2684405059940929
0.5902107243199138,-1.2756167267559428,1.2600176045490485
0.5903127556567779,-1.2377525521835664,1.2515917909241523
0.5904148222766121,-1.1998752839815021,1.2431630636088045
0.590624581485288,-1.1621967571162117,1.2258410128278356
0.590880808371346,-1.124579603029336,1.2046816312694872
0.591137257668435,-1.08692979635809,1.183503882864727
0.5916000854686209,-1.0496130548636822,1.145283264526796
0.5916722808037824,-1.0115687381484022,1.1393213271715155
0.591744493761668,-0.973515134898228,1.133357934520319
0.5918167243588381,-0.9354522417284861,1.1273930852056253
0.5918889725944568,-0.897380055223854,1.1214267792964634
0.5919612384721754,-0.8592985719757384,1.1154590164913216
0.5920335219984565,-0.8212077885785042,1.1094897962564971
0.6291205870108242,-2.1542614040067614,1.1954938561299997
0.6288777667808128,-2.11531612462637,1.2143308194278646
0.6287582661516672,-2.076807606379749,1.2236011712646047
0.6286146362728976,-2.038235335793941,1.2347433679206716
0.6284710719990885,-1.9996806836334633,1.2458804752222292
0.6283275732853014,-1.9611436378298803,1.257012496655399
0.6281841400866387,-1.922624186325773,1.2681394357031834
0.6280939409869329,-1.8842818229607987,1.2751366991955067
0.6280612637941622,-1.8461194723646583,1.27767165718015
0.6280144333105268,-1.8079203383181832,1.2813045674257992
0.6279645333494064,-1.769718230348327,1.2851755947127188
0.6279146413174296,-1.7315221927238211,1.2890460068903096
0.6278647572127065,-1.6933322239979054,1.292915804105192
0.627814881033348,-1.6551483227242811,1.2967849865039156
0.627795783018252,-1.617049744137922,1.2982665294931763
0.6289563580015146,-1.5819205367916882,1.2082340459431151
0.6279090958830751,-1.5412314171675479,1.2894761981614522
0.627980136248974,-1.503346386777847,1.2839651879583798
0.6280511926914186,-1.4654527829466435,1.2784529306050985
0.6281222652158668,-1.4275506027633336,1.2729394256782172
0.6281933538277787,-1.3896398433159953,1.2674246727541387
0.6282644585326174,-1.351720501691389,1.2619086714090813
0.6284626019220132,-1.3140581676551184,1.2465375478680727
0.6287351280931545,-1.2765228358254954,1.2253961236825646
0.6290078907230263,-1.2389549362726275,1.204236356031899
0.6292808901195094,-1.2013544265917908,1.1830582210319989
0.6295465056381678,-1.1637071770887344,1.1624528959481992
0.6296106197301017,-1.1256674716386665,1.1574791966951423
0.6296747468823429,-1.0876200173422288,1.1525044842788503
0.6297420763224099,-1.0495701272040165,1.1472813519585046
0.6298189231345134,-1.0115273613978548,1.1413199022922953
0.6298957887039892,-0.9734753098152561,1.1353569975087154
0.6299726730492874,-0.9354139690731843,1.1293926361764974
0.6300495761678709,-0.8973433357542404,1.1234268184924403
0.6301264980644489,-0.8592634064515212,1.1174595440912398
0.6302034387459,-0.821174177759809,1.1114908124392784
0.6663417241392541,-2.189408522171835,1.261862462957417
0.6662103871000608,-2.150907821208768,1.2714688292526972
0.6661795055097821,-2.1127407174738804,1.2737275969987891
0.6661476728096999,-2.0745741810359224,1.2760559316333797
0.6661130164886435,-2.0364026504081387,1.2785907939735068
0.6660783637733885,-1.9982350913201654,1.2811253925750137
0.666043714663372,-1.9600715031522091,1.2836597274790762
0.6660090691580318,-1.9219118852846062,1.2861937987268135
0.6659744272568052,-1.8837562370978205,1.2887276063593944
0.6659397889591299,-1.8456045579724456,1.291261150417931
0.6658941983272237,-1.8074271097453216,1.294595779494486
0.6658413029980277,-1.769235462251902,1.2984646950014067
0.6658936229442722,-1.731323419655108,1.2946378646475125
0.6659385363623074,-1.6933865638927244,1.2913527689283768
0.665983455839422,-1.6554445902294204,1.2880672300308476
0.6660283813768423,-1.617497497629474,1.2847812478652543
0.6660733129757946,-1.5795452850568845,1.2814948223418767
0.6661419085559203,-1.5416427026579869,1.2764775456241182
0.6662643393767054,-1.503853794593135,1.2675226055895479
0.666496477879054,-1.466292251333919,1.2505433322749084
0.6667287782002582,-1.4287045247148389,1.2335522230668303
0.6669612405095777,-1.391090587348548,1.2165492655851722
0.6673798118229278,-1.3538276182693678,1.1859337638087126
0.6674130923828835,-1.3157572392691133,1.1834995285662373
0.6674741468392581,-1.277736223949437,1.1790338311856914
0.6675421004496568,-1.2397210436922197,1.174063509967958
0.6676100678983945,-1.2016981222171101,1.1690921765745728
0.6676780492045534,-1.163667457185079,1.1641198296098025
0.6677460443569045,-1.125629046201639,1.159146469894985
0.6678140533596783,-1.0875828869000475,1.1541720971206786
0.6678820762171072,-1.0495289769125968,1.1491967109773071
0.667962444926846,-1.011485988032081,1.1433183139221228
0.6680439623464373,-0.9734354879905229,1.1373558969463033
0.6681254996782096,-0.9353756995494934,1.1313920235366695
0.6682070569177254,-0.8973066192895169,1.125426694017797
0.6682886340708514,-0.8592282438053803,1.1194599079605823
0.6683702311448817,-0.8211405696922833,1.113491664831507
0.7041149218794355,-2.1884652977333805,1.2828594591525686
0.7040822908872908,-2.150305374871996,1.285117171041506
0.7040496629194599,-2.11214898875838,1.2873746736806098
0.7040168304435549,-2.073995527522905,1.2896463260675546
0.7039802141957895,-2.035834673485121,1.292179774561589
0.7039436017566828,-1.9976777887689645,1.2947129595376268
0.703917016281472,-1.9595527750538275,1.2965523870116655
0.7039472689726103,-1.9215857882765848,1.294459227841024
0.7039775242642387,-1.883615537896206,1.2923658887445697
0.7040077821566927,-1.84564202349187,1.2902723696991032
0.7040446274502655,-1.8076821515614925,1.287723073711362
0.7040921208323624,-1.7697450604705325,1.2844370451122273
0.7041396206225005,-1.7318028507202037,1.281150573145915
0.7041871268219768,-1.6938555212744846,1.2778636577226905
0.7042909008265084,-1.656035361402871,1.2706836184902315
0.704535035749005,-1.618526433477444,1.253792121149921
0.7047793399837214,-1.5809914923959156,1.236888909234409
0.7050252245283191,-1.5434335996430768,1.2198763569595457
0.7053633194704096,-1.5060460064368206,1.1964838420473285
0.7053984865723427,-1.4679914450289293,1.1940506587784512
0.7054336571797073,-1.429933088877785,1.191617232971602
0.7054688312935986,-1.3918709374170999,1.1891835645510156
0.7055040089153464,-1.3538049900807998,1.186749653424684
0.7055391900454753,-1.3157352463010215,1.1843154995563054
0.7055914506149596,-1.2776926267892512,1.1806996331271193
0.7056632823864191,-1.239678739327493,1.1757296511018112
0.7057351287848531,-1.2016571111742094,1.1707586570480046
0.7058069898316908,-1.1636277399927875,1.1657866494830174
0.7058788655144328,-1.1255906233878794,1.1608136292716722
0.7059507558375511,-1.087545758992984,1.1558395961045775
0.7060226608055191,-1.0494931444406366,1.1508645496721925
0.7061028465636721,-1.0114446180506653,1.1453165620810637
0.7061890150720441,-0.9733956694236284,1.1393546328531627
0.706275204628777,-0.9353374331570291,1.1333912473062355
0.7063614152273331,-0.897269905829315,1.1274264058926278
0.7064476468748359,-0.8591930840369625,1.1214601081194644
0.7420295895695384,-2.1880359692435105,1.2924166846662004
0.7420468185167484,-2.1500330895485273,1.2912857589006208
0.7420640482640438,-2.1120284450592015,1.2901547806166107
0.7420812788114803,-2.074022035652599,1.289023749810518
0.7421120703123053,-2.0360510647029915,1.2870025641153404
0.7421439707907942,-1.9980799213598304,1.2849085839888943
0.742175874011953,-1.9601055134161836,1.2828144238307786
0.7422077799761355,-1.9221278404510176,1.2807200836177728
0.7422396886836958,-1.8841469020432278,1.278625563326635
0.7422716001349874,-1.8461626977716352,1.276530862934159
0.7423066226096664,-1.808182798664572,1.2742319517757466
0.7425698304040617,-1.7707434417327625,1.2569547221949264
0.7428273068544571,-1.7332637159937332,1.240053703912558
0.7430849619200193,-1.695757990022608,1.2231409611474504
0.7434551318589191,-1.6584768326083579,1.198842626696596
0.7434506806691317,-1.6203412270993895,1.199134807359556
0.743446229532644,-1.58220607823614,1.1994269845238748
0.7434415791805782,-1.5440709721442778,1.1997322384030724
0.7434786422724334,-1.5060208394749293,1.1972993790402668
0.7435157090599153,-1.4679669127593198,1.1948662770927427
0.7435527795422606,-1.4299091914274242,1.1924329326105862
0.743589853720355,-1.3918476749124595,1.1899993455356679
0.7436269315957342,-1.3537823626486445,1.187565515767183
0.7436640131689516,-1.315713254068145,1.1851314432688156
0.7437061533068576,-1.2776490326040888,1.1823653213960128
0.7437818627099188,-1.2396364378498645,1.1773956785284057
0.7438575875290074,-1.2016161029314736,1.1724250237369418
0.7439333277860938,-1.1635880255115827,1.1674533555794824
0.7440090834692823,-1.1255522031971195,1.16248067483685
0.7440848545826386,-1.0875086336207795,1.1575069812421859
0.7441606411308773,-1.0494573144153398,1.1525322744859992
0.7442401284278208,-1.0114032514531925,1.1473146467891908
0.7443309472641385,-0.9733558541146426,1.1413532052257835
0.7444217882840994,-0.935299169895407,1.1353903075052685
0.7445126514799437,-0.8972331953732655,1.1294259541370266
0.780304685021004,-2.188659482375987,1.2785367401519423
0.7803228078283977,-2.1506457874294864,1.277405169739069
0.7803409314776261,-2.112630326683329,1.2762735467628659
0.7803590559687477,-2.0746131000144756,1.2751418712196596
0.7803892079306061,-2.036625493867679,1.2732592121377664
0.780546958112706,-1.9989617219959546,1.2634094446700601
0.7807225387790554,-1.9613273535181148,1.2524463591614179
0.7808981984554024,-1.9236760498535523,1.2414783403456013
0.78107393719509,-1.886007799568632,1.2305053848919414
0.7812497550515092,-1.848322591219424,1.219527489466742
0.781600822328714,-1.8110262956397032,1.1976071911827404
0.7815966433637312,-1.7728899471421222,1.197868121679221
0.78159196371949,-1.7347528950847217,1.1981603141001358
0.7815872841317949,-1.6966162997007255,1.1984525029903637
0.781582604601048,-1.6584801609827118,1.1987446883248012
0.7815779251263355,-1.6203444789204517,1.199036870160512
0.7815732457076563,-1.5822092535057433,1.1993290484975532
0.7815685663450094,-1.5440744847303844,1.1996212233360026
0.7815926912344243,-1.5059956733541346,1.198114888777404
0.7816316575804557,-1.4679423813096364,1.1956818681471546
0.7816706278107772,-1.429885294775812,1.1932486049856124
0.7817096019260374,-1.3918244131853839,1.1908150992522977
0.7817485799279921,-1.3537597359728644,1.1883813508375667
0.7817875618172224,-1.3156912625704476,1.185947359705139
0.7818265475943103,-1.2776189924102141,1.1835131258186777
0.7818978416864706,-1.2395941392590388,1.1790615922593943
0.7819774443966896,-1.201575097487596,1.1740912766945044
0.78205706333424,-1.1635483137411864,1.1691199479108718
0.7821366984880119,-1.1255137856290902,1.1641476066021852
0.7822163498615812,-1.0874715107831738,1.1591742525451778
0.7822960174599037,-1.0494214868364562,1.1541998854304012
0.7823757012879375,-1.0113637114209924,1.1492245049482932
0.78246975930595,-0.9733160420634986,1.1433516140675195
0.7825652510272236,-0.9352609097642428,1.1373892041538411
0.8190047948433398,-2.1903616606275365,1.2406447721174487
0.8191334348245214,-2.1526064682597887,1.2329862057959389
0.8192621152226688,-2.114839413714331,1.2253252332550701
0.8193908360568326,-2.077060491399878,1.21766185336066
0.819750887507169,-2.0398452317038855,1.1962262321313375
0.8197472260021166,-2.001708342563308,1.1964442194088676
0.8197435645297719,-1.9635717941061976,1.1966622047391624
0.8197399030901339,-1.9254355863279888,1.1968801881222646
0.819736241683204,-1.887299719224121,1.197098169558089
0.8197325803089817,-1.8491641927900284,1.1973161490466708
0.8197289189674665,-1.8110290070211468,1.197534126588046
0.8197249540180118,-1.7728935052017465,1.1977701793927906
0.819720046078742,-1.7347563765852447,1.19806237298652
0.8197151381987242,-1.696619704643871,1.1983545630527033
0.8197102303784859,-1.6584834893704248,1.198646749559913
0.8197053226170156,-1.6203477307545655,1.1989389325683746
0.8197004149143123,-1.5822124287880912,1.1992311120781451
0.8196955072703751,-1.5440775834627996,1.1995232880892956
0.8197054664202403,-1.505970508074395,1.1989303712601114
0.8197463321978317,-1.467917850679838,1.196497431943044
0.819787202049134,-1.4298613989229083,1.1940642500980658
0.8198280759745326,-1.3918011522358342,1.1916308257022479
0.8198689539760157,-1.3537371100534212,1.1891971586372065
0.8199098360541933,-1.3156692718078917,1.186763248866626
0.8199507222096756,-1.277597636931355,1.1843290963541975
0.8200112195823535,-1.2395518435547204,1.1807273923064017
0.8200946996542444,-1.201534094842265,1.1757574159333544
0.820178196742571,-1.1635086046813217,1.170786426488796
0.8202617108371444,-1.1254753706835237,1.1658144245793096
0.8203452419409831,-1.0874343904799078,1.160841410025192
0.8204287900592839,-1.0493856617037352,1.1558673825170516
0.8205123551972461,-1.0113291819873031,1.1508923417453545
0.8206054515797402,-0.9732762332689943,1.1453498594387241
0.8578918164879115,-2.078004622159608,1.1954877731321503
0.8578822447452313,-2.039853337505328,1.1960322989379506
0.8578762883554949,-2.001711339496155,1.1963711513318458
0.8578724565706369,-1.963574733928347,1.1965891373148736
0.8578686248200075,-1.9254384690404613,1.1968071213506875
0.8578647931036074,-1.8873025448279361,1.1970251034392234
0.8578609614214363,-1.8491669612862072,1.19724308358051
0.8578571297734936,-1.8110317184107088,1.1974610617745824
0.8578532981597792,-1.7728968161968768,1.1976790380214553
0.8578482814778943,-1.7347598580997419,1.1979644314797895
0.8578431453037162,-1.6966231096006832,1.198256622721921
0.8578380091921538,-1.6584868177714973,1.1985488104019169
0.8578328731420933,-1.620350982601732,1.1988409945831364
0.8578277371535336,-1.582215604083184,1.1991331752656507
0.8578226012264735,-1.544080682207652,1.1994253524495093
0.8578169678937348,-1.5059453436356678,1.1997458264897531
0.8578597329759059,-1.4678933208698834,1.1973129684818034
0.857902502321204,-1.4298375038686733,1.1948798679492825
0.8579452759297224,-1.3917778920637718,1.1924465248869112
0.8579880538036969,-1.3537144848902773,1.1900129391674668
0.8580308359437656,-1.3156472817804405,1.187579110754669
0.8580736223505672,-1.2775762821664,1.1851450396121805
0.8581219966638091,-1.2395095507366132,1.1823930786810806
0.8582093535679953,-1.2014930949951934,1.1774234414651517
0.8582967282774915,-1.1634688983317107,1.172452791324929
0.858384120783166,-1.125436958360151,1.1674811287798903
0.8584715310874119,-1.0873972727107217,1.1625084536939028
0.8585589591956669,-1.0493498390169262,1.1575347657576103
0.8586464051133714,-1.0112946549113042,1.152560064661536
0.8960136954844533,-2.03986096631567,1.1958497778680766
0.8960054648817606,-2.001714336437976,1.1962980830360195
0.8960014627833696,-1.9635776737592991,1.1965160696717874
0.8959974607207285,-1.9254413517615654,1.19673405436032
0.8959934586938382,-1.8873053704402123,1.1969520371015818
0.8959894567026984,-1.8491697297906755,1.19717001789558
0.8959854547473086,-1.8110344298083898,1.1973879967423358
0.8959814528276683,-1.7728994704887904,1.197605973641899
0.8959766699178685,-1.7347633396282134,1.1978664895799298
0.8959713054476924,-1.6966265145711623,1.1981586819980308
0.8959659410429734,-1.6584901461859296,1.198450870850806
0.8959605767024901,-1.6203542344619501,1.1987430562047905
0.8959552124262412,-1.5822187793910216,1.1990352380600555
0.8959498482142257,-1.5440837809649421,1.1993274164166365
0.8959444840664427,-1.50594923917551,1.1996195912746117
0.8959718599785373,-1.4678687918797313,1.1981284777647758
0.8960165286908554,-1.429813609613067,1.1956954585406478
0.8960612018554849,-1.3917546326691574,1.1932621968076305
0.8961058794749232,-1.3536918604833945,1.1908286924297187
0.8961505615498365,-1.3156252924880578,1.1883949453706109
0.8961952480808915,-1.2775549281153133,1.1859609555939983
0.896239939068755,-1.2394807667972143,1.183526723063558
0.8963214064042297,-1.2014520979460952,1.1790893533015279
0.89641265820537,-1.163429194692076,1.1741190424309096
0.8965039285925265,-1.1253985486587035,1.1691477192155801
0.8965952175673988,-1.087360157475356,1.164175383562963
0.8966865251356656,-1.0493140187757788,1.1592020351637444
0.9341347555814264,-2.001717333388771,1.1962250145213957
0.9341305831684821,-1.9635806135990541,1.196443001809918
0.9341264107928096,-1.9254442344913012,1.1966609871511764
0.9341222384544093,-1.8873081960609495,1.1968789705451428
0.934118066153281,-1.8491724983034339,1.1970969519918526
0.9341138938894241,-1.8110371412141897,1.197314931491313
0.9341097216628379,-1.7729021247886516,1.1975329090435665
0.9341052113995859,-1.7347668211706595,1.197768547286941
0.9340996186315742,-1.6966299195553083,1.1980607408810187
0.934094025931866,-1.6584934746137212,1.1983529309065943
0.9340884332991273,-1.6203574863352208,1.198645117433351
0.9340828407333568,-1.5822219547116043,1.1989373004613597
0.9340772482345534,-1.54408687973467,1.1992294799906773
0.9340716558027161,-1.5059522613962157,1.1995216560213606
0.9340827132695807,-1.467844263709341,1.1989439597933327
0.9341292812219522,-1.4297897161560493,1.196511021873519
0.9341758538156938,-1.391731374051952,1.1940778414657984
0.9342224310535777,-1.3536692368327352,1.1916444184253265
0.9342690129362986,-1.3156033039307062,1.1892107527158302
0.9343155994645511,-1.2775335747780596,1.1867768443010007
0.9343621906390307,-1.2394600488068774,1.1843426931445222
0.9344308584291984,-1.2014111036946835,1.1807551514541288
0.9345259867925388,-1.1633894937621403,1.1757851798183765
0.9346211345316398,-1.1253601415789132,1.1708141958980036
0.9347163016474389,-1.0873230447735514,1.165842199644004
0.9722598177264876,-1.9635835534476123,1.196369933729244
0.9722554750367637,-1.9254471172296692,1.1965879197232354
0.9722511323858334,-1.8873110216901472,1.1968059037699348
0.9722467897736966,-1.8491752668244819,1.1970238858693492
0.9722424472003527,-1.811039852628108,1.197241866021514
0.9722381046658011,-1.7729047790964607,1.197459844226458
0.9722337621700413,-1.7347700462249758,1.197677820484202
0.9722280848562831,-1.6966333245531215,1.1979627993708917
0.972222263859753,-1.6584968030548726,1.1982549905692608
0.9722164429329263,-1.6203607382215437,1.1985471782687966
0.9722106220758014,-1.582225130044932,1.1988393624695703
0.9722048012883778,-1.5440899785168354,1.1991315431716245
0.9721989805706538,-1.505955283629052,1.199423720375023
0.9721922929128861,-1.4678197363586714,1.1997594145688524
0.9722407599783544,-1.4297658234975799,1.1973265579492747
0.9722892318742186,-1.3917081162121168,1.194893458862758
0.9723377086035396,-1.353646613938261,1.1924601171556617
0.9723861901670405,-1.315581316108349,1.1900265327916912
0.9724346765654441,-1.2775122221546031,1.1875927057345663
0.9724831677994741,-1.2394393315091337,1.185158635947971
0.9725377099091158,-1.2013701122406726,1.182420835934579
0.972636714305294,-1.163349795541626,1.1774512034989684
0.9727357388668827,-1.1253217371205113,1.1724805588388278
1.0103756275644582,-1.8491780353538199,1.1969508195280554
1.0103711146806076,-1.8110425640501455,1.1971688003329177
1.0103666018370703,-1.7729074334122177,1.1973867791905661
1.0103620890338463,-1.734772643435472,1.1976047561010077
1.0103567041227404,-1.6966367295646017,1.1978648574676427
1.0103506548275556,-1.6585001315093837,1.1981570498388194
1.0103446056048082,-1.6203639901209188,1.1984492387111487
1.0103385564544969,-1.5822283053910045,1.1987414240846803
1.0103325073766203,-1.5440930773114385,1.1990336059594782
1.010326458371177,-1.5059583058740185,1.1993257843356062
1.0103204094381657,-1.4678239910705426,1.1996179592131284
1.0103509650239173,-1.429741931637619,1.1981420667692788
1.0104013360949242,-1.3916848591496127,1.1957090489998805
1.0104517121886836,-1.3536239917999346,1.1932757886220813
1.0105020933059463,-1.3155593290209489,1.1908422855995724
1.010552479447464,-1.2774908702449075,1.1884085398960735
1.0106028706139885,-1.2394186149039481,1.185974551475276
1.0484854764318674,-1.696640134589749,1.1977669151712576
1.0484791988361957,-1.6585034599772548,1.1980591087152632
1.048472921315695,-1.6203672420333466,1.198351298760386
1.048466643870364,-1.5822314807498221,1.1986434853066896
1.048460366500202,-1.5440961761184793,1.1989356683542312
1.048454089205207,-1.5059613281311155,1.1992278479030958
1.048447811985378,-1.467826936779529,1.199520023953319
1.0484598964224927,-1.4297180405761265,1.1989575483348816
1.048512166541672,-1.3916616028644009,1.1965246118785444
1.0485644418728797,-1.3536013704177174,1.1940914328259638
0.0,0.0,50.0
