-0.8947778042622204,1.1232317117334256,1.2631664061428864
-0.8948282485043764,1.1613728331652544,1.26041880486801
-0.8949248054935491,1.1995800584275234,1.2551595305641285
-0.8950213833230527,1.2377955301276262,1.249899121127342
-0.8951179819996348,1.2760192509356496,1.244637576190108
-0.8952146015300462,1.3142512235228336,1.2393748953847208
-0.8953112419210403,1.3524914505615715,1.2341110783433393
-0.8954079031793739,1.3907399347254106,1.228846124697931
-0.8566353795481726,1.00892611369007,1.2669650745928465
-0.8566546122012683,1.04702230380155,1.2658709503278516
-0.8566738457179828,1.0851202045761115,1.2647767769325355
-0.8566930800983745,1.12321981612898,1.2636825544035801
-0.8567123153439438,1.161321138577346,1.262588282655642
-0.8567992897385421,1.199519005633959,1.257640405985157
-0.8568917484605479,1.2377325255541247,1.2523805320221655
-0.8569842271394746,1.2759542937409956,1.2471195227321061
-0.8570767257817844,1.3141843128654027,1.2418573777473725
-0.8571692443939424,1.3524225855993313,1.2365940967001663
-0.8572617829824162,1.3906691146159196,1.2313296792225472
-0.8573543415577648,1.4289239025962746,1.2260641247138295
-0.818527541410575,0.8946696382859773,1.2690579997425147
-0.8185172752031417,0.9327289880221846,1.2696691972083087
-0.8185356510321686,0.9708213535497814,1.2685751943639119
-0.818554027686294,1.0089154294738043,1.2674811423973793
-0.8185724051655735,1.0470112159094545,1.2663870413053928
-0.8185907834700624,1.0851087129719432,1.2652928910846555
-0.8186091625998168,1.123207920776493,1.2641986917318349
-0.8186275425559854,1.1613088394398863,1.2631044431785483
-0.8186776545928628,1.1994579590546595,1.2601210288900333
-0.8187659950454216,1.237669527394242,1.254861690319089
-0.8188543545650155,1.2758893431594427,1.249601216594428
-0.8189427331578181,1.3141174090206849,1.2443396073485076
-0.8190311308300058,1.3523537276495443,1.239076862213615
-0.8191195475877575,1.390598301718751,1.233812980821881
-0.8192079834412277,1.428851133909118,1.2285479625687685
-0.8192957740760936,1.4671110372990512,1.2233213573302422
-0.8194730414345409,1.505543494728575,1.2127677657575688
-0.8185355723561712,1.5418925897872062,1.2685798783302715
-0.7805653709505184,0.8567180900676421,1.2622597650408096
-0.7804913859221828,0.894709637520551,1.2668793180295594
-0.7804384400322396,0.9327191112580424,1.27018520774309
-0.7804559608004759,0.9708110731908358,1.2690912280678504
-0.7804734823554089,1.0089047454838211,1.2679971992720311
-0.7804910046970917,1.0470001282521961,1.2669031213523283
-0.7805085278255772,1.0850972216111683,1.2658089943054236
-0.7805260517409187,1.1231960256759561,1.264714818128006
-0.78054357644394,1.1612965405629352,1.2636205927686248
-0.7805611019363679,1.1993987663900285,1.2625263181194697
-0.7806441224850299,1.2376065356469985,1.2573425960566738
-0.7807283636834216,1.2758243991899816,1.2520826578156274
-0.7808126230651191,1.3140505119876396,1.2468215842267085
-0.7808969006360102,1.3522848767111397,1.2415593749222822
-0.7809811964019857,1.3905274960328038,1.2362960295345502
-0.7804983610775061,1.4277409044100722,1.2664437961362012
-0.7801678089855898,1.4651932022412297,1.2870831462656085
-0.780057630785069,1.503037873951718,1.2939625656152103
-0.7799474380843259,1.5408717679226924,1.3008428903445335
-0.7426630161396264,0.7807482990185816,1.2508379149373496
-0.7425926071490655,0.8187559514720466,1.2554596332921122
-0.7425222115076441,0.8567563978934355,1.260080475395668
-0.7424518292115657,0.8947496403318869,1.2647004414972258
-0.7423814602499588,0.9327356808268713,1.2693195323103978
-0.742377077037939,0.9708007930496125,1.2696072508429808
-0.7423937435298951,1.0088940617201139,1.268513245217143
-0.7424104107701991,1.046989040829768,1.2674191904689849
-0.7424270787589016,1.085085730493779,1.266325086595181
-0.7424437474960527,1.1231841308273618,1.2652309335924343
-0.7424604169821787,1.1612842419464846,1.2641367314262197
-0.7424770872194376,1.1993860639698608,1.263042479954862
-0.7425261301868493,1.2375435503114156,1.2598232492734809
-0.7426062539019775,1.2757594618316026,1.2545638464342943
-0.7426863949107803,1.3139836217652265,1.2493033084205791
-0.7419312954481505,1.3506954353030431,1.2988688116085854
-0.7418268721327522,1.3885477350177156,1.3057232651321655
-0.7417224782073912,1.4263893811680601,1.3125757894635512
-0.7416181136596618,1.4642203782511272,1.3194263854170742
-0.7416294030440811,1.5022749446277541,1.3186853386449329
-0.7417073013727051,1.5404690105433105,1.31357201245833
-0.7417849921095737,1.5786706242331954,1.3084723128074671
-0.7046760624894269,0.7427666604618284,1.2440345953261414
-0.7046092455714908,0.780783218065706,1.2486576037022559
-0.7045424413234251,0.81879256694344,1.2532797354603105
-0.7044756497416268,0.8567947091452218,1.2579009908496062
-0.7044088708224936,0.8947896467204648,1.2625213701193658
-0.704342104556635,0.9327773817101382,1.2671408739193097
-0.7042989997189384,0.9707905131261043,1.2701232626896655
-0.7043148111841313,1.0088833781826747,1.2690292802330774
-0.7043306233592728,1.0469779536421622,1.267935248655725
-0.7043464362444107,1.085074239619768,1.2668411679542828
-0.704362249839593,1.1231722362307022,1.2657470381254612
-0.7043780641450734,1.1612719435905265,1.2646528591516741
-0.7043938791633895,1.1993733618187443,1.263558630857375
-0.7040096611627717,1.2367737290697343,1.290142362792004
-0.703614259060343,1.2741123069471076,1.3174999136627576
-0.7035152665660375,1.3119609025150427,1.3243491240795748
-0.7034163019226041,1.3497988496352673,1.331196407517119
-0.703332148462197,1.3876553199389294,1.3370189172101448
-0.7034099146707646,1.4258309081164149,1.3316383362930395
-0.7034876980781819,1.464014939243784,1.326256565401465
-0.7035654986901551,1.5022074161222227,1.3208736041406297
-0.7036417716409933,1.5404049595383906,1.3155963405150644
-0.7037623049275902,1.5787100353781076,1.3072567401451138
-0.6666785046176312,0.7047744191672102,1.23722937653897
-0.6666152817805927,0.7427998854126605,1.2418536754766478
-0.6665520709335857,0.7808181402364861,1.246477097429164
-0.6664888720731996,0.818829185689931,1.2510996426459684
-0.6664256851960252,0.8568330238234609,1.2557213113764476
-0.6663625102986546,0.8948296566867647,1.2603421038698386
-0.6662993473730788,0.9328190863223103,1.2649620207119483
-0.6662361964149207,0.9708013147760274,1.2695810622229402
-0.6662366852924978,1.0088726948714966,1.269545304320161
-0.6662516424386912,1.0469668666893719,1.2684512959128753
-0.6662666002564813,1.085062748989127,1.2673572383830773
-0.6662815587459138,1.123160341885969,1.2662631317274489
-0.6658500446402978,1.1604815063730907,1.2978253063096403
-0.6654705019452299,1.1978469035014139,1.325586143434606
-0.6652937776395894,1.2355455870449517,1.3385122640757459
-0.6651394150075535,1.2732668801573166,1.3498027880189412
-0.6651372360706372,1.3112705511106848,1.3499621616905344
-0.6652107595714375,1.3494275408449161,1.3445844427748526
-0.6652842993284402,1.387592967170747,1.339205534834079
-0.6653578553470375,1.425766832886509,1.333825437473827
-0.6654314276326235,1.4639491407917717,1.3284441502995321
-0.6656325445457763,1.5024277434033235,1.3137338846517963
-0.6658718853819019,1.5410177918838301,1.2962278120666042
-0.66610502406221,1.5796204856332405,1.279175382878364
-0.6288009956057882,0.6669101468546238,1.2202864014903696
-0.6286508338287482,0.7048509348988995,1.231935315103165
-0.6285510958997084,0.742833113336019,1.239672560507472
-0.6284914917691281,0.780853065531341,1.244296396091876
-0.6284318989417356,0.8188658077119585,1.248919354822938
-0.6283723174143159,0.8568713419286125,1.2535414369500444
-0.6283127471836553,0.8948696702312665,1.2581626427225032
-0.6282531882430263,0.9328607946638876,1.262782972662194
-0.6281936405866514,0.9708447172702794,1.2674024272173483
-0.6281593658293754,1.0088620117865725,1.2700613174787634
-0.6281734679828334,1.046955779971389,1.2689673322408055
-0.6277024639543998,1.0842133468303268,1.3055058265677744
-0.6273993997766968,1.1217140783886397,1.3290162597471635
-0.6272327974833063,1.159430322620657,1.341940558870789
-0.6270662836469834,1.1971265415078773,1.3548579958703826
-0.627031081740714,1.2350612216104973,1.3575888104173401
-0.6270450745288133,1.273091514952439,1.3565033092799368
-0.6271012221334482,1.3112116462790282,1.3521476163143191
-0.6271705380629682,1.349366915226386,1.3467703805697369
-0.6272754232743369,1.3876092696674724,1.3386338308393206
-0.6275019780860944,1.4261408592865783,1.3210586696847955
-0.6277286966078442,1.4647002920849699,1.303470808603599
-0.6279555790170975,1.5032875982530518,1.2858702338251575
-0.6286934644981433,1.5431566855863519,1.2286282086288765
-0.5908995647578517,0.6290221173228744,1.2031327167709591
-0.5907584044831099,0.6669852953841563,1.2147898233302783
-0.590617311631952,0.7049303396897492,1.2264413620065469
-0.5904835043897791,0.7428663442323027,1.2374912503924378
-0.5904275076212533,0.7808879939506899,1.2421154996642443
-0.5903715214722984,0.8189024330099622,1.2467388719650359
-0.590315545939894,0.8569096634611364,1.2513613675442414
-0.5902595810210203,0.89490968735445,1.255982986651233
-0.5902036267101324,0.9329025067353705,1.2606037297439059
-0.590147683000251,0.9708881236455743,1.2652235973986237
-0.5898438827855154,1.0084427673429779,1.2903116151316354
-0.5893336630187047,1.0455919827751212,1.3324458926489058
-0.589177179886781,1.0833257823724682,1.3453683706400241
-0.5890207798333302,1.1210395487150477,1.3582839879572504
-0.5889965044170613,1.1589931215948626,1.360288667494288
-0.5890096476982453,1.1970196066125631,1.35920328685458
-0.589022791566019,1.2350477887674594,1.3581178577739124
-0.589035936020422,1.2730776681731701,1.3570323802490165
-0.5891701230833197,1.3113786610564213,1.3459511260226265
-0.5893828832881792,1.3498769262406685,1.3283812510406818
-0.5895957972118224,1.3884030063375172,1.3107986818624084
-0.5898088650209019,1.4269569315021822,1.2932034047255172
-0.5904751308829831,1.466664034773861,1.2381827399859162
-0.5905388755417244,1.5049216505740717,1.2329186649414723
-0.5906026339650426,1.5431875274570468,1.2276534532093848
-0.5906653181678446,1.5814587550945518,1.222476951300571
-0.5529714679926078,0.5911074313024428,1.1859669634111754
-0.5528393219198544,0.6290930214950068,1.1976322719025063
-0.5527072389910911,0.6670604608513168,1.2092920063036843
-0.5525752191574236,0.7050097623732645,1.2209461709308869
-0.5524432623655972,0.7429409390433892,1.2325947704852211
-0.5523601180330148,0.7809229254949518,1.239934408120078
-0.5523077392080715,0.8189390615843819,1.2445581940460997
-0.5522553703160727,0.8569479884214921,1.2491811031328908
-0.552203011354193,0.8949497080567956,1.2538031356298518
-0.5516756984879113,0.9321416974450915,1.300352133480935
-0.5513767861637157,0.9696626239430861,1.326738876582347
-0.5511618420000848,1.0072957802070515,1.3457132579235491
-0.5509806345985777,1.044963272514544,1.3617094975048616
-0.5509661490150181,1.0829334653053801,1.362988224881164
-0.5509784429777914,1.1209561426099894,1.3619029647190999
-0.5509907374892189,1.1589805167876674,1.3608176561241265
-0.551003032549337,1.197006587952008,1.359732299093011
-0.5511298881777305,1.2352911286742234,1.3485340091382767
-0.5513008848440758,1.2736951477432097,1.3334391310057185
-0.551471987652133,1.312123005103351,1.3183348831220485
-0.5520603330645142,1.3515959878476036,1.2663981846497876
-0.5522326244581043,1.3901028132910902,1.251189013353546
-0.5522922247455814,1.4283419605489172,1.245927746596962
-0.5523518379030344,1.466589362708057,1.2406653437321253
-0.5524114639308921,1.5048450224324303,1.2354018047212492
-0.5524711028333228,1.5431089423965223,1.2301371291963363
-0.5525307546144967,1.5813811252759735,1.2248713167892475
-0.5148935580119828,0.5911740851248691,1.1804626477527407
-0.5147704977167109,0.6291639416537578,1.192130586860003
-0.5146474962305561,0.667135643261832,1.2037929499917226
-0.5145245535080635,0.7050892029554945,1.2154497414576824
-0.514401669499456,0.7430246337214365,1.227100965977506
-0.5142893225473844,0.7809578601645466,1.2377531214331867
-0.5142405516921569,0.8189756934356571,1.242377321039946
-0.5137596083551127,0.8562660139251878,1.2879778744782087
-0.5134725811903054,0.8938226413312723,1.3151923019562304
-0.5132723658217183,0.9314942935283035,1.3341756850518962
-0.5130723065298947,0.9691365790009122,1.3531442697581326
-0.5129991498546728,1.0069983311962094,1.360080606371774
-0.5137208085310452,1.0464683136743513,1.2916566726120138
-0.5129629050080314,1.0829216883502886,1.36351715479406
-0.5129743508623479,1.1209439518843898,1.362431918236645
-0.5131000683952801,1.1592260804485959,1.3505120336326968
-0.5132592592408303,1.1976049382286038,1.3354183830916497
-0.5134185488959175,1.236007617712394,1.3203153639426404
-0.514013018387797,1.2755137863697186,1.2639508491570268
-0.5140245594093211,1.3136183184904873,1.2628565893384405
-0.5140659738312587,1.3518031163710877,1.2589298885917657
-0.51412144612914,1.3900320580528602,1.2536702929407966
-0.5141769304030493,1.4282692511195816,1.2484095617849533
-0.514232426657479,1.4665146982454031,1.2431476946982798
-0.5142879348928691,1.5047684020939502,1.2378846916390813
-0.5143434551130996,1.543030365339299,1.232620552239439
-0.47692108458853294,0.5532284581226983,1.1632809381342284
-0.4768070596620037,0.5912407539808846,1.1749570906108247
-0.4766930892458598,0.6292348778045349,1.1866276612239517
-0.47657917330102234,0.6672108426214313,1.1982926539753151
-0.4764653117854663,0.7051686614424901,1.2099520731682532
-0.4763515046529202,0.7431083472585556,1.2216059235409702
-0.4758701003232484,0.7804269645301274,1.2709017268993676
-0.4755503882057686,0.817946667713922,1.303640247729291
-0.4753649156348944,0.85565684814281,1.3226326389868106
-0.4751795876823993,0.8933376248429107,1.3416102213223127
-0.4751105519700554,0.9312166818613087,1.3486794782663267
-0.4750660489942568,0.9691347399482838,1.353236582988103
-0.47502155435474686,1.0070456952320632,1.3577928340739263
-0.4749770680491835,1.0449495497082038,1.3623482317636118
-0.4750733408467536,1.0831672171305982,1.352489897292429
-0.4752207277910827,1.1215209175869552,1.337397474193132
-0.47536820621456194,1.159898423163531,1.3222956836288589
-0.47591156927049155,1.1992971545616387,1.266655306701665
-0.47592225421556394,1.2373978609604663,1.2655611683262507
-0.47593293964043387,1.2755002782363627,1.26446698081957
-0.4759436255451337,1.313604406504569,1.2633727441783122
-0.47596278925535546,1.3517343214852096,1.261410380251597
-0.4760141472661116,1.3899613100170458,1.2561513199501775
-0.4760655163641279,1.4281965490923838,1.2508911243133056
-0.4761168965534865,1.4664400413847385,1.2456297929229834
-0.4761682878346327,1.5046917895574394,1.240367325733608
-0.43892905387731906,0.5152645415081571,1.1452879162636123
-0.4388168966365294,0.5532908696721458,1.1577715048036836
-0.4387119700367173,0.5913074378755755,1.1694502915653757
-0.43860709360343036,0.6293058299527479,1.181123494574706
-0.4385022673006995,0.6672860589358471,1.1927911178351849
-0.4379259574631298,0.7044895837450349,1.2569369084516424
-0.43769117114990086,0.7421719858628754,1.2830696459240798
-0.4374566364548904,0.7798140041152395,1.3091743771948074
-0.4372688960349126,0.817502718673967,1.3300707022010343
-0.4372041878538677,0.8553994979749586,1.3372730040912444
-0.43716322591644263,0.893333548611861,1.3418322458220402
-0.43712227165379824,0.9312604917841789,1.3463906333163678
-0.43708132506377767,0.9691803294892462,1.3509481668143053
-0.4371448136560728,1.007333701033559,1.3438816104545097
-0.43723335342350933,1.045558019056218,1.3340267493833124
-0.43760193824857957,1.0844917600073494,1.2930016558102722
-0.4378143485673613,1.1230889811075788,1.2693594638067438
-0.4378241776241149,1.1611858623943918,1.268265447055036
-0.4378340071230751,1.1992844542936403,1.2671713810838199
-0.43784383706434254,1.2373847569209682,1.2660772658818686
-0.4378536674470098,1.2754867703891155,1.2649831015502073
-0.4378634982711066,1.3135904948133197,1.263888888085532
-0.4378733295366626,1.3516959303088278,1.262794625484517
-0.4379107272766928,1.3898905691825467,1.2586320944202782
-0.43795798203629926,1.4281238544661934,1.2533724342206014
-0.4380052469983473,1.4663653921249018,1.2481116384448185
-0.4008099320067436,0.5153270554372418,1.139360669654117
-0.4007068651954159,0.5533570995555743,1.1519250047493017
-0.40060828622885986,0.5913741368140312,1.1639422501961292
-0.4000715120509062,0.628683804651424,1.2293775785561962
-0.39985689952561326,0.6664281658760222,1.2555398673538107
-0.39964251712838705,0.7041320539881105,1.2816741024442493
-0.39942836448927804,0.7417955340515163,1.307780328926107
-0.39932028026197186,0.7796253090828974,1.320956310921531
-0.39924262743480277,0.817496808556977,1.330422560328806
-0.399205216874833,0.8554397504460708,1.3349830857346419
-0.39916781332523127,0.8933755822040891,1.3395427565432314
-0.39922485498028537,0.9315246616206659,1.3325891071652123
-0.39930573316996626,0.9697424948413467,1.322729670708874
-0.3993866441361987,1.0079758161532633,1.3128662386348324
-0.3997910456820601,1.0470717863101575,1.2635677644726755
-0.39975315293922103,1.0850442722636,1.2681870702663858
-0.3997393026957331,1.1230770885261072,1.2698754809011064
-0.39974827686183634,1.161173566122477,1.2687814873189964
-0.3997572514315416,1.1992717542946247,1.2676874445358806
-0.3997662264052188,1.2373716531590104,1.2665933525066606
-0.3997752017819004,1.275473262827968,1.2654992113492867
-0.3997841775616135,1.3135765834167301,1.2644050210604476
-0.39979315374438523,1.3516816150405406,1.2633107816368465
-0.3998111855686787,1.389819835548264,1.2611126163896458
-0.3998543268271666,1.4280511672398808,1.255853491545409
-0.36277488104232786,0.47733536979253666,1.1208581332442478
-0.36268155948902836,0.5153895845370403,1.1334319846361822
-0.36217706656208465,0.5527965752789713,1.2014057684770165
-0.36197984367692065,0.5905986923149757,1.2279789572149014
-0.36178565930575785,0.628364566162632,1.2541427461715742
-0.3615894075975973,0.6660857508376792,1.2805850815868922
-0.36150322297141707,0.7039799605232858,1.2921973259564368
-0.36141707941955836,0.7418561103875145,1.30380403610161
-0.3613309769126652,0.7797142133378564,1.3154052159777407
-0.3613159329214724,0.8177150060854375,1.3174321958437218
-0.36128729068045584,0.8556804252958164,1.321291360949104
-0.36136050016699606,0.8938917635709902,1.311427345920535
-0.3614337393291729,0.932118590901551,1.3015593324903918
-0.361800475002738,0.9711486434284019,1.252146525946884
-0.3617661750227637,1.0091372250634987,1.2567679969328864
-0.36173188154569474,1.0471186044743794,1.261388591737969
-0.36169759456968176,1.0850927837090454,1.2660083106112978
-0.36166506318192315,1.1230651961964981,1.2703914870671937
-0.361673182493584,1.1611612701109801,1.2692975166539497
-0.3616813021702712,1.1992590545645834,1.2682034970581952
-0.36168942221257094,1.2373585496745847,1.2671094282009676
-0.3616975426194821,1.2754597555529106,1.266015310217142
-0.36170566339102933,1.3135626723147908,1.2649211431034146
-0.36171378452723707,1.3516673000754649,1.2638269268564812
-0.36172190602812987,1.3897736389501831,1.2627326614730308
-0.36175455014445324,1.4279784874123154,1.2583342963263036
-0.324739993615932,0.43935410900979033,1.0979774319537725
-0.32424020048396257,0.4768238242411214,1.173240397709172
-0.3240629598244025,0.5146882303093452,1.1999307558546803
-0.323885912830456,0.552511263063719,1.2265919502372213
-0.32371865932103244,0.5903104964089415,1.2517783610680553
-0.3236414555547589,0.628245178429826,1.2634043399892576
-0.3235642886044067,0.6661617706561315,1.2750247748658126
-0.3234871584436479,0.7040602860244102,1.286639669662435
-0.3234100650461792,0.7419407374588818,1.2982490283400736
-0.32341998626079455,0.7800129080407397,1.2967550101391794
-0.32343906563962693,0.8181105777943505,1.2938818801502947
-0.32365222591051285,0.8567264803513576,1.2617824511227695
-0.3237920941877207,0.895189907460169,1.2407199340844102
-0.32376139034856205,0.9331945957105613,1.2453435710400669
-0.323730692328526,0.9711920769855781,1.2499663317043144
-0.3237000001277239,1.0091823533393744,1.2545882160604052
-0.32366931374609126,1.0471654268255894,1.2592092241180168
-0.3236386331819734,1.085141299492499,1.263829356126358
-0.32360795843371604,1.1231099733876027,1.2684486123345238
-0.3235988944937406,1.1611489743598926,1.2698135350602442
-0.3236061593136449,1.1992463551035075,1.2687195386511263
-0.32361342446077834,1.237345446467682,1.2676254929651378
-0.3236206899341327,1.2754462485639346,1.266531398154136
-0.32362795573372993,1.3135487615074921,1.2654372542147883
-0.3236352218595921,1.3516529854135906,1.2643430611437765
-0.32364248831174103,1.3897589203974763,1.263248818937818
-0.2866029575570835,0.3630304129056391,1.086428576924419
-0.2862595166283954,0.40076332327975356,1.145042495420519
-0.2861029471764473,0.43869118567055254,1.1717636818863255
-0.28594654890198856,0.4765775815033143,1.1984556540606164
-0.2858142870393167,0.5144657166707701,1.2210283452899446
-0.28574023612517235,0.5524311231753333,1.233666367970585
-0.2856667296289877,0.5903779078999079,1.2462114766527677
-0.28559859310133817,0.628316904822944,1.2578401107049473
-0.28553006888194365,0.6662368273912019,1.2695349108149472
-0.28554692245156593,0.7043490753805293,1.266658568266081
-0.28556377801088806,0.7424658228283089,1.2637818861417713
-0.28558063556026253,0.7805870705313842,1.2609048643818639
-0.2858353746574267,0.8193947406846233,1.2174293917991719
-0.28576711130361054,0.8573013339108316,1.2290796708504672
-0.2857116872010955,0.8952299532300992,1.2385387176797025
-0.285684593154515,0.9332363376380824,1.2431627682961022
-0.28565750424351893,0.9712355144279644,1.2477859424394353
-0.2856304204674547,1.0092274856516732,1.2524082402210723
-0.28560334182664066,1.047212253364349,1.2570296615866638
-0.2855762683196166,1.0851898196145429,1.2616502067854398
-0.28554919994492245,1.1231601864500282,1.2662698760665663
-0.2855254128366901,1.1611366788692064,1.2703295425382208
-0.28553182283604495,1.1992336559113888,1.2692355693150006
-0.2855382331242215,1.237332343538293,1.2681415467995336
-0.28554464370023086,1.2754327418610312,1.2670474751605951
-0.28555105456409247,1.3135348509948253,1.2659533543948882
-0.24852687944334798,0.2867617839730938,1.059322201925319
-0.2482449923198215,0.3246280668797666,1.1148322816351524
-0.2480990886895349,0.36260636039239713,1.1435640734454324
-0.24796338695406867,0.40055624046426475,1.1702868767372507
-0.24786327772835326,0.43852733751939427,1.1900006934935092
-0.24779901860920417,0.47653657424846957,1.2026547969567147
-0.24773479280006533,0.5145261081232126,1.2153023409102133
-0.24767060027504303,0.5524959544597114,1.2279433304530656
-0.24761701688137,0.5904713479478823,1.2384951372071384
-0.24762702195732744,0.6285916711224466,1.2365249068647515
-0.24764164818040013,0.6667275143318465,1.233644666013511
-0.2476562761313863,0.7048678628354841,1.2307640848962365
-0.24787034162632882,0.7436110248789864,1.1886096489690985
-0.24781111013784002,0.7815581165885724,1.200273695933042
-0.24775190695068852,0.8194870768368928,1.2119321697105647
-0.2476927320445951,0.8573979186159061,1.2235850742951158
-0.24763358539930003,0.8952906549051617,1.2352324136763002
-0.24760438944694285,0.9332780833000153,1.2409817704481796
-0.247580910290766,0.971278955756082,1.2456053581260775
-0.24755743558513538,1.0092726220009365,1.2502280693887258
-0.24753396533065208,1.0472590840912204,1.2548499041177408
-0.24751049952605034,1.0852383440757591,1.2594708625623952
-0.24748703817006462,1.123210404002601,1.2640909449718905
-0.24746358126143006,1.161175265919018,1.2687101515953074
-0.2474582927118546,1.1992209569882184,1.2697515890501734
-0.2474638481772819,1.2373192408864095,1.268657589704489
-0.2474694038921564,1.2754192354441907,1.2675635412368962
-0.2104143535417542,0.2104143535417542,1.0308413575553885
-0.2102034749826441,0.2484222886158521,1.0799185494937333
-0.2100762029430629,0.28646754946781305,1.1095382241599054
-0.20994908492919875,0.3244667676178526,1.1391220528410173
-0.20986237106806788,0.3624895500266627,1.1593027332496533
-0.20980951509812648,0.40054543791460506,1.171603758981476
-0.20975510100746425,0.4385788475610616,1.184267401899234
-0.20970071513406902,0.4765925343956114,1.1969244778893966
-0.20966786444471294,0.5146393036370227,1.2045697292304425
-0.20967364729821739,0.5527759792407549,1.2032239015057726
-0.20967943047072457,0.5909147585993147,1.2018779995404643
-0.20968521396226095,0.6290556418867829,1.200532023328357
-0.209860424146941,0.6677377131948123,1.1597558348937298
-0.20981024593598538,0.705725372693769,1.1714336730797683
-0.2097600917100254,0.7436948706082719,1.1831059293031814
-0.2097099614566337,0.7816462199747256,1.194772606456155
-0.2096598551586268,0.8195794338019048,1.2064337085377659
-0.20960977279883777,0.8574945250861545,1.218089239543204
-0.20955971436011603,0.8953915068114048,1.2297392034639074
-0.20952077876868314,0.9333198326968613,1.2388005774701085
-0.2095009100132349,0.9713224009704526,1.2434245787380647
-0.20948104502386353,1.009317762387706,1.2480477035372104
-0.209461183801353,1.047305919006765,1.252669951685121
-0.209441326344632,1.0852868728767295,1.2572913234310974
-0.20942147265262967,1.1232606260459228,1.2619118190243697
-0.2094016227242754,1.1612271805618908,1.2665314387140896
-0.20938556891548074,1.199208258334117,1.2702675978517561
-0.1722726556584722,0.1339898432899228,0.9980001682568016
-0.17210758039097232,0.17210758039097232,1.0449549110123186
-0.17200329986640878,0.21022625539227738,1.0746169268881687
-0.17189914563312092,0.248298765914508,1.1042430199122677
-0.1718322042228564,0.286387007038094,1.1232841321652955
-0.17178117556112288,0.3244755538376765,1.1377989515028304
-0.1717301771981483,0.3625414851960908,1.1523051525267078
-0.17168250183588712,0.40059250428373666,1.165866144458775
-0.17166586963446842,0.4387016668436415,1.170597081751204
-0.17167060765073044,0.47686279902980677,1.1692493793477894
-0.1716753459285403,0.515026037785621,1.1679016025485325
-0.17174794355038484,0.5534100403290177,1.1472516123349834
-0.17181237030170068,0.5917981643725246,1.1289257808495847
-0.17176817994463592,0.6298166597969984,1.1414954824146761
-0.1717240123133565,0.6678156034408308,1.154058719756371
-0.1716822911279334,0.7058049746370595,1.1659260791656152
-0.17164124659562546,0.7437787352477103,1.1776009683554278
-0.17160022168387315,0.7817343432265332,1.1892702765871945
-0.171559216378611,0.819671811586697,1.2009340078617612
-0.17151823066578697,0.8575911533289349,1.2125921661761438
-0.17147726453136247,0.8954923814415596,1.2242447555235643
-0.17143631796131226,0.9333755089004778,1.2358917798934073
-0.17141750295381136,0.9713658500715977,1.2412436042492132
-0.17140124832665493,1.0093629068125236,1.2458671426403711
-0.1713849967818892,1.0473527581115452,1.250489804262628
-0.17136874831863738,1.0853354060180367,1.2551115893653702
-0.17135250293602314,1.1233108525805962,1.259732498197863
-0.13414880251747127,0.057492343936059113,0.9398665078962267
-0.13397621963978493,0.09569729974270352,1.002982531735796
-0.13387907702605642,0.13387907702605642,1.0385089733279358
-0.13379484410728207,0.17202194242364838,1.0693141550511314
-0.13374584805404616,0.21017204694207256,1.0872327116631197
-0.13370610053295442,0.24831132956120108,1.101768947948095
-0.13366637662973316,0.28642794992085674,1.116296546840445
-0.13362667632333808,0.32452192821382103,1.1308155160363569
-0.13361360497946398,0.36266549922997365,1.1355958932245969
-0.13361503667158525,0.40084511001475576,1.1350723029631098
-0.1336183027279918,0.4390315661062587,1.1338778594772876
-0.13372188031666699,0.4775781439880964,1.095998055618928
-0.13357932218394003,0.6678966109197002,1.1481336013019288
-0.13354573410210527,0.7058845945396993,1.1604172426586388
-0.133513803375023,0.7438626188036996,1.1720947657058716
-0.1334818879135367,0.781822486350715,1.1837667059065708
-0.1334499877067017,0.8197642101983104,1.1954330672633873
-0.13341810274358354,0.8576878033516085,1.207093853775163
-0.1333862330132585,0.8955932788033071,1.218749069436889
-0.13335437850481313,0.9334806495336919,1.230398718239769
-0.13333068865529943,0.9714093030600387,1.2390624346333539
-0.13331804503644373,1.009408055275931,1.2436863866720103
-0.09019165239998117,-0.018038330479996232,3.821873971209641
-0.090191647570756,0.0180383295141512,3.821876443772929
-0.09572241612538082,0.05743344967522849,0.9901229438050194
-0.0956529921301282,0.0956529921301282,1.0256680293743585
-0.09560642033134469,0.13384898846388257,1.0495127903515211
-0.09557483248128026,0.17203469846630448,1.0656857695845048
-0.09554641637944188,0.21020211603477212,1.0802348137257596
-0.09551801716980862,0.24834684464150242,1.0947752090579854
-0.09551100025236194,0.2865330007570858,1.098367870790689
-0.095512024448414,0.3247408831246076,1.0978434824120313
-0.0955130486664319,0.3629495849324412,1.0973190827868677
-0.09561048698178218,0.40156404532348516,1.047430665327525
-0.057545538651312046,-0.09590923108552007,0.8944736842137218
-0.0541150011789594,-0.0541150011789594,3.821865660621313
-0.05411499828142324,-0.018038332760474413,3.821868133185504
-0.0541149953838874,0.018038331794629135,3.8218706057494174
-0.05411499248635188,0.05411499248635188,3.821873078313061
-0.05739692633292629,0.09566154388821049,1.0212895292362276
-0.057375224174387264,0.13387552307357029,1.0398087045228621
-0.05736679167525944,0.1721003750257783,1.0470044371119513
-0.05735029326593117,0.21028440864174763,1.0610830797387365
-0.057350908720996116,0.24852060445764984,1.06055789141665
-0.057351524189270725,0.2867576209463536,1.0600326918223146
-0.05741849055170784,0.3253714464596778,1.0028880625426382
-0.01917319093598994,-0.17255871842390946,0.9166312038657551
-0.019164366635359243,-0.1341505664475147,0.9392214134803396
-0.018038336972644533,-0.09019168486322267,3.821857350029994
-0.018038336006798803,-0.05411500802039641,3.8218598225950657
-0.018038335040953174,-0.018038335040953174,3.8218622951598746
-0.018038334075107652,0.018038334075107652,3.8218647677244135
-0.018038333109262228,0.054114999327786684,3.8218672402886966
-0.01803833214341691,0.09019166071708457,3.8218697128527026
-0.01913317942210811,0.13393225595475675,1.0190606794032462
-0.01913257322225898,0.1721931590003308,1.0206125510170168
-0.019131368541671308,0.21044505395838436,1.0236965333214556
-0.019155979231368032,0.24902773000778441,0.9606931676978405
0.01915572711786761,-0.2107129982965437,0.9613385782589248
0.019146469284909016,-0.17231822356418114,0.9850386306329142
0.01914795606931218,-0.1340356924851853,0.9812324625608113
0.01803833925312436,-0.09019169626562179,3.8218515120016434
0.018038338287278383,-0.05411501486183515,3.8218539845673405
0.01803833732143251,-0.01803833732143251,3.8218564571327747
0.018038336355586743,0.018038336355586743,3.821858929697939
0.018038335389741075,0.05411500616922323,3.821861402262847
0.018038334423895516,0.09019167211947758,3.8218638748274785
0.019149647454597598,0.13404753218218318,0.9769025162301475
0.019172754425598813,0.17255478983038933,0.9177486704670414
0.05744075874722806,-0.2872037937361403,0.9838858690320578
0.05741510474270266,-0.24879878721837817,1.0057772862270653
0.05741300765674307,-0.21051436140805793,1.0075667995792443
0.057417463910616626,-0.1722523917318499,1.0037641296071413
0.05742192085631041,-0.13398448199805763,0.9999608692817787
0.05743101270200718,-0.0957183545033453,0.9922024942872056
0.05411502170327562,-0.05411502170327562,3.8218481465381444
0.05411501880573727,-0.018038339601912423,3.8218506191041968
0.054115015908199234,0.018038338636066412,3.821853091669986
0.0541150130106615,0.0541150130106615,3.8218555642355128
0.057561256695431696,0.09593542782571948,0.8810609532316249
0.09569037680641078,-0.36362343186436097,1.0065270751176811
0.0956476596140388,-0.32520204268773195,1.0283982776121334
0.09564089306192618,-0.2869226791857785,1.0318627522937973
0.0956469772526396,-0.24868214085686297,1.028747646648526
0.09565306221749324,-0.21043673687848516,1.0256321446434598
0.09566248078787157,-0.17219246541816882,1.0208098366097573
0.09569720841440252,-0.1339760917801635,1.0030292918259107
0.09573196126390493,-0.09573196126390493,0.9852358328806758
0.09576673936386827,-0.05746004361832096,0.9674294456994446
0.09019170941196455,-0.01803834188239291,3.821844781074148
0.09019170458273328,0.018038340916546654,3.8218472536405628
0.1336587471608115,-1.0501758705492332,1.1190867526175126
0.1336748313472139,-1.0121094373431907,1.113204535876065
0.13369123625039428,-0.9740361498243011,1.107205028427238
0.13370957653133045,-0.9359670357193131,1.1004977256848676
0.13372792184493837,-0.8978874752445862,1.0937885824225404
0.13374627219328986,-0.8597974640997205,1.087077597882569
0.13376462757845778,-0.8216969979819548,1.0803647713068756
0.13378298800251617,-0.7835860725861662,1.0736501019369413
0.13380135346754027,-0.7454646836048673,1.0669335890138427
0.13382151656276803,-0.7073423018317738,1.0595596570448365
0.13390467514839344,-0.439972504059007,1.0291473743018287
0.1338449262771184,-0.40153477883135513,1.0509983900824196
0.13383133935869426,-0.3632564925450273,1.0559673202489606
0.13383984884164962,-0.3250396329011491,1.052855280768135
0.13384835940680156,-0.28681791301457477,1.0497428455125757
0.13385687105435642,-0.24859133195809052,1.0466300144067873
0.13390202795657738,-0.210417472503193,1.03011549016599
0.1339468462062012,-0.17221737369368725,1.0137248160178487
0.13399513282846717,-0.13399513282846717,0.9960657084462881
0.13407595230248398,-0.09576853735891712,0.966508872234435
0.13419696609994428,-0.05751298547140468,0.9222523977346668
0.17173689681143722,-1.2403220325270465,1.150393795857859
0.17175642253279078,-1.2022949577295354,1.1448398128950714
0.17177708041515857,-1.1642668783694081,1.13896379302156
0.1717977432673485,-1.1262296503081737,1.133086359509754
0.17181841109115428,-1.088183270243977,1.1272075118494485
0.17183908388837035,-1.0501277348733744,1.1213272495302107
0.17185976166079214,-1.0120630408913316,1.1154455720413452
0.17188044441068093,-0.9739891849938587,1.1095624787396474
0.17190332882679654,-0.9359181236125589,1.1030531337112066
0.17192691319325495,-0.8978405466758871,1.0963446916963662
0.17195050403194015,-0.8597525201597007,1.0896344086925822
0.17197410134551672,-0.8216540397619132,1.0829222839419117
0.17199770513665075,-0.7835451011780756,1.0762083166860137
0.17202131540800975,-0.7454257001013757,1.0694925061661138
0.172044932161542,-0.7072958322196727,1.0627748518280526
0.17207636187060002,-0.669185851719,1.0538348456959952
0.1721088837389923,-0.6310659070429717,1.0445841809088563
0.17214141790276138,-0.592931550553956,1.0353300187700896
0.17206781179471428,-0.5162034353841428,1.0562668672812734
0.17199976230290964,-0.4777771175080823,1.0756231671723668
0.17198352579697448,-0.43951345481449033,1.080241551082814
0.17199513565632676,-0.40132198319809576,1.0769391910892736
0.17200606704589222,-0.36312391931910576,1.0738298180573267
0.17201457550055615,-0.3249164203899394,1.071409635397366
0.1720721018064421,-0.28678683634407015,1.0550465972786895
0.17212966660189144,-0.2486317406471765,1.038672611017546
0.17218726992554578,-0.21045110768677816,1.0222876656225353
0.17227008294192384,-0.17227008294192384,0.9987319631861098
0.17242274097019633,-0.1341065763101527,0.9553092351441563
0.2098715570877848,-1.2783085749892347,1.1571648959337182
0.20989262470037579,-1.2402746005022207,1.1522618879125446
0.2099148994350621,-1.2022398785826285,1.147077949658268
0.20994014564451569,-1.1642135349377687,1.1412024681854405
0.20996539792736144,-1.1261780434285749,1.1353255732686165
0.20999065628579122,-1.0881334007536454,1.129447264397676
0.21001592072199798,-1.05007960360999,1.123567541062286
0.21004119123817566,-1.0120166486930282,1.1176864027518434
0.21006646783704705,-0.9739445326990362,1.111803848832686
0.21009308944478328,-0.935869216617671,1.1056082746686187
0.21012191176886538,-0.8977936230124248,1.0989005337913298
0.21015074200220665,-0.8597075809181182,1.0921909522137199
0.21017958014806318,-0.8216110860333379,1.0854795291780235
0.21020842620969277,-0.7835041340543094,1.0787662639260418
0.21023728019035512,-0.7453867206748954,1.072051155699171
0.21026614209216407,-0.7072588415827337,1.0653342040054525
0.21030041472412694,-0.6691376832131313,1.0573580278395411
0.2102697416170893,-0.630809224851268,1.0644964963864822
0.21018659797784153,-0.5923440488466443,1.0838462887932465
0.2101035200649539,-0.5539092801712421,1.103180784883456
0.210102144267091,-0.5157052632010416,1.1035009705679144
0.21011526588216697,-0.47753469518674313,1.100447212877505
0.21012838913632698,-0.43935935910322915,1.0973930737275381
0.21014151402987818,-0.4011792540570402,1.0943385530465335
0.21020332982383794,-0.36307847878662913,1.07995233190681
0.21027361519974258,-0.32496831439960217,1.063595008059906
0.2103439475938026,-0.28683265580973083,1.047226741805943
0.2104381770768141,-0.24869966381805303,1.0252969712141748
0.21061628479458397,-0.21061628479458397,0.9838464478059166
0.24797076086032627,-1.3543018477756281,1.168834784428057
0.24799564705109078,-1.316284588194251,1.1639341191698094
0.2480205382374818,-1.2782596970700986,1.1590324701574275
0.24804543442100369,-1.2402271721050184,1.1541298370946578
0.2480703356058943,-1.2021870110131803,1.1492262191469678
0.24809971398560599,-1.1641601963939974,1.143440938219129
0.2481295548579288,-1.1261264412782923,1.1375645818232485
0.24815940290950042,-1.0880835358339633,1.1316868116676062
0.2481892581429119,-1.0500314767584733,1.1258076272419615
0.2482191205607556,-1.011970260747696,1.119927028035825
0.24824899016620106,-0.9738998844981733,1.1140450134250273
0.24827886696366003,-0.9358203447091801,1.108161582540795
0.24831291819775747,-0.8977467042534308,1.1014561087492964
0.24834698673033487,-0.8596626463742361,1.094747228487904
0.24838106461260046,-0.8215681367955247,1.08803650705714
0.24841515184840363,-0.7834631712141961,1.0813239436989832
0.2484492484415958,-0.7453477453247874,1.074609537654979
0.24836224367596316,-0.7068771550777413,1.0917427838103322
0.24826308120706522,-0.668400603249791,1.111270162301004
0.24816904146516408,-0.6299675667961857,1.1297887576292283
0.24818453215822797,-0.591824653608082,1.1267382826874197
0.24820002478526837,-0.5536769783671371,1.1236874269010002
0.24821551934664757,-0.5155245401814988,1.1206361901986313
0.24823024232862612,-0.4773658506319733,1.1177368952859368
0.2483061766976777,-0.4393109280035836,1.1027836656880865
0.2483821575380434,-0.4012327160229932,1.0878212848160658
0.2484617868619369,-0.3631364577212924,1.0721404333416586
0.2485649095742777,-0.325046420212517,1.0518331915268533
0.24877517237601265,-0.28704827581847614,1.0104275936467388
0.28602977612287167,-1.468286184097408,1.1842515416965682
0.2860517630991579,-1.4302588154957896,1.1804990977437129
0.2860804642173652,-1.3922582591911772,1.175600773569677
0.2861091710956268,-1.3542500765193002,1.1707014663463653
0.28613788373567683,-1.3162342651841135,1.1658011757778226
0.2861666021392502,-1.278210822888651,1.1608999015679657
0.2861953263080825,-1.2401797473350242,1.1559976434205836
0.28622405624699604,-1.2021410362373834,1.151094400512676
0.28625578591903816,-1.1641068627374218,1.14567920315082
0.28629021453983283,-1.1260748438566759,1.1398033852018585
0.2863246514432375,-1.0880336754843025,1.1339261536874687
0.28635909663224124,-1.049983354318218,1.128047508097488
0.2863935501098348,-1.0119238770547496,1.1221674479215267
0.2864280118796196,-0.9738552403907066,1.1162859725449223
0.2864624819467956,-0.935777441026199,1.1104030810802215
0.28649993310578803,-0.8976997903981359,1.104011416612174
0.28653923884243926,-0.8596177165273178,1.0973032375570355
0.2865785553655008,-0.8215251920477689,1.0905932176211977
0.2864213313647042,-0.7828849723968582,1.1174261137571477
0.28630703324537743,-0.7443982864379813,1.1369329927889211
0.28623280534451684,-0.7060409198498082,1.1496012212024596
0.28623941689848936,-0.6678919727631418,1.1484728493244845
0.2862486002289373,-0.629746920503662,1.1469055609280332
0.28626646158669244,-0.591617353945831,1.143857222537818
0.28629665657821823,-0.5535068693845553,1.1387039439840905
0.2863841979998406,-0.5154915563997131,1.1237635413605318
0.2864717929732201,-0.4774529882887002,1.1088139992370998
0.2865594415475105,-0.43939114370618276,1.093855309224871
0.28666413984722916,-0.4013297957861208,1.0759867994062233
0.28689269574877024,-0.36339741461510894,1.0369799255432142
0.3241450795653478,-1.5063212520977929,1.1875644889829147
0.32416101028399125,-1.4682586936392543,1.1851655101754375
0.32417960816565183,-1.4302041536719934,1.1823648879959592
0.3242121336132289,-1.3922050443391596,1.177466938243171
0.3242446655881191,-1.354198309220968,1.1725680055538277
0.3242772040922874,-1.316183946021637,1.1676680896320164
0.32430974912769966,-1.2781619524444632,1.1627671901817038
0.3243423006963225,-1.2401323261918213,1.1578653069067215
0.32437485880354505,-1.2020950649778435,1.1529624389955728
0.3244083619253329,-1.164053533967371,1.1479172630086936
0.3244473774537675,-1.1260232511630754,1.1420419834326552
0.3244864023678698,-1.0879838197040341,1.1361652904854864
0.32452543667102707,-1.049935236288617,1.1302871836570958
0.3245644803666281,-1.0118774976136053,1.1244076624371786
0.3246035334586911,-0.9738106003760733,1.1185267262206366
0.32464259595323375,-0.9357345412769678,1.1126443741012721
0.32456997314175984,-0.8973405139801596,1.1235805151232228
0.324440467882717,-0.8588130032189568,1.143082483543786
0.3243110659291196,-0.8203162255854202,1.1625688953796356
0.32427747109735616,-0.7820809597053884,1.1676278818098993
0.3242849586626462,-0.7439478463437178,1.1665003425662164
0.32429244657372,-0.705812971954567,1.1653727512515815
0.3242999348306014,-0.667676336415944,1.164245107862385
0.32433426425565715,-0.6295900423786286,1.159075500324569
0.3244295577480353,-0.5916068405993585,1.1447254214723301
0.3245287469035717,-0.5536078623649164,1.1297887015797912
0.3246279967286569,-0.5155856418631609,1.1148428455669617
0.32477459759762395,-0.477609702349447,1.0927664794166319
0.3250234300428156,-0.43973758182263284,1.0552952406113008
0.36225520986489695,-1.544351157845087,1.19087698662441
0.36227301236920983,-1.5062930514298725,1.188478333411723
0.362290816623365,-1.4682312042104793,1.186079444430824
0.36230862262285146,-1.430165615616519,1.1836803202894899
0.3623408881855321,-1.3921518335549392,1.1793329602651426
0.36237724467216026,-1.3541465458801778,1.1744344020668294
0.36241360845538007,-1.3161336307063802,1.16953486074879
0.36244997953738844,-1.2781130857371066,1.1646343360150269
0.362486357920383,-1.2400849086749945,1.1597328275694494
0.36252274361030123,-1.2020490972341566,1.1548303346120434
0.36255913660760863,-1.1640056491086381,1.1499268570801036
0.36260104408033866,-1.125971663196841,1.144280376543847
0.3626446561641769,-1.0879339684925307,1.1384042220898536
0.36268827874022236,-1.0498871226690647,1.132526653948993
0.36273191181226183,-1.0118311224236778,1.126647671611039
0.36251717407239265,-0.9730724146153696,1.1555807565618323
0.3623938856829102,-0.9345947578138211,1.172192244828942
0.36228354921618544,-0.8961750954295113,1.1870586319244865
0.36229406889951826,-0.8580649000251749,1.1856412430122774
0.3623024311819724,-0.8199476074118323,1.1845145354816111
0.3623107938504631,-0.7818285551509994,1.1833877759375966
0.36231915690501715,-0.7437077431208247,1.1822609643766384
0.3623873678517786,-0.7057017163429372,1.173070436812992
0.3624771291539193,-0.6677210273887987,1.1609762824192984
0.362566934933811,-0.6297215185692506,1.1488761352338912
0.3626638925182148,-0.5917147720034031,1.1358123764931705
0.36285892249448426,-0.5538373027547392,1.1095346533747517
0.363136838603071,-0.5160365601201535,1.0720891145335898
0.40036016807462327,-1.5823759023901776,1.1941890347125934
0.4003798418564075,-1.544322247160429,1.1917907070284173
0.40039951757183434,-1.506264851817853,1.189392143624005
0.4004191952212907,-1.4682037158113992,1.1869933444521834
0.40043887479899976,-1.4301388385678562,1.1845943102171717
0.40046672826848007,-1.3920986268380497,1.1811988396519553
0.40050690868205624,-1.3540947864964759,1.17630065590172
0.4005470971593616,-1.3160833192379024,1.1714014891444933
0.4005872937028239,-1.2780642227661525,1.16650133908432
0.4006274983148719,-1.2400374947841273,1.1616002054251453
0.4006677110019735,-1.2020031330059207,1.1566980873784658
0.40070793176483044,-1.163961135126412,1.1517949848587676
0.4007512149000642,-1.1259200799573232,1.1465185645635998
0.40055322069460736,-1.0872158847425057,1.170655001038341
0.40041703866087036,-1.048711291730851,1.1872562394367563
0.4002809491953231,-1.0102328717786726,1.2038461933320406
0.40027368141434994,-0.9720932262919928,1.2047321704411473
0.4002833647111194,-0.9339945176592785,1.2035517304540164
0.40029304847641073,-0.8958939656376812,1.2023712333518333
0.40030110164222293,-0.8577880749476205,1.2013895140909199
0.40031956619058917,-0.8197019688664445,1.199138597718651
0.40041867013191534,-0.7817697845432633,1.1870573553474628
0.40051782315414636,-0.743818814429129,1.1749701297802488
0.4006170252937518,-0.7058490445651817,1.1628769165712072
0.4007162765872377,-0.6678604609787294,1.1507777112700737
0.4009477040421221,-0.6300606777804776,1.1225656024841655
0.40122410124067404,-0.5922831970695664,1.0888714678035498
0.40156570930362256,-0.5545431223716693,1.0472278182250605
0.4384599552473451,-1.6203954867836665,1.1975006333389828
0.43848149979855783,-1.5823462818817522,1.195102631117038
0.4385030464671384,-1.5442933375581829,1.1927043932228614
0.43852459525339893,-1.5062366532616747,1.1903059196216788
0.43854614615723214,-1.4681762284394293,1.18790721032547
0.4385676991733735,-1.4301120625218702,1.1855082659201628
0.43858925430813045,-1.3920441549779792,1.183109085703741
0.4386336579520618,-1.354043031069408,1.1781667670748632
0.43867767053858736,-1.3160330116157621,1.1732679748354968
0.4387216919584622,-1.2780153635311726,1.168368199405947
0.4385446288577212,-1.239365255467473,1.1880760923579885
0.43844843871494066,-1.2009674625670113,1.1987824734674746
0.4383522907594949,-1.1625865102751822,1.2094841589431766
0.4382561849636363,-1.1242223875154147,1.2201811518735255
0.4382257163217503,-1.0860376447973812,1.2235724441877949
0.4382363136489797,-1.047956402204082,1.2223929155918256
0.43824691148875805,-1.0098733177784425,1.2212133299469272
0.43825750984112244,-0.9717883913868368,1.2200336872489785
0.4382681087061102,-0.9337016228956262,1.2188539874938158
0.4383362206686405,-0.8957305378880913,1.2112728299252353
0.4384319718117128,-0.8578016839794381,1.2006153113919638
0.43853672379576936,-0.819873005357308,1.1889559601230602
0.4386453115142843,-0.78193294661242,1.1768696749318295
0.43878036732325754,-0.7440188837220454,1.1618373761939438
0.4390753897240913,-0.7063386704257122,1.12900010027505
0.4393708091197984,-0.6686077530083889,1.0961186371006946
0.43963014260989347,-0.6307736828750645,1.0672536921162035
0.43969530993249845,-0.5926328090394544,1.0600002857740876
0.4397784004352366,-0.5545032005487766,1.050751951556279
0.47657798724834866,-1.6203651566443855,1.1984141057690962
0.4766014043621203,-1.5823166624822393,1.1960161933188829
0.4766248237772494,-1.544264429038288,1.1936180452096607
0.4766482454940754,-1.5062084557612783,1.1912196614066772
0.476671669511904,-1.4681487420966643,1.1888210419810292
0.47669509582616815,-1.4300852874785044,1.1864221874003817
0.47646627974609185,-1.3912815368585882,1.2098529540001977
0.47635365200580737,-1.3528443716964929,1.2213860346053238
0.47624924013738856,-1.3144479027791924,1.2320778099314111
0.4761448740309752,-1.2760682624030135,1.2427648992281348
0.47611722725524513,-1.2379047908636374,1.245595929062901
0.47613437671715075,-1.19985862932722,1.2438398241637643
0.47615152741452804,-1.1618097268914485,1.24208359275233
0.4761686793475102,-1.1237580832601242,1.2403272348149557
0.47618298682585153,-1.0856972099629414,1.238862149032805
0.47619449843933764,-1.0476278965665429,1.2376833598118253
0.4762485279980376,-1.0096468793558397,1.2321507330009496
0.4763525162622751,-0.9717591331750413,1.221502334743029
0.47645654994784253,-0.9338548378977714,1.2108492853409274
0.47656062908450586,-0.895933982678871,1.2001915817466013
0.47666475370205724,-0.857996556663703,1.1895292209093427
0.47687244590910094,-0.8202206069636536,1.1682615389080695
0.4771930380454818,-0.7825965823945902,1.135432904142661
0.47763716589240635,-0.7451139787921539,1.0899542126175916
0.47770271312159024,-0.7070000154199536,1.0832421763491595
0.4777682783426319,-0.6688755896796847,1.0765282977144892
0.47783386156394103,-0.6307406972644022,1.0698125758524384
0.47789946279293133,-0.5925953338632348,1.0630950100038348
0.5146945923093372,-1.620334827640506,1.1993275440035802
0.5145198800652648,-1.5816722239043328,1.215892853071182
0.5143963094547573,-1.5431889283642721,1.227609177623009
0.5142727981851227,-1.504724113208322,1.2393198757809571
0.5141493462136262,-1.4662777651277488,1.251024951596925
0.5140259534975745,-1.4278498708265956,1.2627244091188672
0.5140047236257593,-1.389716474988164,1.2647373154835577
0.5139994765633848,-1.351628253185197,1.265234814730917
0.5140138494723553,-1.3135909486515747,1.2638720500285316
0.5140323570076539,-1.2755617747967707,1.2621172614965204
0.5140508658757615,-1.2375298622935,1.2603623465944551
0.5140693760768226,-1.1994952108459191,1.2586073053086793
0.5140878876109806,-1.1614578201581414,1.2568521376255504
0.5141502597385084,-1.1235135305397035,1.2509383359043866
0.5142391588553924,-1.0856160020280508,1.2425093825998275
0.5143528734873285,-1.0477558534001137,1.2317275508310743
0.5144651827620161,-1.0098760994958094,1.221078967749584
0.5145775410930173,-0.971979799842366,1.2104257334028006
0.5147391475309124,-0.9341562307042485,1.195103048920899
0.5150410959803023,-0.8965530189286743,1.1664738626083775
0.5153433988864315,-0.8589056648107193,1.1378110685457443
0.5156796669988792,-0.8212676178130299,1.1059278697358934
0.5157504117785344,-0.783176551219256,1.0992202165537677
0.5158211759714451,-0.745075031958754,1.0925107227074307
0.5158919595775555,-0.7069630557173908,1.0857993882021475
0.5159627626124788,-0.6688406182013614,1.0790862115575663
0.516033585084642,-0.6307077151034514,1.072371191974689
0.5161044270020501,-0.5925643421134649,1.0656543286945137
0.5521567880861838,-1.6564703642585517,1.2578835344610084
0.5520305445242899,-1.6180205615367118,1.2690277937178536
0.5519480123647618,-1.5797132767681112,1.276313391248621
0.5519423793080777,-1.5416321628949754,1.2768106541834925
0.5519367463663718,-1.5035518263083922,1.2773079069685522
0.5519311135396407,-1.4654722669845635,1.27780514960412
0.5519254808278808,-1.4273934848996919,1.2783023820905157
0.5519198482310886,-1.3893154800299816,1.2787996044280376
0.5519142157492605,-1.3512382523516377,1.2792968166170056
0.5519217989775274,-1.3131932458430824,1.2786274006044849
0.5519931999067104,-1.2752946342672273,1.2723244220283263
0.5520886003771328,-1.237439966362539,1.2639028632600002
0.5521840338292042,-1.1995722114220644,1.2554783930081754
0.5522795002800313,-1.1616913626579968,1.2470510097627638
0.552374999746732,-1.1237974132778341,1.2386207120126258
0.5524705322464366,-1.0858903564843754,1.2301874982455914
0.552578510855937,-1.0479937274853977,1.2206555934069456
0.5529110772355109,-1.0104926583959337,1.191298009554906
0.5532354428234939,-0.9729312959999377,1.1626643576501863
0.5536497864375759,-0.9354772253600421,1.1260878179243292
0.5537164018432258,-0.8974024443666074,1.1202072855635095
0.5537830332811995,-0.8593184999191026,1.1143253379354974
0.553849680757285,-0.8212253887090779,1.1084419745293204
0.5539251964902798,-0.7831356226241888,1.1017757580994356
0.5540011945305713,-0.7450360891962856,1.0950669655771534
0.5540772134185945,-0.7069260998788964,1.088356332703384
0.5541532531717872,-0.6688056503797432,1.0816438579387864
0.554229313798741,-0.6306747363916707,1.0749295405249413
0.5898612239392637,-1.6554169833134174,1.2888795714672625
0.5898519964763167,-1.6173361193705458,1.2896415813106188
0.5898431878721545,-1.5792575675286717,1.2903690015253062
0.5898371698024243,-1.541187443677302,1.290865977606252
0.5898311518554955,-1.5031180966640048,1.2913629435461758
0.5898251340313644,-1.4650495264650019,1.291859899345397
0.5898968207259228,-1.4271697275627162,1.285939965859285
0.5899635653054905,-1.3892690408806712,1.2804281554175532
0.5900303249905579,-1.3513597765912775,1.2749150975539365
0.5901087282477278,-1.3134678144868779,1.2684405059940929
0.5902107243199138,-1.2756167267559428,1.2600176045490485
0.5903127556567779,-1.2377525521835664,1.2515917909241523
0.5904148222766121,-1.1998752839815021,1.2431630636088045
0.590624581485288,-1.1621967571162117,1.2258410128278356
0.590880808371346,-1.124579603029336,1.2046816312694872
0.591137257668435,-1.08692979635809,1.183503882864727
0.5915919007162457,-1.049598533528823,1.1459591666584217
0.5916630523836849,-1.011552960526945,1.1400834160569886
0.5917342211685698,-0.9734982348257116,1.1342062518858498
0.5918054070834587,-0.9354343531319186,1.1283276731079255
0.5918766101278086,-0.8973613121292582,1.1224476797680651
0.5919478303078033,-0.8592791085113273,1.1165662713556017
0.5920190676296291,-0.8211877389701306,1.110683447359662
0.5920959914026515,-0.7830946983067325,1.104331032555237
0.5921772221953472,-0.7449971505038239,1.0976229412874545
0.5922584752708054,-0.7068891479038645,1.090913009894777
0.5923397506469128,-0.6687706862142564,1.0842012369001068
0.6299405994750635,-1.6607524895251675,1.1318807679950709
0.6277763143319446,-1.6169995975216753,1.299776827582484
0.627838336487993,-1.5791085432879823,1.2949654118405434
0.6279090958830751,-1.5412314171675479,1.2894761981614522
0.627980136248974,-1.503346386777847,1.2839651879583798
0.6280511926914186,-1.4654527829466435,1.2784529306050985
0.6281222652158668,-1.4275506027633336,1.2729394256782172
0.6281933538277787,-1.3896398433159953,1.2674246727541387
0.6282644585326174,-1.351720501691389,1.2619086714090813
0.6284626019220132,-1.3140581676551184,1.2465375478680727
0.6287351280931545,-1.2765228358254954,1.2253961236825646
0.6290078907230263,-1.2389549362726275,1.204236356031899
0.6292808901195094,-1.2013544265917908,1.1830582210319989
0.6295394434351913,-1.1636941227135356,1.1630007516942484
0.6296026311798355,-1.1256531890791,1.1580989145339728
0.6296658316102356,-1.0876046182358614,1.1531960932665726
0.6297302704575841,-1.04955045076264,1.1481972008661998
0.6298060056153365,-1.0115066150791767,1.1423219886284386
0.6298817589922602,-0.973453627533493,1.13644536302467
0.6299575306019644,-0.9353914848332199,1.130567322999127
0.6300333204437495,-0.8973201836623099,1.1246878686061024
0.6301091285241966,-0.8592397207148136,1.1188069993350496
0.6301849548498903,-0.8211500926831905,1.1129247146751737
0.6302627971411012,-0.7830537782662167,1.106886039963058
0.6303492595919085,-0.7449582158813464,1.100178649839826
0.6304357457601553,-0.7068521997916892,1.0934694198182626
0.6660035251523378,-1.6174371325128205,1.2865993031432907
0.6660693418321859,-1.5795358677734694,1.2817852831315477
0.6661419085559203,-1.5416427026579869,1.2764775456241182
0.6662643393767054,-1.503853794593135,1.2675226055895479
0.666496477879054,-1.466292251333919,1.2505433322749084
0.6667287782002582,-1.4287045247148389,1.2335522230668303
0.6669612405095777,-1.391090587348548,1.2165492655851722
0.6673762571433235,-1.3538204073478848,1.186193763231195
0.6674090575140778,-1.3157492848134675,1.1837946503988803
0.66746686610965,-1.2777222865527584,1.179566364551313
0.6675338379446163,-1.2397056990400015,1.1746678531937818
0.6676008232261144,-1.2016814818070058,1.1697683583184926
0.6676678219574955,-1.1636496325544923,1.1648678796803225
0.6677348341378733,-1.1256101489752721,1.1599664173441298
0.6678018597712972,-1.0875630287703983,1.1550639710136892
0.6678688988618192,-1.0495082696400015,1.1501605403926547
0.6679454638816669,-1.0114602738779526,1.1445603560837938
0.6680258010101298,-0.9734090243290462,1.138684268973364
0.6681061574738613,-0.9353486204634057,1.1328067676261497
0.66818653327199,-0.8972790589652437,1.1269278521058723
0.6682669284114947,-0.8592003365290646,1.1210475219020992
0.6683473428993577,-0.8211124498477824,1.1151657765041207
0.6684277767425646,-0.7830153956127186,1.1092826154009856
0.668517307345834,-0.744919285328215,1.1027340912761403
0.7045659842912263,-1.6185975314798444,1.2516508166070395
0.7047896790224519,-1.5810146853746894,1.236173559527657
0.7050252245283191,-1.5434335996430768,1.2198763569595457
0.7053601751683432,-1.506039292927003,1.196701393757877
0.7053948349227988,-1.4679838456501486,1.194303313449602
0.705429498079959,-1.4299246582701872,1.1919049977109495
0.7054641646439871,-1.391861730243542,1.1895064462538656
0.7054988346153853,-1.3537950610187124,1.1871076590436047
0.7055335079946562,-1.3157246500440887,1.184708636045407
0.7055808623571842,-1.2776734534576037,1.1814322260975274
0.7056516557422812,-1.2396583141418454,1.1765340891827094
0.7057224633404885,-1.201635545687859,1.171634968874308
0.7057932851556785,-1.1636051457971996,1.1667348649044058
0.7058641211867484,-1.1255671121626527,1.161833777349301
0.7059349714379789,-1.087521442485535,1.156931705912811
0.7060058359136524,-1.04946813446624,1.1520286502986465
0.7060814276630092,-1.0114139369226889,1.1467985184512557
0.7061663477026853,-0.9733644252118094,1.1409229697601546
0.7062512881798294,-0.9353057600219362,1.135046007017209
0.7063362490933838,-0.8972379380375416,1.1291676302956049
0.7064212304507247,-0.859160955953584,1.1232878390849947
0.706506232259232,-0.8210748104634318,1.1174066328747543
0.7065912545262891,-0.7829794982588609,1.1115240111540459
0.7434359632899531,-1.5440593083714411,1.20010087122359
0.7434738355671067,-1.506011102815421,1.197614896107872
0.7435103674532193,-1.4679563665102022,1.1952169056348296
0.7435469029266658,-1.4298978902435882,1.192818679685523
0.7435834419909334,-1.3918356734702089,1.1904202180310364
0.7436199846465519,-1.3537697156385944,1.188021520636596
0.7436565308940504,-1.315700016197166,1.1856225874674635
0.7436930807339586,-1.2776265745942366,1.183223418488872
0.7437665597195449,-1.239610932865908,1.178400182511929
0.743841189049855,-1.201589613080535,1.17350143672747
0.743915833364089,-1.1635606624412673,1.1686017073828765
0.7439904926609104,-1.1255240786408645,1.163700994565879
0.7440651669448307,-1.0874798593809065,1.1587992979803374
0.744139856220363,-1.0494280023620506,1.1538966173300125
0.7442145604920226,-1.0113685052840307,1.1489929523185154
0.7443033995503453,-0.9733198301812208,1.143161465413229
0.7443929232004608,-0.9352629035082712,1.1372850412005278
0.7444824683886963,-0.8971968208786852,1.1314072032035298
0.7445720351228255,-0.8591215789878757,1.125527950911966
0.7446616234106257,-0.8210371745296642,1.1196472838153397
0.7815860691661395,-1.5059829137591467,1.1985283642605609
0.7816244730436228,-1.467928888398999,1.196130463617699
0.7816628806931404,-1.4298711232191592,1.1937323274527003
0.7817012921174119,-1.391809617672465,1.191333955595745
0.7817397073169938,-1.353744371207477,1.1889353480120946
0.7817781262924428,-1.3156753832726478,1.1865365046669822
0.7818165490443156,-1.2776026533163205,1.1841374255256625
0.7818785502105038,-1.2395635552117743,1.1802661331978115
0.7819570006884109,-1.2015436839846314,1.1753677618943428
0.7820354669170251,-1.1635161824863056,1.1704684071320912
0.7821139488947582,-1.12548104840953,1.1655680690102272
0.7821924466263522,-1.0874382794561481,1.1606667472326393
0.7822709601165512,-1.049387873327081,1.1557644415031447
0.782349489370101,-1.0113298277223257,1.1508611515253975
0.7824369570337366,-0.973275239237087,1.1453997559423001
0.7825310630162593,-0.9352200509218708,1.1395238702043002
0.7826251916386047,-0.8971557074881565,1.1336465708578558
0.8196968760455596,-1.5059547257581212,1.1994417982178476
0.8197371517741384,-1.4679014113164803,1.1970439874001286
0.8197774314595238,-1.4298443571968438,1.1946459410144001
0.8198177151035752,-1.3917835628502555,1.1922476589499453
0.8198580027068761,-1.353719027725307,1.1898491411720258
0.8198982942700103,-1.3156507512704816,1.187450387645903
0.8199385897935616,-1.2775787329341541,1.185051398336796
0.819987627549204,-1.2395161811790292,1.1821319412566993
0.8200698985903027,-1.2014977583997457,1.1772339443912827
0.8201521861487334,-1.1634717059319242,1.172334964168428
0.8202344902226387,-1.1254380214682718,1.1674350006987169
0.8203168108169911,-1.0873967027108953,1.1625340536861088
0.8203991479367654,-1.049347747360979,1.1576321228344355
0.820481501586938,-1.011291153118784,1.1527292078474147
0.820567020632682,-0.9732306523782973,1.1476378414031174
0.8206657081076406,-0.9351772022621951,1.1417624940567421
0.8580592030618795,-1.2775548134476875,1.185965336924184
0.8581013753618363,-1.2394797644115412,1.1835662016377597
0.8581798830896251,-1.2014518363254751,1.1790999842346608
0.8582659913934095,-1.163427232777733,1.1742013785082577
0.8583521169788483,-1.1253949978167122,1.16930178964774
0.8584382598511444,-1.087355129144783,1.164401217357117
0.0,0.0,50.0
