-0.7043363394892278,0.9327697468911395,1.2675397542588343
-0.7042802630783689,0.9707646869458597,1.271419635658802
-0.6666715031613174,0.7047670176276783,1.2377414830579312
-0.6666086752443384,0.7427925238436914,1.242336896414102
-0.6665458591681991,0.7808108635970332,1.2469314436974344
-0.6664830549295525,0.8188220389134502,1.2515251251527317
-0.6664202625250526,0.8568260518179248,1.2561179410247192
-0.6663574819513551,0.8948229043346768,1.2607098915580295
-0.6662947132051166,0.9328125984871631,1.2653009769971888
-0.6662319562718151,0.9707951362817877,1.2698911984043804
-0.6661924353241495,1.0088056877765692,1.2727818734336367
-0.6661560836678273,1.0468167029065858,1.2754407374389132
-0.6661197359784395,1.0848235700220301,1.2780993112912782
-0.6655748797711308,1.1600019333153995,1.317951651025865
-0.6651653219825853,1.1972975795686533,1.347907877845195
-0.6649369747445801,1.2348829530970773,1.3646098472535684
-0.6287853893887193,0.6668935948062175,1.221497065602378
-0.6286361697438665,0.7048344933491836,1.2330728925970291
-0.6285456400413412,0.7428266655034031,1.2400958028535385
-0.6284864080108258,0.7808467493467836,1.2446907724935201
-0.6284271871429138,0.8188596680953119,1.2492848761860884
-0.6283679774344499,0.8568654237742499,1.253878114176004
-0.6283087788822803,0.8948640184080962,1.2584704867079495
-0.628249591483252,0.9328554540205863,1.2630619940265078
-0.6281904152238313,0.9708397326186485,1.2676526371815626
-0.6281410132914089,1.0088325364983233,1.271485029514949
-0.6281067370482327,1.0468445617470545,1.2741440350461914
-0.6275752904287738,1.083993683467882,1.3153714091617914
-0.6272333691796494,1.12141723580604,1.3418962090938606
-0.627018017154533,1.159033304437167,1.3586023055877448
-0.6268028129550257,1.1966235520050492,1.3752969343980013
-0.626723077617821,1.2344545468229806,1.3814824635872256
-0.5908858475979654,0.6290075151849308,1.2042654886841504
-0.5907455725261838,0.6669708076908526,1.2158494946119234
-0.5906053640392659,0.7049160796597689,1.227428001918689
-0.5904791056245304,0.7428608103018286,1.237854503264586
-0.5904234582988659,0.7808826383952742,1.2424498953194671
-0.5903678214607292,0.8188973007358502,1.2470444213075282
-0.5903121951071559,0.8569047993490974,1.2516380814735726
-0.5902565792351827,0.8949051362597932,1.2562308760623324
-0.5902009738418473,0.9328983134919522,1.2608228053184192
-0.5901453789145844,0.970884333053026,1.265413870279481
-0.5895716727707819,1.0079773760274657,1.3127908937676906
-0.5892920411368912,1.045518137500936,1.335883054501899
-0.5890896907547082,1.083164915258657,1.3525932796111917
-0.5888874792904787,1.1207858476818788,1.3692920327862765
-0.5888197714589222,1.15864535674175,1.3748833891986862
-0.5887876703762328,1.1965684914097634,1.3775343173175472
-0.5887555727935051,1.2344874913412203,1.3801849564073194
-0.5887234787101668,1.2724023572122962,1.382835306515254
-0.5529595194314114,0.5910946587025432,1.1870217329512727
-0.5528282016125452,0.6290803673522066,1.1986139266167015
-0.5526969461500532,0.6670480384569607,1.210200615719451
-0.5525657529985111,0.7049976848601693,1.2217818042693693
-0.5524346221050598,0.7429293193826666,1.2333574969326548
-0.5523570095498987,0.7809185307429604,1.240208812146868
-0.5523049574007145,0.8189349368355422,1.2448037604886508
-0.5522529150610227,0.8569441785429662,1.2493978428890316
-0.5522008825280504,0.8949462578902886,1.2539910595927921
-0.5516756984879113,0.9321416974450915,1.300352133480935
-0.5513767861637157,0.9696626239430861,1.326738876582347
-0.5511618420000848,1.0072957802070515,1.3457132579235491
-0.5509627797705372,1.0449294099096396,1.3632856478422326
-0.5509061745423316,1.0828155844452725,1.3682825231596922
-0.5508761363437387,1.1207480015269167,1.3709341710354792
-0.5508461014206372,1.1586762822985817,1.3735855297644406
-0.5508160697724912,1.1966004274367912,1.3762365993938843
-0.5509033849516458,1.234783449029551,1.3685287766822967
-0.5510324158828254,1.2730748918672172,1.3571384599988647
-0.5150063764811845,0.5531549969612723,1.1697657854876837
-0.5148840286169861,0.5911631439676508,1.1813661755746452
-0.5147617388702997,0.629153236397033,1.1929610552604686
-0.5146395071997246,0.6671252871107541,1.2045504284705544
-0.5145173335631767,0.7050793089569459,1.2161342991950903
-0.5143952179109681,0.7430153147602874,1.2277126721452447
-0.514287061281415,0.7809544263902969,1.2379675229473222
-0.5142385944804966,0.818972576394865,1.2425628937010629
-0.5137596083551127,0.8562660139251878,1.2879778744782087
-0.5134725811903054,0.8938226413312723,1.3151923019562304
-0.5132723658217183,0.9314942935283035,1.3341756850518962
-0.5130723065298947,0.9691365790009122,1.3531442697581326
-0.5129991498546728,1.0069983311962094,1.360080606371774
-0.5129543084835968,1.0449069246888083,1.3643322326663778
-0.5129263373414662,1.0828444899430953,1.3669843113276485
-0.512898369249674,1.1207779179900286,1.3696361007716433
-0.5129860537349873,1.1589684917716379,1.36132231253454
-0.5131062215917077,1.1972478503806514,1.3499286194528963
-0.5132264457606696,1.2355451472016121,1.338529587136513
-0.513906459272739,1.275249361899019,1.274054231918079
-0.477029734939581,0.5151921137347475,1.1521551421869063
-0.4769130251116825,0.5532191091295516,1.1641062285637176
-0.47679971379374486,0.5912316451042436,1.1757093075205276
-0.47668645630702694,0.6292261223252755,1.1873068741604413
-0.4765732526131773,0.6672025536584482,1.1988989324106498
-0.4764601026734211,0.7051609519566632,1.21048548624168
-0.4763470064413114,0.7431013300484458,1.2220665404097133
-0.4758701003232484,0.7804269645301274,1.2709017268993676
-0.4755503882057686,0.817946667713922,1.303640247729291
-0.4753649156348944,0.85565684814281,1.3226326389868106
-0.4751795876823993,0.8933376248429107,1.3416102213223127
-0.4751105519700554,0.9312166818613087,1.3486794782663267
-0.4750660489942568,0.9691347399482838,1.353236582988103
-0.47502155435474686,1.0070456952320632,1.3577928340739263
-0.4749770680491835,1.0449495497082038,1.3623482317636118
-0.47505748327844116,1.0831310618748458,1.354113712287628
-0.4751687827997435,1.1213983274073946,1.3427166413062608
-0.475280134485202,1.1596835281438929,1.3313142287153141
-0.47578523515623683,1.1989787925937168,1.2795919200013515
-0.43892205891776076,0.515256330033893,1.1460664856753198
-0.4388108424725988,0.5532832361611029,1.1584453595716084
-0.43870657189388074,0.5913001621178393,1.1700511283332702
-0.438602350857105,0.6292990251428028,1.1816513828613608
-0.4384981793269715,0.667279838106261,1.1932461270849117
-0.4379259574631298,0.7044895837450349,1.2569369084516424
-0.43769117114990086,0.7421719858628754,1.2830696459240798
-0.4374566364548904,0.7798140041152395,1.3091743771948074
-0.4372688960349126,0.817502718673967,1.3300707022010343
-0.4372041878538677,0.8553994979749586,1.3372730040912444
-0.43716322591644263,0.893333548611861,1.3418322458220402
-0.43712227165379824,0.9312604917841789,1.3463906333163678
-0.43708132506377767,0.9691803294892462,1.3509481668143053
-0.4371448136560728,1.007333701033559,1.3438816104545097
-0.43723335342350933,1.045558019056218,1.3340267493833124
-0.4373225684392602,1.0837994087407752,1.324096730238864
-0.43778183789036706,1.1230055841535502,1.2729780435069742
-0.4377579498514065,1.1610102148232955,1.2756368861043228
-0.40124163936312074,0.4763932750495613,1.1272492819444704
-0.4008048818227689,0.51532056234356,1.139976311129118
-0.4007024592024647,0.5533510150891179,1.1524621162709678
-0.4006045998481655,0.5913686950139586,1.1643916375569674
-0.4000715120509062,0.628683804651424,1.2293775785561962
-0.39985689952561326,0.6664281658760222,1.2555398673538107
-0.39964251712838705,0.7041320539881105,1.2816741024442493
-0.39942836448927804,0.7417955340515163,1.307780328926107
-0.39932028026197186,0.7796253090828974,1.320956310921531
-0.39924262743480277,0.817496808556977,1.330422560328806
-0.399205216874833,0.8554397504460708,1.3349830857346419
-0.39916781332523127,0.8933755822040891,1.3395427565432314
-0.39922485498028537,0.9315246616206659,1.3325891071652123
-0.39930573316996626,0.9697424948413467,1.322729670708874
-0.3993866441361987,1.0079758161532633,1.3128662386348324
-0.39979241608674115,1.0470753754652744,1.26340070561632
-0.39975475898136664,1.0850486315208523,1.2679912860810205
-0.3997244900739703,1.1230354721125833,1.2716812100302874
-0.3997026780948477,1.1610411125612243,1.2743401941518968
-0.3627709386946852,0.4773301824930068,1.1213893127161043
-0.3626782001009257,0.5153848106697365,1.1338846179805344
-0.36217706656208465,0.5527965752789713,1.2014057684770165
-0.36197984367692065,0.5905986923149757,1.2279789572149014
-0.36178565930575785,0.628364566162632,1.2541427461715742
-0.3615894075975973,0.6660857508376792,1.2805850815868922
-0.36150322297141707,0.7039799605232858,1.2921973259564368
-0.36141707941955836,0.7418561103875145,1.30380403610161
-0.3613309769126652,0.7797142133378564,1.3154052159777407
-0.3613159329214724,0.8177150060854375,1.3174321958437218
-0.36128729068045584,0.8556804252958164,1.321291360949104
-0.36136050016699606,0.8938917635709902,1.311427345920535
-0.3614337393291729,0.932118590901551,1.3015593324903918
-0.36180173358895507,0.9711520217387741,1.2519769480144802
-0.36176764690123997,1.0091413308297748,1.2565696806750353
-0.3617335666357872,1.0471234823667523,1.2611615480202545
-0.36169949279078195,1.0850984783723459,1.2657525502946427
-0.361665116467601,1.1230653616625506,1.27038430752323
-0.36164538076936414,1.161072011943748,1.273043433180412
-0.324739993615932,0.43935410900979033,1.0979774319537725
-0.32424020048396257,0.4768238242411214,1.173240397709172
-0.3240629598244025,0.5146882303093452,1.1999307558546803
-0.323885912830456,0.552511263063719,1.2265919502372213
-0.32371865932103244,0.5903104964089415,1.2517783610680553
-0.3236414555547589,0.628245178429826,1.2634043399892576
-0.3235642886044067,0.6661617706561315,1.2750247748658126
-0.3234871584436479,0.7040602860244102,1.286639669662435
-0.3234100650461792,0.7419407374588818,1.2982490283400736
-0.32341998626079455,0.7800129080407397,1.2967550101391794
-0.32343906563962693,0.8181105777943505,1.2938818801502947
-0.32365222591051285,0.8567264803513576,1.2617824511227695
-0.32379323702069307,0.8951930670572102,1.240547836883863
-0.3237627241161552,0.9331984400995061,1.2451427213319235
-0.3237322169571957,0.971196650871587,1.2497367405634705
-0.3237017155388215,1.0091877013857375,1.2543298953304074
-0.3236712198674742,1.0471715936888872,1.2589221846627012
-0.3236407299415297,1.0851483298039526,1.2635136088049421
-0.3236102457593645,1.1231179117530885,1.2681041680015852
-0.2866029575570835,0.3630304129056391,1.086428576924419
-0.2862595166283954,0.40076332327975356,1.145042495420519
-0.2861029471764473,0.43869118567055254,1.1717636818863255
-0.28594654890198856,0.4765775815033143,1.1984556540606164
-0.2858142870393167,0.5144657166707701,1.2210283452899446
-0.28574023612517235,0.5524311231753333,1.233666367970585
-0.2856667296289877,0.5903779078999079,1.2462114766527677
-0.28559859310133817,0.628316904822944,1.2578401107049473
-0.28553006888194365,0.6662368273912019,1.2695349108149472
-0.28554692245156593,0.7043490753805293,1.266658568266081
-0.28556377801088806,0.7424658228283089,1.2637818861417713
-0.28558063556026253,0.7805870705313842,1.2609048643818639
-0.2858379568625965,0.81940214300611,1.2169886954501976
-0.28577011720964735,0.8573103516289421,1.2285666628868483
-0.28571304738953845,0.8952342151538872,1.2383065788520966
-0.2856861217634572,0.9332413310939601,1.2429018857033043
-0.2856592012077757,0.9712412841064375,1.247496327206278
-0.2856322857179427,1.0092340762033976,1.252089904137776
-0.28560537529971486,1.0472197094322877,1.2566826155153308
-0.2855784699516589,1.0851981858163038,1.2612744615835467
-0.285551569672342,1.1231695073778785,1.2658654425869642
-0.24852687944334798,0.2867617839730938,1.059322201925319
-0.2482449923198215,0.3246280668797666,1.1148322816351524
-0.2480990886895349,0.36260636039239713,1.1435640734454324
-0.24796338695406867,0.40055624046426475,1.1702868767372507
-0.24786327772835326,0.43852733751939427,1.1900006934935092
-0.24779901860920417,0.47653657424846957,1.2026547969567147
-0.24773479280006533,0.5145261081232126,1.2153023409102133
-0.24767060027504303,0.5524959544597114,1.2279433304530656
-0.24761701688137,0.5904713479478823,1.2384951372071384
-0.24762702195732744,0.6285916711224466,1.2365249068647515
-0.24764164818040013,0.6667275143318465,1.233644666013511
-0.2476562761313863,0.7048678628354841,1.2307640848962365
-0.2478726134287288,0.7436178402861864,1.1881622786503314
-0.2478137495660931,0.7815664409392167,1.199753931600128
-0.2477549136543603,0.8194970220874994,1.2113400803721248
-0.24769610567362685,0.8574095965625544,1.2229207288857893
-0.247637325604008,0.8953041771837212,1.234495881056887
-0.2476060191511467,0.9332842260312453,1.24066084408188
-0.24758268585824675,0.971285921443891,1.2452557079144881
-0.24755935695629147,1.009280455283342,1.2498497070687549
-0.2475360324503333,1.047267829597564,1.2544428405497499
-0.2104143535417542,0.2104143535417542,1.0308413575553885
-0.2102034749826441,0.2484222886158521,1.0799185494937333
-0.2100762029430629,0.28646754946781305,1.1095382241599054
-0.20994908492919875,0.3244667676178526,1.1391220528410173
-0.20986237106806788,0.3624895500266627,1.1593027332496533
-0.20980951509812648,0.40054543791460506,1.171603758981476
-0.20975510100746425,0.4385788475610616,1.184267401899234
-0.20970071513406902,0.4765925343956114,1.1969244778893966
-0.20966786444471294,0.5146393036370227,1.2045697292304425
-0.20967364729821739,0.5527759792407549,1.2032239015057726
-0.20967943047072457,0.5909147585993147,1.2018779995404643
-0.20968521396226095,0.6290556418867829,1.200532023328357
-0.20986237518532347,0.6677439210442111,1.1593017750519934
-0.20981250839629897,0.705732982787551,1.1709071368613309
-0.20976266529644053,0.7437039951419255,1.182506985555662
-0.2097128458719859,0.781656970977402,1.1941013243378293
-0.20966305010651476,0.8195919231436486,1.205690157029295
-0.20961327798317778,0.8575088644766363,1.2172734875513598
-0.20956352948514168,0.8954078078001508,1.2288513198215725
-0.20952241579655018,0.9333271249119053,1.2384195964392362
-0.20950267042607157,0.9713305628845136,1.2430148826597076
-0.20948292877146688,1.0093268386261587,1.2476093040949792
-0.1722726556584722,0.1339898432899228,0.9980001682568016
-0.17210758039097232,0.17210758039097232,1.0449549110123186
-0.17200329986640878,0.21022625539227738,1.0746169268881687
-0.17189914563312092,0.248298765914508,1.1042430199122677
-0.1718322042228564,0.286387007038094,1.1232841321652955
-0.17178117556112288,0.3244755538376765,1.1377989515028304
-0.1717301771981483,0.3625414851960908,1.1523051525267078
-0.17168250183588712,0.40059250428373666,1.165866144458775
-0.17166586963446842,0.4387016668436415,1.170597081751204
-0.17167060765073044,0.47686279902980677,1.1692493793477894
-0.1716753459285403,0.515026037785621,1.1679016025485325
-0.17174794355038484,0.5534100403290177,1.1472516123349834
-0.17181419778790422,0.5918044590472256,1.128405962551696
-0.17177028159000285,0.6298243658300104,1.1408976810658586
-0.17172638783657498,0.6678248415866805,1.1533830153742244
-0.17168467554660563,0.7058147772471566,1.165247844521062
-0.17164388537621933,0.7437901699636171,1.17685038187539
-0.17160311458327673,0.7817475219904829,1.188447407423503
-0.17156236315441237,0.8196868461821925,1.2000389249671457
-0.1715216310758341,0.8576081553791705,1.2116249384294093
-0.17148091833376278,0.8955114624096501,1.2232054517296973
-0.17144022491443248,0.9333967800896878,1.2347804687836543
-0.1714191544286242,0.9713752084288706,1.2407738514135573
-0.13414880251747127,0.057492343936059113,0.9398665078962267
-0.13397621963978493,0.09569729974270352,1.002982531735796
-0.13387907702605642,0.13387907702605642,1.0385089733279358
-0.13379484410728207,0.17202194242364838,1.0693141550511314
-0.13374584805404616,0.21017204694207256,1.0872327116631197
-0.13370610053295442,0.24831132956120108,1.101768947948095
-0.13366637662973316,0.28642794992085674,1.116296546840445
-0.13362667632333808,0.32452192821382103,1.1308155160363569
-0.13361360497946398,0.36266549922997365,1.1355958932245969
-0.13361503667158525,0.40084511001475576,1.1350723029631098
-0.1336183027279918,0.4390315661062587,1.1338778594772876
-0.13372188031666699,0.4775781439880964,1.095998055618928
-0.13361576424854318,0.629902888600275,1.1348062176756386
-0.13358161615045835,0.6679080807522918,1.1472946649752274
-0.1335480036400654,0.705896590668917,1.1595872402046652
-0.13351627059762614,0.7438763647582027,1.1711924671538725
-0.13348455263171338,0.7818380939857499,1.182792180401961
-0.13345284973198582,0.81978179121077,1.194386383730908
-0.13342116188771116,0.8577074692781432,1.2059750810656311
-0.13338948908816745,0.8956151410205528,1.2175582763273383
-0.13335783132264278,0.9335048192584996,1.2291359734334932
-0.09128669172666104,-0.018257338345332205,3.2612138359495475
-0.09128659330632521,0.018257318661265044,3.2612642271614902
-0.09572241612538082,0.05743344967522849,0.9901229438050194
-0.0956529921301282,0.0956529921301282,1.0256680293743585
-0.09560642033134469,0.13384898846388257,1.0495127903515211
-0.09557483248128026,0.17203469846630448,1.0656857695845048
-0.09554641637944188,0.21020211603477212,1.0802348137257596
-0.09551801716980862,0.24834684464150242,1.0947752090579854
-0.09551100025236194,0.2865330007570858,1.098367870790689
-0.095512024448414,0.3247408831246076,1.0978434824120313
-0.0955130486664319,0.3629495849324412,1.0973190827868677
-0.09561048698178218,0.40156404532348516,1.047430665327525
-0.057545538651312046,-0.09590923108552007,0.8944736842137218
-0.05477207860646227,-0.05477207860646227,3.261159589152193
-0.05477201955412371,-0.01825733985137457,3.261209980481098
-0.054771960501912485,0.01825732016730416,3.261260371701347
-0.05477190144982858,0.05477190144982858,3.26131076281294
-0.05739692633292629,0.09566154388821049,1.0212895292362276
-0.057375224174387264,0.13387552307357029,1.0398087045228621
-0.05736679167525944,0.1721003750257783,1.0470044371119513
-0.05735029326593117,0.21028440864174763,1.0610830797387365
-0.057350908720996116,0.24852060445764984,1.06055789141665
-0.057351524189270725,0.2867576209463536,1.0600326918223146
-0.05741849055170784,0.3253714464596778,1.0028880625426382
-0.01917319093598994,-0.17255871842390946,0.9166312038657551
-0.019164366635359243,-0.1341505664475147,0.9392214134803396
-0.01825738072569183,-0.09128690362845915,3.261105342228916
-0.018257361041533283,-0.054772083124599844,3.261155733674798
-0.018257341357417183,-0.018257341357417183,3.2612061250120163
-0.018257321673343523,0.018257321673343523,3.2612565162405787
-0.01825730198931231,0.05477190596793693,3.261306907360492
-0.018257282305323544,0.09128641152661772,3.2613572983717276
-0.01913317942210811,0.13393225595475675,1.0190606794032462
-0.01913257322225898,0.1721931590003308,1.0206125510170168
-0.019131368541671308,0.21044505395838436,1.0236965333214556
-0.019155979231368032,0.24902773000778441,0.9606931676978405
0.01915572711786761,-0.2107129982965437,0.9613385782589248
0.019146469284909016,-0.17231822356418114,0.9850386306329142
0.01914795606931218,-0.1340356924851853,0.9812324625608113
0.01825738223174118,-0.09128691115870591,3.261101486742575
0.01825736254757939,-0.05477208764273817,3.261151878196763
0.018257342863460042,-0.018257342863460042,3.261202269542295
0.018257323179383136,0.018257323179383136,3.2612526607791708
0.018257303495348678,0.05477191048604603,3.2613030519073902
0.01825728381135666,0.0912864190567833,3.2613534429269535
0.019149647454597598,0.13404753218218318,0.9769025162301475
0.019172754425598813,0.17255478983038933,0.9177486704670414
0.05744075874722806,-0.2872037937361403,0.9838858690320578
0.05741510474270266,-0.24879878721837817,1.0057772862270653
0.05741300765674307,-0.21051436140805793,1.0075667995792443
0.057417463910616626,-0.1722523917318499,1.0037641296071413
0.05742192085631041,-0.13398448199805763,0.9999608692817787
0.05743101270200718,-0.0957183545033453,0.9922024942872056
0.05477209216087724,-0.05477209216087724,3.261148022718089
0.05477203310850944,-0.01825734436950315,3.2611984140719414
0.05477197405626899,0.018257324685422995,3.2612488053171305
0.05477191500415587,0.05477191500415587,3.2612991964536633
0.057561256695431696,0.09593542782571948,0.8810609532316249
0.09569037680641078,-0.36362343186436097,1.0065270751176811
0.0956476596140388,-0.32520204268773195,1.0283982776121334
0.09564089306192618,-0.2869226791857785,1.0318627522937973
0.0956469772526396,-0.24868214085686297,1.028747646648526
0.09565306221749324,-0.21043673687848516,1.0256321446434598
0.09566248078787157,-0.17219246541816882,1.0208098366097573
0.09569720841440252,-0.1339760917801635,1.0030292918259107
0.09573196126390493,-0.09573196126390493,0.9852358328806758
0.09576673936386827,-0.05746004361832096,0.9674294456994446
0.09128672937773254,-0.018257345875546505,3.261194558600941
0.09128663095731554,0.018257326191463107,3.2612449498544436
0.1337515901255838,-0.8598316508073245,1.0851327540722124
0.13376965120710943,-0.8217278574151007,1.078527558542838
0.13378771716703267,-0.7836137719783343,1.0719205789137618
0.13380578800733037,-0.7454893903265549,1.065311814462035
0.13382690997701652,-0.7073708098785159,1.057587208405394
0.13390467514839344,-0.439972504059007,1.0291473743018287
0.1338449262771184,-0.40153477883135513,1.0509983900824196
0.13383133935869426,-0.3632564925450273,1.0559673202489606
0.13383984884164962,-0.3250396329011491,1.052855280768135
0.13384835940680156,-0.28681791301457477,1.0497428455125757
0.13385687105435642,-0.24859133195809052,1.0466300144067873
0.13390202795657738,-0.210417472503193,1.03011549016599
0.1339468462062012,-0.17221737369368725,1.0137248160178487
0.13399513282846717,-0.13399513282846717,0.9960657084462881
0.13407595230248398,-0.09576853735891712,0.966508872234435
0.13419696609994428,-0.05751298547140468,0.9222523977346668
0.17186635111249235,-1.0121018454402326,1.1135712391132842
0.17188670220757496,-0.9740246458429248,1.1077824831786742
0.17190998208193503,-0.9359543468905352,1.1011606522495896
0.17193318825606288,-0.8978733164483284,1.0945597849421205
0.17195640069625176,-0.8597820034812588,1.0879571352883914
0.17197961940504,-0.8216804038240799,1.0813527025663987
0.17200284438496719,-0.7835685133092949,1.074746486053776
0.17202607563857433,-0.7454463277671555,1.0681384850277453
0.17204931316758634,-0.7073138430222995,1.0615286989976624
0.17208147862146098,-0.6692057501945705,1.0523794143399883
0.17211347834446702,-0.6310827539297125,1.0432772709071543
0.17214548997081952,-0.5929455765661561,1.034171741633557
0.17206781179471428,-0.5162034353841428,1.0562668672812734
0.17199976230290964,-0.4777771175080823,1.0756231671723668
0.17198352579697448,-0.43951345481449033,1.080241551082814
0.17199513565632676,-0.40132198319809576,1.0769391910892736
0.17200606704589222,-0.36312391931910576,1.0738298180573267
0.17201457550055615,-0.3249164203899394,1.071409635397366
0.1720721018064421,-0.28678683634407015,1.0550465972786895
0.17212966660189144,-0.2486317406471765,1.038672611017546
0.17218726992554578,-0.21045110768677816,1.0222876656225353
0.17227008294192384,-0.17227008294192384,0.9987319631861098
0.17242274097019633,-0.1341065763101527,0.9553092351441563
0.21002337224216358,-1.0501168612108178,1.1218333690964784
0.21004823739774986,-1.0120505983709767,1.1160465692509405
0.2100731084391511,-0.9739753209451552,1.110258399615745
0.21010007226099106,-0.9359003218898693,1.1039831828966271
0.2101284320882359,-0.8978214825588261,1.0973830776469171
0.21015679957267355,-0.85973236188821,1.090781190359607
0.2101851747174056,-0.8216329557134947,1.0841775203128705
0.21021355752553536,-0.7835232598679045,1.077572066784498
0.21024194800016766,-0.7454032701824126,1.0709648290518885
0.21027034614335402,-0.7072729824821908,1.0643558066376073
0.21030508465392211,-0.6691525420806612,1.0562712078144898
0.2102697416170893,-0.630809224851268,1.0644964963864822
0.21018659797784153,-0.5923440488466443,1.0838462887932465
0.2101035200649539,-0.5539092801712421,1.103180784883456
0.210102144267091,-0.5157052632010416,1.1035009705679144
0.21011526588216697,-0.47753469518674313,1.100447212877505
0.21012838913632698,-0.43935935910322915,1.0973930737275381
0.21014151402987818,-0.4011792540570402,1.0943385530465335
0.21020332982383794,-0.36307847878662913,1.07995233190681
0.21027361519974258,-0.32496831439960217,1.063595008059906
0.2103439475938026,-0.28683265580973083,1.047226741805943
0.2104381770768141,-0.24869966381805303,1.0252969712141748
0.21061628479458397,-0.21061628479458397,0.9838464478059166
0.2481674979730666,-1.088119029574215,1.1300927068422695
0.2481968741350736,-1.050063698263773,1.1243078626316603
0.24822625725255282,-1.011999356491177,1.1185216487280627
0.2482556473246321,-0.9739260010427875,1.112734065303215
0.24828575389048851,-0.9358463031256875,1.1068053877191844
0.24831926618080524,-0.8977696546536805,1.1002060443952715
0.24835278751896464,-0.8596827260271852,1.0936049193423472
0.24838631790863125,-0.8215855130823957,1.08700201183877
0.24841985735347177,-0.7834780116532571,1.0803973211624793
0.2484534058571549,-0.7453602175714646,1.073790846591038
0.24836224367596316,-0.7068771550777413,1.0917427838103322
0.24826308120706522,-0.668400603249791,1.111270162301004
0.24816904146516408,-0.6299675667961857,1.1297887576292283
0.24818453215822797,-0.591824653608082,1.1267382826874197
0.24820002478526837,-0.5536769783671371,1.1236874269010002
0.24821551934664757,-0.5155245401814988,1.1206361901986313
0.24823024232862612,-0.4773658506319733,1.1177368952859368
0.2483061766976777,-0.4393109280035836,1.1027836656880865
0.2483821575380434,-0.4012327160229932,1.0878212848160658
0.2484617868619369,-0.3631364577212924,1.0721404333416586
0.2485649095742777,-0.325046420212517,1.0518331915268533
0.24877517237601265,-0.28704827581847614,1.0104275936467388
0.28629873484121526,-1.1261083570421133,1.1383492537659308
0.28633261895977125,-1.0880639520471307,1.132566364199043
0.2863665110998045,-1.0500105406992832,1.1267821056333673
0.2864004112641637,-1.011948119800045,1.1209964775827217
0.28643431945148906,-0.9738766861350628,1.1152094802791979
0.28646823566401936,-0.9357962365024632,1.1094211133406944
0.28650569129740056,-0.8977178327318551,1.1030286852436362
0.28654436529906385,-0.8596330958971915,1.0964283222931002
0.2865830497429652,-0.8215380759298336,1.0898261772006066
0.2864213313647042,-0.7828849723968582,1.1174261137571477
0.28630703324537743,-0.7443982864379813,1.1369329927889211
0.28623280534451684,-0.7060409198498082,1.1496012212024596
0.28623941689848936,-0.6678919727631418,1.1484728493244845
0.2862486002289373,-0.629746920503662,1.1469055609280332
0.28626646158669244,-0.591617353945831,1.143857222537818
0.28629665657821823,-0.5535068693845553,1.1387039439840905
0.2863841979998406,-0.5154915563997131,1.1237635413605318
0.2864717929732201,-0.4774529882887002,1.1088139992370998
0.2865594415475105,-0.43939114370618276,1.093855309224871
0.28666413984722916,-0.4013297957861208,1.0759867994062233
0.28689269574877024,-0.36339741461510894,1.0369799255432142
0.32437959689356294,-1.2021126237820274,1.1522489383811134
0.3244170893782072,-1.1640848501218024,1.1466030112817407
0.324455478405759,-1.1260513662317517,1.1408220753680567
0.32449387651971157,-1.0880088800955035,1.1350397711493159
0.32453228372329135,-1.0499573885165308,1.1292560981396562
0.32457070001972615,-1.0118968882967934,1.1234710558530026
0.32460912540707426,-0.9738273762212228,1.1176846445817574
0.3246475598886733,-0.9357488490908817,1.1118968638233184
0.32456997314175984,-0.8973405139801596,1.1235805151232228
0.324440467882717,-0.8588130032189568,1.143082483543786
0.3243110659291196,-0.8203162255854202,1.1625688953796356
0.32427747109735616,-0.7820809597053884,1.1676278818098993
0.3242849586626462,-0.7439478463437178,1.1665003425662164
0.32429244657372,-0.705812971954567,1.1653727512515815
0.3242999348306014,-0.667676336415944,1.164245107862385
0.32433426425565715,-0.6295900423786286,1.159075500324569
0.3244295577480353,-0.5916068405993585,1.1447254214723301
0.3245287469035717,-0.5536078623649164,1.1297887015797912
0.3246279967286569,-0.5155856418631609,1.1148428455669617
0.32477459759762395,-0.477609702349447,1.0927664794166319
0.3250234300428156,-0.43973758182263284,1.0552952406113008
0.3625245749779565,-1.2020551696637505,1.1545835819174428
0.3625650922968247,-1.164024770005595,1.1491244063225636
0.36260836004409336,-1.125994381189553,1.1432946466905776
0.3626512712394956,-1.0879538137184868,1.1375129277311231
0.3626941925923504,-1.0499042417146984,1.1317298401885765
0.3627371241062649,-1.0118456619806337,1.1259453835769406
0.36251717407239265,-0.9730724146153696,1.1555807565618323
0.3623938856829102,-0.9345947578138211,1.172192244828942
0.36228354921618544,-0.8961750954295113,1.1870586319244865
0.36229406889951826,-0.8580649000251749,1.1856412430122774
0.3623024311819724,-0.8199476074118323,1.1845145354816111
0.3623107938504631,-0.7818285551509994,1.1833877759375966
0.36231915690501715,-0.7437077431208247,1.1822609643766384
0.3623873678517786,-0.7057017163429372,1.173070436812992
0.3624771291539193,-0.6677210273887987,1.1609762824192984
0.362566934933811,-0.6297215185692506,1.1488761352338912
0.3626638925182148,-0.5917147720034031,1.1358123764931705
0.36285892249448426,-0.5538373027547392,1.1095346533747517
0.363136838603071,-0.5160365601201535,1.0720891145335898
0.4006659070123895,-1.2019977210371686,1.1569180022991858
0.4007106850315826,-1.1639691327107875,1.151459348530885
0.40075738034249947,-1.1259374019146413,1.1457669677714932
0.40055322069460736,-1.0872158847425057,1.170655001038341
0.40041703866087036,-1.048711291730851,1.1872562394367563
0.4002809491953231,-1.0102328717786726,1.2038461933320406
0.40027368141434994,-0.9720932262919928,1.2047321704411473
0.4002833647111194,-0.9339945176592785,1.2035517304540164
0.40029304847641073,-0.8958939656376812,1.2023712333518333
0.40030110164222293,-0.8577880749476205,1.2013895140909199
0.40031956619058917,-0.8197019688664445,1.199138597718651
0.40041867013191534,-0.7817697845432633,1.1870573553474628
0.40051782315414636,-0.743818814429129,1.1749701297802488
0.4006170252937518,-0.7058490445651817,1.1628769165712072
0.4007162765872377,-0.6678604609787294,1.1507777112700737
0.4009477040421221,-0.6300606777804776,1.1225656024841655
0.40122410124067404,-0.5922831970695664,1.0888714678035498
0.4015558447036849,-0.5545294998288982,1.0484303599317428
0.401630522773627,-0.516382100708949,1.0393267475959505
0.4387545665726381,-1.2399585577052816,1.1647091119150659
0.43848977674584044,-1.2010806928255628,1.194181370897759
0.43837522787503014,-1.1626473434946452,1.206931158257511
0.4382607388369349,-1.1242340691903983,1.219674285975941
0.4382257163217503,-1.0860376447973812,1.2235724441877949
0.4382363136489797,-1.047956402204082,1.2223929155918256
0.43824691148875805,-1.0098733177784425,1.2212133299469272
0.43825750984112244,-0.9717883913868368,1.2200336872489785
0.4382681087061102,-0.9337016228956262,1.2188539874938158
0.4383362206686405,-0.8957305378880913,1.2112728299252353
0.4384319718117128,-0.8578016839794381,1.2006153113919638
0.43853672379576936,-0.819873005357308,1.1889559601230602
0.4386453115142843,-0.78193294661242,1.1768696749318295
0.43878036732325754,-0.7440188837220454,1.1618373761939438
0.4390753897240913,-0.7063386704257122,1.12900010027505
0.4393708091197984,-0.6686077530083889,1.0961186371006946
0.4396225628131944,-0.6307628075145832,1.0680973564444471
0.43968194770833785,-0.592614799085151,1.0614875594197883
0.4397642875110381,-0.5544854059921784,1.0523227813801128
0.4764789168068266,-1.3532001237313875,1.2085589189809554
0.476354480502045,-1.314738366185644,1.2213011965905949
0.47623010917537917,-1.276296692590016,1.234036820441176
0.47611476172665607,-1.2378983804893058,1.2458483991904217
0.4761324248091293,-1.199853710519006,1.244039699545155
0.4761500892021944,-1.1618062176533543,1.2422308656952907
0.47616775490599716,-1.1237559015781533,1.2404218976258932
0.47618298682585153,-1.0856972099629414,1.238862149032805
0.47619449843933764,-1.0476278965665429,1.2376833598118253
0.4762485279980376,-1.0096468793558397,1.2321507330009496
0.4763525162622751,-0.9717591331750413,1.221502334743029
0.47645654994784253,-0.9338548378977714,1.2108492853409274
0.47656062908450586,-0.895933982678871,1.2001915817466013
0.47666475370205724,-0.857996556663703,1.1895292209093427
0.47687244590910094,-0.8202206069636536,1.1682615389080695
0.4771930380454818,-0.7825965823945902,1.135432904142661
0.47762949122257803,-0.7451020063072218,1.0907400988080056
0.47769398029295745,-0.706987090833577,1.0841364180011581
0.47775848678006594,-0.6688618814920924,1.0775309537212436
0.4778230106910862,-0.6307263741122338,1.0709237052327722
0.4778875520330786,-0.5925805645210174,1.0643146718127525
0.4779666544544926,-0.5544413191672114,1.056214583859962
0.5150352551509751,-1.3543519672488604,1.1670276597593983
0.5140070824067228,-1.3135736550394026,1.2645136681033264
0.514026143931929,-1.2755463571644166,1.2627063531208051
0.5140452068709493,-1.2375162387633967,1.2608989040877674
0.5140642712239409,-1.1994832995225289,1.259091320989306
0.5140833369910612,-1.1614475391279533,1.2572836038104853
0.514138703176376,-1.12348827731134,1.252034069202871
0.5142398372561023,-1.085617434207327,1.2424450601621473
0.5143528734873285,-1.0477558534001137,1.2317275508310743
0.5144651827620161,-1.0098760994958094,1.221078967749584
0.5145775410930173,-0.971979799842366,1.2104257334028006
0.5147391475309124,-0.9341562307042485,1.195103048920899
0.5150410959803023,-0.8965530189286743,1.1664738626083775
0.5153433988864315,-0.8589056648107193,1.1378110685457443
0.5156708450299211,-0.8212535680106151,1.1067643230889601
0.5157404475959645,-0.7831614204235017,1.1001649686789179
0.5158100689537264,-0.7450589884887159,1.0935638325355725
0.5158797091071331,-0.7069462680357008,1.0869609142866423
0.5159493680674848,-0.6688232549022952,1.0803562128606927
0.5160190458424012,-0.6306899449184904,1.0737497275352865
0.5160887424395059,-0.5925463339120253,1.0671414575875886
0.5164049400806846,-0.5538619242852354,1.060002630587928
0.5519113176030548,-1.3131683074003717,1.2795526529717165
0.5519317784592291,-1.2751527295437362,1.2777464532542595
0.5520309242675477,-1.237310692323814,1.268994271554405
0.5521394741811905,-1.1994754094281035,1.2594119343500765
0.5522480667931703,-1.1616252439442547,1.2498258279132415
0.552356702128685,-1.1237601870893938,1.2402359500195246
0.552465380212953,-1.0858802300737351,1.230642298442767
0.552578510855937,-1.0479937274853977,1.2206555934069456
0.5529110772355109,-1.0104926583959337,1.191298009554906
0.5532354428234939,-0.9729312959999377,1.1626643576501863
0.5536423293037691,-0.935464625375334,1.1267461028396895
0.5537078697006447,-0.8973886164113897,1.120960467805162
0.5537734256167534,-0.8593035914742725,1.115173462796939
0.553838997057608,-0.8212095473612807,1.1093850873283984
0.553911468432107,-0.7831162139902204,1.1029876142691677
0.55398623829412,-0.74501597563692,1.096387240243203
0.5540610283406993,-0.7069054499519266,1.0897850844072394
0.554135838583832,-0.6687846327735902,1.083181145703108
0.5542106690317,-0.6306535199326242,1.0765754234085492
0.55428551969249,-0.5925121072574893,1.0699679168008842
0.5900127433081923,-1.3132541705892022,1.2763670042266995
0.5901287443107314,-1.2754395441554518,1.2667875665976638
0.5902447909356027,-1.2376100455101346,1.2572043614470019
0.5903608832097259,-1.1997656658778302,1.247617386551667
0.5905289154442028,-1.162008511035367,1.2337411762206685
0.5908243216362526,-1.1244720960173842,1.2093463422965556
0.5911200235242158,-1.0868981077703324,1.1849270896131472
0.5915845398104715,-1.0495854738572883,1.1465670350062211
0.5916545434344104,-1.011538412968508,1.1407860905777198
0.5917245636131725,-0.9734823465894127,1.1350037790412415
0.5917946003630525,-0.9354172715415991,1.129220099051146
0.5918646536940491,-0.8973431846329132,1.1234350497817545
0.5919347236120514,-0.8592600826626552,1.1176486307467286
0.5920048101229509,-0.8211679624286095,1.1118608414595315
0.5920780828302866,-0.7830710127755404,1.105809934015042
0.5921580000073403,-0.7449729677511701,1.099210321974482
0.5922379387574208,-0.7068646365814377,1.0926089284194447
0.5923178990931814,-0.6687460151052048,1.0860057523050202
0.5923978810233661,-0.6306170991539058,1.0794007929091194
0.6289932952968277,-1.3151677992570034,1.205368607276398
0.6284942216588246,-1.2760337227618561,1.2440846228305702
0.6288085528981786,-1.238562301163079,1.2197001388079656
0.6291231987102515,-1.2010533793559346,1.1952912515683778
0.629507686554721,-1.163635420601151,1.1654643157549742
0.6295780273898534,-1.1256092004848892,1.1600075721810796
0.6296483839464332,-1.087574481362021,1.154549609003972
0.6297187562297317,-1.0495312603828864,1.149090425814748
0.6297939312644945,-1.0114872229399456,1.1432586655422483
0.6298684613289943,-0.9734330765993549,1.137476939326504
0.6299430090318149,-0.9353699225017859,1.1316938448046585
0.6300175743828212,-0.8972977574543212,1.125909381211443
0.6300921573882811,-0.8592165782567469,1.1201235480606186
0.6301667580544651,-0.8211263817073333,1.114336344865734
0.6302413763876469,-0.7830271646028341,1.1085477711401168
0.6303253548566667,-0.7449299648306061,1.1020330777858547
0.6304104411208864,-0.706823827923418,1.095432446379725
0.6677023626580064,-1.1255554113377824,1.1623414741572446
0.6677769761163471,-1.0875225039609082,1.1568840326329024
0.6678516062521495,-1.049481095539092,1.1514253712713511
0.6679294591174759,-1.0114360380921779,1.1457309902646173
0.668008498154365,-0.9733838115963604,1.1399498492807325
0.6680875558965473,-0.9353225782551663,1.134167340138255
0.6681666323536603,-0.8972523348749153,1.1283834621322768
0.6682457275323501,-0.8591730782558787,1.12259821477668
0.6683248414392664,-0.821084805196813,1.1168115975850839
0.6684039740810614,-0.7829875124949577,1.11102361007093
0.6684883036052026,-0.7448869668743686,1.1048555077337525
0.7060611275793108,-1.011384858424418,1.1482030647828196
0.7061446746754485,-0.9733345515796722,1.1424225089419409
0.7062282415436216,-0.9352752388010125,1.1366405850899568
0.7063118281931464,-0.8972069168939969,1.1308572925822986
0.7063954346310471,-0.8591295826593817,1.125072630932955
0.0,0.0,50.0
