-1.578585856178619,-0.4683716276573925,5.59143085915094
-1.5782326876253134,-0.4335804086882729,5.60136615032085
-1.5778796770616763,-0.39880475354306105,5.611296996946244
-1.5775268243817175,-0.36404465178039636,5.621223402008823
-1.5430306639739813,-0.5027852725308478,5.616196631759642
-1.5426856424691717,-0.46800575670413075,5.62612084583057
-1.5423407752234186,-0.4332417907930951,5.636040622787057
-1.541996062133292,-0.39849336437152494,5.6459559656041804
-1.5416515030954532,-0.3637604670225227,5.655866877254375
-1.507178214114356,-0.5023927380381187,5.650847952497109
-1.5068414722614754,-0.46764045690873374,5.660756678283022
-1.5065048808483301,-0.4329037013931983,5.670660977336496
-1.5061684397741295,-0.3981824610897124,5.680560852623316
-1.5058321489381716,-0.36347672560576555,5.690456307106672
-1.5086200020648828,-0.3294687360831353,5.608422927745977
-1.471363074424968,-0.5019944606861655,5.686006229083318
-1.4710532144243722,-0.4672757269348006,5.695338483218912
-1.4707248734577516,-0.4325661392522798,5.705227340566545
-1.4704607454711804,-0.3978893781863194,5.7131822540444475
-1.471411296853821,-0.3635251439285911,5.684553882990798
-1.4729863114499575,-0.32925576373587284,5.6371181492718705
-1.4392160430179568,-0.5028586174400089,5.609722046675067
-1.4371998697305777,-0.4675228491894651,5.671907632406274
-1.4366046545385276,-0.43271224534293,5.690266076883965
-1.4368821316208396,-0.3981721569551724,5.681707747598203
-1.4374803814596855,-0.36369985555004086,5.66325570437597
-1.439019835638939,-0.32941417924264865,5.615773744148392
-1.4039330478902314,-0.4679776826300771,5.62878268396306
-1.4030062139600437,-0.43302660924692704,5.658075213114671
-1.4032963028858028,-0.3984668514367094,5.6489069705227735
-1.4035865117953323,-0.36389279935434543,5.639734935851223
-1.4050206593731285,-0.3295727472603635,5.594408790182605
-1.3706013636122922,-0.4684333774371125,5.585576065221929
-1.3697013514596088,-0.43344979476569895,5.614741015992422
-1.3696412886960807,-0.39875632455708676,5.616687353645993
-1.3699247433888035,-0.36415721026790976,5.607501986388144
-1.3709887354073511,-0.3297314680093629,5.57302325768584
-1.3731010125159717,-0.2954774330730572,5.504574784292565
-1.3372047023885374,-0.4688899605777988,5.542285219290186
-1.3363257650121907,-0.43387200162733464,5.5715070333609304
-1.335937340425698,-0.39904621856871497,5.584420889743029
-1.3362140209444735,-0.3644220057121291,5.575222160807115
-1.3369240164053762,-0.3298903417104175,5.551617116912169
-1.3383593898355481,-0.2954819432104457,5.503895610662298
-1.3056206535950667,-0.470023435294224,5.4348150239550534
-1.302885095406088,-0.43429503180202933,5.528188743472192
-1.3021843512724565,-0.39933653439022,5.5521074765668175
-1.3024542375944421,-0.36468718652644383,5.54289535677637
-1.302826454939697,-0.3300493685847232,5.530190338058347
-1.3041852547132988,-0.29561532440168103,5.4838099724527325
-1.2693791520850288,-0.4347188877003524,5.484785899483917
-1.268543717671015,-0.3996781576223746,5.51408332550961
-1.2686452861595212,-0.364952753552739,5.5105214716661095
-1.2689057996624218,-0.3302631533367947,5.501385655673978
-1.2700585014447103,-0.2957670482816449,5.460962141117001
-1.2730402209121334,-0.2615836070367397,5.356397732396417
-1.2358031097844495,-0.435141940064947,5.4414653373494275
-1.2349865557173003,-0.40006606734504097,5.470907286812832
-1.234784991215582,-0.3652180959933411,5.4781749646212745
-1.2350376134374663,-0.3305030233142515,5.469066332395585
-1.235859551212691,-0.2959100333889542,5.439430266133954
-1.237184507839375,-0.26137700869845953,5.3916571821295705
-1.2030509884436784,-0.4358880392911878,5.365064776582365
-1.2013644251729627,-0.4004548083909875,5.427638718220521
-1.2008743314812327,-0.36548349218994036,5.44582190446441
-1.2011201945584777,-0.3307432419798707,5.43670002797532
-1.2016275188254755,-0.29605315681207367,5.417877562417139
-1.2029163992850005,-0.2615035650619566,5.370058229426071
-1.1676768903570551,-0.40084430564495926,5.384285980387141
-1.166904361116135,-0.36574614303640046,5.413803515562613
-1.1671534355964421,-0.33098381009451344,5.404286639897137
-1.1673926175812794,-0.2962040969982351,5.395147746148133
-1.1686150900439756,-0.261630244039696,5.3484383505585456
-1.1339237602398877,-0.40123456131565255,5.340848827475192
-1.1331728320049543,-0.3661019918785237,5.3704238471894925
-1.1331372288095614,-0.33122472842125644,5.371826065346504
-1.1333696089916154,-0.29641974389011483,5.362673861253299
-1.134280531843145,-0.26175704580995657,5.326797515100743
-1.1361955554913268,-0.22723911109826533,5.251375045264673
-1.100087885106913,-0.40161938662633323,5.298016097242908
-1.099375601501219,-0.36645853383373966,5.326959685029834
-1.099071466142115,-0.33146599772539975,5.339318201209295
-1.0992970244401052,-0.2966357050076474,5.330152657671917
-1.0998980465918422,-0.26188048728377195,5.305730170236259
-1.101070994003007,-0.22720512574665225,5.258067545274635
-1.0677856682259739,-0.4026077109704492,5.1880113006804365
-1.0655038052611014,-0.36681278541775625,5.283774730025904
-1.0649407036150236,-0.3317028421095975,5.307406536812124
-1.0651604780123127,-0.2968480020690052,5.298183217843928
-1.0654762706418124,-0.2620023616332326,5.284930281261637
-1.066613039515263,-0.22731097563440034,5.237223259687319
-1.0315619872304451,-0.36716613104812457,5.2407002150857664
-1.030888928849609,-0.33198118047699277,5.269904104152559
-1.0309723342489707,-0.29705982512258483,5.26628515801076
-1.0311852943149624,-0.26216575279193954,5.257044856842313
-1.0321229636515197,-0.22741692419440263,5.216359543256097
-1.0345848580903363,-0.1928887023558254,5.109538360826086
-0.9975547147904558,-0.3675201580806942,5.19754263397251
-0.9969032178056857,-0.33230107260189523,5.22680284942885
-0.9967353640947807,-0.2972719506949346,5.234341542409851
-0.9969413991434807,-0.2623529997746002,5.225088038468236
-0.9976007214759722,-0.22752297156469542,5.195476368798438
-0.9986672046917571,-0.19272525002823382,5.1475781752474035
-0.9643057148691725,-0.3681894547682295,5.115952180634878
-0.9628519473389175,-0.3326215818079897,5.1836184511340235
-0.9624494628766109,-0.29748437943458883,5.20235227337956
-0.9626485528870574,-0.26254051442374293,5.193085538347873
-0.9630462679689612,-0.22762911788357265,5.1745737090810735
-0.964072709083465,-0.192814541816693,5.126797540842361
-0.9287349275671167,-0.33294270988255126,5.14035066845625
-0.9281145256219205,-0.29769711199193677,5.170317252978933
-0.9283066505084613,-0.26272829731371544,5.161037258459231
-0.9284944361666089,-0.22774391830501728,5.151966856858138
-0.9294423086942832,-0.1929031206723984,5.106182825332731
-0.8945378698029491,-0.33325920639717715,5.0977069275382405
-0.8939522419206823,-0.2979840806402274,5.127103150648104
-0.8939054418367167,-0.26291336524609316,5.129452331333432
-0.8940839799404035,-0.22790375959265186,5.1204904186777895
-0.8947800753211904,-0.1929917809516293,5.085549160348094
-0.8962953247019683,-0.1581697631827003,5.009489583587474
-0.8603994216835563,-0.33362426555076674,5.048520010001958
-0.8597081368947402,-0.29826608831042006,5.0846361132543905
-0.8594534104448998,-0.263097982789255,5.0979442706338105
-0.8596251880687222,-0.22806382540598755,5.08896976620553
-0.8600859650516931,-0.19308052276670662,5.064896519748281
-0.8609948956694098,-0.15814191961274873,5.017409532373698
-0.8272511717573829,-0.33442068645511225,4.941212772363826
-0.8253991542535375,-0.29854863026191786,5.042088619381786
-0.8249529606790136,-0.26328285979117455,5.066391928972877
-0.8251179586358866,-0.2282241162184367,5.057404806215544
-0.8253565513226884,-0.19316855456488452,5.044409119445056
-0.8262267185674219,-0.15821362695971908,4.997012775902128
-0.7910216748812884,-0.29883041051070897,4.999655828975591
-0.7905057828125044,-0.26350192760416813,5.029004355555308
-0.7905580681439078,-0.22838344190824003,5.026029901146579
-0.7907165444003227,-0.1932862664089678,5.017014363003867
-0.7914269968283613,-0.15828539936567226,4.976597513764332
-0.7933347021020258,-0.1234076203269818,4.868070280418088
-0.7565791019495903,-0.2991126682126287,4.957151139745321
-0.7560852070326866,-0.2637506536160535,4.986555116193543
-0.755949463814597,-0.22854286115325026,4.994636572898408
-0.7561011081872077,-0.19342121372230892,4.9856084428081004
-0.7565956875027914,-0.1583572369191889,4.956163720764046
-0.7573949281260488,-0.12329684876470563,4.908581023193371
-0.7227433143122866,-0.2996740571538749,4.872612569769423
-0.721599588985662,-0.2639998496289008,4.944025663334273
-0.7212925098198245,-0.2287025031136029,4.963199386859735
-0.7214373030565107,-0.19355634960052726,4.954158638422754
-0.7217327475632709,-0.15842913970901068,4.935711371659188
-0.7224955067663408,-0.12335289139913135,4.888085431174822
-0.6870487441380264,-0.264249516976164,4.901415769401339
-0.6865871047690145,-0.22886236825633818,4.931718251059557
-0.686725027556908,-0.1936916744391279,4.922664857802964
-0.6868630057682643,-0.15850684748498406,4.913607826493418
-0.6875643450184553,-0.1234089850033125,4.867571198788575
-0.6524324872576546,-0.2644996569963465,4.858725205956873
-0.6520056491925083,-0.2290830659325029,4.8882577855994285
-0.6519641799531586,-0.19382718863472284,4.891127008646322
-0.6520931550173815,-0.15861725392314688,4.882203328527112
-0.652601000152174,-0.12346505408284375,4.847065935417142
-0.6537554036497817,-0.08834532481753807,4.767193693420509
-0.6178734647112093,-0.2648029134476611,4.806969438265831
-0.6173392873531061,-0.2292974495882965,4.84604069645853
-0.617152957257571,-0.1939623579952366,4.8596694120176664
-0.6172733571515024,-0.15872743469610062,4.850863019775822
-0.6176065752950982,-0.12352131505901964,4.826490492701382
-0.6182555195310624,-0.08832221707586604,4.779024857156585
-0.5839372448499355,-0.2654260203863343,4.700625854065613
-0.5826075652424884,-0.22951207115613179,4.803776756946355
-0.5822914739430618,-0.1940971579810206,4.8282977789624795
-0.5824051517014478,-0.1588377686458494,4.819479140736171
-0.5825802431410851,-0.12357762733295745,4.805896289661277
-0.5831926631544818,-0.08836252472037603,4.75838734316747
-0.5478107646908771,-0.2297270948703678,4.761433625527573
-0.5474495273263875,-0.19425628389000846,4.791264840143484
-0.5474884376503677,-0.15894825609204222,4.788051600485765
-0.5475954162390346,-0.12365057786042717,4.779217239615207
-0.5480977888671099,-0.0884028691721145,4.737730983877377
-0.5495147043628386,-0.05317884235769405,4.620721188101072
-0.5129487026160006,-0.22994252186234507,4.719011079415125
-0.5126101370079607,-0.19443832783060577,4.748898250331749
-0.5125231137001476,-0.15905889735521822,4.756580307849042
-0.5126233298300523,-0.12373666582104713,4.747733642588479
-0.51297085279282,-0.08844325048152069,4.717055753461409
-0.513577118347756,-0.0531286674152851,4.663537138956713
-0.4784303304886,-0.23035534430932592,4.637716812932737
-0.4777053871662585,-0.19462071328995717,4.706452179791789
-0.4775090782704283,-0.15916969275680945,4.725065171396423
-0.47760251298726963,-0.12382287373744028,4.716206176021842
-0.47780887895809315,-0.08848312573298021,4.69663962471413
-0.4783061371750914,-0.05314512635278794,4.649492178954297
-0.4427288588648635,-0.19480069790053997,4.664564852237973
-0.44243850212260427,-0.15927786076413752,4.694297382645324
-0.4425264807657607,-0.123907414614413,4.685288369586104
-0.4426113675259685,-0.0885222735051937,4.676595965340823
-0.4430725918587656,-0.05316871102305187,4.629366593662404
-0.40768602812591737,-0.1949802743210909,4.622772521637025
-0.40741840735521617,-0.1594245941824759,4.652559876984633
-0.4074019363638795,-0.12399189367596332,4.654393169933414
-0.4074801387199818,-0.08858263885216995,4.645688907688985
-0.4078077608710457,-0.05319231663535379,4.609223137831435
-0.4086151391000952,-0.01776587561304762,4.519358430598096
-0.3726209441305867,-0.1951823993064978,4.575732525033239
-0.3723337291426976,-0.15957159820401323,4.610745399747344
-0.3722294640311153,-0.12407648801037177,4.62345581334975
-0.3723009636541703,-0.08864308658432626,4.614739668824953
-0.37251160252319526,-0.05321594321759932,4.589061787648582
-0.37290019884695785,-0.017757152326045612,4.541690045323236
-0.3379203739376652,-0.19563811122706934,4.46967593260932
-0.33718428866467287,-0.15971887357800293,4.568853737812503
-0.3370089656029992,-0.12416119785373654,4.5924762134906345
-0.33707374410764834,-0.08870361687043377,4.583748162337912
-0.337184075052377,-0.053239590797743735,4.568882519258679
-0.33753578926169664,-0.017765041540089295,4.521493657371401
-0.3019699064399933,-0.15986642105646703,4.526884677271603
-0.3017712631944945,-0.12425875543302715,4.556798013064359
-0.30179838159106465,-0.0887642298797249,4.552714301580849
-0.30185608821854787,-0.05326872145033198,4.544024362383382
-0.3021389077733918,-0.017772876927846577,4.501435064712766
-0.302956145303212,0.017820949723718355,4.3783687072810125
-0.2666886430519223,-0.16001318583115337,4.485138252471927
-0.26651317134874236,-0.12437281329607977,4.515085423147966
-0.2664735570132574,-0.08882451900441914,4.521846269737402
-0.26652410186753966,-0.053304820373507936,4.513219947939895
-0.2667107884552752,-0.01778071923035168,4.4813587702997
-0.2670870198642499,0.017805801324283322,4.41714860983469
-0.2315163402868072,-0.1602805432754819,4.40908991275181
-0.23118974088834943,-0.12448678355526507,4.4734048712173475
-0.23110033081152925,-0.08888474261981895,4.491011778652698
-0.23114419577858178,-0.053340968256595796,4.4823737543715865
-0.23125138993790692,-0.01778856845676207,4.461264750689097
-0.2314918768426262,0.017807067449432785,4.413907329452073
-0.19580151309962965,-0.1246009628815825,4.431647860449829
-0.19567910550022927,-0.08894504795464966,4.460135447219372
-0.1957162723973141,-0.05337716519926748,4.451485696625085
-0.19576067077876524,-0.017796424616251385,4.441152982396453
-0.19596433956943513,0.01781493996085774,4.393753700204186
-0.16034830952249515,-0.12471535185082958,4.38981418026804
-0.1602425851853796,-0.089023658436322,4.419886880603137
-0.16024023390439698,-0.05341341130146566,4.42055568941597
-0.16027069607065633,-0.017807855118961814,4.411890895457752
-0.16040537492617957,0.017822819436242174,4.373582243220035
-0.16075962760487447,0.053586542534958155,4.272817036835704
-0.1248280896209956,-0.1248280896209956,4.348584367178745
-0.12474756986135764,-0.08910540704382688,4.378031593560635
-0.12471598221461085,-0.05344970666340465,4.3895836472280365
-0.12473970722394671,-0.01781995817484953,4.380907072385206
-0.1248142894600708,0.017830612780010115,4.35363128317411
-0.12494430018791916,0.053547557223393924,4.306084502703847
-0.08937360408403379,-0.12512304571764732,4.2407147089747
-0.08918733344549266,-0.08918733344549266,4.336085275907756
-0.07877889732064486,-0.047267338392386914,9.665204571829833
-0.0787788971559457,-0.01575577943118914,9.665204656155801
-0.07877889699124654,0.01575577939824931,9.66520474048177
-0.07877889682654739,0.04726733809592843,9.665204824807738
-0.04726734148924813,-0.07877890248208022,9.665201929174927
-0.047267341390428624,-0.047267341390428624,9.66520201350091
-0.047267341291609116,-0.015755780430536374,9.665202097826885
-0.047267341192789615,0.01575578039759654,9.66520218215286
-0.04726734109397011,0.04726734109397011,9.665202266478836
-0.047267340995150606,0.07877890165858435,9.665202350804812
-0.015755781495763416,-0.07877890747881709,9.665199370845649
-0.015755781462823575,-0.047267344388470724,9.665199455171646
-0.015755781429883736,-0.015755781429883736,9.665199539497635
-0.015755781396943898,0.015755781396943898,9.665199623823625
-0.015755781364004056,0.04726734409201217,9.665199708149615
-0.015755781331064218,0.07877890665532108,9.665199792475605
0.015755782495110913,-0.07877891247555457,9.665196812516058
0.01575578246217107,-0.04726734738651321,9.665196896842062
0.015755782429231223,-0.015755782429231223,9.665196981168066
0.015755782396291378,0.015755782396291378,9.66519706549407
0.015755782363351536,0.047267347090054604,9.665197149820074
0.01575578233041169,0.07877891165205846,9.66519723414607
0.0472673504833756,-0.07877891747229268,9.665194254186147
0.04726735038455606,-0.04726735038455606,9.665194338512165
0.04726735028573652,-0.015755783428578838,9.665194422838177
0.04726735018691697,0.01575578339563899,9.665194507164188
0.04726735008809742,0.04726735008809742,9.665194591490199
0.04726734998927788,0.07877891664879647,9.66519467581621
0.07877892230433217,-0.0472673533825993,9.665191780181928
0.0787789221396329,-0.01575578442792658,9.665191864507953
0.07877892197493366,0.015755784394986733,9.665191948833964
0.07877892181023437,0.04726735308614062,9.665192033160004
0.44916626771522866,-0.6444559493305454,0.005841506478901692
0.4489466296447278,-0.6051019790863722,0.030288178673778532
0.44917511141963257,-0.5663512274421454,0.004857163727855607
0.48805782979963797,-0.6832809617194932,0.02287822851707233
0.48750242452539166,-0.643503200373517,0.07975172859989499
0.48710329415782816,-0.6040080847557069,0.1206226782383979
0.4868815120132217,-0.5647825539353373,0.14333316984609468
0.48714947056389146,-0.5261214282090028,0.11589421425750857
0.5268712283992731,-0.6829812219990578,0.04480204806892374
0.5260339289575086,-0.6429303576147327,0.1241904395843676
0.5254848974361978,-0.60333451187119,0.17624676160495056
0.525245304318612,-0.5641523638977686,0.19896373867974404
0.5250059295848494,-0.5250059295848494,0.2216600097328012
0.5252942153152379,-0.48638353269929435,0.19432625159225836
0.524661603919163,-0.3692063138690406,0.2543071839608402
0.5242194064967184,-0.3300640707571931,0.29623405068151243
0.5662678364257098,-1.1130091957332917,0.012218577592513213
0.56620194719962,-1.073831279171693,0.018035005826646966
0.5658292699094393,-0.6828973947182887,0.05093341489087777
0.5647637510728982,-0.6426621994967463,0.1449930087372593
0.5641100838990112,-0.6030142276161844,0.20269604201832436
0.5635235786374629,-0.5635235786374629,0.2544702995894781
0.5632670451160865,-0.5244210420046322,0.27711601733857094
0.5630107450525641,-0.4853540905625553,0.2997411263943377
0.5633191995350012,-0.44677039963120785,0.2725120410481665
0.5635803027872582,-0.4081098744321525,0.24946292636617073
0.5631064118881602,-0.3689317870991395,0.2912960540106795
0.5626294081878616,-0.32981723928253953,0.3334039668646298
0.5621532119369087,-0.29076890272598727,0.3754406014315066
0.5616778210868173,-0.2517866094527112,0.4174061385430221
0.5612032335960262,-0.2128701920536651,0.4593007584197579
0.6045991640437284,-1.1896951292473366,0.07181096929210895
0.6044064502035509,-1.1503219536132099,0.08772540254547323
0.6046347145990036,-1.1117477010368777,0.06887518150163885
0.6048614409967888,-1.0731412662846254,0.05015196929743837
0.6050883374944419,-1.0345058673292071,0.03141471013640995
0.6039058142383943,-0.6428674796731294,0.12906824353905222
0.6027631137277109,-0.6027631137277109,0.22343318893742747
0.6020665618327395,-0.5632235578435306,0.28095489381247063
0.6014390026877584,-0.5238339700828863,0.332779132881889
0.6011629919999184,-0.48480886451606325,0.35557227355511856
0.6008872345279634,-0.4458195611013922,0.3783445034972104
0.6012223274973748,-0.4072796412078991,0.3506723098942075
0.601491142986747,-0.3686558618305869,0.32847335335250705
0.6009820045842065,-0.32957077670746804,0.370518331110695
0.6004737273836319,-0.29055180357272514,0.412492190254909
0.599966309190484,-0.25159877482181586,0.45439511201164606
0.5994613111664377,-0.21271207815583276,0.49609817464255457
0.6428396093598413,-1.2661992305572631,0.13123030420624815
0.6426339041749822,-1.226846544334057,0.14718803975895867
0.6427486928502193,-1.188111220117072,0.1382832213163212
0.6429893760980834,-1.1495870663571794,0.11961203602746906
0.6432302396656475,-1.111034050331573,0.10092686230127867
0.6435779376691281,-1.0726298961152134,0.07395392627370256
0.6440568496954697,-1.0343943343593907,0.036801963018106676
0.6418493555727741,-0.6029493946289696,0.20804999193025253
0.6406430903988599,-0.5629893824717254,0.3016269266338938
0.6398950245906849,-0.5235504746651058,0.35965869841959375
0.6392215389793664,-0.48425874165103516,0.41190485493400075
0.6389286563632194,-0.4453139120107287,0.4346254457623786
0.6386360420138195,-0.4064047540087942,0.45732522559460875
0.6390025255553415,-0.3679105450167118,0.4288949872219874
0.6392773242814455,-0.32932468220559313,0.4075772678636227
0.6387370623397002,-0.2903350283362274,0.4494884972838591
0.6381979927355775,-0.25141133047159114,0.4913072302097419
0.6376713487127739,-0.2125571162375913,0.5321620392514816
0.6371455731516227,-0.1737669744958971,0.5729494767226058
0.680988710456136,-1.342520600613525,0.19054003520834328
0.6807710568502857,-1.30319030882769,0.2064598418076713
0.6807550977658563,-1.2642594672794476,0.207627134840223
0.6810103372698276,-1.2258186070856898,0.18895818826403854
0.6812657682424778,-1.187348910365461,0.17027523712162917
0.681560572091469,-1.1489163929541906,0.14871244130969785
0.6820669885091657,-1.1107948098577842,0.11167169761530715
0.6825741580463784,-1.0726165340728804,0.07457586860774512
0.6830820823843654,-1.034381439039182,0.03742483131498631
0.6796729028160949,-0.5631575480476215,0.2867819654513468
0.6783819893740057,-0.5233232489456616,0.3812030629298633
0.6775876027500741,-0.4839911448214815,0.43930677028029663
0.6768838827072985,-0.44480940863622476,0.49077886483759414
0.6765742367937595,-0.4059445420762557,0.5134272516564522
0.6762218934294768,-0.3670918850045731,0.5391986520154077
0.6766263078055696,-0.3286470637912767,0.5096186290783322
0.6769421728349174,-0.2901180740721075,0.48651535836032167
0.6763835029072185,-0.2512281582226812,0.5273780730720148
0.6758257543424713,-0.21240237993620525,0.5681733966649531
0.6752689248632748,-0.17364058067912783,0.608901495714754
0.7188176909846327,-1.3793528664840249,0.26558678592812157
0.7186547747705273,-1.3401940394369294,0.27685882668783535
0.718923849437992,-1.3018350787120396,0.2582417686146101
0.7191931256717647,-1.263447382936884,0.23961076433195672
0.7194626036984233,-1.225030919810829,0.22096579816314943
0.7199623774330914,-1.1869650006329346,0.18638685868339877
0.7204979283860966,-1.1489021020210728,0.14933252247548268
0.7210332695617984,-1.110780982838446,0.11229270058908725
0.7218722029418807,-1.073053274643336,0.054247580237444026
0.719330926198865,-0.5637999151288401,0.2300764575920482
0.7173453732328876,-0.5234682453321071,0.36745525740020923
0.7159965091558216,-0.4837814251052849,0.4607820692188298
0.7151594189699823,-0.4445585577380971,0.5186996604552832
0.714460972187049,-0.4055048761061629,0.5670246270582311
0.7140921269448411,-0.36669595707978325,0.5925447303028832
0.7137236623437575,-0.3279270881038886,0.618038497296773
0.7140467100692189,-0.2894783959740077,0.5956870871026894
0.7145134115001424,-0.2510452526892392,0.563396393503659
0.7139246494631093,-0.21224786875930274,0.6041323614713576
0.7133368569119736,-0.17351437060020977,0.6448012514958847
0.7127501838972207,-0.13484462938596067,0.6853926817058138
0.7567760407839563,-1.4553385399691467,0.3244445023864557
0.7565318344773289,-1.416072408124231,0.3404744548214893
0.7567299569277046,-1.3776365882530006,0.3274694939763094
0.7570138875167318,-1.3393322625296025,0.3088319989017023
0.7572983372236667,-1.300999707538094,0.29016042839521106
0.7577406223408859,-1.2629010372348097,0.2611283796751849
0.7583041558401816,-1.2249528671264471,0.2241374627983319
0.7588685281657165,-1.1869482107207359,0.18709148450681568
0.7595958916320511,-1.149132246315154,0.1393466005628028
0.7606899285106005,-1.1117775878231855,0.06753289776570881
0.7576576159885399,-0.5633864324017348,0.2665770017778968
0.7570152722169837,-0.5240874961502195,0.30874110575696534
0.7548852597584288,-0.48390080753745435,0.44855730816467343
0.7535249973871465,-0.4443865369206249,0.5378463253565329
0.7526426529635984,-0.405269120826553,0.595764318286875
0.7518807583910236,-0.3663008822930628,0.6457758594610112
0.7514932129956132,-0.3275739646391134,0.6712147366982109
0.7511060669030385,-0.28888694880886095,0.696627403287728
0.7513371830485974,-0.2504457276828658,0.6814567024510367
0.7519681551292537,-0.21209358221594338,0.640039047925903
0.7513494901389799,-0.17338834387822613,0.6806488524156791
0.7946446538880214,-1.5311445770037486,0.3831630743089036
0.7943885306550259,-1.4919004112301706,0.3991551591008218
0.7944282313211315,-1.4532223743679236,0.3966762882415438
0.7947258911249616,-1.414999757368834,0.37809070049020477
0.7950237740693228,-1.3767484868029738,0.35949118006179503
0.7954024653230222,-1.3386041489582567,0.3358460676356927
0.795996145322237,-1.300774188697314,0.29877726768472
0.7965878646102967,-1.2628831999919339,0.26183089262537607
0.7971802805222334,-1.224935552997578,0.22484102105079273
0.7983343597983674,-1.1877657548219613,0.15278143697998559
0.7959156134759181,-0.5629647022146738,0.30380559760121173
0.7952415680750925,-0.5236956667811584,0.34589233482349613
0.7945686633800173,-0.48449308742683983,0.38790784749160423
0.792317574523593,-0.4444708344888448,0.5284636395024904
0.7909667060619643,-0.4051292884707622,0.6128105483261308
0.790041921130867,-0.3661169878411335,0.6705532171946444
0.7891815079755203,-0.3272216008678987,0.7242765751870195
0.7887830256485647,-0.2885791557250847,0.7491574229188842
0.7888400158739861,-0.25012000503321513,0.7455990088437972
0.7891779595065515,-0.21173067206273333,0.7244981381275153
0.8324027677733848,-1.6067309238416498,0.44299801163104036
0.8321451569086614,-1.5675292490605017,0.458334844507597
0.8320161803530272,-1.5285878662299803,0.4660134487500045
0.8323329163567069,-1.49045661766201,0.44715660760070364
0.8326444609571112,-1.4522868505065893,0.4286088360417466
0.832945599936477,-1.414070437101461,0.41068056192136737
0.8335663642495706,-1.3763537642260353,0.37372343072323133
0.834188054519252,-1.3385808316704277,0.33671117280731977
0.834810672818858,-1.3007515134619416,0.2996436647377507
0.8358448712419632,-1.263486433272735,0.23807278187382508
0.8370504049226783,-1.2263761746541566,0.16630147437077625
0.8341166168701796,-0.562543764865935,0.34096420493814605
0.8334107475220371,-0.5233044228626744,0.38298805450197904
0.8327060718445131,-0.48413143711890294,0.42494083902433744
0.832002586812304,-0.445024639457744,0.4668227386163153
0.8298341782551656,-0.40526785449670877,0.5959186899250213
0.8282950941110941,-0.3659908555374602,0.6875478854790487
0.8273363401181744,-0.3270864600467201,0.7446271929645008
0.8272871167321942,-0.2885885290926259,0.7475577015251815
0.8276415172255002,-0.25021720288212795,0.7264585093655711
0.827996221491307,-0.21181298689312505,0.7053412321454431
0.8283512299203477,-0.1733758388205379,0.684205846602552
0.8697958212800607,-1.6429476624178925,0.5182821671787678
0.8695270468658641,-1.603794330885927,0.5335724449641788
0.8698237844494104,-1.5656828120089388,0.5166913735446457
0.8701546716366511,-1.527604867984343,0.497867569114959
0.8704858106633971,-1.4894979426907018,0.47902943781563323
0.8710234469586855,-1.4517057449311424,0.4484439063503345
0.8716720946136358,-1.4140458423732314,0.4115430619798275
0.8723217090791616,-1.3763298076582327,0.3745872168299158
0.8732169707172179,-1.3389326884330675,0.3236567769760441
0.8744817669361202,-1.3020061863271124,0.2517039254118316
0.8722605359940633,-0.5621234565295075,0.3780672856710652
0.8715229384847162,-0.5229137630908297,0.4200283884250382
0.8707865873699832,-0.4837703263166573,0.4619185851742955
0.8700566421807854,-0.44469561711462363,0.5034443559375461
0.8693388431636553,-0.40569146014303914,0.5442791444676089
0.8672486125915077,-0.3661716364275254,0.6631900392386783
0.8657311598713362,-0.32705399372917143,0.7495162384306511
0.8661020146061584,-0.28870067153538614,0.7284187246274314
0.8664731872044961,-0.25031447630352105,0.7073031279220032
0.8668446780751907,-0.2118953657517133,0.6861694250558159
0.867216487627785,-0.173443297525557,0.6650175927304502
0.907367060083179,-1.7182057095192114,0.5774537486608864
0.907075436350778,-1.6790545311173977,0.5933379349363435
0.907209480989,-1.6406979975332978,0.5860367801736146
0.9075541061465959,-1.6027019321312226,0.56726570775988
0.9078989932318616,-1.5646769883357616,0.5484803686475388
0.9083626309812894,-1.5268222946281247,0.5232269082531715
0.9090414857505223,-1.48928073197426,0.4862509889077131
0.9097197893027815,-1.4516805148448642,0.4493050932953082
0.9104534625435574,-1.4141085694825466,0.4093433167764431
0.9117699153607245,-1.3773545529917328,0.33763865269244775
0.9095782684978859,-0.52252368615836,0.45701346054068637
0.9088137589183766,-0.48341157389275347,0.49865483338204797
0.9080639127658345,-0.4443717019917914,0.5394975174353931
0.907315303014791,-0.40539619921937475,0.5802728570667028
0.9065679265578442,-0.36648490648083065,0.6209810215301843
0.9045394432894541,-0.32717384118980253,0.7314686208297303
0.9049470903225006,-0.28881290116675556,0.7092648675403908
0.9053350610093558,-0.2504118253855665,0.6881328471499799
0.9057233645019961,-0.21197780871323313,0.6669826994657484
0.9448715336032804,-1.7933276045939812,0.6352831423592278
0.9445512967892608,-1.7541666940371985,0.6520138820304595
0.9444840187598046,-1.7154913810127062,0.6555288158142929
0.9448436237436327,-1.6775794952182868,0.636741290128576
0.9452073821616943,-1.6396454588519187,0.6177367686951527
0.9455908678459581,-1.601715143494174,0.5977015982519802
0.9462964802104524,-1.5642860183070746,0.5608369522702361
0.9470031464358383,-1.526800991192474,0.5239172474337508
0.9477108688848568,-1.4892599368190607,0.48694236030136295
0.9489294635515495,-1.4524430564564532,0.42327700628639064
0.9475783770712757,-0.5221350241004988,0.49386438158233403
0.9467964713739513,-0.48305942417038333,0.5347149649527481
0.9460158550105027,-0.44404825847431756,0.5754981872063922
0.9452365247944605,-0.40510136776905453,0.6162142148200189
0.9444584775498469,-0.36621859333565493,0.6568632137222892
0.9438223790889527,-0.28892521808845495,0.6900961129036958
0.9442271738932386,-0.2505092502165735,0.6689476496593656
0.9819558124268664,-1.829133376089261,0.7096690232788632
0.9816235082942527,-1.7900193386542256,0.7263493875826086
0.9820105424810306,-1.752214889524976,0.7069217891874899
0.982384045835529,-1.7143564721443545,0.6881733855107015
0.9827578334188212,-1.6764692452438714,0.6694107146630941
0.9834354079375242,-1.6390590132292069,0.6353991309791809
0.9841727019928457,-1.6016928287334549,0.5983898607512756
0.9849070943911477,-1.5642642087388816,0.5615262423267069
0.9859728826948846,-1.5272913280959977,0.5080278490410848
0.9873944968072412,-1.4907720834148543,0.4366683955580868
0.9831026289206941,-0.4048069648496976,0.6521033326082915
1.0192641691657596,-1.903908542403966,0.7676174893519914
1.0189262568235125,-1.8648273002241642,0.7839392930529883
1.0190719297018187,-1.8266383645598636,0.7769030181763057
1.019458978707796,-1.7888619815061324,0.7582078209064633
1.0198463218320737,-1.7510568922022396,0.7394984171677663
1.0204096879489313,-1.7135181552349978,0.7122867707685998
1.0211873533322193,-1.6762886743377938,0.6747240654626196
1.0219662049541403,-1.6390024041717344,0.6371040625924707
1.0228912609022607,-1.601886314243163,0.5924221149096738
1.0243635868292844,-1.5655368025126801,0.5213059946609775
1.0564754940255698,-1.9784904706297035,0.8258679144462064
1.056125659437821,-1.9394307564221802,0.8421511243487032
1.0560177241295379,-1.900831903433168,0.8471750223342411
1.056422520554885,-1.863145172614979,0.8283335887180812
1.0568276274352137,-1.8254295382971872,0.8094777048336894
1.057268968788237,-1.78774571086011,0.7889352709475119
1.0580734710283182,-1.7506306520650354,0.7514893485001011
1.0588791985322388,-1.7134590667158045,0.7139863955903465
1.059686154101263,-1.6762308255783613,0.6764262818321285
1.061170921029056,-1.6399914234085413,0.6073171302839384
1.09323716850291,-2.0138579419790448,0.9002254146061404
1.0928592702088364,-1.97481587423702,0.9171976888662954
1.0932775918489681,-1.9372111715218556,0.8984099099410869
1.0936962338597245,-1.8995776693353108,0.8796077424404487
1.0941151966092793,-1.8619153345807034,0.8607911698288646
1.094841446762404,-1.8247357446040067,0.8281736190920341
1.0956770678643875,-1.7876836370418954,0.7906439695994436
1.0965110869405452,-1.750570331782274,0.7531862707404215
1.0977602026311124,-1.7140466321784034,0.6970856362167126
1.0993883892120015,-1.678013857218318,0.6239600634609843
1.1302623555239761,-2.088111809357854,0.9581079637054373
1.1298846891980872,-2.049112910918565,0.9744948415745185
1.1300253181925377,-2.0110620069528213,0.9683929733407339
1.1304597975719761,-1.9735145618629415,0.9495409867074756
1.130892293205501,-1.9359342646399254,0.9307750744731749
1.1314937009719161,-1.8986080745121983,0.9046800934219448
1.1323559516576152,-1.861669954420147,0.8672671823136469
1.1332195174955595,-1.824675494272511,0.8297972069723372
1.1342146865466531,-1.7878299296413347,0.7866169905180982
1.1358959296026159,-1.7519750778616618,0.7136681392763222
1.1671993127702842,-2.162188890869543,1.0158976935749564
1.166809763737145,-2.1232112094233293,1.0322459808673585
1.1666601717700598,-2.084687847916992,1.0385239388302807
1.16710809491438,-2.047222395997355,1.0197258527735613
1.1675563621386795,-2.0097281643370715,1.0009133266390222
1.1680288002051793,-1.9722453511661224,0.9810864176187053
1.168920788658706,-1.9354262238447428,0.9436521480936477
1.1698108528847577,-1.8985454825506725,0.9062986330331171
1.170702273606508,-1.861608533439857,0.8688881896285139
1.1722747716565434,-1.8256738247110103,0.8028948288401452
1.2036395638721684,-2.1971198388142756,1.0902018490039538
1.2032468392392057,-2.1582046481592103,1.1061601832957706
1.2036516641572563,-2.120719598753261,1.0897101548797394
1.2041133063677139,-2.083307149112394,1.0709513602960712
1.2045753028256747,-2.0458659905134473,1.052178170893221
1.205357754763589,-2.008929591272648,1.0203832984954389
1.2062803349760767,-1.9721726111513633,0.9828943247816468
1.2072043285552052,-1.9353593203821544,0.945347919026581
1.2085230688489375,-1.8991076796197588,0.8917610118527008
1.2103096875533508,-1.8634926935345242,0.8191619025940042
1.2403428168498376,-2.270781464694318,1.1495752132987036
1.2399448896119167,-2.23190080130145,1.1652474245152789
1.2400671777357877,-2.193965006763317,1.1604311537905119
1.2405549118340007,-2.156657000572955,1.1412219339224379
1.2410430297471469,-2.1193196354143584,1.1219975976508323
1.241678014267372,-2.0821985162329777,1.0969889765465837
1.2426269064279802,-2.0455550613506754,1.0596172237595454
1.2435772499873126,-2.008855557671813,1.0221883081919927
1.2446276547556294,-1.972256129843536,0.9808185203936759
1.2464773399362303,-1.9368340205162966,0.9079693809730784
1.2769570670715924,-2.3442644664150127,1.2088046014436387
1.2765478897921418,-2.3054073830574504,1.224438837792782
1.2763693587969651,-2.266984383534908,1.2312603205935773
1.2768706426770935,-2.2297591819883573,1.2121067872632878
1.2773723204624128,-2.1925047291519024,1.1929382032272144
1.2778656429230675,-2.155206233586666,1.174088867417126
1.2788530497801005,-2.1186968436655396,1.1363610830289943
1.2798363987942702,-2.0821219025160516,1.0987883445771374
1.28081441563374,-2.045479738400152,1.061419342949641
1.2824845682833976,-2.009863875668011,0.9976045551418267
1.3130391264985721,-2.37869406974379,1.2843454516471766
1.3126302808039667,-2.3399061527375062,1.2995142194470262
1.313078724208313,-2.3026452989739985,1.2828763192278032
1.31359630872475,-2.2654776918586266,1.2636731835455137
1.3141118701754486,-2.2282766494279347,1.2445451065340762
1.314948164207883,-2.191580273679805,1.2135173859104214
1.3159634035957226,-2.155128472555314,1.1758505332601459
1.3169802118779783,-2.1186203408471824,1.1381254723532663
1.3183603139135203,-2.0826271625590396,1.0869216866867788
1.3203155633885,-2.0474458736604277,1.0143790974701403
1.3494199389746027,-2.451762987714419,1.344858538380521
1.3490002870206914,-2.4130005134032086,1.3599896510849305
1.3491492626256585,-2.375262786312779,1.3546181363142864
1.3496910158561874,-2.338197111976212,1.335084498706479
1.3502332043453977,-2.3011016581097623,1.3155351672645281
1.3509251471233445,-2.264226655037718,1.2905862445667324
1.3519708431223518,-2.227895614722749,1.2528822761518157
1.3530138239257379,-2.191501264105068,1.2152762077480475
1.3540584151910684,-2.155050717135081,1.177612071984015
1.356110321772843,-2.1201161368561348,1.1036278346693251
1.385725371001967,-2.524677730729611,1.4046993182871859
1.385280077959868,-2.485913564558119,1.4203150742840833
1.3851137208567588,-2.44766671219893,1.4261489672150347
1.3856690974907537,-2.410684594264736,1.4066727455297325
1.386224919672178,-2.373672807657839,1.3871808991674541
1.3867644314616598,-2.336603083147728,1.3682610336732992
1.38784647331832,-2.3004030585139277,1.3303154562342527
1.3889302050493533,-2.2641464986420967,1.2923106174473347
1.3900044558425089,-2.227815360733884,1.2546382608654412
1.3917662465967018,-2.192508470666037,1.1928549138690911
1.3938384822621743,-2.157585595830489,1.1201847316278588
1.4214881757623337,-2.5586787163722007,1.479870267312343
1.4210279444341294,-2.519956221463189,1.4955794966483893
1.4215384263278552,-2.482953784652654,1.4781550480092065
1.422108534436228,-2.4460266792303123,1.4586953579100808
1.4226806871325381,-2.409072630211098,1.4391658792093622
1.4235952485666004,-2.3726587476110006,1.4079488489267078
1.4247051209690378,-2.336516398389222,1.3700652042568464
1.4258167252933218,-2.3003176501398928,1.332122443321282
1.4272853048920509,-2.264626017095387,1.2819949263513308
1.4294135317546717,-2.2298851095372876,1.2093514494405468
1.4576118608094235,-2.6312733591235045,1.5391381341282582
1.4571405100923323,-2.5925746738006428,1.5548090151120775
1.4572902933402254,-2.5549894753367592,1.5498292084288678
1.457873876075815,-2.518145785949135,1.5304269772196548
1.4584579263987463,-2.481272576080984,1.5110092002494753
1.4592243903009858,-2.4446746279068465,1.485526764019177
1.4603660002589758,-2.4086556108167523,1.4475719394418434
1.4615036109941182,-2.3725707970683736,1.4097500760397068
1.4626429954861224,-2.3364297200622475,1.371869240980864
1.4648471573876252,-2.3019026758948393,1.2985880141257127
1.493160844848182,-2.6650085965011856,1.6140283188437223
1.4929333949718127,-2.6268068595073664,1.6213988464830322
1.4935336696538835,-2.5900520600326837,1.6019469074184585
1.494131122690954,-2.5532620451047947,1.5825864039387056
1.494709768899753,-2.51641011726161,1.5638353369193965
1.4958825661991009,-2.4805141287605346,1.5258307662063473
1.4970572053725126,-2.4445617657348624,1.4877665094476882
1.4982336907623828,-2.4085528952762356,1.4496424259278484
1.5001399176297365,-2.373639110173634,1.3878710236439744
1.5023834318692655,-2.3391539508850587,1.3151698027174774
1.5300535107391402,-2.738984679718214,1.6427532408370524
1.5288853759889307,-2.6991433181039146,1.6796720675103387
1.529081284700849,-2.6617340881829596,1.6734803847632875
1.529696839923813,-2.6250353178939507,1.6540257999387507
1.5303128909488413,-2.5883069883949537,1.6345555453205733
1.5312793905101971,-2.552132317516995,1.6040093863443872
1.5324798841843348,-2.516294130821192,1.5660678578778118
1.5336822616633727,-2.4803997071345907,1.5280667918736484
1.5352710810902825,-2.4450613513660056,1.477852251961444
1.5375954068320625,-2.4107977366379254,1.4043920803693837
1.5685577136300073,-2.740251427425916,1.620388591652791
1.567359629037786,-2.700390686173535,1.657341562208039
1.56616337327358,-2.660590790741865,1.6942381255377725
1.5665594342514992,-2.6235151971199806,1.6820222688694173
1.5677876515278417,-2.5877940754134254,1.6441399046834348
1.5690164956804973,-2.5520147821309296,1.6062382055171938
1.5702275760718691,-2.516147802621188,1.5688844006748823
1.5725981571906424,-2.482052513156315,1.4957676818307917
1.607097548468328,-2.741519347387148,1.5980032461303537
1.6058694591108447,-2.7016392076805973,1.6349904079557405
1.604643245248515,-2.66181997152989,1.6719210842800152
1.6042379285740915,-2.6234008479035142,1.684128268827365
1.6054956317601463,-2.5876811947192944,1.6462492081650097
1.6074717663556868,-2.5530433936237378,1.5867326838757876
1.6098976795314754,-2.51901636914925,1.513669887052032
1.6456730647379254,-2.7427884412298758,1.5755971755277116
1.6444149155778802,-2.702888884225711,1.612618576099159
1.6431586887073582,-2.663050288594684,1.6495834127490028
1.6422252215276534,-2.623785124049929,1.6770509527495108
1.6446961777126246,-2.5899238660532133,1.6043423569618511
1.6829960479000563,-2.70413971741245,1.590226037930961
1.6817097529972953,-2.6642817435125687,1.6272250823249905
0.0,0.0,50.0
