-0.08319258261086591,-0.04991554956651955,7.405397703236652
-0.08319257317154989,-0.01663851463430998,7.405402536166456
-0.08319256373223599,0.016638512746447197,7.4054073690951725
-0.05022566057548374,-0.0837094342924729,7.140769642253872
-0.04991554984486248,-0.04991554984486248,7.40539746571735
-0.049915544181272795,-0.01663851472709093,7.405402298647218
-0.0499155385176844,0.016638512839228133,7.405407131575984
-0.04991553285409728,0.04991553285409728,7.4054119645036565
-0.049932740235224975,0.08322123372537496,7.39072833260802
-0.016638518595598815,-0.08319259297799407,7.405392395267036
-0.016638516707735137,-0.049915550123205414,7.405397228198048
-0.016638514819871886,-0.016638514819871886,7.4054020611279725
-0.016638512932009065,0.016638512932009065,7.405406894056796
-0.016638511044146674,0.04991553313244002,7.405411726984511
-0.01663850915628471,0.08319254578142354,7.405416559911146
0.016638518688379813,-0.08319259344189907,7.405392157747677
0.016638516800516114,-0.04991555040154834,7.405396990678746
0.016638514912652846,-0.016638514912652846,7.405401823608713
0.016638513024790004,0.016638513024790004,7.405406656537593
0.01663851113692759,0.04991553341078277,7.405411489465372
0.016638509249065604,0.08319254624532801,7.405416322392057
0.049915556343482444,-0.08319259390580407,7.405391920228318
0.049915550679891285,-0.049915550679891285,7.405396753159437
0.04991554501630141,-0.016638515005433802,7.405401586089468
0.04991553935271282,0.01663851311757094,7.405406419018398
0.04991553368912551,0.04991553368912551,7.405411251946234
0.049915528025539495,0.0831925467092325,7.405416084872961
0.08319258493039038,-0.049915550958234224,7.405396515640128
0.08319257549107381,-0.016638515098214762,7.405401348570209
0.08319256605175938,0.016638513210351875,7.405406181499195
0.08319255661244711,0.04991553396746826,7.405411014427081
0.5662678364257098,-1.1130091957332917,0.012218577592513213
0.56620194719962,-1.073831279171693,0.018035005826646966
0.6045991640437284,-1.1896951292473366,0.07181096929210895
0.6044064502035509,-1.1503219536132099,0.08772540254547323
0.6046347145990036,-1.1117477010368777,0.06887518150163885
0.6048614409967888,-1.0731412662846254,0.05015196929743837
0.6050883374944419,-1.0345058673292071,0.03141471013640995
0.6428396093598413,-1.2661992305572631,0.13123030420624815
0.6426339041749822,-1.226846544334057,0.14718803975895867
0.6427486928502193,-1.188111220117072,0.1382832213163212
0.6429893760980834,-1.1495870663571794,0.11961203602746906
0.6432302396656475,-1.111034050331573,0.10092686230127867
0.6435779376691281,-1.0726298961152134,0.07395392627370256
0.6440568496954697,-1.0343943343593907,0.036801963018106676
0.680988710456136,-1.342520600613525,0.19054003520834328
0.6807710568502857,-1.30319030882769,0.2064598418076713
0.6807550977658563,-1.2642594672794476,0.207627134840223
0.6810103372698276,-1.2258186070856898,0.18895818826403854
0.6812657682424778,-1.187348910365461,0.17027523712162917
0.681560572091469,-1.1489163929541906,0.14871244130969785
0.6820669885091657,-1.1107948098577842,0.11167169761530715
0.6825741580463784,-1.0726165340728804,0.07457586860774512
0.6830820823843654,-1.034381439039182,0.03742483131498631
0.7188176909846327,-1.3793528664840249,0.26558678592812157
0.7186547747705273,-1.3401940394369294,0.27685882668783535
0.718923849437992,-1.3018350787120396,0.2582417686146101
0.7191931256717647,-1.263447382936884,0.23961076433195672
0.7194626036984233,-1.225030919810829,0.22096579816314943
0.7199623774330914,-1.1869650006329346,0.18638685868339877
0.7204979283860966,-1.1489021020210728,0.14933252247548268
0.7210332695617984,-1.110780982838446,0.11229270058908725
0.7218722029418807,-1.073053274643336,0.054247580237444026
0.7567760407839563,-1.4553385399691467,0.3244445023864557
0.7565318344773289,-1.416072408124231,0.3404744548214893
0.7567299569277046,-1.3776365882530006,0.3274694939763094
0.7570138875167318,-1.3393322625296025,0.3088319989017023
0.7572983372236667,-1.300999707538094,0.29016042839521106
0.7577406223408859,-1.2629010372348097,0.2611283796751849
0.7583041558401816,-1.2249528671264471,0.2241374627983319
0.7588685281657165,-1.1869482107207359,0.18709148450681568
0.7595958916320511,-1.149132246315154,0.1393466005628028
0.7606899285106005,-1.1117775878231855,0.06753289776570881
0.7946446538880214,-1.5311445770037486,0.3831630743089036
0.7943885306550259,-1.4919004112301706,0.3991551591008218
0.7944282313211315,-1.4532223743679236,0.3966762882415438
0.7947258911249616,-1.414999757368834,0.37809070049020477
0.7950237740693228,-1.3767484868029738,0.35949118006179503
0.7954024653230222,-1.3386041489582567,0.3358460676356927
0.795996145322237,-1.300774188697314,0.29877726768472
0.7965878646102967,-1.2628831999919339,0.26183089262537607
0.7971802805222334,-1.224935552997578,0.22484102105079273
0.7983343597983674,-1.1877657548219613,0.15278143697998559
0.8324027677733848,-1.6067309238416498,0.44299801163104036
0.8321451569086614,-1.5675292490605017,0.458334844507597
0.8320161803530272,-1.5285878662299803,0.4660134487500045
0.8323329163567069,-1.49045661766201,0.44715660760070364
0.8326444609571112,-1.4522868505065893,0.4286088360417466
0.832945599936477,-1.414070437101461,0.41068056192136737
0.8335663642495706,-1.3763537642260353,0.37372343072323133
0.834188054519252,-1.3385808316704277,0.33671117280731977
0.834810672818858,-1.3007515134619416,0.2996436647377507
0.8358448712419632,-1.263486433272735,0.23807278187382508
0.8370504049226783,-1.2263761746541566,0.16630147437077625
0.8697958212800607,-1.6429476624178925,0.5182821671787678
0.8695270468658641,-1.603794330885927,0.5335724449641788
0.8698237844494104,-1.5656828120089388,0.5166913735446457
0.8701546716366511,-1.527604867984343,0.497867569114959
0.8704858106633971,-1.4894979426907018,0.47902943781563323
0.8710234469586855,-1.4517057449311424,0.4484439063503345
0.8716720946136358,-1.4140458423732314,0.4115430619798275
0.8723217090791616,-1.3763298076582327,0.3745872168299158
0.8732169707172179,-1.3389326884330675,0.3236567769760441
0.8744817669361202,-1.3020061863271124,0.2517039254118316
0.907367060083179,-1.7182057095192114,0.5774537486608864
0.907075436350778,-1.6790545311173977,0.5933379349363435
0.907209480989,-1.6406979975332978,0.5860367801736146
0.9075541061465959,-1.6027019321312226,0.56726570775988
0.9078989932318616,-1.5646769883357616,0.5484803686475388
0.9083626309812894,-1.5268222946281247,0.5232269082531715
0.9090414857505223,-1.48928073197426,0.4862509889077131
0.9097197893027815,-1.4516805148448642,0.4493050932953082
0.9104534625435574,-1.4141085694825466,0.4093433167764431
0.9117699153607245,-1.3773545529917328,0.33763865269244775
0.9448715336032804,-1.7933276045939812,0.6352831423592278
0.9445512967892608,-1.7541666940371985,0.6520138820304595
0.9444840187598046,-1.7154913810127062,0.6555288158142929
0.9448436237436327,-1.6775794952182868,0.636741290128576
0.9452073821616943,-1.6396454588519187,0.6177367686951527
0.9455908678459581,-1.601715143494174,0.5977015982519802
0.9462964802104524,-1.5642860183070746,0.5608369522702361
0.9470031464358383,-1.526800991192474,0.5239172474337508
0.9477108688848568,-1.4892599368190607,0.48694236030136295
0.9489294635515495,-1.4524430564564532,0.42327700628639064
0.9819558124268664,-1.829133376089261,0.7096690232788632
0.9816235082942527,-1.7900193386542256,0.7263493875826086
0.9820105424810306,-1.752214889524976,0.7069217891874899
0.982384045835529,-1.7143564721443545,0.6881733855107015
0.9827578334188212,-1.6764692452438714,0.6694107146630941
0.9834354079375242,-1.6390590132292069,0.6353991309791809
0.9841727019928457,-1.6016928287334549,0.5983898607512756
0.9849070943911477,-1.5642642087388816,0.5615262423267069
0.9859728826948846,-1.5272913280959977,0.5080278490410848
0.9873944968072412,-1.4907720834148543,0.4366683955580868
1.0192677966089556,-1.903915318194087,0.7674422770013862
1.0189274068550072,-1.8648294049987866,0.7838837443619155
1.0190719297018187,-1.8266383645598636,0.7769030181763057
1.019458978707796,-1.7888619815061324,0.7582078209064633
1.0198463218320737,-1.7510568922022396,0.7394984171677663
1.0204096879489313,-1.7135181552349978,0.7122867707685998
1.0211873533322193,-1.6762886743377938,0.6747240654626196
1.0219662049541403,-1.6390024041717344,0.6371040625924707
1.0228912609022607,-1.601886314243163,0.5924221149096738
1.0243635868292844,-1.5655368025126801,0.5213059946609775
1.0564870709388459,-1.9785121510309296,0.8253290617555393
1.0561346663161242,-1.9394472963259735,0.8417318951040329
1.0560228420750764,-1.9008411157351375,0.8469368052328079
1.0564256540849382,-1.8631506990225273,0.8281877371374264
1.0568287735113147,-1.82543151788318,0.8094243602006301
1.057268968788237,-1.78774571086011,0.7889352709475119
1.0580734710283182,-1.7506306520650354,0.7514893485001011
1.0588791985322388,-1.7134590667158045,0.7139863955903465
1.059686154101263,-1.6762308255783613,0.6764262818321285
1.061170921029056,-1.6399914234085413,0.6073171302839384
1.093254562351954,-2.013889983279915,0.8994442171754002
1.0928694892294484,-1.9748343401865471,0.9167387293440683
1.093285763901843,-1.9372256518260726,0.8980428844084543
1.0937023558136405,-1.8995883022026387,0.8793327915277231
1.0941192653276275,-1.8619222585399977,0.8606084344083058
1.094843533529457,-1.824739222549095,0.8280798976243844
1.0956773579375252,-1.7876841103191201,0.7906309417532498
1.0965110869405452,-1.750570331782274,0.7531862707404215
1.0977602026311124,-1.7140466321784034,0.6970856362167126
1.0993883892120015,-1.678013857218318,0.6239600634609843
1.1324782975511327,-2.0538165735249354,0.8619586147305114
1.131578677120888,-2.013826459282936,0.9009929927207949
1.1306804848407874,-1.9738998294678154,0.9399654035183715
1.1309015929184634,-1.935950184487539,0.9303715615039607
1.1314992585939057,-1.8986174000135025,0.904438949145792
1.1323596605050767,-1.8616760520168212,0.8671062560509029
1.1332213719262552,-1.8246784802202416,0.8297167435387536
1.1342157638970702,-1.7878316278377548,0.7865702444660982
1.1358959296026159,-1.7519750778616618,0.7136681392763222
1.1714321949184847,-2.0548072927258665,0.838255426371795
1.1705011816827746,-2.0147971160113336,0.877327457247489
1.1695716471452002,-1.9748504861632068,0.9163374312834023
1.1689281254929444,-1.935438371717826,0.9433442416075764
1.169816283735151,-1.8985542965537694,0.9060707153772753
1.1707057926589868,-1.861614129310192,0.8687405048031778
1.1722746405767508,-1.8256736205703494,0.8029003298937383
1.2104236915531994,-2.055798968193529,0.8145293591080858
1.2094612253380141,-2.0157687088966902,0.8536390973759325
1.2085002885132872,-1.975802058997914,0.8926866889838863
1.2075408774365346,-1.9358988670014285,0.9316722819439889
1.2085232021371715,-1.899107889072698,0.8917555956958907
1.2103082681100015,-1.8634905080423831,0.8192195815618462
1.2484588624200865,-2.0167412392939856,0.8299278800704428
1.2474664631485215,-1.976754549296888,0.8690131436889956
1.2464756403391115,-1.93683137960385,0.9080363189519147
0.0,0.0,50.0
