-3.025158596096693,-0.8523927535963058,7.213226486146219
-3.0246311830533092,-0.8188228064619456,7.2206860297432485
-3.024103953878654,-0.7852645626093743,7.228142972766001
-3.0235769084765916,-0.7517180159195945,7.235597316574179
-2.990105462713499,-0.8853384889598628,7.23648053325946
-2.9895844441845543,-0.8517810427564931,7.243931971438776
-2.989063607196373,-0.8182352891207948,7.2513808132809245
-2.988542951654089,-0.7847012219426938,7.258827060142636
-2.9880224774629034,-0.7511788351163723,7.266270713379711
-2.987502184528081,-0.7176681225402652,7.2737117743469994
-2.954575772872974,-0.8847034800128114,7.26715266353213
-2.9540613145009007,-0.8511702092629714,7.274593417388104
-2.953547035255281,-0.8176486142797105,7.282031580488599
-2.9530329350425766,-0.7841386889661079,7.289467154186461
-2.952519013769317,-0.7506404272294874,7.296900139833603
-2.952976767088317,-0.717389836072303,7.290279526858242
-2.9216783809634266,-0.8848511668060663,7.260019112763587
-2.9185890973564446,-0.8505602512295924,7.305210918671442
-2.9180813575991893,-0.817062780127773,7.312638425977575
-2.917573794471676,-0.7835769619438215,7.320063349442911
-2.9180938133868395,-0.7503669805851872,7.312456215598232
-2.921297619741874,-0.7178045579937176,7.265589105490307
-2.8949166195814535,-0.8868819701607921,7.161927479025891
-2.887486626026671,-0.8512243810830071,7.271874204460822
-2.8855442871405255,-0.8172928905773743,7.300616329018808
-2.886102222498772,-0.7840855748985103,7.292360175740711
-2.886660373658291,-0.7508654151134283,7.284100829102748
-2.889580697998706,-0.7182194798493893,7.240886781059615
-2.8972342595356926,-0.6866277724911178,7.12763176640825
-2.857005250081307,-0.8520892851119687,7.228459413987451
-2.855005486558156,-0.8181009873763136,7.258397394217084
-2.855005835161614,-0.7847092061555313,7.258392175358296
-2.855558411739824,-0.7514627399315326,7.250119683895036
-2.857827087562635,-0.7186348816677971,7.216155882103244
-2.8618161431364344,-0.6861664436759872,7.156436687548116
-2.8264618686768985,-0.8529559485356321,7.1849563087996415
-2.8244814732093446,-0.8189324981494549,7.2149551987223575
-2.823859942729074,-0.7853338302264289,7.224370098305151
-2.8244069262604166,-0.7520610158681582,7.2160844306114384
-2.826036724737104,-0.7190507642822217,7.191396359011918
-2.829118839729769,-0.6863542747273403,7.14470869995143
-2.7974604128889333,-0.8543142578283569,7.116774509007968
-2.7938953480438906,-0.8197657009230577,7.171424604836169
-2.792664426889653,-0.7859594494839144,7.190293815344241
-2.793205798841496,-0.7526602451968103,7.181994939914794
-2.794190916600428,-0.7194623318192719,7.166893733550324
-2.797237582020208,-0.6867469512744223,7.120190359450703
-2.770315606834424,-0.8562793693851856,7.018133615174996
-2.763253954689119,-0.8206026895743445,7.1276962181567
-2.7614031789845535,-0.7865815115895395,7.156411283633595
-2.7619522904401084,-0.753259715574575,7.147891736201956
-2.762501620323282,-0.7199246646903098,7.139368799832717
-2.765319823660386,-0.687140077394399,7.095643948057038
-2.7727684655702927,-0.6553816373166146,6.980077140242734
-2.7325504757353314,-0.8214415540554063,7.083869828942035
-2.7306511886968106,-0.787365680176381,7.113699122307757
-2.7306452805093064,-0.7538591265209741,7.11379191347347
-2.731188815946061,-0.7204976631023351,7.105255406000516
-2.7333655019303533,-0.687533653859782,7.071069417535561
-2.7371959975585667,-0.6549119257962215,7.010909486196745
-2.7017841590296174,-0.8222821353568401,7.039953744622231
-2.699904336111813,-0.7881708310388523,7.069844096607191
-2.6992884054153325,-0.7544594921968322,7.07963777724688
-2.6998261272409794,-0.7210715743562864,7.07108766623039
-2.7013745539663803,-0.6879276814448545,7.046466719540788
-2.704328306764302,-0.6550857389056383,6.999500215424767
-2.6727335997854107,-0.8236726188017932,6.96730807892672
-2.6690945364198755,-0.7889776302624789,7.025899287830931
-2.66788154592692,-0.7550608148849774,7.04542919765462
-2.668413434907163,-0.7216464006352705,7.036865450551339
-2.669346916760546,-0.6883221609256754,7.021835805616362
-2.672267325236534,-0.6554617967561309,6.974815392418073
-2.638221596118341,-0.7897860829144079,6.981864419981186
-2.636383517872154,-0.7556513267786429,7.011835632148319
-2.6369506192630188,-0.7222221441293618,7.002588628577527
-2.637476866052235,-0.6887678440009022,6.994007789211963
-2.6401642365580034,-0.6558369759602684,6.950188244659309
-2.6474601645875286,-0.6239237330556596,6.8312227939867896
-2.6072690926196382,-0.7905912732459548,6.938007244475649
-2.605440594374004,-0.7564182370763237,6.968206957435811
-2.605430496525968,-0.7227968474233332,6.968373734796913
-2.605935006784147,-0.6893118405041937,6.960041178274736
-2.6080309295667017,-0.6562142338909766,6.925424647156412
-2.611952858229207,-0.6234984242224558,6.860649567311164
-2.5762414922353054,-0.7913944453271853,6.894259999200116
-2.574432919688239,-0.7571861528494821,6.924521082340576
-2.57385365763292,-0.7233706358053305,6.934213310194281
-2.574352449141768,-0.6898591530379902,6.925867517627928
-2.5758606331325136,-0.6565919260926014,6.9006325436651395
-2.5786633284772114,-0.6235983212657308,6.853737771884575
-2.5467518173134605,-0.7926975855214082,6.823280448195632
-2.5433622230416315,-0.7579556293832677,6.880746417307442
-2.542226644702723,-0.7239453359087226,6.899998606364427
-2.542719698642629,-0.6904073353930318,6.891639546191186
-2.543653283349465,-0.6569700533154247,6.875811884936226
-2.546422530718576,-0.6239578386528961,6.828863055367194
-2.5183782641663948,-0.7943877746028225,6.731219085463287
-2.512228312103994,-0.7587266714408036,6.83688269136762
-2.510549338054194,-0.7245209499082574,6.865729493833975
-2.5110366355374167,-0.690956389644524,6.857357134390696
-2.511524122226191,-0.6573787970927615,6.848981524167449
-2.51414453653604,-0.6243177708176744,6.803959640723072
-2.521305286306111,-0.5922529196021067,6.680929309103057
-2.481030993761742,-0.759499283804615,6.792929632448576
-2.479285169390864,-0.7252330767605929,6.823333104485634
-2.479303139695587,-0.6915063178742793,6.823020152240119
-2.4797848488778973,-0.6579021027635238,6.8146312032148515
-2.481805503250491,-0.6246721334712121,6.779441576045869
-2.485675864932002,-0.591827586888572,6.7120393590073135
-2.4497248095578485,-0.7602594236558841,6.749686120909708
-2.44803058589425,-0.7259676909893293,6.779597931798065
-2.4474909652136203,-0.692049169474196,6.789125027952636
-2.4479638433089037,-0.658417861303774,6.7807762836497005
-2.4493953818110166,-0.6250181319103973,6.755502224577917
-2.4520338198348406,-0.591870232373927,6.708920146364193
-2.419945942355623,-0.7615214503916296,6.677890822165075
-2.4166746871675473,-0.7266923884489828,6.736453152804742
-2.415602532039728,-0.6925853413540479,6.755646978869201
-2.4160696106555806,-0.6589280756333402,6.747285291760235
-2.416949337315297,-0.625364513850811,6.731536338970912
-2.4195542695264045,-0.5921985974365326,6.68490258749933
-2.3852561238157324,-0.7274185342133085,6.693222149161173
-2.3836646488013544,-0.6931223446869186,6.722117014670445
-2.3841259093736293,-0.6594390813161102,6.713742354634817
-2.384587348496603,-0.6257427793927256,6.705364452827631
-2.3870386604023217,-0.5925273270502217,6.660858364326636
-2.393874354907603,-0.560268466042205,6.536749300968339
-2.3537747077984417,-0.7281461326282949,6.6499046621294156
-2.3521430899965368,-0.6937976020853094,6.6799546015026365
-2.3521326242833926,-0.659950880194621,6.680147351327442
-2.3525882246106384,-0.626228520220098,6.671756438825653
-2.354486932380463,-0.5928564218224188,6.636787432417371
-2.3582245192011557,-0.5598662527599866,6.567951301043465
-2.3222302503222103,-0.7288751880573361,6.606500431935345
-2.3206188882426466,-0.6944917840726169,6.636610555465872
-2.32008963984737,-0.6604634741171345,6.646500160516297
-2.320539382672887,-0.6267150157583709,6.6380962069883935
-2.3218990252451457,-0.5931858823618985,6.612689747243991
-2.324400910704793,-0.5598921901697677,6.565939186830143
-2.292278765692155,-0.7301332364797234,6.531602665393208
-2.289027553064076,-0.695186145745386,6.5932552900441905
-2.287995392265805,-0.6609764466545659,6.612828117033622
-2.2884363335498366,-0.6272010691951404,6.60446656379569
-2.2892689203312178,-0.5935141645303157,6.5886782514969084
-2.291736462885892,-0.5602022464832181,6.541886333423079
-2.257366353463735,-0.695879853323407,6.549940865660439
-2.2557999090502063,-0.6614751613004364,6.580091976176483
-2.256279283168144,-0.6276867178738446,6.5708649254853455
-2.2567145327789766,-0.5938722454681516,6.562487188615194
-2.2590358172770375,-0.5605126463920469,6.517806825344238
-2.2655827192154834,-0.5280681525990977,6.39179126923581
-2.225641903026135,-0.6965749467486377,6.506539910328961
-2.224095931409454,-0.6621354299615932,6.536751264059518
-2.2240723950817527,-0.6281731192215637,6.537211210616128
-2.2245017643229508,-0.5943325324526968,6.528820483459889
-2.2262989136748663,-0.5608233904677145,6.493700618262153
-2.229906477036005,-0.5276877922756958,6.423201670136088
-2.193854012023695,-0.6972714301780736,6.4630521644910175
-2.1923285982266183,-0.6627970180685124,6.4933239421694395
-2.191815553341455,-0.6286602749894096,6.503505298030035
-2.1922390234393574,-0.5947935334912985,6.495101550350739
-2.1935256917424355,-0.5611344792829486,6.469567667747015
-2.1958965294185835,-0.5276960652091169,6.422518485956793
-2.1634587116839197,-0.6984394266066197,6.390123607001307
-2.160497719402239,-0.663459929580215,6.449809750632035
-2.1595086416380824,-0.6291481869339295,6.469747066192987
-2.15992619375282,-0.5952552502468401,6.46133026765969
-2.1607160910088536,-0.5614459134117493,6.4454079292703526
-2.1630452606856543,-0.5279874258366558,6.398457737360033
-2.12859726838667,-0.664122347736641,6.406327943440999
-2.1271287001713293,-0.6296300952507135,6.436404220491177
-2.1275581445489014,-0.5957162804736924,6.427609199638503
-2.1279714238014718,-0.5617844558835885,6.419145240545859
-2.130142894990136,-0.5282754379575537,6.3746735106020225
-2.1362649596632557,-0.4956134706418754,6.249293626096517
-2.0966242678217837,-0.6647833044312972,6.362942068099464
-2.0951763198948825,-0.6302562913504931,6.393078220073988
-2.0951268133963015,-0.5961742964948826,6.394108599231444
-2.0955341058129653,-0.5622164674132346,6.385631618852102
-2.0972046138477536,-0.528563764465694,6.35086332154269
-2.1005177210709323,-0.49524401553704905,6.281907593970843
-2.0645875626644163,-0.6654455780488615,6.319469748587551
-2.063160320121212,-0.6308837342519409,6.349665954460306
-2.0626455742620964,-0.5966330173485404,6.360556445363905
-2.063046860918456,-0.5626491438868516,6.352066413626055
-2.0642303584197124,-0.5288524058761246,6.3270271276490675
-2.066459487009472,-0.49526714977912956,6.279865398807871
-2.034373221048241,-0.6667273581586672,6.235332387533639
-2.03108051065445,-0.6315124276824761,6.30616716575301
-2.030114311853857,-0.5970924446628991,6.3269526189422365
-2.0305095737593413,-0.5630824868408257,6.3184495056814
-2.0312200697386205,-0.5291413627050188,6.303164886295228
-2.033414750837159,-0.4955380485233413,6.25595157862918
-1.9989367005398284,-0.6321423753843901,6.262581595025978
-1.997532910523764,-0.5975525800712115,6.2932970005056745
-1.9979221286213567,-0.5635164978162801,6.284780775464334
-1.9983114984263388,-0.5294671491556966,6.276261231013443
-2.0003313910349547,-0.4958086353847324,6.232065290175349
-2.005839920505533,-0.4628861355012769,6.111536782101155
-1.966717121848684,-0.632769856594794,6.219166678846683
-1.965299949373835,-0.5981347672007324,6.250714170460711
-1.9652784677798616,-0.5639494733629168,6.251192369422206
-1.9656704465470145,-0.5298763812431083,6.242466581214288
-1.9671824683790493,-0.4960721007216733,6.208807660431596
-1.9699678916245773,-0.46251420064229204,6.146801716878976
-1.9344365656195919,-0.6333995834329637,6.175596389503049
-1.9331174509557831,-0.5987531927739151,6.205480757107921
-1.9325708844936602,-0.5643791078609803,6.217863147754251
-1.9329566333776664,-0.5302801383602448,6.209124057992689
-1.9339982973034051,-0.4963358462106084,6.185525300029056
-1.9360898022467148,-0.462605527970454,6.1381425331717665
-1.9043935075618739,-0.634797835853958,6.0788524382126425
-1.9007933452030052,-0.5993492529919385,6.161883209732494
-1.8998134278750258,-0.564809397476359,6.18448310486427
-1.9001929274120002,-0.5306845112592072,6.175730683110622
-1.9007788215567807,-0.49659987229861835,6.16221816950128
-1.9028354962488219,-0.46285187746592965,6.114784951378525
-1.8684048178711012,-0.5999465011512711,6.1181987729355995
-1.8671290634643942,-0.5652776063699543,6.148161445239914
-1.867379214423459,-0.5310895013497912,6.142286340146278
-1.8677525943360498,-0.4969250021628022,6.133517050456078
-1.8695457538115277,-0.46309848947624993,6.091402479288895
-1.8742216781963412,-0.42986735738448195,5.981582603829047
-1.8359516761807437,-0.6005449408067853,6.074427186703701
-1.834696831319103,-0.5658410788180411,6.104449643206507
-1.8345153798365343,-0.5314951100460987,6.108790912322171
-1.8348824688692442,-0.4973045943664307,6.100008221446117
-1.8362205182619897,-0.46334536442124974,6.06799507709632
-1.8381978215285395,-0.4294854723197522,6.020687634457374
-1.803823299137467,-0.6012744330458223,6.021070040076999
-1.8022043112163844,-0.5664070692394351,6.060542507486247
-1.80160130872543,-0.5319013387665554,6.075244282503803
-1.8019602780162742,-0.49768426726163767,6.0664922693175
-1.8028089049721059,-0.46357943270711294,6.045801935918185
-1.8047486836602824,-0.4297020675381625,5.998508284092161
-1.773727049338098,-0.6027227837556645,5.915133531014263
-1.769617292854575,-0.5669647637301066,6.017278934876579
-1.7685887562096323,-0.5322937033252291,6.04284256411011
-1.7689511681152303,-0.4980542123819581,6.0338350449030145
-1.7693610408937333,-0.4638130883896194,6.023647915650905
-1.771265791081592,-0.4299188813304835,5.9763065517584835
-1.736966039728467,-0.5675235575350437,5.973930082129947
-1.7358093424406642,-0.532773164511491,6.003248350018808
-1.7358929481902423,-0.4984247078962082,6.0011292339899
-1.7362489978295133,-0.4641457716969986,5.992104609469763
-1.7377490926720638,-0.43013591402773854,5.954082403559575
-1.7412063802261757,-0.3965123440119014,5.8664521447622775
-1.7042503617236004,-0.5680834539078667,5.930495696844275
-1.7031143318656439,-0.5332984271498481,5.959871822464159
-1.7027855085629566,-0.49879575503359336,5.968374728069001
-1.703135027578746,-0.4644913711578398,5.959336660590004
-1.7041985372080122,-0.43035316596161927,5.931835805530191
-1.7060369730856497,-0.3963520240502014,5.884296453542795
-1.672821055833378,-0.5691040705412523,5.851320588314977
-1.670354789453277,-0.5338247265263051,5.916409680408357
-1.669628739228181,-0.49916735502698195,5.935571418307802
-1.6699717077548213,-0.46483748566371313,5.926519877810904
-1.670614073362213,-0.4305706374644879,5.909566723636438
-1.6724128094610178,-0.3965514909031279,5.8620949255648895
-1.6375266883553108,-0.5343508140948908,5.872965029583206
-1.6364225298526647,-0.4995395091129187,5.9027191955492455
-1.6367573634100903,-0.46518367170602565,5.893696312317573
-1.6370946012582441,-0.4308143687521695,5.884608639777845
-1.6387240517891215,-0.3967437178015768,5.840699235998407
-1.643335011632266,-0.3632635288871325,5.716446002330514
-1.6046185346854964,-0.5348728448951655,5.829855389302466
-1.603561719278859,-0.5000353748288915,5.8589462220013075
-1.6034719424205588,-0.4655241123156461,5.861417498960961
-1.6038021767872999,-0.43112961741594086,5.852327176607659
-1.605016292459262,-0.3969395131888497,5.818906358110645
-1.607249040678885,-0.36292720273394175,5.757445761957577
-1.5716446000632014,-0.5353954132083433,5.786701360859389
-1.5706084582649693,-0.5005235746119133,5.815849965293168
-1.5701371978840644,-0.46586488288867844,5.8291074001845615
-1.570460622200937,-0.4314452258793783,5.820008869951664
-1.5712684648249318,-0.3971337878128948,5.797282747782141
-1.5729546318040075,-0.36298953041630944,5.749847720678467
-1.5826410142266376,0.4347914874249004,5.477351687690195
-1.5821870477236366,0.4694401130608592,5.490122613488907
-1.540899912845117,-0.5367179471707711,5.677485652994385
-1.537590819848769,-0.5010127390518462,5.772668552664619
-1.5367534368090514,-0.46620609880724034,5.796755076054247
-1.5370702164788497,-0.43176129676372177,5.787643211394887
-1.537487586527916,-0.39732825269822547,5.775637960545339
-1.5391383111958759,-0.36316746668666733,5.7281564420062665
-1.548969741488434,0.3654872423736754,5.44536473920909
-1.5485202475271256,0.40017938981038076,5.458294003714144
-1.5480710143665304,0.43485140852992427,5.4712157665357495
-1.54762051839849,0.4695028538961711,5.484173852807487
-1.5471852385615528,0.5041390103178093,5.4966942616002825
-1.546750203507183,0.5387556888620525,5.509207629456306
-1.5445887471338415,0.676842259979998,5.571379857723208
-1.5453586980266318,0.7119068159448528,5.549232955638459
-1.5045085816599328,-0.501502860553311,5.729402654604279
-1.5035154161907316,-0.4666082326109167,5.758626833927899
-1.503630852179302,-0.43207783108600634,5.75523009679295
-1.503941095335639,-0.3975936229048241,5.746101102767405
-1.505288821030523,-0.3633455774901263,5.706443886917938
-1.5086200020648828,-0.3294687360831353,5.608422927745977
-1.5152500522406371,0.2960833435412739,5.4133317961375695
-1.5148100273210938,0.33082058067931935,5.426279655839075
-1.5143702578916838,0.36553764845661335,5.439219997669994
-1.513930743729955,0.4002345644343559,5.45215282817604
-1.5134914846137137,0.434911346153366,5.46507815389532
-1.5130524802703547,0.469568011118386,5.477995982849329
-1.5126191361704677,0.5042063787234893,5.490747257512673
-1.5121937635378855,0.5388276628698213,5.503263969459923
-1.5117686300811843,0.5734294803756216,5.51577364358814
-1.5095344954206888,0.6072839924106219,5.5815136979659385
-1.508717135715952,0.6416383220860944,5.6055647421513015
-1.5079006606751222,0.675955468578503,5.629589754846982
-1.5095775623912802,0.7114101156096837,5.580246439980726
-1.5125369207677146,0.7475757194599049,5.4931664693638
-1.4713615539263907,-0.5019939419278274,5.686052022922823
-1.4703893192052409,-0.4670648425710765,5.715333445112748
-1.4701424215452539,-0.43239482986625116,5.722769421695887
-1.4704459776459184,-0.3978853821865427,5.713627026193514
-1.4714061124812574,-0.3635238630836048,5.684710024093889
-1.4729863114499575,-0.32925576373587284,5.6371181492718705
-1.4810513138239767,0.26136199655717235,5.394219254242586
-1.4806210358240621,0.2961242071648124,5.40717821518119
-1.4801910077619906,0.330866225264445,5.420129648580044
-1.479761229420052,0.365588068444954,5.433073560996085
-1.4793317005807884,0.40028975427480157,5.446009958978607
-1.4789024210269934,0.4349713003020569,5.458938849069369
-1.4784733904891854,0.46963272403774126,5.471860239384533
-1.4763927386258773,0.5037104637664758,5.534524577855933
-1.4755924787931087,0.5381572569716043,5.558626521054613
-1.4747930860316036,0.572566727518152,5.582702350106999
-1.4739945589329346,0.6069389360312084,5.606752107431618
-1.4731968960917223,0.6412739430046321,5.6307758353551804
-1.4726654217826527,0.6756935464649819,5.646782591016574
-1.4738463212375152,0.7109141078910368,5.6112166780230694
-1.4767336140771312,0.7470534753566663,5.524258211324053
-1.4392160430179568,-0.5028586174400089,5.609722046675067
-1.4371983261426378,-0.4675223470584485,5.671955241865625
-1.4366048165032048,-0.4327122941274713,5.690261081346939
-1.4368825848004754,-0.3981722825350715,5.681693770009431
-1.4374803814596855,-0.36369985555004086,5.66325570437597
-1.439019835638939,-0.32941417924264865,5.615773744148392
-1.4468473614968944,0.2266146469814413,5.3743464405777175
-1.4464065676149385,0.26139877727980815,5.387942010912745
-1.4459824595153337,0.29616508206940567,5.4010229354306745
-1.44556243384666,0.3309118824468258,5.413977944006632
-1.4451426521233117,0.3656385023444524,5.426925428485809
-1.4447231141328298,0.4003449593380131,5.439865395421151
-1.4425256809336031,0.4344956870281937,5.507641648312969
-1.4416718752811963,0.46897759798303973,5.53397589494142
-1.440834077707139,0.5034239548615305,5.559816398430414
-1.4400535359740285,0.5378513206649986,5.583890938632372
-1.4394313287116194,0.5723040222588366,5.603081909617522
-1.4390089255622924,0.6068109927069908,5.616110247717245
-1.438586770249835,0.6412977168583602,5.629130941691834
-1.4381648625561902,0.6757642125264026,5.642143998266903
-1.4381648702761043,0.7104187913412081,5.64214376015871
-1.4409802956680466,0.7465319604063374,5.555306543250609
-1.4039330478902314,-0.4679776826300771,5.62878268396306
-1.4030062139600437,-0.43302660924692704,5.658075213114671
-1.4032963028858028,-0.3984668514367094,5.6489069705227735
-1.4035865117953323,-0.36389279935434543,5.639734935851223
-1.4050206593731285,-0.3295727472603635,5.594408790182605
-1.4121880170998264,0.22664745953454005,5.367884891659806
-1.4117577201939844,0.2614366148507378,5.381484398807409
-1.411334319355165,0.296205968259726,5.394865956182436
-1.4109243016192572,0.3309575522316776,5.407824541416069
-1.4086946040649804,0.3652171195724023,5.478293994983332
-1.4078602727877796,0.3997627935076411,5.50466298349734
-1.4070269292287627,0.4342675707496181,5.531000755239106
-1.4061945716350106,0.46873152387833683,5.557307365609546
-1.405718642598393,0.503281983152511,5.572349073433507
-1.405305847016626,0.5378331019446346,5.585395452314039
-1.4048932938022334,0.572363934512021,5.598434171188671
-1.4044809827418239,0.606874498715603,5.611465236801614
-1.404068913622256,0.6413648123953515,5.624488655889195
-1.403805640426331,0.6759064194645298,5.632809388994971
-1.4037255568545448,0.7105277510004486,5.635340425337844
-1.4052768609236537,0.7460111730829273,5.58631155599317
-1.3706013636122922,-0.4684333774371125,5.585576065221929
-1.3697013514596088,-0.43344979476569895,5.614741015992422
-1.3696412886960807,-0.39875632455708676,5.616687353645993
-1.3699247433888035,-0.36415721026790976,5.607501986388144
-1.3709887354073511,-0.3297314680093629,5.57302325768584
-1.3731010125159717,-0.2954774330730572,5.504574784292565
-1.3775186342847958,0.22668028159116893,5.361421471277502
-1.3770988404535618,0.26147446337725855,5.375024916947872
-1.3748188670305206,0.29584709796859304,5.448907600023631
-1.3740040622897176,0.3304566732089194,5.4753113992192795
-1.3731902227866506,0.36502524909518563,5.501683919824991
-1.372376353423398,0.39955260922453356,5.5280574080519145
-1.371972894377236,0.4341686374611507,5.541131523978173
-1.3715696724837494,0.46876431844381306,5.554197954956983
-1.3711666875339008,0.5033396701073813,5.567256707762205
-1.3707504778194135,0.5378894280050863,5.580744009902553
-1.3704021158116977,0.5724464534403294,5.592032702810812
-1.370323865979585,0.6071055102441201,5.594568393572935
-1.3702456250830786,0.6417606092161254,5.597103794776189
-1.3701673931206473,0.6764117510342437,5.599638906470162
-1.3700891700907618,0.7110589363762181,5.602173728704429
-1.371141823244812,0.7463177012598344,5.568062436623812
-1.3372047023885374,-0.4688899605777988,5.542285219290186
-1.3363257650121907,-0.43387200162733464,5.5715070333609304
-1.335937340425698,-0.39904621856871497,5.584420889743029
-1.3362140209444735,-0.3644220057121291,5.575222160807115
-1.3369240164053762,-0.3298903417104175,5.551617116912169
-1.3383593898355481,-0.2954819432104457,5.503895610662298
-1.3432487429885094,0.19189267756978703,5.341340492849561
-1.3410122517015324,0.22640466587168726,5.415696566806197
-1.340149263918523,0.2610680384256863,5.444388108682865
-1.3393088722291928,0.2956915691934581,5.47232840380866
-1.3385941271021915,0.330302446947294,5.496091358680388
-1.338200316767055,0.3649637227546514,5.509184273718688
-1.3378067380793828,0.39960461007565984,5.522269487230908
-1.3374133908348453,0.43422512689443027,5.5353470060103405
-1.3370202748293523,0.46882529117392874,5.548416836842314
-1.3367939107278444,0.5034678365078894,5.555942708269072
-1.336784324480182,0.5381858968686447,5.556261419879661
-1.3367079327391436,0.5728748283167758,5.558801197244058
-1.3366315497285557,0.6075597953311617,5.561340684349311
-1.3372179948368625,0.6425592962203105,5.541843288540676
-1.3377671644242546,0.677570381981116,5.523585182778028
-1.3056206535950667,-0.470023435294224,5.4348150239550534
-1.302885095406088,-0.43429503180202933,5.528188743472192
-1.3021843512724565,-0.39933653439022,5.5521074765668175
-1.3024542375944421,-0.36468718652644383,5.54289535677637
-1.302826454939697,-0.3300493685847232,5.530190338058347
-1.3041852547132988,-0.29561532440168103,5.4838099724527325
-1.3072371133360732,0.1568684536003288,5.379639864795365
-1.3063951811146974,0.19160462656348895,5.40837781795166
-1.3055543326961205,0.22629608433399423,5.437078777305757
-1.304751784569975,0.260950356913995,5.464472420011525
-1.3043791676619765,0.2956592780033813,5.477191077137874
-1.3039952603404847,0.3303454659529228,5.490295113711454
-1.3036115789371452,0.36501124210240066,5.503391438945442
-1.3032281232525975,0.39965662446412986,5.516480059644671
-1.3030827505017641,0.43436091683392136,5.521442116206451
-1.303070887017701,0.46910551932637234,5.521847056462477
-1.3030590237496502,0.503849489183198,5.522251989345271
-1.3030471606976062,0.5385928264216773,5.522656914855041
-1.304298962163224,0.5738915433518186,5.479928758161954
-1.303927116668126,0.6084993211117922,5.492621084394628
-1.3035604469937832,0.6430898205169331,5.505136742612201
-1.2693791520850288,-0.4347188877003524,5.484785899483917
-1.268543717671015,-0.3996781576223746,5.51408332550961
-1.2686452861595212,-0.364952753552739,5.5105214716661095
-1.2689057996624218,-0.3302631533367947,5.501385655673978
-1.2700585014447103,-0.2957670482816449,5.460962141117001
-1.2730402209121334,-0.2615836070367397,5.356397732396417
-1.2734073007605715,0.08721967813428572,5.343524795245713
-1.272586493404654,0.12202884183332299,5.372309272384733
-1.271766743512014,0.1567931601590154,5.401056665880063
-1.2709480490404381,0.1915127197184222,5.429767047349017
-1.2705376405731184,0.22626012777329507,5.444159453874207
-1.2701586941977507,0.26099151250638714,5.457448532243262
-1.269779973801581,0.2957021856798202,5.470729685862366
-1.269387380005096,0.3303884961657099,5.484497358725399
-1.2693192116854277,0.3651466225396436,5.486887918976784
-1.2693076466127504,0.39991884756292134,5.487293488648753
-1.2692960817508159,0.4346904389557588,5.487699050930296
-1.2695096029906723,0.4695446476814816,5.480211182792857
-1.2704296788113005,0.504691242267503,5.447945510179046
-1.270061035403376,0.53934098763705,5.4608732790049
-1.2696926058735458,0.5739706300524249,5.473793547448253
-1.2693253404744165,0.6085806426932134,5.486672991582104
-1.2689683532730214,0.6431757407000245,5.499191994809117
-1.2358031097844495,-0.435141940064947,5.4414653373494275
-1.2349865557173003,-0.40006606734504097,5.470907286812832
-1.234784991215582,-0.3652180959933411,5.4781749646212745
-1.2350376134374663,-0.3305030233142515,5.469066332395585
-1.235859551212691,-0.2959100333889542,5.439430266133954
-1.237184507839375,-0.26137700869845953,5.3916571821295705
-1.2398083058827263,0.017462088815249664,5.297052632960856
-1.238730514975839,0.0523407259848946,5.335913826223269
-1.2379244862361831,0.08717778072085797,5.364976270920721
-1.2371269332937755,0.12197026102896377,5.393733109407535
-1.2366613926712304,0.15675989484564895,5.410518799459858
-1.2362922717128326,0.19153823927945296,5.423827949509132
-1.2359233710404836,0.22629582850037025,5.437129156850169
-1.2355546904570467,0.2610326810824746,5.450422428590997
-1.2354512066966115,0.2958122607583436,5.45415367403767
-1.2354915462214096,0.33062449828460255,5.452699178495656
-1.2354806408776902,0.36542385152720414,5.453092385255118
-1.2360577392225125,0.40041307045236324,5.432284332258703
-1.2365116970442602,0.43539144262121837,5.415916275587243
-1.2361526378190772,0.47008621438190257,5.4288626363825685
-1.2357937870611513,0.5047608426024421,5.441801480612007
-1.235435144588984,0.5394153448205423,5.454732814819728
-1.235076710221286,0.5740497385535555,5.4676566455423625
-1.2347184837769798,0.6086640412985111,5.480572979308903
-1.2343670149457353,0.6432616838449606,5.493245658294619
-1.2030509884436784,-0.4358880392911878,5.365064776582365
-1.2013644251729627,-0.4004548083909875,5.427638718220521
-1.2008743314812327,-0.36548349218994036,5.44582190446441
-1.2011201945584777,-0.3307432419798707,5.43670002797532
-1.2016275188254755,-0.29605315681207367,5.417877562417139
-1.2029163992850005,-0.2615035650619566,5.370058229426071
-1.2061835786238428,-0.05244276428799317,5.248841140912496
-1.2048289148479514,-0.017461288620984804,5.299101130278906
-1.204040120171526,0.017449856814080088,5.328366555954972
-1.2032523576581766,0.05231531989818159,5.357593686885039
-1.202733951470211,0.08715463416450804,5.376827307771883
-1.2023746860641888,0.12198004061520758,5.390156575009804
-1.20201563522447,0.15678464807275694,5.403477881526911
-1.2016567987588915,0.191568475164461,5.416791234452717
-1.201496023171477,0.22636881595984354,5.422756241753888
-1.2015352816555185,0.26120332209902575,5.421299695099606
-1.2015745427051594,0.2960401047244596,5.41984305325785
-1.2021685828582336,0.3310319286131368,5.397803302651042
-1.202553586354251,0.3659945697599894,5.383519114972721
-1.202195464642517,0.4007318215475057,5.396805949495018
-1.2018462206400131,0.4354515292173961,5.409763408138637
-1.201497179453625,0.4701510702209838,5.422713342010425
-1.2011483409460426,0.5048304621367425,5.435655756204795
-1.2007997049407817,0.5394897225096266,5.448590657269548
-1.2004512712615631,0.5741288688642258,5.461518051744903
-1.2001030397323125,0.6087479187047962,5.4744379461634765
-1.1676768903570551,-0.40084430564495926,5.384285980387141
-1.166904361116135,-0.36574614303640046,5.413803515562613
-1.1671534355964421,-0.33098381009451344,5.404286639897137
-1.1673926175812794,-0.2962040969982351,5.395147746148133
-1.1686150900439756,-0.261630244039696,5.3484383505585456
-1.1724862454816591,-0.12249856296077037,5.200525545775406
-1.1708713843797012,-0.08737846152087322,5.262227701312909
-1.1701041895889057,-0.05239272490696592,5.29154141272241
-1.1693379995240678,-0.01745280596304579,5.320816734602779
-1.1687920661267683,0.017444657703384603,5.341676279335417
-1.1684264050536148,0.052317600226281256,5.35564780690666
-1.168060972705837,0.08716872930640575,5.369610595120257
-1.167707688265255,0.12199931071428038,5.383109224491747
-1.167492940341649,0.15682740989663943,5.391314518289228
-1.167531114693702,0.19168421286016005,5.3898559161809345
-1.167569291542265,0.22654329537387233,5.3883972186836075
-1.1678527069449398,0.2614595612563298,5.3775682122530455
-1.16857820949242,0.2965049188264349,5.349847517901566
-1.1682219971942631,0.33128683502523876,5.363458017652043
-1.167866001995028,0.3660475528641132,5.377060222279525
-1.1675103894579855,0.40078714861990544,5.39064780578444
-1.1671711748332723,0.43551163240047475,5.403608842191389
-1.1668321572298925,0.4702159439583149,5.4165623506190315
-1.1664933365120493,0.5049001008783497,5.429508336256021
-1.1661547125082798,0.5395641207127863,5.4424468056537805
-1.1339237602398877,-0.40123456131565255,5.340848827475192
-1.1331728320049543,-0.3661019918785237,5.3704238471894925
-1.1331372288095614,-0.33122472842125644,5.371826065346504
-1.1333696089916154,-0.29641974389011483,5.362673861253299
-1.134280531843145,-0.26175704580995657,5.326797515100743
-1.1361955554913268,-0.22723911109826533,5.251375045264673
-1.138786424083111,-0.19271770253714185,5.149334682265163
-1.136840471375048,-0.15740868065192973,5.225975281228877
-1.136112262551858,-0.12235055135173854,5.2546555056499
-1.1353677172051126,-0.08733597824654712,5.283979137767872
-1.1347958503008155,-0.05237519309080687,5.306501895844804
-1.1344405455318094,-0.017452931469720146,5.320495437516428
-1.1340854631851272,0.017447468664386574,5.3344802191703735
-1.1337306030519783,0.052326027833168226,5.3484562490297805
-1.1334661478174344,0.08718970367826417,5.358871716728743
-1.1334824014625418,0.12206733554211988,5.358231573167586
-1.1335160334460146,0.15694837386175586,5.356906990433885
-1.1335531254194606,0.19183206737867795,5.355446137325856
-1.1335138416125041,0.3313348152405781,5.356993314953684
-1.1331683731043227,0.36610055131062735,5.370599459275901
-1.1328231151134236,0.4008451022709037,5.384197312455932
-1.132486555661041,0.4355717521773235,5.397452577042074
-1.1321575671883293,0.470280835601306,5.410409661505803
-1.100087885106913,-0.40161938662633323,5.298016097242908
-1.099375601501219,-0.36645853383373966,5.326959685029834
-1.099071466142115,-0.33146599772539975,5.339318201209295
-1.0992970244401052,-0.2966357050076474,5.330152657671917
-1.0998980465918422,-0.26188048728377195,5.305730170236259
-1.101070994003007,-0.22720512574665225,5.258067545274635
-1.10203064539651,-0.19241804919621605,5.219072187062444
-1.1013277246198594,-0.15733253208855133,5.2476353170342875
-1.1007424657754545,-0.12230471841949495,5.271417263727564
-1.100401123807917,-0.08733342252443785,5.285287667487822
-1.1000564245472628,-0.052383639264155374,5.299294494587414
-1.0997119411721978,-0.017455745097971397,5.313292549193228
-1.0994179803407742,0.017451079053028163,5.3252376242479045
-1.0994337576212962,0.05235398845815696,5.324596515706062
-1.0994495353546505,0.08725789963132147,5.323955388763409
-1.099465313540857,0.12216281261565078,5.323314243419148
-1.0677856682259739,-0.4026077109704492,5.1880113006804365
-1.0655038052611014,-0.36681278541775625,5.283774730025904
-1.0649407036150236,-0.3317028421095975,5.307406536812124
-1.0651604780123127,-0.2968480020690052,5.298183217843928
-1.0654762706418124,-0.2620023616332326,5.284930281261637
-1.066613039515263,-0.22731097563440034,5.237223259687319
-1.0665883143513457,-0.19233559766991482,5.238260905910735
-1.0662755502617458,-0.1573193434812412,5.2513867431136205
-1.065962969546927,-0.12232361945620475,5.2645048845879785
-1.0656396567433086,-0.08734751284781218,5.278073421920162
-1.0653057926283778,-0.05239208816205136,5.292084768382836
-1.0653337676238417,-0.017464487993833468,5.290910735786319
-1.0653490675234767,0.017464738811860274,5.290268641637695
-1.0653643678625804,0.052394968911274445,5.289626529045805
-1.0667281487988558,0.08743673350810294,5.232392443851296
-1.0315619872304451,-0.36716613104812457,5.2407002150857664
-1.030888928849609,-0.33198118047699277,5.269904104152559
-1.0309723342489707,-0.29705982512258483,5.26628515801076
-1.0311852943149624,-0.26216575279193954,5.257044856842313
-1.0320805314053971,-0.22740757471644346,5.2182006712234426
-1.0317777507123223,-0.19236534335314484,5.231338274177197
-1.0314751476202353,-0.15734366658613758,5.244468171054201
-1.0311727219729199,-0.12234252633577017,5.257590368632627
-1.0311747562747662,-0.08738769120972595,5.257502100620314
-1.0311971358408554,-0.052433752669874004,5.256531055040853
-1.031211956872015,-0.017478168760542628,5.255887973010871
-1.0323583605830782,0.01749759933191658,5.206145710293555
-0.9975547147904558,-0.3675201580806942,5.19754263397251
-0.9969032178056857,-0.33230107260189523,5.22680284942885
-0.9967353640947807,-0.2972719506949346,5.234341542409851
-0.9969413991434807,-0.2623529997746002,5.225088038468236
-0.9972490255981764,-0.2274427602241455,5.211271832783652
-0.9969564181446535,-0.19239509823844192,5.224413500871698
-0.9969107503588617,-0.15740696058297815,5.226464545286213
-0.9969478206984415,-0.12243218850682615,5.2247996317892955
-0.9969848937950613,-0.08745481524518081,5.223134594467425
-0.9979155055356836,-0.0525218687124044,5.181338698748242
-0.9643057148691725,-0.3681894547682295,5.115952180634878
-0.9628519473389175,-0.3326215818079897,5.1836184511340235
-0.9624494628766109,-0.29748437943458883,5.20235227337956
-0.9626485528870574,-0.26254051442374293,5.193085538347873
-0.962599174045059,-0.22752344113792305,5.195383898993619
-0.9626349933498547,-0.19252699866997094,5.1937166731704
-0.9626708153204959,-0.1575279515978993,5.192049323264193
-0.9633379930278126,-0.12260665365808524,5.160995233614543
-0.9287349275671167,-0.33294270988255126,5.14035066845625
-0.9281145256219205,-0.29769711199193677,5.170317252978933
-0.9282744929548733,-0.2627191961193038,5.162590528972153
-0.928309060285939,-0.22769844874938125,5.160920861660308
-0.9287290763755857,-0.19275509132323476,5.140633292047184
-0.8945378698029491,-0.33325920639717715,5.0977069275382405
-0.8939522419206823,-0.2979840806402274,5.127103150648104
-0.8939054418367167,-0.26291336524609316,5.129452331333432
-0.8940839799404035,-0.22790375959265186,5.1204904186777895
-0.8947800753211905,-0.19299178095162933,5.085549160348087
-0.8962953247019683,-0.1581697631827003,5.009489583587474
-0.8603994216835563,-0.33362426555076674,5.048520010001958
-0.8597081368947402,-0.29826608831042006,5.0846361132543905
-0.8594534104448998,-0.263097982789255,5.0979442706338105
-0.8596251880687222,-0.22806382540598755,5.08896976620553
-0.8600859650516932,-0.19308052276670665,5.064896519748274
-0.8609948956694098,-0.15814191961274873,5.017409532373698
-0.8272511717573829,-0.33442068645511225,4.941212772363826
-0.8253991542535375,-0.29854863026191786,5.042088619381786
-0.8249529606790136,-0.26328285979117455,5.066391928972877
-0.8251179586358866,-0.2282241162184367,5.057404806215544
-0.8253565513226884,-0.19316855456488452,5.044409119445056
-0.8262267185674219,-0.15821362695971908,4.997012775902128
-0.7910216748812884,-0.29883041051070897,4.999655828975591
-0.7905057828125044,-0.26350192760416813,5.029004355555308
-0.7905580681439078,-0.22838344190824003,5.026029901146579
-0.7907165444003227,-0.1932862664089678,5.017014363003867
-0.7914269968283613,-0.15828539936567226,4.976597513764332
-0.7933347021020258,-0.1234076203269818,4.868070280418088
-0.7565791019495903,-0.2991126682126287,4.957151139745321
-0.7560852070326866,-0.2637506536160535,4.986555116193543
-0.755949463814597,-0.22854286115325026,4.994636572898408
-0.7561011081872077,-0.19342121372230892,4.9856084428081004
-0.7565956875027914,-0.1583572369191889,4.956163720764046
-0.7573949281260488,-0.12329684876470563,4.908581023193371
-0.7227433143122866,-0.2996740571538749,4.872612569769423
-0.721599588985662,-0.2639998496289008,4.944025663334273
-0.7212925098198245,-0.2287025031136029,4.963199386859735
-0.7214373030565107,-0.19355634960052726,4.954158638422754
-0.7217327475632709,-0.15842913970901068,4.935711371659188
-0.7224955067663408,-0.12335289139913135,4.888085431174822
-0.6870487441380264,-0.264249516976164,4.901415769401339
-0.6865871047690145,-0.22886236825633818,4.931718251059557
-0.686725027556908,-0.1936916744391279,4.922664857802964
-0.6868630057682643,-0.15850684748498406,4.913607826493418
-0.6875643450184553,-0.1234089850033125,4.867571198788575
-0.6524324872576546,-0.2644996569963465,4.858725205956873
-0.6520056491925083,-0.2290830659325029,4.8882577855994285
-0.6519641799531586,-0.19382718863472284,4.891127008646322
-0.6520931550173815,-0.15861725392314688,4.882203328527112
-0.652601000152174,-0.12346505408284375,4.847065935417142
-0.6537554036497817,-0.08834532481753807,4.767193693420509
-0.6178734647112093,-0.2648029134476611,4.806969438265831
-0.6173392873531061,-0.2292974495882965,4.84604069645853
-0.617152957257571,-0.1939623579952366,4.8596694120176664
-0.6172733571515024,-0.15872743469610062,4.850863019775822
-0.6176065752950982,-0.12352131505901964,4.826490492701382
-0.6182555195310624,-0.08832221707586604,4.779024857156585
-0.5839372448499355,-0.2654260203863343,4.700625854065613
-0.5826075652424884,-0.22951207115613179,4.803776756946355
-0.5822914739430618,-0.1940971579810206,4.8282977789624795
-0.5824051517014478,-0.1588377686458494,4.819479140736171
-0.5825802431410851,-0.12357762733295745,4.805896289661277
-0.5831926631544818,-0.08836252472037603,4.75838734316747
-0.5478107646908771,-0.2297270948703678,4.761433625527573
-0.5474495273263875,-0.19425628389000846,4.791264840143484
-0.5474884376503677,-0.15894825609204222,4.788051600485765
-0.5475954162390346,-0.12365057786042717,4.779217239615207
-0.5480977888671099,-0.0884028691721145,4.737730983877377
-0.5495147043628386,-0.05317884235769405,4.620721188101072
-0.5129487026160006,-0.22994252186234507,4.719011079415125
-0.5126101370079607,-0.19443832783060577,4.748898250331749
-0.5125231137001476,-0.15905889735521822,4.756580307849042
-0.5126233298300523,-0.12373666582104713,4.747733642588479
-0.51297085279282,-0.08844325048152069,4.717055753461409
-0.513577118347756,-0.0531286674152851,4.663537138956713
-0.4784303304886,-0.23035534430932592,4.637716812932737
-0.4777053871662585,-0.19462071328995717,4.706452179791789
-0.4775090782704283,-0.15916969275680945,4.725065171396423
-0.47760251298726963,-0.12382287373744028,4.716206176021842
-0.47780887895809315,-0.08848312573298021,4.69663962471413
-0.4783061371750914,-0.05314512635278794,4.649492178954297
-0.4427288588648635,-0.19480069790053997,4.664564852237973
-0.44243850212260427,-0.15927786076413752,4.694297382645324
-0.4425264807657607,-0.123907414614413,4.685288369586104
-0.4426113675259685,-0.0885222735051937,4.676595965340823
-0.4430725918587656,-0.05316871102305187,4.629366593662404
-0.40768602812591737,-0.1949802743210909,4.622772521637025
-0.40741840735521617,-0.1594245941824759,4.652559876984633
-0.4074019363638795,-0.12399189367596332,4.654393169933414
-0.4074801387199818,-0.08858263885216995,4.645688907688985
-0.4078077608710457,-0.05319231663535379,4.609223137831435
-0.4086151391000952,-0.01776587561304762,4.519358430598096
-0.3726209441305867,-0.1951823993064978,4.575732525033239
-0.3723337291426976,-0.15957159820401323,4.610745399747344
-0.3722294640311153,-0.12407648801037177,4.62345581334975
-0.3723009636541703,-0.08864308658432626,4.614739668824953
-0.37251160252319526,-0.05321594321759932,4.589061787648582
-0.37290019884695785,-0.017757152326045612,4.541690045323236
-0.3379203739376652,-0.19563811122706934,4.46967593260932
-0.33718428866467287,-0.15971887357800293,4.568853737812503
-0.3370089656029992,-0.12416119785373654,4.5924762134906345
-0.33707374410764834,-0.08870361687043377,4.583748162337912
-0.337184075052377,-0.053239590797743735,4.568882519258679
-0.33753578926169664,-0.017765041540089295,4.521493657371401
-0.3019699064399933,-0.15986642105646703,4.526884677271603
-0.3017712631944945,-0.12425875543302715,4.556798013064359
-0.30179838159106465,-0.0887642298797249,4.552714301580849
-0.30185608821854787,-0.05326872145033198,4.544024362383382
-0.3021389077733918,-0.017772876927846577,4.501435064712766
-0.302956145303212,0.017820949723718355,4.3783687072810125
-0.2666886430519223,-0.16001318583115337,4.485138252471927
-0.26651317134874236,-0.12437281329607977,4.515085423147966
-0.2664735570132574,-0.08882451900441914,4.521846269737402
-0.26652410186753966,-0.053304820373507936,4.513219947939895
-0.2667107884552752,-0.01778071923035168,4.4813587702997
-0.2670870198642499,0.017805801324283322,4.41714860983469
-0.2315163402868072,-0.1602805432754819,4.40908991275181
-0.23118974088834943,-0.12448678355526507,4.4734048712173475
-0.23110033081152925,-0.08888474261981895,4.491011778652698
-0.23114419577858178,-0.053340968256595796,4.4823737543715865
-0.23125138993790692,-0.01778856845676207,4.461264750689097
-0.2314918768426262,0.017807067449432785,4.413907329452073
-0.19580151309962965,-0.1246009628815825,4.431647860449829
-0.19567910550022927,-0.08894504795464966,4.460135447219372
-0.1957162723973141,-0.05337716519926748,4.451485696625085
-0.19576067077876524,-0.017796424616251385,4.441152982396453
-0.19596433956943513,0.01781493996085774,4.393753700204186
-0.16034830952249515,-0.12471535185082958,4.38981418026804
-0.1602425851853796,-0.089023658436322,4.419886880603137
-0.16024023390439698,-0.05341341130146566,4.42055568941597
-0.16027069607065633,-0.017807855118961814,4.411890895457752
-0.16040537492617957,0.017822819436242174,4.373582243220035
-0.16075962760487447,0.053586542534958155,4.272817036835704
-0.1248280896209956,-0.1248280896209956,4.348584367178745
-0.12474756986135764,-0.08910540704382688,4.378031593560635
-0.12471598221461085,-0.05344970666340465,4.3895836472280365
-0.12473970722394671,-0.01781995817484953,4.380907072385206
-0.1248142894600708,0.017830612780010115,4.35363128317411
-0.12494430018791916,0.053547557223393924,4.306084502703847
-0.08937360408403379,-0.12512304571764732,4.2407147089747
-0.08918733344549266,-0.08918733344549266,4.336085275907756
-0.07259558899091284,-0.04355735339454771,12.831058436652626
-0.07259560361266598,-0.014519120722533196,12.831050950315017
-0.072595618234425,0.014519123646884999,12.831043463974403
-0.0725956328561899,0.04355737971371394,12.83103597763077
-0.04355735072522474,-0.07259558454204124,12.831060714474887
-0.04355735949827556,-0.04355735949827556,12.831053228138188
-0.0435573682713299,-0.014519122757109967,12.831045741798484
-0.043557377044387766,0.014519125681462589,12.831038255455773
-0.04355738581744917,0.04355738581744917,12.831030769110043
-0.04355739459051411,0.07259565765085685,12.831023282761294
-0.01451911894298395,-0.07259559471491975,12.83105550596109
-0.01451912186733504,-0.04355736560200512,12.831048019622301
-0.014519124791687304,-0.014519124791687304,12.8310405332805
-0.014519127716040746,0.014519127716040746,12.831033046935694
-0.014519130640395367,0.0435573919211861,12.831025560587861
-0.014519133564751168,0.07259566782375584,12.831018074237008
0.01451912097756022,-0.0725956048878011,12.831050297445834
0.014519123901912127,-0.043557371705736384,12.83104281110495
0.014519126826265213,-0.014519126826265213,12.831035324761054
0.014519129750619475,0.014519129750619475,12.831027838414144
0.014519132674974917,0.04355739802492475,12.831020352064215
0.014519135599331531,0.07259567799665766,12.83101286571128
0.04355736903641118,-0.07259561506068529,12.83104508892913
0.04355737780946936,-0.04355737780946936,12.831037602586143
0.043557386582531075,-0.01451912886084369,12.83103011624015
0.043557395355596315,0.014519131785198772,12.831022629891145
0.0435574041286651,0.0435574041286651,12.831015143539112
0.04355741290173741,0.07259568816956236,12.831007657184074
0.07259563985534008,-0.04355738391320405,12.831032394065879
0.0725956544771137,-0.014519130895422741,12.831024907717783
0.07259566909889321,0.014519133819778643,12.831017421366674
0.07259568372067861,0.04355741023240717,12.831009935012553
0.44916626771522866,-0.6444559493305454,0.005841506478901692
0.4489466296447278,-0.6051019790863722,0.030288178673778532
0.44917511141963257,-0.5663512274421454,0.004857163727855607
0.48805782979963797,-0.6832809617194932,0.02287822851707233
0.48750242452539166,-0.643503200373517,0.07975172859989499
0.48710329415782816,-0.6040080847557069,0.1206226782383979
0.4868815120132217,-0.5647825539353373,0.14333316984609468
0.48714947056389146,-0.5261214282090028,0.11589421425750857
0.5268712283992731,-0.6829812219990578,0.04480204806892374
0.5260339289575086,-0.6429303576147327,0.1241904395843676
0.5254848974361978,-0.60333451187119,0.17624676160495056
0.525245304318612,-0.5641523638977686,0.19896373867974404
0.5250059295848494,-0.5250059295848494,0.2216600097328012
0.5252942153152379,-0.48638353269929435,0.19432625159225836
0.5254088428337272,-0.36914969571519063,0.24730495537352953
0.5243184056726832,-0.33012640357168943,0.28684746214559453
0.5238878921664494,-0.2910488289813608,0.3276665205144269
0.523458085062353,-0.25203537428928113,0.3684186014954136
0.5662678364257098,-1.1130091957332917,0.012218577592513213
0.56620194719962,-1.073831279171693,0.018035005826646966
0.5658292699094393,-0.6828973947182887,0.05093341489087777
0.5647637510728982,-0.6426621994967463,0.1449930087372593
0.5641100838990112,-0.6030142276161844,0.20269604201832436
0.5635235786374629,-0.5635235786374629,0.2544702995894781
0.5632670451160865,-0.5244210420046322,0.27711601733857094
0.5630107450525641,-0.4853540905625553,0.2997411263943377
0.5633191995350012,-0.44677039963120785,0.2725120410481665
0.5636388206816119,-0.4081522494590982,0.24429720879564343
0.563182677051446,-0.36898175393025767,0.28456368097580764
0.5627202311874692,-0.32987048035127503,0.32538648827858196
0.5622585441561989,-0.2908233849083788,0.3661423089700264
0.5617976140914006,-0.2518403097651106,0.40683130779359544
0.5613374391329542,-0.21292109760215502,0.4474536489530081
0.560879765827358,-0.1740661342222835,0.48785515455047346
0.5604311354228358,-0.1352764809641328,0.5274583902600085
0.559983222135927,-0.09654883140274603,0.5669983217940313
0.5595360242485791,-0.05788303699123232,0.6064751008150893
0.6045991640437284,-1.1896951292473366,0.07181096929210895
0.6044064502035509,-1.1503219536132099,0.08772540254547323
0.6046347145990036,-1.1117477010368777,0.06887518150163885
0.6048614409967888,-1.0731412662846254,0.05015196929743837
0.6050883374944419,-1.0345058673292071,0.03141471013640995
0.6039058142383943,-0.6428674796731294,0.12906824353905222
0.6027631137277109,-0.6027631137277109,0.22343318893742747
0.6020665618327395,-0.5632235578435306,0.28095489381247063
0.6014390026877584,-0.5238339700828863,0.332779132881889
0.6011629919999184,-0.48480886451606325,0.35557227355511856
0.6008872345279634,-0.4458195611013922,0.3783445034972104
0.6012223274973748,-0.4072796412078991,0.3506723098942075
0.6015561352936303,-0.36869569582512823,0.32310624671956134
0.6010625624856547,-0.3296149536211655,0.36386580763625176
0.6005697989600807,-0.2905982898193939,0.40455853749011084
0.6000778427289951,-0.25164554695086894,0.44518460044427144
0.5995879597606283,-0.2127570179795778,0.4856394520255307
0.5991083464222022,-0.17393468121934905,0.5252462309407164
0.5986294997606129,-0.1351744031717513,0.5647896971880968
0.5981514179389933,-0.09647603515145053,0.6042700024573264
0.5976740991263397,-0.0578394289477103,0.6436872979538748
0.597197541504668,-0.019264436822731226,0.6830417338080679
0.5968980580716166,0.01925477606682634,0.7077732689245693
0.6428396093598413,-1.2661992305572631,0.13123030420624815
0.6426339041749822,-1.226846544334057,0.14718803975895867
0.6427486928502193,-1.188111220117072,0.1382832213163212
0.6429893760980834,-1.1495870663571794,0.11961203602746906
0.6432302396656475,-1.111034050331573,0.10092686230127867
0.6435779376691281,-1.0726298961152134,0.07395392627370256
0.6440568496954697,-1.0343943343593907,0.036801963018106676
0.6418493555727741,-0.6029493946289696,0.20804999193025253
0.6406430903988599,-0.5629893824717254,0.3016269266338938
0.6398950245906849,-0.5235504746651058,0.35965869841959375
0.6392215389793664,-0.48425874165103516,0.41190485493400075
0.6389286563632194,-0.4453139120107287,0.4346254457623786
0.6386360420138195,-0.4064047540087942,0.45732522559460875
0.6390025255553415,-0.3679105450167118,0.4288949872219874
0.6393455377181292,-0.32935982246085443,0.40228555883604145
0.6388217943924124,-0.290373542905642,0.442915344103767
0.6382996182855278,-0.2514513647791473,0.48342355118329294
0.6377890164708091,-0.21259633882360304,0.5230338737796529
0.6372792309054395,-0.1738034266105744,0.5625808752143939
0.6367702596336948,-0.1350724793162383,0.6020647072042777
0.6362621007060938,-0.09640334859183239,0.6414855209818171
0.6357547522050861,-0.057795886564098745,0.6808434653024023
0.6354249140781589,-0.019255300426610878,0.7064309078761539
0.6351155079163173,0.019245924482312646,0.7304333252796198
0.6348064029248545,0.057709672993168586,0.7544123791628081
0.680988710456136,-1.342520600613525,0.19054003520834328
0.6807710568502857,-1.30319030882769,0.2064598418076713
0.6807550977658563,-1.2642594672794476,0.207627134840223
0.6810103372698276,-1.2258186070856898,0.18895818826403854
0.6812657682424778,-1.187348910365461,0.17027523712162917
0.681560572091469,-1.1489163929541906,0.14871244130969785
0.6820669885091657,-1.1107948098577842,0.11167169761530715
0.6825741580463784,-1.0726165340728804,0.07457586860774512
0.6830820823843654,-1.034381439039182,0.03742483131498631
0.6796729028160949,-0.5631575480476215,0.2867819654513468
0.6783819893740057,-0.5233232489456616,0.3812030629298633
0.6775876027500741,-0.4839911448214815,0.43930677028029663
0.6768838827072985,-0.44480940863622476,0.49077886483759414
0.6765742367937595,-0.4059445420762557,0.5134272516564522
0.6762218934294768,-0.3670918850045731,0.5391986520154077
0.6766263078055696,-0.3286470637912767,0.5096186290783322
0.6770147418672269,-0.29014917508595434,0.4812074519971219
0.676473146032711,-0.25126145424072127,0.5208213187502722
0.6759324160333491,-0.21243590218190972,0.5603718558464621
0.6753925497945173,-0.1736723699471616,0.5998592150295892
0.6748535452506975,-0.1349707090501395,0.639283547377552
0.6743154003794758,-0.09633077148278225,0.6786450008154858
0.6739538685234486,-0.057767474444867024,0.7050884737134737
0.6736256926033645,-0.019246448360096126,0.7290921981539142
0.673297836132494,0.01923708103235697,0.7530725571661492
0.6729702986446328,0.05768316845525424,0.7770295848497213
0.6726430796744822,0.09609186852492603,0.8009633152378726
0.7188176909846327,-1.3793528664840249,0.26558678592812157
0.7186547747705273,-1.3401940394369294,0.27685882668783535
0.718923849437992,-1.3018350787120396,0.2582417686146101
0.7191931256717647,-1.263447382936884,0.23961076433195672
0.7194626036984233,-1.225030919810829,0.22096579816314943
0.7199623774330914,-1.1869650006329346,0.18638685868339877
0.7204979283860966,-1.1489021020210728,0.14933252247548268
0.7210332695617984,-1.110780982838446,0.11229270058908725
0.7218722029418807,-1.073053274643336,0.054247580237444026
0.7192549400743293,-0.5637403584366365,0.23533387593829502
0.7173453732328876,-0.5234682453321071,0.36745525740020923
0.7159965091558216,-0.4837814251052849,0.4607820692188298
0.7151594189699823,-0.4445585577380971,0.5186996604552832
0.714460972187049,-0.4055048761061629,0.5670246270582311
0.7140921269448411,-0.36669595707978325,0.5925447303028832
0.7137236623437575,-0.3279270881038886,0.618038497296773
0.7140467100692189,-0.2894783959740077,0.5956870871026894
0.7145890556073672,-0.2510718303485344,0.5581626390578407
0.7140182888833774,-0.21227570750586894,0.597653525906864
0.7134484332364336,-0.17354151078724062,0.6370813760737803
0.7128794864875466,-0.1348690920381845,0.6764463403210996
0.7124849215789331,-0.09628174615931528,0.7037459664305743
0.7121379738568181,-0.057740916799201465,0.7277509980147485
0.7117913638657363,-0.019237604428803682,0.7517326622625689
0.7114450911127889,0.01922824570575105,0.7756909932773084
0.7110991551060356,0.057656688251840726,0.7996260250959111
0.7107535553544927,0.09604777775060712,0.8235377916891551
0.7104082913677976,0.1344015686371509,0.8474263269848166
0.7567760407839563,-1.4553385399691467,0.3244445023864557
0.7565318344773289,-1.416072408124231,0.3404744548214893
0.7567299569277046,-1.3776365882530006,0.3274694939763094
0.7570138875167318,-1.3393322625296025,0.3088319989017023
0.7572983372236667,-1.300999707538094,0.29016042839521106
0.7577406223408859,-1.2629010372348097,0.2611283796751849
0.7583041558401816,-1.2249528671264471,0.2241374627983319
0.7588685281657165,-1.1869482107207359,0.18709148450681568
0.7595958916320511,-1.149132246315154,0.1393466005628028
0.7606899285106005,-1.1117775878231855,0.06753289776570881
0.7575573684585533,-0.5633118893666166,0.2731573524641959
0.7569354123909354,-0.5240322085783399,0.3139831866462899
0.7548852597584288,-0.48390080753745435,0.44855730816467343
0.7535249973871465,-0.4443865369206249,0.5378463253565329
0.7526426529635984,-0.405269120826553,0.595764318286875
0.7518807583910236,-0.3663008822930628,0.6457758594610112
0.7514932129956132,-0.3275739646391134,0.6712147366982109
0.7511060669030385,-0.28888694880886095,0.696627403287728
0.7513371830485974,-0.2504457276828658,0.6814567024510367
0.7520467651084386,-0.21211575426135446,0.6348790082665943
0.7514470109890907,-0.17341084868979015,0.6742474837930246
0.7510180734160792,-0.13479811574134756,0.7024033860214658
0.7506523518478946,-0.09623748100614032,0.7264097248561541
0.7502869862955471,-0.05771438356119593,0.7503926944461412
0.7499219762394383,-0.019228768621524058,0.7743523288984093
0.7495573211609802,0.019219418491307184,0.7982886622536114
0.7491930205425928,0.057630232349430224,0.8222017284862133
0.7488290738648495,0.09600372741857045,0.846091561691928
0.748528324200468,0.13435123767700707,0.8658330781231243
0.7946446538880214,-1.5311445770037486,0.3831630743089036
0.7943885306550259,-1.4919004112301706,0.3991551591008218
0.7944282313211315,-1.4532223743679236,0.3966762882415438
0.7947258911249616,-1.414999757368834,0.37809070049020477
0.7950237740693228,-1.3767484868029738,0.35949118006179503
0.7954024653230222,-1.3386041489582567,0.3358460676356927
0.795996145322237,-1.300774188697314,0.29877726768472
0.7965878646102967,-1.2628831999919339,0.26183089262537607
0.7971802805222334,-1.224935552997578,0.22484102105079273
0.7983343597983674,-1.1877657548219613,0.15278143697998559
0.7957891492906725,-0.5628752519373049,0.31170189794826086
0.7951360598160688,-0.5236261857325332,0.35248016758204415
0.7944840414194196,-0.48444148867037784,0.393191560153312
0.792317574523593,-0.4444708344888448,0.5284636395024904
0.7909667060619643,-0.4051292884707622,0.6128105483261308
0.790041921130867,-0.3661169878411335,0.6705532171946444
0.7891815079755203,-0.3272216008678987,0.7242765751870195
0.7891016904123609,-0.2886957403947662,0.7292603059599045
0.788640145172219,-0.25005663139606943,0.7580787404663241
0.7888627896758981,-0.21164611430328972,0.7441770348707522
0.789553324206372,-0.17331658336237435,0.7010607324801867
0.7891688267478286,-0.1347361411520683,0.7250683786721694
0.7887847035929114,-0.0961932565357209,0.7490526537108977
0.7884009541953165,-0.05768787469721828,0.7730135917070697
0.7880175780098022,-0.019219940927068347,0.7969512267050334
0.7876345744912002,0.019210599377834155,0.8208655927445676
0.787251943093717,0.05760380071417442,0.8447567239045028
0.7869315265091114,0.09596725933037945,0.864763222845724
0.7866251218022692,0.13430185006380205,0.8838948338095349
0.7863189556099616,0.17260660001194278,0.9030115521585032
0.8324027677733848,-1.6067309238416498,0.44299801163104036
0.8321451569086614,-1.5675292490605017,0.458334844507597
0.8320161803530272,-1.5285878662299803,0.4660134487500045
0.8323329163567069,-1.49045661766201,0.44715660760070364
0.8326444609571112,-1.4522868505065893,0.4286088360417466
0.832945599936477,-1.414070437101461,0.41068056192136737
0.8335663642495706,-1.3763537642260353,0.37372343072323133
0.834188054519252,-1.3385808316704277,0.33671117280731977
0.834810672818858,-1.3007515134619416,0.2996436647377507
0.8358448712419632,-1.263486433272735,0.23807278187382508
0.8370504049226783,-1.2263761746541566,0.16630147437077625
0.8339614438491139,-0.5624391132935884,0.35020241270392205
0.8332775569556212,-0.5232207915767855,0.3909175393862725
0.832594790780752,-0.48406673882601864,0.4315659442156914
0.8319131425718981,-0.4449767971896199,0.47214779106839444
0.8298341782551656,-0.40526785449670877,0.5959186899250213
0.8282950941110941,-0.3659908555374602,0.6875478854790487
0.8275428400881972,-0.3271680995697524,0.7323332412608181
0.8267272410034627,-0.2883932236058591,0.7808898379333797
0.8264996496923387,-0.24987198711628844,0.7944394601770455
0.8263470484406721,-0.21139110541505565,0.8035245579506878
0.82665043603988,-0.1730198587060214,0.7854624125094674
0.8272845159288328,-0.13467422352329836,0.747712540050891
0.8268820251511775,-0.09614907269199738,0.7716747816973424
0.8264799258230068,-0.057661390173698146,0.7956137184442511
0.8260782173697351,-0.019211121334179883,0.8195293844994964
0.8256768992244083,0.019201788354056008,0.8434218136166152
0.8253364012492158,0.057581609389480176,0.863693320976914
0.8250150359792666,0.0959319809278217,0.8828257649552924
0.824693920875042,0.13425249874709985,0.9019433153463368
0.8243730556445444,0.1725431976930442,0.9210459895341003
0.8697958212800607,-1.6429476624178925,0.5182821671787678
0.8695270468658641,-1.603794330885927,0.5335724449641788
0.8698237844494104,-1.5656828120089388,0.5166913735446457
0.8701546716366511,-1.527604867984343,0.497867569114959
0.8704858106633971,-1.4894979426907018,0.47902943781563323
0.8710234469586855,-1.4517057449311424,0.4484439063503345
0.8716720946136358,-1.4140458423732314,0.4115430619798275
0.8723217090791616,-1.3763298076582327,0.3745872168299158
0.8732169707172179,-1.3389326884330675,0.3236567769760441
0.8744817669361202,-1.3020061863271124,0.2517039254118316
0.872074629314238,-0.5620036500025088,0.3886433101233564
0.8713600410867013,-0.5228160246520207,0.4292954404009919
0.8706466229843784,-0.4836925683246547,0.4698810035553578
0.8699457027893666,-0.4446389147590096,0.5097555746493683
0.8692501676413481,-0.4056500782326291,0.5493237964033071
0.8672486125915077,-0.3661716364275254,0.6631900392386783
0.8656129291680588,-0.3270093287968222,0.7562422517726546
0.864975927051085,-0.2883253090170283,0.7924805944271682
0.8643398617808162,-0.24969818229223578,0.8286656409135702
0.8641438203851883,-0.21123515609415716,0.8398182180870606
0.8639844157957476,-0.1727968831591495,0.8488865680641382
0.8643747895535241,-0.13445830059721486,0.8266786387328509
0.8649443647693547,-0.09610492941881718,0.7942761375656033
0.8645239493500378,-0.05763492995666919,0.8181931036422867
0.8641039424269504,-0.01920230983171001,0.8420868308223746
0.8637429485300336,0.01919428774511186,0.8626233725136458
0.8634066213944357,0.05756044142629571,0.881756649560991
0.8630705560772733,0.09589672845303038,0.9008750320484467
0.8627347522729414,0.134203183686902,0.9199785373615512
0.8623992096763103,0.17247984193526208,0.9390671828587855
0.8620639279827246,0.21072673795133268,0.9581409858716725
0.907367060083179,-1.7182057095192114,0.5774537486608864
0.907075436350778,-1.6790545311173977,0.5933379349363435
0.907209480989,-1.6406979975332978,0.5860367801736146
0.9075541061465959,-1.6027019321312226,0.56726570775988
0.9078989932318616,-1.5646769883357616,0.5484803686475388
0.9083626309812894,-1.5268222946281247,0.5232269082531715
0.9090414857505223,-1.48928073197426,0.4862509889077131
0.9097197893027815,-1.4516805148448642,0.4493050932953082
0.9104534625435574,-1.4141085694825466,0.4093433167764431
0.9117699153607245,-1.3773545529917328,0.33763865269244775
0.910128842873838,-0.5615688604966235,0.42702472857393303
0.9093836490619525,-0.5224118835036748,0.4676140085404654
0.9086505991808339,-0.4833247867983159,0.5075418318524498
0.9079240864206553,-0.44430327633351213,0.5471135907047326
0.9071987345201753,-0.4053441154239081,0.5866221197521568
0.9064745406799048,-0.36644715474294026,0.6260675714775203
0.9046021908133821,-0.3271965371027127,0.7280508833562038
0.9032066027434646,-0.28825742640748875,0.8040658931219227
0.9025425805725985,-0.24963943717965492,0.8402339092371847
0.9018795340401283,-0.21107818881790236,0.876348784197269
0.9017186220169418,-0.1726695233649463,0.8851133539708371
0.901552439408715,-0.13427376757151074,0.89416500241893
0.902036009103391,-0.09596127756419053,0.8678258871344511
0.9025330728713884,-0.05760849401306735,0.8407517755158622
0.9021511684608262,-0.019194705711932474,0.8615533774528643
0.9017998781569104,0.01918723145014703,0.8806874876236037
0.9014488613256625,0.05753928902078696,0.8998067022617917
0.901098117647867,0.09586150187743266,0.9189110387544801
0.9007476468048051,0.13415390484326883,0.9380005144616774
0.9003974484782538,0.17241653268732518,0.9570751467163916
0.9000475223504842,0.21064942012458143,0.9761349528246868
0.9448715336032804,-1.7933276045939812,0.6352831423592278
0.9445512967892608,-1.7541666940371985,0.6520138820304595
0.9444840187598046,-1.7154913810127062,0.6555288158142929
0.9448436237436327,-1.6775794952182868,0.636741290128576
0.9452073821616943,-1.6396454588519187,0.6177367686951527
0.9455908678459581,-1.601715143494174,0.5977015982519802
0.9462964802104524,-1.5642860183070746,0.5608369522702361
0.9470031464358383,-1.526800991192474,0.5239172474337508
0.9477108688848568,-1.4892599368190607,0.48694236030136295
0.9489294635515495,-1.4524430564564532,0.42327700628639064
0.9481242212914981,-0.5611347432133356,0.4653468059952033
0.9473589583430134,-0.5220141199032932,0.5053278906507259
0.9466014624281675,-0.4829599298102895,0.5449031874263568
0.9458451769132853,-0.44396814426541964,0.5844152469793826
0.9450900988995425,-0.4050386138140896,0.6238642207585983
0.9443362254973638,-0.36617118947856964,0.6632502597295655
0.9437153203293702,-0.3274114376652917,0.695689386873724
0.9420877101699754,-0.2883941969908088,0.7807237135686336
0.9407273281069694,-0.24958071970184903,0.8517967356358866
0.9400363918527481,-0.21102857776286182,0.887894629733978
0.9393972452769888,-0.17254235117332445,0.9212867773654878
0.9392725563929089,-0.13418179377041556,0.9278011353908795
0.9392009075503011,-0.09583682730105113,0.9315444218618225
0.9398409922760088,-0.057541285241388296,0.8981032606819852
0.9401948063758344,-0.019187649109710905,0.8796182791400824
0.9398288367292253,0.019180180341412764,0.8987383259833308
0.9394631518782096,0.05751815215580875,0.9178434937098601
0.9390977514904775,0.0958263011724977,0.936933799681178
0.938732635234235,0.13410466217631928,0.9560092612318059
0.9383678027782046,0.1723532698980376,0.9750698956693071
0.9380204254105458,0.21057601386767355,0.9932185907959763
0.9819558124268664,-1.829133376089261,0.7096690232788632
0.9816235082942527,-1.7900193386542256,0.7263493875826086
0.9820105424810306,-1.752214889524976,0.7069217891874899
0.982384045835529,-1.7143564721443545,0.6881733855107015
0.9827578334188212,-1.6764692452438714,0.6694107146630941
0.9834354079375242,-1.6390590132292069,0.6353991309791809
0.9841727019928457,-1.6016928287334549,0.5983898607512756
0.9849070943911477,-1.5642642087388816,0.5615262423267069
0.9859728826948846,-1.5272913280959977,0.5080278490410848
0.9873944968072412,-1.4907720834148543,0.4366683955580868
0.9860707807556056,-0.5607069145473051,0.5031137503068521
0.9852822961274901,-0.5216200391263183,0.5426925865416763
0.9844950714723627,-0.48259562327076605,0.5822081770735537
0.9837091037725404,-0.44363351738761625,0.621660673378365
0.9829243900199689,-0.40473357236116364,0.6610502264486229
0.9822610684583295,-0.36594039805310313,0.6943463675818933
0.9817826608748862,-0.32726088695829536,0.7183605521625793
0.9813047190785514,-0.2886190350231034,0.7423513560570285
0.9794931693733,-0.24967472944809607,0.8332840471441543
0.9781753173800483,-0.21097899002314768,0.899435049158356
0.9775172585528323,-0.1725030456269704,0.9324670216617506
0.9769975124251149,-0.13409769778383931,0.9585562390530526
0.9769230325819859,-0.0957767679001947,0.962294835100316
0.9768485640936947,-0.05746168024080557,0.9660328611792437
0.9776931717067504,-0.019170454347191182,0.9236368711905669
0.9778298550728683,0.019173134413193498,0.91677590222465
0.9774495238420987,0.0574970308142411,0.9358670385142602
0.977069488359313,0.09579112630973656,0.9549433294148812
0.9766897483028772,0.1340554556494145,0.974004791071259
0.9763199896897197,0.17229176288642112,0.9925652234179907
0.9760871936701266,0.2105286103994391,1.0042506706759937
1.0192641691657596,-1.903908542403966,0.7676174893519914
1.0189262568235125,-1.8648273002241642,0.7839392930529883
1.0190719297018187,-1.8266383645598636,0.7769030181763057
1.019458978707796,-1.7888619815061324,0.7582078209064633
1.0198463218320737,-1.7510568922022396,0.7394984171677663
1.0204096879489313,-1.7135181552349978,0.7122867707685998
1.0211873533322193,-1.6762886743377938,0.6747240654626196
1.0219662049541403,-1.6390024041717344,0.6371040625924707
1.0228912609022607,-1.601886314243163,0.5924221149096738
1.0243635868292844,-1.5655368025126801,0.5213059946609775
1.0239665879823117,-0.5602836047450385,0.5404817880241879
1.023148418659985,-0.5212265529022566,0.5800009100082661
1.0223315557603687,-0.4822318659247022,0.6194569293104948
1.021515996156887,-0.44329939455864903,0.6588499969503658
1.0208089165697396,-0.40447145750876473,0.6930032751220097
1.020311720824941,-0.36577212633346945,0.7170187677009636
1.0198150091695364,-0.3271104746392852,0.7410108778488151
1.0193187808982107,-0.2884864474240219,0.7649796396335944
1.018823035308028,-0.2498999897925352,0.788925087008451
1.0168188246339205,-0.21103786926364387,0.8857322440974258
1.0156521949736395,-0.17246924065590105,0.9420826578770374
1.0150339266632646,-0.13406108465363872,0.971946183812129
1.014597907524406,-0.09571678372871756,0.9930067308966102
1.0145206156051108,-0.05742569522293079,0.9967400764323884
1.0146025983452476,-0.019143445251797127,0.9927801553993589
1.0155060043693178,0.019160490648477694,0.9491439398971053
1.0154080079772057,0.05747592497984183,0.9538773505349738
1.0150133590118227,0.0957559772652663,0.9729396401836539
1.0146205752161084,0.13400649106627846,0.9919118386181651
1.0143786434907012,0.17225297719653415,1.0035975974302858
1.0141368271128595,0.21048122826870666,1.015277784737357
1.0138951260001103,0.24869125732078176,1.026952404522973
1.0564754940255698,-1.9784904706297035,0.8258679144462064
1.056125659437821,-1.9394307564221802,0.8421511243487032
1.0560177241295379,-1.900831903433168,0.8471750223342411
1.056422520554885,-1.863145172614979,0.8283335887180812
1.0568276274352137,-1.8254295382971872,0.8094777048336894
1.057268968788237,-1.78774571086011,0.7889352709475119
1.0580734710283182,-1.7506306520650354,0.7514893485001011
1.0588791985322388,-1.7134590667158045,0.7139863955903465
1.059686154101263,-1.6762308255783613,0.6764262818321285
1.061170921029056,-1.6399914234085413,0.6073171302839384
1.0609574553245797,-0.5208336598866119,0.617252988528648
1.0601110443685664,-0.48186865653116656,0.656649571208547
1.0593588648352161,-0.4430046162038177,0.6916601094881187
1.0588428788819095,-0.40428546284582,0.7156769102238414
1.0583273953252315,-0.36560400929417086,0.7396703266801339
1.0578124134369344,-0.32696020051687064,0.7636403927536008
1.057297932485039,-0.2883539815868288,0.7875871425145533
1.0567839517389899,-0.24978529768376123,0.8115106099670228
1.0562704704696508,-0.21125409409393017,0.8354108290489748
1.0541341381628113,-0.17249467715391456,0.9348473873309686
1.0531308400398365,-0.13403483418688827,0.9815463545094332
1.0524902723651806,-0.09568093385138005,1.0113618680934167
1.0521455128732746,-0.057389755247633165,1.0274088553530376
1.05206541684427,-0.019128462124441272,1.0311369614303416
1.0523430280867194,0.019133509601576715,1.0182154199636102
1.053338635013423,0.0574548346370958,0.9718744430115862
1.0529221820305597,0.09572019836641452,0.9912584363957677
1.052671114112267,0.13397632361428854,1.002944506774476
1.052420165899065,0.17221420896530157,1.0146250054253372
1.0521693373053636,0.21043386746107273,1.0262999363321654
1.051918628245655,0.24863531213079118,1.0379693034749664
1.09323716850291,-2.0138579419790448,0.9002254146061404
1.0928592702088364,-1.97481587423702,0.9171976888662954
1.0932775918489681,-1.9372111715218556,0.8984099099410869
1.0936962338597245,-1.8995776693353108,0.8796077424404487
1.0941151966092793,-1.8619153345807034,0.8607911698288646
1.094841446762404,-1.8247357446040067,0.8281736190920341
1.0956770678643875,-1.7876836370418954,0.7906439695994436
1.0965110869405452,-1.750570331782274,0.7531862707404215
1.0977602026311124,-1.7140466321784034,0.6970856362167126
1.0993883892120015,-1.678013857218318,0.6239600634609843
1.0987095351155378,-0.5204413587389389,0.6544489491968974
1.0979109134263942,-0.48153987430982204,0.6903168706742235
1.0973761352156783,-0.44280089666597544,0.7143349797870826
1.096841877716771,-0.40409963915881036,0.7383297025450233
1.0963081401711807,-0.3654360467237269,0.7623010730136386
1.0957749218202282,-0.3268100644025242,0.7862491252669486
1.09524222190671,-0.288221637343871,0.8101738933126796
1.0947100396748937,-0.2496707108030459,0.834075411092499
1.0942173616892379,-0.21116475401020382,0.8562027030798376
1.0937912359992263,-0.1727038793682989,0.8753409796838696
1.091367991699211,-0.1340276481034119,0.9841744078950825
1.090549235624379,-0.09566221365126132,1.0209466105542049
1.0898864410287632,-0.05736244426467175,1.050714227480107
1.0896404395664123,-0.01911649893976162,1.0617627142102606
1.0895419176165126,0.01911477048450022,1.0661875596794346
1.0900044212277005,0.05736865374882634,1.0454154676681924
1.090964605575645,0.09569864961189868,1.0022913987078752
1.0907045250403307,0.13394616974179502,1.0139722087149678
1.0904445684792734,0.1721754581809379,1.025647450755443
1.0901847358038508,0.21038652796214666,1.037317128809505
1.0899250269255252,0.24857939210582156,1.0489812468536002
1.1302623555239761,-2.088111809357854,0.9581079637054373
1.1298846891980872,-2.049112910918565,0.9744948415745185
1.1300253181925377,-2.0110620069528213,0.9683929733407339
1.1304597975719761,-1.9735145618629415,0.9495409867074756
1.130892293205501,-1.9359342646399254,0.9307750744731749
1.1314937009719161,-1.8986080745121983,0.9046800934219448
1.1323559516576152,-1.861669954420147,0.8672671823136469
1.1332195174955595,-1.824675494272511,0.8297972069723372
1.1342146865466531,-1.7878299296413347,0.7866169905180982
1.1358959296026159,-1.7519750778616618,0.7136681392763222
1.1359114899999987,-0.48131842796610114,0.712992976271245
1.1353584565153072,-0.44259736440427233,0.7369890054375148
1.1348059612718524,-0.40391398621540514,0.7609616804077604
1.1342540034842492,-0.36526823841018197,0.7849110352596966
1.1337025823686404,-0.3266600661062184,0.808837104004759
1.1331516971426916,-0.28808941452780296,0.8327399205882955
1.132635619814908,-0.2495637806371831,0.8551324283700978
1.1321945231378825,-0.21108711448333403,0.8742715384240825
1.1317537698908753,-0.17264040557657417,0.8933957471077889
1.1303921711969434,-0.1341143253962475,0.9524752836580461
1.1285933091451439,-0.0956435007750122,1.0305276031937538
1.1279075268933203,-0.05735123018101629,1.0602835788660983
1.1273364802515375,-0.01910739797036504,1.0850611958654923
1.1272723973546483,0.019106311819570312,1.0878417419000002
1.127208321742868,0.05731567737675599,1.090621971834885
1.12753259696692,0.09555360991245086,1.0765517248251584
1.1287208195626037,0.13391602943963093,1.0249949477921092
1.128451862785382,0.17213672483166845,1.036664936769867
1.1281830341541357,0.21033920975755074,1.048329365515464
1.127914333577303,0.24852349722889727,1.0599882380017718
1.1276457609634087,0.2866896002449344,1.0716415581978609
1.1671993127702842,-2.162188890869543,1.0158976935749564
1.166809763737145,-2.1232112094233293,1.0322459808673585
1.1666601717700598,-2.084687847916992,1.0385239388302807
1.16710809491438,-2.047222395997355,1.0197258527735613
1.1675563621386795,-2.0097281643370715,1.0009133266390222
1.1680288002051793,-1.9722453511661224,0.9810864176187053
1.168920788658706,-1.9354262238447428,0.9436521480936477
1.1698108528847577,-1.8985454825506725,0.9062986330331171
1.170702273606508,-1.861608533439857,0.8688881896285139
1.1722747716565434,-1.8256738247110103,0.8028948288401452
1.1733058769098705,-0.4423940191627381,0.7596222149300189
1.172735177647774,-0.40372850378038116,0.7835728724868645
1.1721650332952045,-0.3651005841411292,0.807500242037321
1.1715954430432198,-0.32651020543827436,0.8314043575304453
1.1710555513556509,-0.2879644798415535,0.8540621070415355
1.1705994823880486,-0.24947202083679726,0.8732020505999216
1.1701437685293983,-0.21100953202989148,0.8923270912252548
1.169688409375495,-0.17257697843245007,0.9114372458808688
1.169233404487974,-0.13417432510517735,0.93053253296371
1.1675360234568224,-0.0956996740538379,1.0017668844349927
1.1670119773385734,-0.05739403167238886,1.0237596395615043
1.1655298935761296,-0.019107047435674256,1.085958564673902
1.165003633232493,0.01909842021692611,1.108044244669152
1.164903309817394,0.05729032671233085,1.1122545388110083
1.1648371282630174,0.0954784531363129,1.115031994207797
1.1650130654595539,0.13369002390519472,1.1076484003859335
1.1657788577251198,0.17200015933649307,1.0755102331753008
1.1661642438916486,0.21029191283292026,1.059336649793103
1.1658865597281953,0.24846762748305803,1.0709902802593447
1.1656090077762007,0.28662516584660674,1.082638362179118
1.2036395638721684,-2.1971198388142756,1.0902018490039538
1.2032468392392057,-2.1582046481592103,1.1061601832957706
1.2036516641572563,-2.120719598753261,1.0897101548797394
1.2041133063677139,-2.083307149112394,1.0709513602960712
1.2045753028256747,-2.0458659905134473,1.052178170893221
1.205357754763589,-2.008929591272648,1.0203832984954389
1.2062803349760767,-1.9721726111513633,0.9828943247816468
1.2072043285552052,-1.9353593203821544,0.945347919026581
1.2085230688489375,-1.8991076796197588,0.8917610118527008
1.2103096875533508,-1.8634926935345242,0.8191619025940042
1.2106295748568432,-0.40354319161894775,0.8061633074044678
1.210041277546671,-0.3649330837045516,0.8300687219130509
1.2094771564208047,-0.3263668517325981,0.8529917390911095
1.2090061138626487,-0.28785859853872586,0.872132516057448
1.2085354381018383,-0.2493803284972047,0.8912583882427683
1.2080651286740958,-0.21093200659388975,0.910369374512932
1.207595185151906,-0.1725135978788437,0.9294654922400127
1.2071256071084167,-0.13412506745649072,0.9485467587691048
1.2066563941174406,-0.09576638048551116,0.9676131914182875
1.2049465105921915,-0.057378405266294834,1.0370941727617407
1.2037768609155046,-0.019107569220881027,1.0846227945445719
1.2032333164554985,0.019098941531039658,1.1067096805384722
1.202690262630009,0.05727096488714328,1.128776629637727
1.2024966767061964,0.09543624418303147,1.1366429782878882
1.202428393442281,0.13360315482692012,1.1394176632977846
1.2024459176187192,0.1717779882312456,1.1387055697790274
1.2032358130329164,0.21008879275177905,1.106608232313242
1.2038417169408513,0.24841178286081061,1.0819873751019102
1.2403428168498376,-2.270781464694318,1.1495752132987036
1.2399448896119167,-2.23190080130145,1.1652474245152789
1.2400671777357877,-2.193965006763317,1.1604311537905119
1.2405549118340007,-2.156657000572955,1.1412219339224379
1.2410430297471469,-2.1193196354143584,1.1219975976508323
1.241678014267372,-2.0821985162329777,1.0969889765465837
1.2426269064279802,-2.0455550613506754,1.0596172237595454
1.2435772499873126,-2.008855557671813,1.0221883081919927
1.2446276547556294,-1.972256129843536,0.9808185203936759
1.2464773399362303,-1.9368340205162966,0.9079693809730784
1.2479004351197167,-0.3647708964196095,0.8519213245157715
1.2474144176934874,-0.3262468477044505,0.87106293391804
1.246928778703763,-0.28775279508548374,0.8901896387441042
1.246443517701406,-0.2492887035402812,0.9093014566830888
1.245958634245289,-0.2108545381030489,0.9283984051086165
1.2454741278949721,-0.17245026386238077,0.9474805013672452
1.2449899982106991,-0.1340758459611522,0.9665477627786174
1.244506244753398,-0.09573124959641523,0.9856002066354037
1.2441487806637594,-0.05742225141525043,0.999678792319628
1.2428527663136917,-0.01912081178944141,1.0507218190299952
1.2414650867848946,0.019099462873613762,1.1053750435487686
1.2409047625733092,0.057272527503383505,1.1274431971127399
1.2403449439282268,0.09541114953294053,1.1494914391344508
1.240052554183682,0.13354412121978115,1.1610070967657506
1.2399821734337655,0.1716898393985214,1.163779015531695
1.240372467356279,0.20990918678337028,1.148407439506549
1.2422509312531582,0.24845018625063164,1.074424861414073
1.2769570670715924,-2.3442644664150127,1.2088046014436387
1.2765478897921418,-2.3054073830574504,1.224438837792782
1.2763693587969651,-2.266984383534908,1.2312603205935773
1.2768706426770935,-2.2297591819883573,1.2121067872632878
1.2773723204624128,-2.1925047291519024,1.1929382032272144
1.2778656429230675,-2.155206233586666,1.174088867417126
1.2788530497801005,-2.1186968436655396,1.1363610830289943
1.2798363987942702,-2.0821219025160516,1.0987883445771374
1.28081441563374,-2.045479738400152,1.061419342949641
1.2824845682833976,-2.009863875668011,0.9976045551418267
1.2853237904442754,-0.32612693190377134,0.8891208427262001
1.2848235765663996,-0.2876470693805372,0.9082334923883195
1.284323751876971,-0.2491971458865765,0.9273312715664801
1.2838243159219573,-0.2107771264946497,0.9464141976087959
1.2833252682480325,-0.17238697633182526,0.9654822878363731
1.2828266084025748,-0.13402666057937349,0.98453555954341
1.282447376948579,-0.09570502813049096,0.999025597188627
1.282141627500404,-0.05740932660449571,1.0107079641636645
1.2818360238054893,-0.019131880952320737,1.0223847620589126
1.280737927318694,0.01911549145251782,1.0643418815543768
1.2791668071654487,0.05727612569397531,1.124372741141066
1.2785442725921767,0.09541375168598333,1.1481591367765347
1.2779677177349935,0.13351901528574558,1.1701886954987586
1.2782482837025395,0.17170499333317696,1.1594685630074437
1.2801836690953643,0.21017940835894042,1.0855195091920535
1.3130391264985721,-2.37869406974379,1.2843454516471766
1.3126302808039667,-2.3399061527375062,1.2995142194470262
1.313078724208313,-2.3026452989739985,1.2828763192278032
1.31359630872475,-2.2654776918586266,1.2636731835455137
1.3141118701754486,-2.2282766494279347,1.2445451065340762
1.314948164207883,-2.191580273679805,1.2135173859104214
1.3159634035957226,-2.155128472555314,1.1758505332601459
1.3169802118779783,-2.1186203408471824,1.1381254723532663
1.3183603139135203,-2.0826271625590396,1.0869216866867788
1.3203155633885,-2.0474458736604277,1.0143790974701403
1.3221761712981022,-0.24910565546196128,0.9453478474907016
1.321662204338043,-0.21069977170606485,0.9644167665885419
1.321148636809459,-0.17232373523601638,0.983470866199788
1.3207469943201784,-0.13398882551074273,0.9983723846426571
1.3204321096287674,-0.09568348620498314,1.0100550630486325
1.3201173750672044,-0.05739640761161758,1.0217321714196643
1.3198027905405239,-0.019127576674500345,1.033403713279121
1.3194883559093737,0.01912301965086049,1.0450696937971458
1.3186020112110197,0.05733052222656608,1.0779543666636116
1.316984891444041,0.09543368778580007,1.1379518536703657
1.3161508175579792,0.1335225467087805,1.1688972036459901
1.3180992071416933,0.17192598354022087,1.096609126337178
1.320097502953899,0.21045032655786797,1.022469455623451
1.3494199389746027,-2.451762987714419,1.344858538380521
1.3490002870206914,-2.4130005134032086,1.3599896510849305
1.3491492626256585,-2.375262786312779,1.3546181363142864
1.3496910158561874,-2.338197111976212,1.335084498706479
1.3502332043453977,-2.3011016581097623,1.3155351672645281
1.3509251471233445,-2.264226655037718,1.2905862445667324
1.3519708431223518,-2.227895614722749,1.2528822761518157
1.3530138239257379,-2.191501264105068,1.2152762077480475
1.3540584151910684,-2.155050717135081,1.177612071984015
1.356110321772843,-2.1201161368561348,1.1036278346693251
1.359047632819394,-0.17227364359682457,0.9977191546810076
1.358723612443231,-0.13395866601552983,1.0094021428919504
1.3583997465422772,-0.0956619539818505,1.0210795612925452
1.358076034998141,-0.057383494436541164,1.0327514141515408
1.357752477700497,-0.019123274333809816,1.0444177054468682
1.3574290745391258,0.019118719359705997,1.0560784391526497
1.357105825403912,0.05734249966495402,1.0677336192392346
1.3567827301848456,0.09554807959048209,1.079383249673171
1.3559975570878178,0.1336898999945736,1.1076937162702336
1.3580528417802726,0.1721475433242599,1.0335876766549603
1.385725371001967,-2.524677730729611,1.4046993182871859
1.385280077959868,-2.485913564558119,1.4203150742840833
1.3851137208567588,-2.44766671219893,1.4261489672150347
1.3856690974907537,-2.410684594264736,1.4066727455297325
1.386224919672178,-2.373672807657839,1.3871808991674541
1.3867644314616598,-2.336603083147728,1.3682610336732992
1.38784647331832,-2.3004030585139277,1.3303154562342527
1.3889302050493533,-2.2641464986420967,1.2923106174473347
1.3900044558425089,-2.227815360733884,1.2546382608654412
1.3917662465967018,-2.192508470666037,1.1928549138690911
1.3938384822621743,-2.157585595830489,1.1201847316278588
1.3966831382166065,-0.13392852010296227,1.0204269337737983
1.3963502991687233,-0.09564043144991255,1.0320990976447746
1.396017618718642,-0.05737058707062912,1.0437656997298177
1.395685096753032,-0.019118973928123728,1.055426744003256
1.3953527331586713,0.019114421002173577,1.067082234435638
1.3950205278224435,0.05732961073242918,1.0787321749937604
1.4214881757623337,-2.5586787163722007,1.479870267312343
1.4210279444341294,-2.519956221463189,1.4955794966483893
1.4215384263278552,-2.482953784652654,1.4781550480092065
1.422108534436228,-2.4460266792303123,1.4586953579100808
1.4226806871325381,-2.409072630211098,1.4391658792093622
1.4235952485666004,-2.3726587476110006,1.4079488489267078
1.4247051209690378,-2.336516398389222,1.3700652042568464
1.4258167252933218,-2.3003176501398928,1.332122443321282
1.4272853048920509,-2.264626017095387,1.2819949263513308
1.4294135317546717,-2.2298851095372876,1.2093514494405468
1.433259343271951,0.019110124576959348,1.0780810829840703
1.4576118608094235,-2.6312733591235045,1.5391381341282582
1.4571405100923323,-2.5925746738006428,1.5548090151120775
1.4572902933402254,-2.5549894753367592,1.5498292084288678
1.457873876075815,-2.518145785949135,1.5304269772196548
1.4584579263987463,-2.481272576080984,1.5110092002494753
1.4592243903009858,-2.4446746279068465,1.485526764019177
1.4603660002589758,-2.4086556108167523,1.4475719394418434
1.4615036109941182,-2.3725707970683736,1.4097500760397068
1.4626429954861224,-2.3364297200622475,1.371869240980864
1.4648471573876252,-2.3019026758948393,1.2985880141257127
1.4931600424377582,-2.665007164350935,1.6140543210042964
1.492934507461876,-2.6268088169265917,1.6213627961721215
1.4935336696538835,-2.5900520600326837,1.6019469074184585
1.494131122690954,-2.5532620451047947,1.5825864039387056
1.494709768899753,-2.51641011726161,1.5638353369193965
1.4958825661991009,-2.4805141287605346,1.5258307662063473
1.4970572053725126,-2.4445617657348624,1.4877665094476882
1.4982336907623828,-2.4085528952762356,1.4496424259278484
1.5001399176297365,-2.373639110173634,1.3878710236439744
1.5023834318692655,-2.3391539508850587,1.3151698027174774
1.529071958406383,-2.737227579863278,1.6737751417241924
1.528585957353346,-2.6986147148336848,1.6891351750053616
1.5290753022691435,-2.6617236743203607,1.6736694591480585
1.529693000831544,-2.625028729822032,1.6541471342129341
1.5303111986574018,-2.5883041261242474,1.6346090300870557
1.5312793905101971,-2.552132317516995,1.6040093863443872
1.5324798841843348,-2.516294130821192,1.5660678578778118
1.5336822616633727,-2.4803997071345907,1.5280667918736484
1.5352710810902825,-2.4450613513660056,1.477852251961444
1.5375954068320625,-2.4107977366379254,1.4043920803693837
1.5648953343981544,-2.809269937654518,1.7333487221774107
1.5643985601775348,-2.770681787302381,1.7486709150061586
1.564506956785064,-2.7331748040221,1.745327597954649
1.5651380311035956,-2.6965631138290864,1.725863137045721
1.5657696147397786,-2.6599218756422744,1.7063829670622468
1.5665515580800837,-2.6235020069052006,1.6822651965660924
1.5677849256298106,-2.587789576039567,1.644223980574516
1.5690164956804973,-2.5520147821309296,1.6062382055171938
1.5702275760718691,-2.516147802621188,1.5688844006748823
1.5725981571906424,-2.482052513156315,1.4957676818307917
1.6000923552373754,-2.842517007539337,1.8089831834390537
1.5998136034193189,-2.8043791401115117,1.8173785323122829
1.600475642891425,-2.7678814059416412,1.797439461152372
1.6011229466321113,-2.7313273795488957,1.777944195550532
1.6017683540035987,-2.6947397014413483,1.7585060441269107
1.6029648849086122,-2.6590358679072272,1.722469348634739
1.6042258702310712,-2.6233811289661046,1.6844914377465585
1.6054888410440868,-2.5876702496828226,1.6464537285545617
1.6074717663556868,-2.5530433936237378,1.5867326838757876
1.6098976795314754,-2.51901636914925,1.513669887052032
1.6356728400678102,-2.9141297725346043,1.86985666007363
1.6351663678206514,-2.875637405477697,1.8847597514842818
1.6356602091885275,-2.8389045010053753,1.8702283273260818
1.6363363400608806,-2.802461088150244,1.850332982116612
1.6370130301471892,-2.7659875336969746,1.8304211818758134
1.6380311774389893,-2.7300519623983157,1.8004619052435302
1.6393176646186836,-2.6945106441433535,1.7626066503008104
1.640606174165425,-2.6589134546818953,1.7246918866265801
1.6422068502472844,-2.623755772234167,1.6775915329534712
1.6446886807944585,-2.589912060561389,1.6045629559331758
1.6711697298149124,-2.985572888096304,1.9303987828519595
1.6706467408240797,-2.947095936060455,1.9454420616893984
1.6707386739361167,-2.9097134208999784,1.9427976935229339
1.6714282633973494,-2.873354205615668,1.9229623112672485
1.6721184223431913,-2.8369649637508076,1.9031105483306803
1.672934782624277,-2.8007559843934526,1.8796287245151788
1.6742688713212714,-2.7653654391486167,1.8412549372757852
1.6756050894653969,-2.729918404185197,1.802819898523417
1.6769259886734644,-2.694386700902308,1.7648254943363
1.6793409172567413,-2.6605288689123654,1.695362380030815
1.7060243096451442,-3.0183507016798705,2.0063490913014377
1.7056896172510134,-2.98027086970232,2.0157646135978666
1.706401858588407,-2.944011997784395,1.9957279342162408
1.7071146949926086,-2.9077228321302675,1.9756745144936474
1.7078221479681484,-2.871393281748645,1.9557725406762643
1.709083402619666,-2.835951580171094,1.9202910911390703
1.7104451655820097,-2.8006190073815325,1.881982155055553
1.7118091003249558,-2.7652300851403133,1.843612122726519
1.7138560038432156,-2.7308694566732554,1.7860289028721752
1.7164476817681293,-2.697274928492775,1.7131201612482272
1.7413161873589982,-3.0894319453143515,2.0669952726985485
1.7407689222611644,-3.051025100307202,2.0820597743163347
1.7412453175373173,-3.014413936811915,2.068946097897502
1.7419715996195537,-2.978209509026979,2.0489538169241115
1.7426984878263452,-2.9419748665455505,2.028944851231792
1.7437716498818547,-2.9062860831364246,1.9994040462629243
1.7451709820464436,-2.871087744657052,1.9608847952806912
1.746560323911373,-2.835812999038896,1.9226405460955363
1.7482016340989446,-2.8008821879649757,1.8774603946957171
1.7508641758322199,-2.7674949876057666,1.8041689233281417
1.776478369695011,-3.1602615208258618,2.128582879797598
1.7759405070358505,-3.1219164702630215,2.1430768630339188
1.77597598689965,-3.084589871983603,2.1421207740725876
1.7767222914873724,-3.0484814053941234,2.1220098293929155
1.7774625504121364,-3.012331269645831,2.1020617994203263
1.7783055592290389,-2.9763219359728126,2.079344930249057
1.7797375478434179,-2.941250473804385,2.0407566054826347
1.7811718445470452,-2.9061224832083368,2.002106083784888
1.7826084549247128,-2.8709378274050636,1.9633932146603712
1.7851267535827822,-2.837411997800001,1.8955316929271362
1.8109567090363308,-3.192511311806315,2.2056786068762193
1.8105333706874864,-3.1544344293421154,2.2168512478354074
1.8113133032390292,-3.1184466148548236,2.1962674609080963
1.8120939080310792,-3.0824277817023513,2.1756659323756438
1.812875185933139,-3.0463778897639346,2.1550466392903544
1.8141819090917126,-3.011167910966657,2.120559925002226
1.8156415298348187,-2.976154672615837,2.082037975493442
1.8171035011781544,-2.9410850482986626,2.0434539895249983
1.8192253669947918,-2.907009607053533,1.987454231890034
1.8220241507409616,-2.8739143820965682,1.9135894237436943
1.84588142117695,-3.2629217041006693,2.2681167857273508
1.8453241739216082,-3.2246573948327093,2.2825264117240707
1.8457765324042348,-3.18815946506186,2.2708290610622157
1.8465707482490297,-3.1522268328695557,2.2502917624493364
1.8473656478714438,-3.116263264591223,2.229736782314184
1.848465079401227,-3.0807751323353783,2.2013070377056465
1.8499817371477825,-3.0459295268190765,2.162088413148247
1.8514837556028145,-3.0109988348692234,2.123248339967624
1.8531452028531592,-2.9762635076126496,2.0802856635950775
1.8559948986821067,-2.9433454453847547,2.006596559331385
1.8807081268895018,-3.333136185279414,2.3305662887413376
1.8801316088836248,-3.2948841066574417,2.3451790223556515
1.8801192586479396,-3.25763237884544,2.34549205803242
1.8809382012278744,-3.2218050377467553,2.324734701550909
1.8817485924182662,-3.1859307851834013,2.304194093160774
1.8826101255634093,-3.150110012081348,2.282357213442296
1.8841521777936732,-3.1153803335796377,2.2432715331504625
1.885696758295098,-3.0805937140464477,2.2041217699460276
1.8872438732906245,-3.0457500133304136,2.16490776609902
1.889830172065614,-3.012501561411524,2.0993540545745333
1.8927351224502815,-2.9796523214811366,2.025723628982959
1.9148485671477513,-3.3649280645994466,2.407647263123849
1.9143248845310543,-3.326836449816104,2.4206630640825324
1.9151574105138278,-3.291095744281044,2.399971156161172
1.9159906609306536,-3.2553239384744117,2.37926124288861
1.9168246367275081,-3.219520991785038,2.3585333007531943
1.918206837329739,-3.184595817314421,2.3241795770472606
1.9197766687238682,-3.149924825381881,2.2851624084164825
1.921349071674947,-3.1151970385409338,2.246081325360535
1.923486697465859,-3.081313641571522,2.192951985314565
1.9264804142837024,-3.0487020148373154,2.1185450430458417
1.9494598187030692,-3.4347625377149313,2.4703129916204105
1.9488787761810298,-3.396617295629795,2.484479361681558
1.9492687871324066,-3.3601680997234817,2.474970523247997
1.950115541946159,-3.3244826857939285,2.4543258344555525
1.950963032733641,-3.2887662551795662,2.4336632019226556
1.9520920291684003,-3.2534867152806672,2.4061371936085294
1.95370917219659,-3.2189684456191436,2.366709706445043
1.9553289967784797,-3.184392937610667,2.327216840448493
1.9569388422941623,-3.1497396604544137,2.287967273589949
1.9600405222022903,-3.117397782931262,2.212345363448918
1.9839255707466628,-3.504317129636629,2.534117185874237
1.9833426050965322,-3.4662155808696404,2.548064775260542
1.983235358857421,-3.4289583307347935,2.550630666588802
1.9841139448302088,-3.3933911392890486,2.5296102919127677
1.9849933095864343,-3.357792420889202,2.5085712846610093
1.9858555908010178,-3.3221322500316095,2.487941005134523
1.9874987191673392,-3.2877315260992432,2.448628775061792
1.9891437224600208,-3.253272443275735,2.409271686937821
1.9907914510650568,-3.218756271348176,2.369849395079015
1.9934617615725765,-3.1858127217655197,2.30596159228228
1.9965647021596105,-3.1534526604203195,2.2317230137513775
2.017706641461918,-3.535614390084645,2.6116605308026664
2.017086775308121,-3.4975174360847237,2.6262188551487142
2.0179789335436977,-3.4620372529602887,2.605265414019577
2.018871881332337,-3.426525670151215,2.5842934292588637
2.019765619722626,-3.3909826459563353,2.5633028762392414
2.021158029039317,-3.3562348922579486,2.5306004188931013
2.022842243700683,-3.321915244242406,2.4910445516169872
2.0245150052802847,-3.287515192060646,2.4517576741511036
2.0266708572464904,-3.253829357964549,2.40112482063288
2.0298542564706437,-3.2216952877928566,2.3263587471114846
2.0547019429667244,-3.5725898647979983,2.6122795135602317
2.0532593830224095,-3.533085965380903,2.6455493645282075
2.0526425904855845,-3.495040086502482,2.6597744897018316
2.0535498317175893,-3.459583950731434,2.638850727954697
2.0546831021776795,-3.4244718369627996,2.612714039866127
2.0563955397847016,-3.3902737277531565,2.5732199833438187
2.058110834171519,-3.3560185674328378,2.5336600407289254
2.0598289924928497,-3.3217062131191004,2.494034047011752
2.0629765956151993,-3.289611328143156,2.421440677703508
2.0940870184770173,-3.6136899876373305,2.5587365725560716
2.092615147148093,-3.5741125964564775,2.592081622131701
2.091145343434848,-3.5345908017350087,2.6253798301485745
2.0896776029836066,-3.495124486406209,2.658631295238642
2.0898296650516217,-3.458390684642949,2.655186349272995
2.091569832532312,-3.4242514957387415,2.6157630859936347
2.0933129004469784,-3.3900554051486465,2.5762741137675675
2.0959610604865953,-3.357247362372334,2.516280399595715
2.0992513556251633,-3.325362766875259,2.4417391999962987
2.130560684317966,-3.5756366267249335,2.571866505617457
2.1290635908985855,-3.5360969205359116,2.605193106953223
2.1275685999444667,-3.496612742517428,2.6384729055840452
2.1266810772544336,-3.4581683604050357,2.6582299324230405
2.1288115128052048,-3.4246098249475034,2.610804584510227
2.132158000710168,-3.392912296782267,2.5363088537562675
2.168538595855123,-3.577161957265288,2.5516341419733806
2.167014166704566,-3.5376043234236936,2.584989172959915
2.165491879320592,-3.498102266594803,2.618297341361398
2.1649225987488054,-3.460175435607065,2.630753394897937
2.20344748238558,-3.4995930602594507,2.598104580612734
0.0,0.0,50.0
