-2.682347118957455,-0.759154844987959,6.812524374018331
-2.6818527456285612,-0.7252809312077241,6.820484095540145
-2.681358554498272,-0.6914195014743972,6.828440883549831
-2.680864545465884,-0.6575705488878584,6.836394739668783
-2.647169437072257,-0.7924647359388286,6.835963319076569
-2.646681811951369,-0.7586030671198191,6.843914403850292
-2.646194366444572,-0.7247538710644369,6.851862559884687
-2.6457071004526442,-0.6909171408825378,6.859807788797646
-2.6452200138764383,-0.6570928696890516,6.867750092205846
-2.6479869660927804,-0.6240478837288718,6.822632909569954
-2.6115490268678188,-0.7918890597599192,6.867319298183119
-2.6110683126470304,-0.7580520907684928,6.875258836281297
-2.610587775366159,-0.7242275763919022,6.883195452016992
-2.61010741492753,-0.6904155097550241,6.891129147003376
-2.609627231233543,-0.6566158839877948,6.8990599228524445
-2.612320403730007,-0.6235861608903889,6.854579138394719
-2.576231699010175,-0.791391436950838,6.894423859699032
-2.5755065082419644,-0.7575019141888131,6.906557770591974
-2.5750328596542507,-0.7237020455237436,6.914482871144564
-2.574559385247215,-0.6899146065041556,6.9224050573015035
-2.5759749369418006,-0.6566210623577139,6.8987200093398044
-2.5787740270850854,-0.6236250915173083,6.851885559883534
-2.5465853739783166,-0.7926457786555025,6.826102268976882
-2.543372834050666,-0.7579587916045032,6.880566522054934
-2.5422744195087468,-0.7239589406548087,6.89918864938813
-2.542779783609895,-0.6904236498543423,6.890620887143498
-2.543724185311532,-0.6569883657427136,6.874609838427006
-2.546489779184612,-0.6239743167538454,6.827722948923132
-2.5183782641663948,-0.7943877746028225,6.731219085463287
-2.512227827719317,-0.7587265251501293,6.836891013681537
-2.510570692795585,-0.7245271126859743,6.8653625935792135
-2.5110701464432936,-0.6909656107662755,6.8567813765447525
-2.5115697988534453,-0.6573907527200293,6.848196744531407
-2.514169353165526,-0.6243239333364058,6.803533261048678
-2.521305286306111,-0.5922529196021067,6.680929309103057
-2.481019664101878,-0.7594958155413911,6.793126938089749
-2.479304488967248,-0.7252387280652495,6.822996654720029
-2.47931068802719,-0.691508423191257,6.822888698302002
-2.479804408576712,-0.6579072920713727,6.814290571725287
-2.481805503250491,-0.6246721334712121,6.779441576045869
-2.485675864932002,-0.591827586888572,6.7120393590073135
-2.4497248095578485,-0.7602594236558841,6.749686120909708
-2.44803058589425,-0.7259676909893293,6.779597931798065
-2.4474909652136203,-0.692049169474196,6.789125027952636
-2.4479638433089037,-0.658417861303774,6.7807762836497005
-2.4493953818110166,-0.6250181319103973,6.755502224577917
-2.4520338198348406,-0.591870232373927,6.708920146364193
-2.419945942355623,-0.7615214503916296,6.677890822165075
-2.4166746871675473,-0.7266923884489828,6.736453152804742
-2.415602532039728,-0.6925853413540479,6.755646978869201
-2.4160696106555806,-0.6589280756333402,6.747285291760235
-2.416949337315297,-0.625364513850811,6.731536338970912
-2.4195542695264045,-0.5921985974365326,6.68490258749933
-2.3852561238157324,-0.7274185342133085,6.693222149161173
-2.3836646488013544,-0.6931223446869186,6.722117014670445
-2.3841259093736293,-0.6594390813161102,6.713742354634817
-2.384587348496603,-0.6257427793927256,6.705364452827631
-2.3870386604023217,-0.5925273270502217,6.660858364326636
-2.393874354907603,-0.560268466042205,6.536749300968339
-2.3537747077984417,-0.7281461326282949,6.6499046621294156
-2.3521430899965368,-0.6937976020853094,6.6799546015026365
-2.3521326242833926,-0.659950880194621,6.680147351327442
-2.3525882246106384,-0.626228520220098,6.671756438825653
-2.354486932380463,-0.5928564218224188,6.636787432417371
-2.3582245192011557,-0.5598662527599866,6.567951301043465
-2.3222302503222103,-0.7288751880573361,6.606500431935345
-2.3206188882426466,-0.6944917840726169,6.636610555465872
-2.32008963984737,-0.6604634741171345,6.646500160516297
-2.320539382672887,-0.6267150157583709,6.6380962069883935
-2.3218990252451457,-0.5931858823618985,6.612689747243991
-2.324400910704793,-0.5598921901697677,6.565939186830143
-2.292278765692155,-0.7301332364797234,6.531602665393208
-2.289027553064076,-0.695186145745386,6.5932552900441905
-2.287995392265805,-0.6609764466545659,6.612828117033622
-2.2884363335498366,-0.6272010691951404,6.60446656379569
-2.2892689203312178,-0.5935141645303157,6.5886782514969084
-2.291736462885892,-0.5602022464832181,6.541886333423079
-2.257366353463735,-0.695879853323407,6.549940865660439
-2.2557999090502063,-0.6614751613004364,6.580091976176483
-2.256279283168144,-0.6276867178738446,6.5708649254853455
-2.2567145327789766,-0.5938722454681516,6.562487188615194
-2.2590358172770375,-0.5605126463920469,6.517806825344238
-2.2655827192154834,-0.5280681525990977,6.39179126923581
-2.225641903026135,-0.6965749467486377,6.506539910328961
-2.224095931409454,-0.6621354299615932,6.536751264059518
-2.2240723950817527,-0.6281731192215637,6.537211210616128
-2.2245017643229508,-0.5943325324526968,6.528820483459889
-2.2262989136748663,-0.5608233904677145,6.493700618262153
-2.229906477036005,-0.5276877922756958,6.423201670136088
-2.193854012023695,-0.6972714301780736,6.4630521644910175
-2.1923285982266183,-0.6627970180685124,6.4933239421694395
-2.191815553341455,-0.6286602749894096,6.503505298030035
-2.1922390234393574,-0.5947935334912985,6.495101550350739
-2.1935256917424355,-0.5611344792829486,6.469567667747015
-2.1958965294185835,-0.5276960652091169,6.422518485956793
-2.1634587116839197,-0.6984394266066197,6.390123607001307
-2.160497719402239,-0.663459929580215,6.449809750632035
-2.1595086416380824,-0.6291481869339295,6.469747066192987
-2.15992619375282,-0.5952552502468401,6.46133026765969
-2.1607160910088536,-0.5614459134117493,6.4454079292703526
-2.1630452606856543,-0.5279874258366558,6.398457737360033
-2.12859726838667,-0.664122347736641,6.406327943440999
-2.1271287001713293,-0.6296300952507135,6.436404220491177
-2.1275581445489014,-0.5957162804736924,6.427609199638503
-2.1279714238014718,-0.5617844558835885,6.419145240545859
-2.130142894990136,-0.5282754379575537,6.3746735106020225
-2.1362649596632557,-0.4956134706418754,6.249293626096517
-2.0966242678217837,-0.6647833044312972,6.362942068099464
-2.0951763198948825,-0.6302562913504931,6.393078220073988
-2.0951268133963015,-0.5961742964948826,6.394108599231444
-2.0955341058129653,-0.5622164674132346,6.385631618852102
-2.0972046138477536,-0.528563764465694,6.35086332154269
-2.1005177210709323,-0.49524401553704905,6.281907593970843
-2.0645875626644163,-0.6654455780488615,6.319469748587551
-2.063160320121212,-0.6308837342519409,6.349665954460306
-2.0626455742620964,-0.5966330173485404,6.360556445363905
-2.063046860918456,-0.5626491438868516,6.352066413626055
-2.0642303584197124,-0.5288524058761246,6.3270271276490675
-2.066459487009472,-0.49526714977912956,6.279865398807871
-2.034373221048241,-0.6667273581586672,6.235332387533639
-2.03108051065445,-0.6315124276824761,6.30616716575301
-2.030114311853857,-0.5970924446628991,6.3269526189422365
-2.0305095737593413,-0.5630824868408257,6.3184495056814
-2.0312200697386205,-0.5291413627050188,6.303164886295228
-2.033414750837159,-0.4955380485233413,6.25595157862918
-1.9989367005398284,-0.6321423753843901,6.262581595025978
-1.997532910523764,-0.5975525800712115,6.2932970005056745
-1.9979221286213567,-0.5635164978162801,6.284780775464334
-1.9983114984263388,-0.5294671491556966,6.276261231013443
-2.0003313910349547,-0.4958086353847324,6.232065290175349
-2.005839920505533,-0.4628861355012769,6.111536782101155
-1.966717121848684,-0.632769856594794,6.219166678846683
-1.965299949373835,-0.5981347672007324,6.250714170460711
-1.9652784677798616,-0.5639494733629168,6.251192369422206
-1.9656704465470145,-0.5298763812431083,6.242466581214288
-1.9671824683790493,-0.4960721007216733,6.208807660431596
-1.9699678916245773,-0.46251420064229204,6.146801716878976
-1.9344365656195919,-0.6333995834329637,6.175596389503049
-1.9331174509557831,-0.5987531927739151,6.205480757107921
-1.9325708844936602,-0.5643791078609803,6.217863147754251
-1.9329566333776664,-0.5302801383602448,6.209124057992689
-1.9339982973034051,-0.4963358462106084,6.185525300029056
-1.9360898022467148,-0.462605527970454,6.1381425331717665
-1.9043935075618739,-0.634797835853958,6.0788524382126425
-1.9007933452030052,-0.5993492529919385,6.161883209732494
-1.8998134278750258,-0.564809397476359,6.18448310486427
-1.9001929274120002,-0.5306845112592072,6.175730683110622
-1.9007788215567807,-0.49659987229861835,6.16221816950128
-1.9028354962488219,-0.46285187746592965,6.114784951378525
-1.8684048178711012,-0.5999465011512711,6.1181987729355995
-1.8671290634643942,-0.5652776063699543,6.148161445239914
-1.867379214423459,-0.5310895013497912,6.142286340146278
-1.8677525943360498,-0.4969250021628022,6.133517050456078
-1.8695457538115277,-0.46309848947624993,6.091402479288895
-1.8742216781963412,-0.42986735738448195,5.981582603829047
-1.8359516761807437,-0.6005449408067853,6.074427186703701
-1.834696831319103,-0.5658410788180411,6.104449643206507
-1.8345153798365343,-0.5314951100460987,6.108790912322171
-1.8348824688692442,-0.4973045943664307,6.100008221446117
-1.8362205182619897,-0.46334536442124974,6.06799507709632
-1.8381978215285395,-0.4294854723197522,6.020687634457374
-1.803823299137467,-0.6012744330458223,6.021070040076999
-1.8022043112163844,-0.5664070692394351,6.060542507486247
-1.80160130872543,-0.5319013387665554,6.075244282503803
-1.8019602780162742,-0.49768426726163767,6.0664922693175
-1.8028089049721059,-0.46357943270711294,6.045801935918185
-1.8047486836602824,-0.4297020675381625,5.998508284092161
-1.773727049338098,-0.6027227837556645,5.915133531014263
-1.769617292854575,-0.5669647637301066,6.017278934876579
-1.7685887562096323,-0.5322937033252291,6.04284256411011
-1.7689511681152303,-0.4980542123819581,6.0338350449030145
-1.7693610408937333,-0.4638130883896194,6.023647915650905
-1.771265791081592,-0.4299188813304835,5.9763065517584835
-1.736966039728467,-0.5675235575350437,5.973930082129947
-1.7358093424406642,-0.532773164511491,6.003248350018808
-1.7358929481902423,-0.4984247078962082,6.0011292339899
-1.7362489978295133,-0.4641457716969986,5.992104609469763
-1.7377490926720638,-0.43013591402773854,5.954082403559575
-1.7412063802261757,-0.3965123440119014,5.8664521447622775
-1.7042503617236004,-0.5680834539078667,5.930495696844275
-1.7031143318656439,-0.5332984271498481,5.959871822464159
-1.7027855085629566,-0.49879575503359336,5.968374728069001
-1.703135027578746,-0.4644913711578398,5.959336660590004
-1.7041985372080122,-0.43035316596161927,5.931835805530191
-1.7060369730856497,-0.3963520240502014,5.884296453542795
-1.672821055833378,-0.5691040705412523,5.851320588314977
-1.670354789453277,-0.5338247265263051,5.916409680408357
-1.669628739228181,-0.49916735502698195,5.935571418307802
-1.6699717077548213,-0.46483748566371313,5.926519877810904
-1.670614073362213,-0.4305706374644879,5.909566723636438
-1.6724128094610178,-0.3965514909031279,5.8620949255648895
-1.6375266883553108,-0.5343508140948908,5.872965029583206
-1.6364225298526647,-0.4995395091129187,5.9027191955492455
-1.6367573634100903,-0.46518367170602565,5.893696312317573
-1.6370946012582441,-0.4308143687521695,5.884608639777845
-1.6387240517891215,-0.3967437178015768,5.840699235998407
-1.643335011632266,-0.3632635288871325,5.716446002330514
-1.6046185346854964,-0.5348728448951655,5.829855389302466
-1.603561719278859,-0.5000353748288915,5.8589462220013075
-1.6034719424205588,-0.4655241123156461,5.861417498960961
-1.6038021767872999,-0.43112961741594086,5.852327176607659
-1.605016292459262,-0.3969395131888497,5.818906358110645
-1.607249040678885,-0.36292720273394175,5.757445761957577
-1.5716446000632014,-0.5353954132083433,5.786701360859389
-1.5706084582649693,-0.5005235746119133,5.815849965293168
-1.5701371978840644,-0.46586488288867844,5.8291074001845615
-1.570460622200937,-0.4314452258793783,5.820008869951664
-1.5712684648249318,-0.3971337878128948,5.797282747782141
-1.5729546318040075,-0.36298953041630944,5.749847720678467
-1.540899912845117,-0.5367179471707711,5.677485652994385
-1.537590819848769,-0.5010127390518462,5.772668552664619
-1.5367534368090514,-0.46620609880724034,5.796755076054247
-1.5370702164788497,-0.43176129676372177,5.787643211394887
-1.537487586527916,-0.39732825269822547,5.775637960545339
-1.5391383111958759,-0.36316746668666733,5.7281564420062665
-1.5045085816599328,-0.501502860553311,5.729402654604279
-1.5035154161907316,-0.4666082326109167,5.758626833927899
-1.503630852179302,-0.43207783108600634,5.75523009679295
-1.503941095335639,-0.3975936229048241,5.746101102767405
-1.505288821030523,-0.3633455774901263,5.706443886917938
-1.5086200020648828,-0.3294687360831353,5.608422927745977
-1.4713615539263907,-0.5019939419278274,5.686052022922823
-1.4703893192052409,-0.4670648425710765,5.715333445112748
-1.4701424215452539,-0.43239482986625116,5.722769421695887
-1.4704459776459184,-0.3978853821865427,5.713627026193514
-1.4714061124812574,-0.3635238630836048,5.684710024093889
-1.4729863114499575,-0.32925576373587284,5.6371181492718705
-1.4392160430179568,-0.5028586174400089,5.609722046675067
-1.4371983261426378,-0.4675223470584485,5.671955241865625
-1.4366048165032048,-0.4327122941274713,5.690261081346939
-1.4368825848004754,-0.3981722825350715,5.681693770009431
-1.4374803814596855,-0.36369985555004086,5.66325570437597
-1.439019835638939,-0.32941417924264865,5.615773744148392
-1.4039330478902314,-0.4679776826300771,5.62878268396306
-1.4030062139600437,-0.43302660924692704,5.658075213114671
-1.4032963028858028,-0.3984668514367094,5.6489069705227735
-1.4035865117953323,-0.36389279935434543,5.639734935851223
-1.4050206593731285,-0.3295727472603635,5.594408790182605
-1.3706013636122922,-0.4684333774371125,5.585576065221929
-1.3697013514596088,-0.43344979476569895,5.614741015992422
-1.3696412886960807,-0.39875632455708676,5.616687353645993
-1.3699247433888035,-0.36415721026790976,5.607501986388144
-1.3709887354073511,-0.3297314680093629,5.57302325768584
-1.3731010125159717,-0.2954774330730572,5.504574784292565
-1.3372047023885374,-0.4688899605777988,5.542285219290186
-1.3363257650121907,-0.43387200162733464,5.5715070333609304
-1.335937340425698,-0.39904621856871497,5.584420889743029
-1.3362140209444735,-0.3644220057121291,5.575222160807115
-1.3369240164053762,-0.3298903417104175,5.551617116912169
-1.3383593898355481,-0.2954819432104457,5.503895610662298
-1.3438844935418301,0.22688958981875054,5.320203851076819
-1.3056206535950667,-0.470023435294224,5.4348150239550534
-1.302885095406088,-0.43429503180202933,5.528188743472192
-1.3021843512724565,-0.39933653439022,5.5521074765668175
-1.3024542375944421,-0.36468718652644383,5.54289535677637
-1.302826454939697,-0.3300493685847232,5.530190338058347
-1.3041852547132988,-0.29561532440168103,5.4838099724527325
-1.3072807980518297,0.15687369576621957,5.378148759830879
-1.3064464010455954,0.19161213882002068,5.406629510977005
-1.3078708784351156,0.22669761892875337,5.35800734941472
-1.3100466176876102,0.26200932353752204,5.283742116262907
-1.2693791520850288,-0.4347188877003524,5.484785899483917
-1.268543717671015,-0.3996781576223746,5.51408332550961
-1.2686452861595212,-0.364952753552739,5.5105214716661095
-1.2689057996624218,-0.3302631533367947,5.501385655673978
-1.2700585014447103,-0.2957670482816449,5.460962141117001
-1.2730402209121334,-0.2615836070367397,5.356397732396417
-1.2753662695170778,0.05241231244590731,5.274826712825764
-1.2734226640556425,0.08722073041477003,5.3429860276377426
-1.272609237572323,0.12203102278090769,5.371511668696613
-1.2717968496134162,0.1567968718701472,5.40000089026924
-1.2709854981913213,0.19151836274115802,5.428453762057771
-1.2719181539240305,0.22650597261660815,5.39574693088332
-1.2740322914351945,0.2617874571442181,5.321607314053452
-1.2358031097844495,-0.435141940064947,5.4414653373494275
-1.2349865557173003,-0.40006606734504097,5.470907286812832
-1.234784991215582,-0.3652180959933411,5.4781749646212745
-1.2350376134374663,-0.3305030233142515,5.469066332395585
-1.235859551212691,-0.2959100333889542,5.439430266133954
-1.237184507839375,-0.26137700869845953,5.3916571821295705
-1.2398083058827263,0.017462088815249664,5.297052632960856
-1.238730514975839,0.0523407259848946,5.335913826223269
-1.2379273614051722,0.08717798319754735,5.364872602855755
-1.237136995623817,0.1219712530896721,5.393370298634203
-1.236661697068042,0.15675993343116024,5.4105078240255295
-1.2362882054044788,0.19153760928801786,5.423974565697662
-1.2360261657113933,0.2263146500598326,5.433422757448355
-1.238078906588529,0.2615659661806751,5.359408438498107
-1.2401384770213486,0.2969345649206046,5.2851478707795465
-1.2030509884436784,-0.4358880392911878,5.365064776582365
-1.2013644251729627,-0.4004548083909875,5.427638718220521
-1.2008743314812327,-0.36548349218994036,5.44582190446441
-1.2011201945584777,-0.3307432419798707,5.43670002797532
-1.2016275188254755,-0.29605315681207367,5.417877562417139
-1.2029163992850005,-0.2615035650619566,5.370058229426071
-1.2061835786238428,-0.05244276428799317,5.248841140912496
-1.2048289148479514,-0.017461288620984804,5.299101130278906
-1.204040120171526,0.017449856814080088,5.328366555954972
-1.2032523576581766,0.05231531989818159,5.357593686885039
-1.2027379794013093,0.08715492604357315,5.376677865690546
-1.2023744577336466,0.12198001745123951,5.39016504640383
-1.2020111557448767,0.15678406379281,5.403644076711814
-1.2016480732359294,0.1915670841390612,5.417114964000305
-1.201450686359161,0.22636027424158103,5.424438303196347
-1.2021863085959754,0.2613448496947772,5.397145652091353
-1.204184477526743,0.29668313214427,5.323010688862865
-1.1676768903570551,-0.40084430564495926,5.384285980387141
-1.166904361116135,-0.36574614303640046,5.413803515562613
-1.1671534355964421,-0.33098381009451344,5.404286639897137
-1.1673926175812794,-0.2962040969982351,5.395147746148133
-1.1686150900439756,-0.261630244039696,5.3484383505585456
-1.1724862454816591,-0.12249856296077037,5.200525545775406
-1.1708713843797012,-0.08737846152087322,5.262227701312909
-1.1701041895889057,-0.05239272490696592,5.29154141272241
-1.1693379995240678,-0.01745280596304579,5.320816734602779
-1.1687920661267683,0.017444657703384603,5.341676279335417
-1.1684264050536148,0.052317600226281256,5.35564780690666
-1.168060972705837,0.08716872930640575,5.369610595120257
-1.1677028252722865,0.12199880264038813,5.383295034372338
-1.1674799092203976,0.15682565944751609,5.39181242381764
-1.16750329814018,0.19167964596331313,5.3909187576289455
-1.1675266879971133,0.22653502901436529,5.390025055632677
-1.1675500787912545,0.2613918086846092,5.3891313178266955
-1.1339237602398877,-0.40123456131565255,5.340848827475192
-1.1331728320049543,-0.3661019918785237,5.3704238471894925
-1.1331372288095614,-0.33122472842125644,5.371826065346504
-1.1333696089916154,-0.29641974389011483,5.362673861253299
-1.134280531843145,-0.26175704580995657,5.326797515100743
-1.1361955554913268,-0.22723911109826533,5.251375045264673
-1.138786424083111,-0.19271770253714185,5.149334682265163
-1.136840471375048,-0.15740868065192973,5.225975281228877
-1.136112262551858,-0.12235055135173854,5.2546555056499
-1.1353677172051126,-0.08733597824654712,5.283979137767872
-1.1347958503008155,-0.05237519309080687,5.306501895844804
-1.1344405455318094,-0.017452931469720146,5.320495437516428
-1.1340854631851272,0.017447468664386574,5.3344802191703735
-1.1337306030519783,0.052326027833168226,5.3484562490297805
-1.1334661478174344,0.08718970367826417,5.358871716728743
-1.1334824014625418,0.12206733554211988,5.358231573167586
-1.1335048165733712,0.15694682075631292,5.357348762648769
-1.1335275423914402,0.1918277379431668,5.356453715044815
-1.100087885106913,-0.40161938662633323,5.298016097242908
-1.099375601501219,-0.36645853383373966,5.326959685029834
-1.099071466142115,-0.33146599772539975,5.339318201209295
-1.0992970244401052,-0.2966357050076474,5.330152657671917
-1.0998980465918422,-0.26188048728377195,5.305730170236259
-1.101070994003007,-0.22720512574665225,5.258067545274635
-1.10203064539651,-0.19241804919621605,5.219072187062444
-1.1013277246198594,-0.15733253208855133,5.2476353170342875
-1.1007424657754545,-0.12230471841949495,5.271417263727564
-1.100401123807917,-0.08733342252443785,5.285287667487822
-1.1000564245472628,-0.052383639264155374,5.299294494587414
-1.0997119411721978,-0.017455745097971397,5.313292549193228
-1.0994179803407742,0.017451079053028163,5.3252376242479045
-1.0994337576212962,0.05235398845815696,5.324596515706062
-1.0994495353546505,0.08725789963132147,5.323955388763409
-1.099465313540857,0.12216281261565078,5.323314243419148
-1.1005181232500154,0.15721687475000218,5.280533404443823
-1.1001795344658936,0.19209483935118774,5.294291932814488
-1.0677856682259739,-0.4026077109704492,5.1880113006804365
-1.0655038052611014,-0.36681278541775625,5.283774730025904
-1.0649407036150236,-0.3317028421095975,5.307406536812124
-1.0651604780123127,-0.2968480020690052,5.298183217843928
-1.0654762706418124,-0.2620023616332326,5.284930281261637
-1.066613039515263,-0.22731097563440034,5.237223259687319
-1.0665883143513457,-0.19233559766991482,5.238260905910735
-1.0662755502617458,-0.1573193434812412,5.2513867431136205
-1.065962969546927,-0.12232361945620475,5.2645048845879785
-1.0656396567433086,-0.08734751284781218,5.278073421920162
-1.0653057926283778,-0.05239208816205136,5.292084768382836
-1.0653337676238417,-0.017464487993833468,5.290910735786319
-1.0653490675234767,0.017464738811860274,5.290268641637695
-1.0653643678625804,0.052394968911274445,5.289626529045805
-1.0667281487988558,0.08743673350810294,5.232392443851296
-1.0315619872304451,-0.36716613104812457,5.2407002150857664
-1.030888928849609,-0.33198118047699277,5.269904104152559
-1.0309723342489707,-0.29705982512258483,5.26628515801076
-1.0311852943149624,-0.26216575279193954,5.257044856842313
-1.0320805314053971,-0.22740757471644346,5.2182006712234426
-1.0317777507123223,-0.19236534335314484,5.231338274177197
-1.0314751476202353,-0.15734366658613758,5.244468171054201
-1.0311727219729199,-0.12234252633577017,5.257590368632627
-1.0311747562747662,-0.08738769120972595,5.257502100620314
-1.0311971358408554,-0.052433752669874004,5.256531055040853
-1.031211956872015,-0.017478168760542628,5.255887973010871
-1.0323583605830782,0.01749759933191658,5.206145710293555
-0.9975547147904558,-0.3675201580806942,5.19754263397251
-0.9969032178056857,-0.33230107260189523,5.22680284942885
-0.9967353640947807,-0.2972719506949346,5.234341542409851
-0.9969413991434807,-0.2623529997746002,5.225088038468236
-0.9972490255981764,-0.2274427602241455,5.211271832783652
-0.9969564181446535,-0.19239509823844192,5.224413500871698
-0.9969107503588617,-0.15740696058297815,5.226464545286213
-0.9969478206984415,-0.12243218850682615,5.2247996317892955
-0.9969848937950613,-0.08745481524518081,5.223134594467425
-0.9979155055356836,-0.0525218687124044,5.181338698748242
-0.9643057148691725,-0.3681894547682295,5.115952180634878
-0.9628519473389175,-0.3326215818079897,5.1836184511340235
-0.9624494628766109,-0.29748437943458883,5.20235227337956
-0.9626485528870574,-0.26254051442374293,5.193085538347873
-0.962599174045059,-0.22752344113792305,5.195383898993619
-0.9626349933498547,-0.19252699866997094,5.1937166731704
-0.9626708153204959,-0.1575279515978993,5.192049323264193
-0.9633379930278126,-0.12260665365808524,5.160995233614543
-0.9287349275671167,-0.33294270988255126,5.14035066845625
-0.9281145256219205,-0.29769711199193677,5.170317252978933
-0.9282744929548733,-0.2627191961193038,5.162590528972153
-0.928309060285939,-0.22769844874938125,5.160920861660308
-0.9287290763755857,-0.19275509132323476,5.140633292047184
-0.8945378698029491,-0.33325920639717715,5.0977069275382405
-0.8939522419206823,-0.2979840806402274,5.127103150648104
-0.8939054418367167,-0.26291336524609316,5.129452331333432
-0.8940839799404035,-0.22790375959265186,5.1204904186777895
-0.8947800753211905,-0.19299178095162933,5.085549160348087
-0.8962953247019683,-0.1581697631827003,5.009489583587474
-0.8603994216835563,-0.33362426555076674,5.048520010001958
-0.8597081368947402,-0.29826608831042006,5.0846361132543905
-0.8594534104448998,-0.263097982789255,5.0979442706338105
-0.8596251880687222,-0.22806382540598755,5.08896976620553
-0.8600859650516932,-0.19308052276670665,5.064896519748274
-0.8609948956694098,-0.15814191961274873,5.017409532373698
-0.8272511717573829,-0.33442068645511225,4.941212772363826
-0.8253991542535375,-0.29854863026191786,5.042088619381786
-0.8249529606790136,-0.26328285979117455,5.066391928972877
-0.8251179586358866,-0.2282241162184367,5.057404806215544
-0.8253565513226884,-0.19316855456488452,5.044409119445056
-0.8262267185674219,-0.15821362695971908,4.997012775902128
-0.7910216748812884,-0.29883041051070897,4.999655828975591
-0.7905057828125044,-0.26350192760416813,5.029004355555308
-0.7905580681439078,-0.22838344190824003,5.026029901146579
-0.7907165444003227,-0.1932862664089678,5.017014363003867
-0.7914269968283613,-0.15828539936567226,4.976597513764332
-0.7933347021020258,-0.1234076203269818,4.868070280418088
-0.7565791019495903,-0.2991126682126287,4.957151139745321
-0.7560852070326866,-0.2637506536160535,4.986555116193543
-0.755949463814597,-0.22854286115325026,4.994636572898408
-0.7561011081872077,-0.19342121372230892,4.9856084428081004
-0.7565956875027914,-0.1583572369191889,4.956163720764046
-0.7573949281260488,-0.12329684876470563,4.908581023193371
-0.7227433143122866,-0.2996740571538749,4.872612569769423
-0.721599588985662,-0.2639998496289008,4.944025663334273
-0.7212925098198245,-0.2287025031136029,4.963199386859735
-0.7214373030565107,-0.19355634960052726,4.954158638422754
-0.7217327475632709,-0.15842913970901068,4.935711371659188
-0.7224955067663408,-0.12335289139913135,4.888085431174822
-0.6870487441380264,-0.264249516976164,4.901415769401339
-0.6865871047690145,-0.22886236825633818,4.931718251059557
-0.686725027556908,-0.1936916744391279,4.922664857802964
-0.6868630057682643,-0.15850684748498406,4.913607826493418
-0.6875643450184553,-0.1234089850033125,4.867571198788575
-0.6524324872576546,-0.2644996569963465,4.858725205956873
-0.6520056491925083,-0.2290830659325029,4.8882577855994285
-0.6519641799531586,-0.19382718863472284,4.891127008646322
-0.6520931550173815,-0.15861725392314688,4.882203328527112
-0.652601000152174,-0.12346505408284375,4.847065935417142
-0.6537554036497817,-0.08834532481753807,4.767193693420509
-0.6178734647112093,-0.2648029134476611,4.806969438265831
-0.6173392873531061,-0.2292974495882965,4.84604069645853
-0.617152957257571,-0.1939623579952366,4.8596694120176664
-0.6172733571515024,-0.15872743469610062,4.850863019775822
-0.6176065752950982,-0.12352131505901964,4.826490492701382
-0.6182555195310624,-0.08832221707586604,4.779024857156585
-0.5839372448499355,-0.2654260203863343,4.700625854065613
-0.5826075652424884,-0.22951207115613179,4.803776756946355
-0.5822914739430618,-0.1940971579810206,4.8282977789624795
-0.5824051517014478,-0.1588377686458494,4.819479140736171
-0.5825802431410851,-0.12357762733295745,4.805896289661277
-0.5831926631544818,-0.08836252472037603,4.75838734316747
-0.5478107646908771,-0.2297270948703678,4.761433625527573
-0.5474495273263875,-0.19425628389000846,4.791264840143484
-0.5474884376503677,-0.15894825609204222,4.788051600485765
-0.5475954162390346,-0.12365057786042717,4.779217239615207
-0.5480977888671099,-0.0884028691721145,4.737730983877377
-0.5495147043628386,-0.05317884235769405,4.620721188101072
-0.5129487026160006,-0.22994252186234507,4.719011079415125
-0.5126101370079607,-0.19443832783060577,4.748898250331749
-0.5125231137001476,-0.15905889735521822,4.756580307849042
-0.5126233298300523,-0.12373666582104713,4.747733642588479
-0.51297085279282,-0.08844325048152069,4.717055753461409
-0.513577118347756,-0.0531286674152851,4.663537138956713
-0.4784303304886,-0.23035534430932592,4.637716812932737
-0.4777053871662585,-0.19462071328995717,4.706452179791789
-0.4775090782704283,-0.15916969275680945,4.725065171396423
-0.47760251298726963,-0.12382287373744028,4.716206176021842
-0.47780887895809315,-0.08848312573298021,4.69663962471413
-0.4783061371750914,-0.05314512635278794,4.649492178954297
-0.4427288588648635,-0.19480069790053997,4.664564852237973
-0.44243850212260427,-0.15927786076413752,4.694297382645324
-0.4425264807657607,-0.123907414614413,4.685288369586104
-0.4426113675259685,-0.0885222735051937,4.676595965340823
-0.4430725918587656,-0.05316871102305187,4.629366593662404
-0.40768602812591737,-0.1949802743210909,4.622772521637025
-0.40741840735521617,-0.1594245941824759,4.652559876984633
-0.4074019363638795,-0.12399189367596332,4.654393169933414
-0.4074801387199818,-0.08858263885216995,4.645688907688985
-0.4078077608710457,-0.05319231663535379,4.609223137831435
-0.4086151391000952,-0.01776587561304762,4.519358430598096
-0.3726209441305867,-0.1951823993064978,4.575732525033239
-0.3723337291426976,-0.15957159820401323,4.610745399747344
-0.3722294640311153,-0.12407648801037177,4.62345581334975
-0.3723009636541703,-0.08864308658432626,4.614739668824953
-0.37251160252319526,-0.05321594321759932,4.589061787648582
-0.37290019884695785,-0.017757152326045612,4.541690045323236
-0.3379203739376652,-0.19563811122706934,4.46967593260932
-0.33718428866467287,-0.15971887357800293,4.568853737812503
-0.3370089656029992,-0.12416119785373654,4.5924762134906345
-0.33707374410764834,-0.08870361687043377,4.583748162337912
-0.337184075052377,-0.053239590797743735,4.568882519258679
-0.33753578926169664,-0.017765041540089295,4.521493657371401
-0.3019699064399933,-0.15986642105646703,4.526884677271603
-0.3017712631944945,-0.12425875543302715,4.556798013064359
-0.30179838159106465,-0.0887642298797249,4.552714301580849
-0.30185608821854787,-0.05326872145033198,4.544024362383382
-0.3021389077733918,-0.017772876927846577,4.501435064712766
-0.302956145303212,0.017820949723718355,4.3783687072810125
-0.2666886430519223,-0.16001318583115337,4.485138252471927
-0.26651317134874236,-0.12437281329607977,4.515085423147966
-0.2664735570132574,-0.08882451900441914,4.521846269737402
-0.26652410186753966,-0.053304820373507936,4.513219947939895
-0.2667107884552752,-0.01778071923035168,4.4813587702997
-0.2670870198642499,0.017805801324283322,4.41714860983469
-0.2315163402868072,-0.1602805432754819,4.40908991275181
-0.23118974088834943,-0.12448678355526507,4.4734048712173475
-0.23110033081152925,-0.08888474261981895,4.491011778652698
-0.23114419577858178,-0.053340968256595796,4.4823737543715865
-0.23125138993790692,-0.01778856845676207,4.461264750689097
-0.2314918768426262,0.017807067449432785,4.413907329452073
-0.19580151309962965,-0.1246009628815825,4.431647860449829
-0.19567910550022927,-0.08894504795464966,4.460135447219372
-0.1957162723973141,-0.05337716519926748,4.451485696625085
-0.19576067077876524,-0.017796424616251385,4.441152982396453
-0.19596433956943513,0.01781493996085774,4.393753700204186
-0.16034830952249515,-0.12471535185082958,4.38981418026804
-0.1602425851853796,-0.089023658436322,4.419886880603137
-0.16024023390439698,-0.05341341130146566,4.42055568941597
-0.16027069607065633,-0.017807855118961814,4.411890895457752
-0.16040537492617957,0.017822819436242174,4.373582243220035
-0.16075962760487447,0.053586542534958155,4.272817036835704
-0.1248280896209956,-0.1248280896209956,4.348584367178745
-0.12474756986135764,-0.08910540704382688,4.378031593560635
-0.12471598221461085,-0.05344970666340465,4.3895836472280365
-0.12473970722394671,-0.01781995817484953,4.380907072385206
-0.1248142894600708,0.017830612780010115,4.35363128317411
-0.12494430018791916,0.053547557223393924,4.306084502703847
-0.08937360408403379,-0.12512304571764732,4.2407147089747
-0.08918733344549266,-0.08918733344549266,4.336085275907756
-0.07418575930032285,-0.04451145558019371,12.016891238234699
-0.07418577859433381,-0.014837155718866762,12.016881359701088
-0.0741857978883548,0.014837159577670962,12.01687148116234
-0.07418581718238584,0.0445114903094315,12.016861602618448
-0.044511429105743516,-0.0741857151762392,12.016913829765528
-0.04451144068213632,-0.04451144068213632,12.016903951243677
-0.044511452258535145,-0.014837150752845047,12.016894072716674
-0.04451146383494,0.014837154611646666,12.016884194184534
-0.044511475411350865,0.044511475411350865,12.016874315647264
-0.04451148698776776,0.0741858116462796,12.016864437104843
-0.014837138069234616,-0.07418569034617309,12.016926542759379
-0.014837141928029634,-0.0445114257840889,12.016916664244135
-0.014837145786826659,-0.014837145786826659,12.016906785723755
-0.014837149645625693,0.014837149645625693,12.01689690719823
-0.014837153504426734,0.0445114605132802,12.016887028667561
-0.01483715736322978,0.07418578681614889,12.01687715013177
0.014837133103224718,-0.07418566551612359,12.016939255744724
0.014837136962017152,-0.044511410886051456,12.016929377236089
0.014837140820811594,-0.014837140820811594,12.016919498722316
0.014837144679608045,0.014837144679608045,12.0169096202034
0.014837148538406501,0.044511445615219504,12.016899741679353
0.014837152397206965,0.07418576198603483,12.016889863150169
0.04451138441165443,-0.07418564068609071,12.016951968721557
0.04451139598802399,-0.04451139598802399,12.01694209021953
0.044511407564399565,-0.014837135854799854,12.016932211712373
0.04451141914078116,0.014837139713593721,12.016922333200078
0.04451143071716879,0.04451143071716879,12.016912454682632
0.04451144229356243,0.07418573715593738,12.016902576160064
0.07418563515001081,-0.04451138109000649,12.016954803194466
0.07418565444395718,-0.014837130888791437,12.016944924693924
0.07418567373791361,0.014837134747582722,12.01693504618823
0.07418569303188007,0.04451141581912804,12.016925167677407
0.44916626771522866,-0.6444559493305454,0.005841506478901692
0.4489466296447278,-0.6051019790863722,0.030288178673778532
0.44917511141963257,-0.5663512274421454,0.004857163727855607
0.48805782979963797,-0.6832809617194932,0.02287822851707233
0.48750242452539166,-0.643503200373517,0.07975172859989499
0.48710329415782816,-0.6040080847557069,0.1206226782383979
0.4868815120132217,-0.5647825539353373,0.14333316984609468
0.48714947056389146,-0.5261214282090028,0.11589421425750857
0.5268712283992731,-0.6829812219990578,0.04480204806892374
0.5260339289575086,-0.6429303576147327,0.1241904395843676
0.5254848974361978,-0.60333451187119,0.17624676160495056
0.525245304318612,-0.5641523638977686,0.19896373867974404
0.5250059295848494,-0.5250059295848494,0.2216600097328012
0.5252942153152379,-0.48638353269929435,0.19432625159225836
0.5248141666029098,-0.3693136727946403,0.23984198135373447
0.5244018881370697,-0.33017896660482166,0.27893208774450784
0.5239831233947286,-0.29110173521929367,0.3186371892405475
0.5235650269336699,-0.25208686481991516,0.3582789277705558
0.5231475971554644,-0.21313420624852256,0.3978574548892908
0.5227308324667768,-0.17424361082225892,0.437372921668576
0.5662678364257098,-1.1130091957332917,0.012218577592513213
0.56620194719962,-1.073831279171693,0.018035005826646966
0.5658292699094393,-0.6828973947182887,0.05093341489087777
0.5647637510728982,-0.6426621994967463,0.1449930087372593
0.5641100838990112,-0.6030142276161844,0.20269604201832436
0.5635235786374629,-0.5635235786374629,0.2544702995894781
0.5632670451160865,-0.5244210420046322,0.27711601733857094
0.5630107450525641,-0.4853540905625553,0.2997411263943377
0.5633191995350012,-0.44677039963120785,0.2725120410481665
0.5636898027099431,-0.4081891674796139,0.23979672629468496
0.5632469951052727,-0.3690238933448338,0.278885949327659
0.5627972099179704,-0.32991560581398266,0.31859112448260873
0.5623481425162644,-0.290869728887723,0.358232936495277
0.5618997911833169,-0.25188611328907307,0.39781153692099736
0.5614521542077612,-0.212964610216737,0.43732707683211913
0.561005229836415,-0.17410507132854255,0.4767797109923393
0.5605677420752566,-0.13530945498368263,0.5153993202532092
0.5601319727778447,-0.09657447806514563,0.5538672306454373
0.6045991640437284,-1.1896951292473366,0.07181096929210895
0.6044064502035509,-1.1503219536132099,0.08772540254547323
0.6046347145990036,-1.1117477010368777,0.06887518150163885
0.6048614409967888,-1.0731412662846254,0.05015196929743837
0.6050883374944419,-1.0345058673292071,0.03141471013640995
0.6039058142383943,-0.6428674796731294,0.12906824353905222
0.6027631137277109,-0.6027631137277109,0.22343318893742747
0.6020665618327395,-0.5632235578435306,0.28095489381247063
0.6014390026877584,-0.5238339700828863,0.332779132881889
0.6011629919999184,-0.48480886451606325,0.35557227355511856
0.6008872345279634,-0.4458195611013922,0.3783445034972104
0.6012223274973748,-0.4072796412078991,0.3506723098942075
0.601611368418431,-0.36872954838549,0.3185450596392485
0.6011313299612584,-0.3296526648174643,0.3581869451347899
0.6006520569590242,-0.29063809207694724,0.39776561886767325
0.6001735475557483,-0.25168568123305574,0.4372812341059529
0.5996957998933419,-0.2127952838331213,0.47673394429176597
0.599228127565977,-0.17396945639012235,0.5153546268096463
0.5987623043724559,-0.1352043913099094,0.5538226066617042
0.5982972048522264,-0.09649954916971393,0.5922308251064692
0.5978328273202181,-0.05785478974066627,0.6305794212981155
0.5973691700965882,-0.0192699732289222,0.6688685339591629
0.6428396093598413,-1.2661992305572631,0.13123030420624815
0.6426339041749822,-1.226846544334057,0.14718803975895867
0.6427486928502193,-1.188111220117072,0.1382832213163212
0.6429893760980834,-1.1495870663571794,0.11961203602746906
0.6432302396656475,-1.111034050331573,0.10092686230127867
0.6435779376691281,-1.0726298961152134,0.07395392627370256
0.6440568496954697,-1.0343943343593907,0.036801963018106676
0.6418493555727741,-0.6029493946289696,0.20804999193025253
0.6406430903988599,-0.5629893824717254,0.3016269266338938
0.6398950245906849,-0.5235504746651058,0.35965869841959375
0.6392215389793664,-0.48425874165103516,0.41190485493400075
0.6389286563632194,-0.4453139120107287,0.4346254457623786
0.6386360420138195,-0.4064047540087942,0.45732522559460875
0.6390025255553415,-0.3679105450167118,0.4288949872219874
0.6394043944827857,-0.3293901426123442,0.3977197007293469
0.6388950124944299,-0.29040682386110456,0.4372353943714913
0.6383864414618289,-0.25148556784859927,0.47668817750660963
0.6378885828912435,-0.2126295276304145,0.5153099332853515
0.63739270569308,-0.17383437427993093,0.5537779825974241
0.6368975988588933,-0.13509949066703797,0.5921862703403988
0.6364032605948922,-0.09642473645377155,0.6305349356689689
0.6359096891270745,-0.057809971738824954,0.6688241162027069
0.6355250988145247,-0.019258336327712868,0.6986590010550557
0.6352240593471719,0.01924921391961127,0.7220123657951518
0.680988710456136,-1.342520600613525,0.19054003520834328
0.6807710568502857,-1.30319030882769,0.2064598418076713
0.6807550977658563,-1.2642594672794476,0.207627134840223
0.6810103372698276,-1.2258186070856898,0.18895818826403854
0.6812657682424778,-1.187348910365461,0.17027523712162917
0.681560572091469,-1.1489163929541906,0.14871244130969785
0.6820669885091657,-1.1107948098577842,0.11167169761530715
0.6825741580463784,-1.0726165340728804,0.07457586860774512
0.6830820823843654,-1.034381439039182,0.03742483131498631
0.6796729028160949,-0.5631575480476215,0.2867819654513468
0.6783819893740057,-0.5233232489456616,0.3812030629298633
0.6775876027500741,-0.4839911448214815,0.43930677028029663
0.6768838827072985,-0.44480940863622476,0.49077886483759414
0.6765742367937595,-0.4059445420762557,0.5134272516564522
0.6762218934294768,-0.3670918850045731,0.5391986520154077
0.6766263078055696,-0.3286470637912767,0.5096186290783322
0.6770771545420742,-0.2901759233751746,0.4766424106368632
0.6765491080512456,-0.25128966870474834,0.5152652396803248
0.6760231767399059,-0.21246442697539897,0.5537333584526039
0.6754980624834809,-0.1736995017814665,0.5921417154939732
0.6749737633794579,-0.1349947526758916,0.6304904499596446
0.6744502776130267,-0.09635003965900381,0.6687796945900502
0.6740421422967781,-0.05777504076829527,0.6986318777213754
0.6737228576619942,-0.019249224504628404,0.7219852681512791
0.673403875365612,0.01924011072473177,0.7453165446866663
0.6730851949783974,0.057693016712434056,0.7686257387229389
0.7188176909846327,-1.3793528664840249,0.26558678592812157
0.7186547747705273,-1.3401940394369294,0.27685882668783535
0.718923849437992,-1.3018350787120396,0.2582417686146101
0.7191931256717647,-1.263447382936884,0.23961076433195672
0.7194626036984233,-1.225030919810829,0.22096579816314943
0.7199623774330914,-1.1869650006329346,0.18638685868339877
0.7204979283860966,-1.1489021020210728,0.14933252247548268
0.7210332695617984,-1.110780982838446,0.11229270058908725
0.7218722029418807,-1.073053274643336,0.054247580237444026
0.7191930542602706,-0.5636918533391311,0.23961570523533027
0.7173453732328876,-0.5234682453321071,0.36745525740020923
0.7159965091558216,-0.4837814251052849,0.4607820692188298
0.7151594189699823,-0.4445585577380971,0.5186996604552832
0.714460972187049,-0.4055048761061629,0.5670246270582311
0.7140921269448411,-0.36669595707978325,0.5925447303028832
0.7137236623437575,-0.3279270881038886,0.618038497296773
0.7140467100692189,-0.2894783959740077,0.5956870871026894
0.714653717513122,-0.25109454939650233,0.5536887342272294
0.7140985957261773,-0.21229958251318784,0.5920971605671923
0.7135443356963176,-0.17356483841261777,0.6304459626331607
0.7129909355089049,-0.13489017698817118,0.6687352728973934
0.7125592281596717,-0.09629178758914482,0.6986047543578522
0.7122216983173157,-0.05774770526897154,0.7219581704776132
0.7118844880903687,-0.019240121299739697,0.7452894726663786
0.7115475970250681,0.01923101613581265,0.768598692319614
0.7112110246685093,0.05766575875690616,0.7918858607734123
0.7567760407839563,-1.4553385399691467,0.3244445023864557
0.7565318344773289,-1.416072408124231,0.3404744548214893
0.7567299569277046,-1.3776365882530006,0.3274694939763094
0.7570138875167318,-1.3393322625296025,0.3088319989017023
0.7572983372236667,-1.300999707538094,0.29016042839521106
0.7577406223408859,-1.2629010372348097,0.2611283796751849
0.7583041558401816,-1.2249528671264471,0.2241374627983319
0.7588685281657165,-1.1869482107207359,0.18709148450681568
0.7595958916320511,-1.149132246315154,0.1393466005628028
0.7606899285106005,-1.1117775878231855,0.06753289776570881
0.7580690439293658,-0.6025677015848806,0.23957044976470598
0.7574736113349999,-0.5632496084285896,0.2786552559589808
0.7568687221732733,-0.5239860384276508,0.31836080093385277
0.7548852597584288,-0.48390080753745435,0.44855730816467343
0.7535249973871465,-0.4443865369206249,0.5378463253565329
0.7526426529635984,-0.405269120826553,0.595764318286875
0.7518807583910236,-0.3663008822930628,0.6457758594610112
0.7514932129956132,-0.3275739646391134,0.6712147366982109
0.7511060669030385,-0.28888694880886095,0.696627403287728
0.7513371830485974,-0.2504457276828658,0.6814567024510367
0.752114977576885,-0.21213499367553165,0.6304014718762687
0.7515316628148966,-0.1734303837265146,0.6686908511247367
0.7510763564032755,-0.1348085767903315,0.698577630964472
0.7507205813132063,-0.09624622837348798,0.7219310727741544
0.7503651431156105,-0.057720395624277734,0.7452624006163333
0.7500100413321966,-0.019231026700825556,0.7685716458865812
0.7496552754855779,0.019221930140655843,0.7918588399210478
0.7493008450992706,0.057638526546097746,0.815124013996595
0.7489467496976914,0.09601881406380659,0.8383671993310244
0.7946446538880214,-1.5311445770037486,0.3831630743089036
0.7943885306550259,-1.4919004112301706,0.3991551591008218
0.7944282313211315,-1.4532223743679236,0.3966762882415438
0.7947258911249616,-1.414999757368834,0.37809070049020477
0.7950237740693228,-1.3767484868029738,0.35949118006179503
0.7954024653230222,-1.3386041489582567,0.3358460676356927
0.795996145322237,-1.300774188697314,0.29877726768472
0.7965878646102967,-1.2628831999919339,0.26183089262537607
0.7971802805222334,-1.224935552997578,0.22484102105079273
0.7983343597983674,-1.1877657548219613,0.15278143697998559
0.7963191508600928,-0.6020949677234848,0.27860911702835267
0.7956832404768073,-0.5628003408250588,0.3183147409603322
0.7950483449035988,-0.5235684222535895,0.3579570011411519
0.7944144617207168,-0.48439906202482735,0.39753604865768466
0.792317574523593,-0.4444708344888448,0.5284636395024904
0.7909667060619643,-0.4051292884707622,0.6128105483261308
0.790041921130867,-0.3661169878411335,0.6705532171946444
0.7891815079755203,-0.3272216008678987,0.7242765751870195
0.7891016904123609,-0.2886957403947662,0.7292603059599045
0.788640145172219,-0.25005663139606943,0.7580787404663241
0.7888627896758981,-0.21164611430328972,0.7441770348707522
0.7895935270276596,-0.17332540837192528,0.6985505075412561
0.789219506649736,-0.1347447938182476,0.721903975040874
0.7888458404414073,-0.0962007122489521,0.7452353285365234
0.7884725278998528,-0.057693111797550205,0.7685445994238265
0.7880995685232036,-0.019221940695687893,0.7918318190389968
0.7877269618105396,0.01921285272708633,0.8150970186589959
0.7873547072737662,0.05761132004442192,0.8383402287599679
0.7870250126276571,0.09597866007654356,0.858926040809699
0.8324027677733848,-1.6067309238416498,0.44299801163104036
0.8321451569086614,-1.5675292490605017,0.458334844507597
0.8320161803530272,-1.5285878662299803,0.4660134487500045
0.8323329163567069,-1.49045661766201,0.44715660760070364
0.8326444609571112,-1.4522868505065893,0.4286088360417466
0.832945599936477,-1.414070437101461,0.41068056192136737
0.8335663642495706,-1.3763537642260353,0.37372343072323133
0.834188054519252,-1.3385808316704277,0.33671117280731977
0.834810672818858,-1.3007515134619416,0.2996436647377507
0.8358448712419632,-1.263486433272735,0.23807278187382508
0.8370504049226783,-1.2263761746541566,0.16630147437077625
0.8344978307504842,-0.6016147151922095,0.31826868090140437
0.8338319634273481,-0.5623517892882115,0.3579110145578781
0.8331671578823832,-0.5231514712284732,0.39749013537439737
0.8325034115779787,-0.4840136113825458,0.4370061944273118
0.8318407219846038,-0.444938060596416,0.47645934231195497
0.8298341782551656,-0.40526785449670877,0.5959186899250213
0.8282950941110941,-0.3659908555374602,0.6875478854790487
0.8275428400881972,-0.3271680995697524,0.7323332412608181
0.8267272410034627,-0.2883932236058591,0.7808898379333797
0.8264996496923387,-0.24987198711628844,0.7944394601770455
0.8263470484406721,-0.21139110541505565,0.8035245579506878
0.82665043603988,-0.1730198587060214,0.7854624125094674
0.8273265800678283,-0.13468107117383252,0.7452082564269631
0.8269350567281062,-0.09615523915443096,0.7685175529313497
0.8265439037814559,-0.057665853752194594,0.7918047981272736
0.8261531207025214,-0.019212863272151662,0.8150700232917458
0.8257627070121099,0.019203783884002554,0.8383132569534624
0.8254168398172962,0.05758722138260206,0.8589044201795701
0.8251041801677506,0.09594234653113377,0.8775185760595079
0.8697958212800607,-1.6429476624178925,0.5182821671787678
0.8695270468658641,-1.603794330885927,0.5335724449641788
0.8698237844494104,-1.5656828120089388,0.5166913735446457
0.8701546716366511,-1.527604867984343,0.497867569114959
0.8704858106633971,-1.4894979426907018,0.47902943781563323
0.8710234469586855,-1.4517057449311424,0.4484439063503345
0.8716720946136358,-1.4140458423732314,0.4115430619798275
0.8723217090791616,-1.3763298076582327,0.3745872168299158
0.8732169707172179,-1.3389326884330675,0.3236567769760441
0.8744817669361202,-1.3020061863271124,0.2517039254118316
0.8726156538066315,-0.6011352281779017,0.3578650278894102
0.871919925785049,-0.561903952172587,0.39744422200610785
0.8712253062741077,-0.5227351837644646,0.4369603541840945
0.8705317926266147,-0.48362877368145263,0.47641357501925086
0.8698527813789108,-0.4445914215936655,0.515041770444185
0.869176577915998,-0.40561573636079906,0.5535102341121174
0.8672486125915077,-0.3661716364275254,0.6631900392386783
0.8656129291680588,-0.3270093287968222,0.7562422517726546
0.864975927051085,-0.2883253090170283,0.7924805944271682
0.8643398617808162,-0.24969818229223578,0.8286656409135702
0.8641438203851883,-0.21123515609415716,0.8398182180870606
0.8639844157957476,-0.1727968831591495,0.8488865680641382
0.8643747895535241,-0.13445830059721486,0.8266786387328509
0.8649882812604044,-0.09610980902893383,0.791777777185878
0.8645793218110419,-0.05763862145406946,0.8150430258607315
0.8641707488944216,-0.019203794419876033,0.8382862851173485
0.8638087007895043,0.01919574890643343,0.85888279953042
0.8634814985428133,0.05756543323618755,0.8774969717866199
0.8631545440842534,0.09590606045380594,0.8960970476513594
0.907367060083179,-1.7182057095192114,0.5774537486608864
0.907075436350778,-1.6790545311173977,0.5933379349363435
0.907209480989,-1.6406979975332978,0.5860367801736146
0.9075541061465959,-1.6027019321312226,0.56726570775988
0.9078989932318616,-1.5646769883357616,0.5484803686475388
0.9083626309812894,-1.5268222946281247,0.5232269082531715
0.9090414857505223,-1.48928073197426,0.4862509889077131
0.9097197893027815,-1.4516805148448642,0.4493050932953082
0.9104534625435574,-1.4141085694825466,0.4093433167764431
0.9117699153607245,-1.3773545529917328,0.33763865269244775
0.9106727654289131,-0.6006565048573682,0.3973983085528232
0.9099472725971736,-0.5614568277727241,0.43691451385608104
0.9092229347815735,-0.5223195582787762,0.47636780764195663
0.9085137255512994,-0.4832519816762231,0.5149970763547529
0.9078074674158859,-0.4442462074588378,0.5534656045815325
0.9071023065236891,-0.40530103057441424,0.5918743680714016
0.9063982402819535,-0.3664163099012152,0.6302235080467895
0.9046021908133821,-0.3271965371027127,0.7280508833562038
0.9032066027434646,-0.28825742640748875,0.8040658931219227
0.9025425805725985,-0.24963943717965492,0.8402339092371847
0.9018795340401283,-0.21107818881790236,0.876348784197269
0.9017186220169418,-0.1726695233649463,0.8851133539708371
0.901552439408715,-0.13427376757151074,0.89416500241893
0.902036009103391,-0.09596127756419053,0.8678258871344511
0.9025788329207705,-0.057611414867283224,0.8382593132516476
0.902200595544326,-0.019195757352006935,0.8588611788622487
0.9018588506749011,0.019188486184572365,0.8774753674947462
0.901517364606755,0.05754366157064394,0.8960754597171743
0.9011761370460156,0.09586980181340592,0.9146614715361707
0.900835167699256,0.13416693987010195,0.9332334189341438
0.9448715336032804,-1.7933276045939812,0.6352831423592278
0.9445512967892608,-1.7541666940371985,0.6520138820304595
0.9444840187598046,-1.7154913810127062,0.6555288158142929
0.9448436237436327,-1.6775794952182868,0.636741290128576
0.9452073821616943,-1.6396454588519187,0.6177367686951527
0.9455908678459581,-1.601715143494174,0.5977015982519802
0.9462964802104524,-1.5642860183070746,0.5608369522702361
0.9470031464358383,-1.526800991192474,0.5239172474337508
0.9477108688848568,-1.4892599368190607,0.48694236030136295
0.9489294635515495,-1.4524430564564532,0.42327700628639064
0.9486693105473747,-0.6001785434075227,0.4368686734432785
0.9479141484496784,-0.5610104143885851,0.4763220401800723
0.9471747396142187,-0.5219126116241614,0.51495237933878
0.9464384266509575,-0.48287674829130484,0.5534209749703862
0.9457032575856988,-0.44390152907083824,0.5918298077675672
0.9449692297548601,-0.40498681275208287,0.6301790168889454
0.9442363405031216,-0.36613245856243487,0.6684687410614032
0.9436626333343956,-0.32739315850376993,0.6984420135499434
0.9420877101699754,-0.2883941969908088,0.7807237135686336
0.9407273281069694,-0.24958071970184903,0.8517967356358866
0.9400363918527481,-0.21102857776286182,0.887894629733978
0.9393972452769888,-0.17254235117332445,0.9212867773654878
0.9392725563929089,-0.13418179377041556,0.9278011353908795
0.9392009075503011,-0.09583682730105113,0.9315444218618225
0.9398409922760088,-0.057541285241388296,0.8981032606819852
0.940236236564059,-0.019188494623756307,0.8774537631838584
0.939880218860767,0.019181228956342184,0.8960538717640105
0.9395244706655526,0.057521906367278726,0.9146398999221503
0.9391689916725018,0.09583357057882672,0.9332118636407216
0.938813781576164,0.13411625451088058,0.95176977887796
0.9819558124268664,-1.829133376089261,0.7096690232788632
0.9816235082942527,-1.7900193386542256,0.7263493875826086
0.9820105424810306,-1.752214889524976,0.7069217891874899
0.982384045835529,-1.7143564721443545,0.6881733855107015
0.9827578334188212,-1.6764692452438714,0.6694107146630941
0.9834354079375242,-1.6390590132292069,0.6353991309791809
0.9841727019928457,-1.6016928287334549,0.5983898607512756
0.9849070943911477,-1.5642642087388816,0.5615262423267069
0.9859728826948846,-1.5272913280959977,0.5080278490410848
0.9873944968072412,-1.4907720834148543,0.4366683955580868
0.9866054336311277,-0.5997013420110777,0.47627627263358363
0.985835823558959,-0.5605733114354865,0.5149076801777426
0.9850694556214014,-0.521507358858389,0.5533763452786786
0.9843042782747845,-0.48250209719352183,0.5917852473833634
0.9835402887467981,-0.44355738512110504,0.6301345256509165
0.9827774842737323,-0.4046730817597721,0.6684243188087322
0.9821800158637294,-0.3659102019884482,0.6984148899775064
0.9817147684444132,-0.32723825614813773,0.7217684859274911
0.9812499615811539,-0.28860292987680997,0.7450999676910968
0.9794931693733,-0.24967472944809607,0.8332840471441543
0.9781753173800483,-0.21097899002314768,0.899435049158356
0.9775172585528323,-0.1725030456269704,0.9324670216617506
0.9769975124251149,-0.13409769778383931,0.9585562390530526
0.9769230325819859,-0.0957767679001947,0.962294835100316
0.9768485640936947,-0.05746168024080557,0.9660328611792437
0.9776931717067504,-0.019170454347191182,0.9236368711905669
0.9778728379911142,0.019173977215512044,0.9146183282891656
0.9775028493262707,0.057500167607427696,0.9331903083283706
0.9771331405338853,0.09579736671900836,0.9517482398677188
0.9767637112965196,0.13406560743285564,0.9702921388413657
1.0192641691657596,-1.903908542403966,0.7676174893519914
1.0189262568235125,-1.8648273002241642,0.7839392930529883
1.0190719297018187,-1.8266383645598636,0.7769030181763057
1.019458978707796,-1.7888619815061324,0.7582078209064633
1.0198463218320737,-1.7510568922022396,0.7394984171677663
1.0204096879489313,-1.7135181552349978,0.7122867707685998
1.0211873533322193,-1.6762886743377938,0.6747240654626196
1.0219662049541403,-1.6390024041717344,0.6371040625924707
1.0228912609022607,-1.601886314243163,0.5924221149096738
1.0243635868292844,-1.5655368025126801,0.5213059946609775
1.0237005543274065,-0.560138039160279,0.5533317155064026
1.0229053685911347,-0.5211027349426536,0.5917406869187758
1.022111417257956,-0.4821280270084698,0.6300900343326887
1.021318697455769,-0.4432137743675979,0.6683798964760541
1.020697440774263,-0.40442728785395327,0.6983877663752196
1.0202139478262435,-0.36573707563582314,0.7217413880154098
1.0197309127534901,-0.3270835003171572,0.745072893416328
1.0192483348765506,-0.28846650987072187,0.7683823153967992
1.018766213534267,-0.24988605237632966,0.7916696858920034
1.0168188246339205,-0.21103786926364387,0.8857322440974258
1.0156521949736395,-0.17246924065590105,0.9420826578770374
1.0150339266632646,-0.13406108465363872,0.971946183812129
1.014597907524406,-0.09571678372871756,0.9930067308966102
1.0145206156051108,-0.05742569522293079,0.9967400764323884
1.0146025983452476,-0.019143445251797127,0.9927801553993589
1.0155060043693178,0.019160490648477694,0.9491439398971053
1.015452533146702,0.057478445272454826,0.9517267008385488
1.0150686161511406,0.09576119020293779,0.9702706160958527
1.0146849892773864,0.13401499858380575,0.9888005179224635
1.0564754940255698,-1.9784904706297035,0.8258679144462064
1.056125659437821,-1.9394307564221802,0.8421511243487032
1.0560177241295379,-1.900831903433168,0.8471750223342411
1.056422520554885,-1.863145172614979,0.8283335887180812
1.0568276274352137,-1.8254295382971872,0.8094777048336894
1.057268968788237,-1.78774571086011,0.7889352709475119
1.0580734710283182,-1.7506306520650354,0.7514893485001011
1.0588791985322388,-1.7134590667158045,0.7139863955903465
1.059686154101263,-1.6762308255783613,0.6764262818321285
1.061170921029056,-1.6399914234085413,0.6073171302839384
1.0615065285349377,-0.5597034423184216,0.5916961263738116
1.0606826152885214,-0.5206987384143651,0.6300455429342762
1.0598599800494197,-0.48175453638609983,0.668335474063376
1.0592149080660664,-0.44294441610035507,0.69836064274309
1.058713169578382,-0.40423593747538217,0.7217142887153116
1.0582119062286992,-0.36556411306082337,0.7450458191732707
1.0577111173154254,-0.326928890806586,0.7683552667729288
1.0572108021653108,-0.28833021877235754,0.7916426628509825
1.0567109601063795,-0.24976804511605333,0.8149080386848837
1.0562115904679261,-0.2112423180935852,0.8381514254928959
1.0541341381628113,-0.17249467715391456,0.9348473873309686
1.0531308400398365,-0.13403483418688827,0.9815463545094332
1.0524902723651806,-0.09568093385138005,1.0113618680934167
1.0521455128732746,-0.057389755247633165,1.0274088553530376
1.05206541684427,-0.019128462124441272,1.0311369614303416
1.0523430280867194,0.019133509601576715,1.0182154199636102
1.0533735545420209,0.05745673933865569,0.9702490976804796
1.0529754508138678,0.0957250409830789,0.9887790166636066
1.0526090341156922,0.13396842252381536,1.0058340484332433
1.09323716850291,-2.0138579419790448,0.9002254146061404
1.0928592702088364,-1.97481587423702,0.9171976888662954
1.0932775918489681,-1.9372111715218556,0.8984099099410869
1.0936962338597245,-1.8995776693353108,0.8796077424404487
1.0941151966092793,-1.8619153345807034,0.8607911698288646
1.094841446762404,-1.8247357446040067,0.8281736190920341
1.0956770678643875,-1.7876836370418954,0.7906439695994436
1.0965110869405452,-1.750570331782274,0.7531862707404215
1.0977602026311124,-1.7140466321784034,0.6970856362167126
1.0993883892120015,-1.678013857218318,0.6239600634609843
1.0984013320548711,-0.5202953678154653,0.6682910515706979
1.0977324177547676,-0.4814615867345472,0.6983335183823627
1.097212433687168,-0.44273484166324323,0.7216871887868379
1.096692942008076,-0.40404476810823853,0.7450187449004417
1.0961739420184367,-0.36539131400614555,0.7683282181193363
1.095655433020517,-0.326774427392084,0.7916156397802894
1.0951374143179042,-0.2881940563994485,0.8148810411607954
1.094619885215502,-0.24965014925967588,0.8381244534792103
1.0941605760591986,-0.21115379537984533,0.8587530752359953
1.093746117692279,-0.17269675542509666,0.8773673457502795
1.091367991699211,-0.1340276481034119,0.9841744078950825
1.090549235624379,-0.09566221365126132,1.0209466105542049
1.0898864410287632,-0.05736244426467175,1.050714227480107
1.0896404395664123,-0.01911649893976162,1.0617627142102606
1.0895776589512673,0.01911539752546083,1.0645823348202725
1.0900782498535484,0.05737253946597623,1.0420996557002837
1.0908861484485428,0.0956917674077669,1.005815087223347
1.1302623555239761,-2.088111809357854,0.9581079637054373
1.1298846891980872,-2.049112910918565,0.9744948415745185
1.1300253181925377,-2.0110620069528213,0.9683929733407339
1.1304597975719761,-1.9735145618629415,0.9495409867074756
1.130892293205501,-1.9359342646399254,0.9307750744731749
1.1314937009719161,-1.8986080745121983,0.9046800934219448
1.1323559516576152,-1.861669954420147,0.8672671823136469
1.1332195174955595,-1.824675494272511,0.8297972069723372
1.1342146865466531,-1.7878299296413347,0.7866169905180982
1.1358959296026159,-1.7519750778616618,0.7136681392763222
1.1357117401402794,-0.48123378819503365,0.7216600888285498
1.1351740200916902,-0.44252546545947247,0.7449916705978481
1.134636808985654,-0.40385377946947004,0.7683011694360289
1.1341001060999552,-0.3652186782355788,0.7915886166799098
1.1335639107137434,-0.32662010986667184,0.8148540436070633
1.1330282221075312,-0.2880580225697113,0.8380974814359377
1.1325526735106382,-0.24954550433285247,0.8587314544536682
1.1321236723674537,-0.21107390501766085,0.877345741344385
1.1316949961050418,-0.17263144008381992,0.8959459317134417
1.1303921711969434,-0.1341143253962475,0.9524752836580461
1.1285933091451439,-0.0956435007750122,1.0305276031937538
1.1279075268933203,-0.05735123018101629,1.0602835788660983
1.1272699117078795,-0.01910626968996406,1.0879495936920023
1.1271661511103181,0.019104511035768105,1.0924517484336533
1.127118117735274,0.05731109073230207,1.0945359084355673
1.1278425098532452,0.0955798737163767,1.0631046572151277
1.1671993127702842,-2.162188890869543,1.0158976935749564
1.166809763737145,-2.1232112094233293,1.0322459808673585
1.1666601717700598,-2.084687847916992,1.0385239388302807
1.16710809491438,-2.047222395997355,1.0197258527735613
1.1675563621386795,-2.0097281643370715,1.0009133266390222
1.1680288002051793,-1.9722453511661224,0.9810864176187053
1.168920788658706,-1.9354262238447428,0.9436521480936477
1.1698108528847577,-1.8985454825506725,0.9062986330331171
1.170702273606508,-1.861608533439857,0.8688881896285139
1.1722747716565434,-1.8256738247110103,0.8028948288401452
1.1725448214036949,-0.40366297130291134,0.7915615935498579
1.1719904492939661,-0.36504620551779277,0.8148270460237157
1.171436601144083,-0.32646593802376084,0.8380705093630709
1.1709448047450035,-0.2879372470684435,0.8587098336523127
1.1705012607999654,-0.24945108836720575,0.8773241369194835
1.1700580526649844,-0.2109940750707349,0.8959243471744287
1.1696151800279437,-0.17256617410248348,0.9145104775158046
1.1691726425229283,-0.13416735242066388,0.9330825433000598
1.1675360234568224,-0.0956996740538379,1.0017668844349927
1.1659481124101865,-0.05734171044640261,1.0684070857364318
1.1652992773239423,-0.019103266841376105,1.0956368860771732
1.164711853281295,0.019093636939037623,1.1202894360636861
1.1646622481727582,0.05727847122161106,1.1223712242252262
1.1646126472894072,0.09546005305650879,1.1244528350675012
1.1655743788334652,0.1337544369153157,1.084091642398839
1.2036395638721684,-2.1971198388142756,1.0902018490039538
1.2032468392392057,-2.1582046481592103,1.1061601832957706
1.2036516641572563,-2.120719598753261,1.0897101548797394
1.2041133063677139,-2.083307149112394,1.0709513602960712
1.2045753028256747,-2.0458659905134473,1.052178170893221
1.205357754763589,-2.008929591272648,1.0203832984954389
1.2062803349760767,-1.9721726111513633,0.9828943247816468
1.2072043285552052,-1.9353593203821544,0.945347919026581
1.2085230688489375,-1.8991076796197588,0.8917610118527008
1.2103096875533508,-1.8634926935345242,0.8191619025940042
1.2098450223252275,-0.364873895621894,0.8380435372605959
1.2093369697504879,-0.326329023583465,0.8586882133135063
1.208878882875719,-0.2878283054465998,0.8773025371136356
1.2084211429086082,-0.2493567437747922,0.8959027643486195
1.2079637494552364,-0.2109143054604381,0.914488911025316
1.2075067021222812,-0.1725009574460402,0.9330609931263467
1.2070500005170146,-0.13411666672411274,0.9516190266102029
1.206593644247303,-0.09576140033708753,0.9701630274111821
1.2046619779884529,-0.05736485609468823,1.048656132532713
1.2033166910013207,-0.0191002649365289,1.1033217624860185
1.2026475383256912,0.019089643465487163,1.130512728352869
1.2021636652539212,0.05724588882161529,1.150174872221612
1.2029204822287545,0.09546987954196465,1.1194216745141006
1.2039310152653695,0.13377011280726328,1.078358744772288
1.2403428168498376,-2.270781464694318,1.1495752132987036
1.2399448896119167,-2.23190080130145,1.1652474245152789
1.2400671777357877,-2.193965006763317,1.1604311537905119
1.2405549118340007,-2.156657000572955,1.1412219339224379
1.2410430297471469,-2.1193196354143584,1.1219975976508323
1.241678014267372,-2.0821985162329777,1.0969889765465837
1.2426269064279802,-2.0455550613506754,1.0596172237595454
1.2435772499873126,-2.008855557671813,1.0221883081919927
1.2446276547556294,-1.972256129843536,0.9808185203936759
1.2464773399362303,-1.9368340205162966,0.9079693809730784
1.2463123525806519,-0.24926247051613037,0.9144673445158631
1.2458407953942614,-0.21083459614364422,0.9330394429337119
1.2453695949115116,-0.17243579006467083,0.9515974927158481
1.2448987507278197,-0.1340660193091498,0.9701415097966404
1.2444282624392142,-0.09572525095686263,0.9886715100863341
1.243994902052576,-0.05741514932550351,1.0057392422370057
1.2417696795403252,-0.019104148916005002,1.0933787750271904
1.2406319796231966,0.019086645840356874,1.138186648686407
1.2413415723177337,0.05729268795312617,1.1102396133323396
1.242384577672831,0.09556804443637162,1.0691612485777284
1.2434293372187337,0.1339077747774021,1.0280137956929423
1.2769570670715924,-2.3442644664150127,1.2088046014436387
1.2765478897921418,-2.3054073830574504,1.224438837792782
1.2763693587969651,-2.266984383534908,1.2312603205935773
1.2768706426770935,-2.2297591819883573,1.2121067872632878
1.2773723204624128,-2.1925047291519024,1.1929382032272144
1.2778656429230675,-2.155206233586666,1.174088867417126
1.2788530497801005,-2.1186968436655396,1.1363610830289943
1.2798363987942702,-2.0821219025160516,1.0987883445771374
1.28081441563374,-2.045479738400152,1.061419342949641
1.2824845682833976,-2.009863875668011,0.9976045551418267
1.2822721645219144,-0.09569195257626227,1.0057202809537173
1.2797770996778706,0.019101150741460755,1.1010541018604627
1.280852601696468,0.057351609031185136,1.0599602933886842
1.281929912901187,0.09566641141053633,1.018797357805397
1.3130391264985721,-2.37869406974379,1.2843454516471766
1.3126302808039667,-2.3399061527375062,1.2995142194470262
1.313078724208313,-2.3026452989739985,1.2828763192278032
1.31359630872475,-2.2654776918586266,1.2636731835455137
1.3141118701754486,-2.2282766494279347,1.2445451065340762
1.314948164207883,-2.191580273679805,1.2135173859104214
1.3159634035957226,-2.155128472555314,1.1758505332601459
1.3169802118779783,-2.1186203408471824,1.1381254723532663
1.3183603139135203,-2.0826271625590396,1.0869216866867788
1.3203155633885,-2.0474458736604277,1.0143790974701403
1.3494199389746027,-2.451762987714419,1.344858538380521
1.3490002870206914,-2.4130005134032086,1.3599896510849305
1.3491492626256585,-2.375262786312779,1.3546181363142864
1.3496910158561874,-2.338197111976212,1.335084498706479
1.3502332043453977,-2.3011016581097623,1.3155351672645281
1.3509251471233445,-2.264226655037718,1.2905862445667324
1.3519708431223518,-2.227895614722749,1.2528822761518157
1.3530138239257379,-2.191501264105068,1.2152762077480475
1.3540584151910684,-2.155050717135081,1.177612071984015
1.356110321772843,-2.1201161368561348,1.1036278346693251
1.385725371001967,-2.524677730729611,1.4046993182871859
1.385280077959868,-2.485913564558119,1.4203150742840833
1.3851137208567588,-2.44766671219893,1.4261489672150347
1.3856690974907537,-2.410684594264736,1.4066727455297325
1.386224919672178,-2.373672807657839,1.3871808991674541
1.3867644314616598,-2.336603083147728,1.3682610336732992
1.38784647331832,-2.3004030585139277,1.3303154562342527
1.3889302050493533,-2.2641464986420967,1.2923106174473347
1.3900044558425089,-2.227815360733884,1.2546382608654412
1.3917662465967018,-2.192508470666037,1.1928549138690911
1.3938384822621743,-2.157585595830489,1.1201847316278588
1.4214881757623337,-2.5586787163722007,1.479870267312343
1.4210279444341294,-2.519956221463189,1.4955794966483893
1.4215384263278552,-2.482953784652654,1.4781550480092065
1.422108534436228,-2.4460266792303123,1.4586953579100808
1.4226806871325381,-2.409072630211098,1.4391658792093622
1.4235952485666004,-2.3726587476110006,1.4079488489267078
1.4247051209690378,-2.336516398389222,1.3700652042568464
1.4258167252933218,-2.3003176501398928,1.332122443321282
1.4272853048920509,-2.264626017095387,1.2819949263513308
1.4294135317546717,-2.2298851095372876,1.2093514494405468
1.4576118608094235,-2.6312733591235045,1.5391381341282582
1.4571405100923323,-2.5925746738006428,1.5548090151120775
1.4572902933402254,-2.5549894753367592,1.5498292084288678
1.457873876075815,-2.518145785949135,1.5304269772196548
1.4584579263987463,-2.481272576080984,1.5110092002494753
1.4592243903009858,-2.4446746279068465,1.485526764019177
1.4603660002589758,-2.4086556108167523,1.4475719394418434
1.4615036109941182,-2.3725707970683736,1.4097500760397068
1.4626429954861224,-2.3364297200622475,1.371869240980864
1.4648471573876252,-2.3019026758948393,1.2985880141257127
1.4931600424377582,-2.665007164350935,1.6140543210042964
1.492934507461876,-2.6268088169265917,1.6213627961721215
1.4935336696538835,-2.5900520600326837,1.6019469074184585
1.494131122690954,-2.5532620451047947,1.5825864039387056
1.494709768899753,-2.51641011726161,1.5638353369193965
1.4958825661991009,-2.4805141287605346,1.5258307662063473
1.4970572053725126,-2.4445617657348624,1.4877665094476882
1.4982336907623828,-2.4085528952762356,1.4496424259278484
1.5001399176297365,-2.373639110173634,1.3878710236439744
1.5023834318692655,-2.3391539508850587,1.3151698027174774
1.529071958406383,-2.737227579863278,1.6737751417241924
1.528585957353346,-2.6986147148336848,1.6891351750053616
1.5290753022691435,-2.6617236743203607,1.6736694591480585
1.529693000831544,-2.625028729822032,1.6541471342129341
1.5303111986574018,-2.5883041261242474,1.6346090300870557
1.5312793905101971,-2.552132317516995,1.6040093863443872
1.5324798841843348,-2.516294130821192,1.5660678578778118
1.5336822616633727,-2.4803997071345907,1.5280667918736484
1.5352710810902825,-2.4450613513660056,1.477852251961444
1.5375954068320625,-2.4107977366379254,1.4043920803693837
1.5648953343981544,-2.809269937654518,1.7333487221774107
1.5643985601775348,-2.770681787302381,1.7486709150061586
1.564506956785064,-2.7331748040221,1.745327597954649
1.5651380311035956,-2.6965631138290864,1.725863137045721
1.5657696147397786,-2.6599218756422744,1.7063829670622468
1.5665515580800837,-2.6235020069052006,1.6822651965660924
1.5677849256298106,-2.587789576039567,1.644223980574516
1.5690164956804973,-2.5520147821309296,1.6062382055171938
1.5702275760718691,-2.516147802621188,1.5688844006748823
1.5725981571906424,-2.482052513156315,1.4957676818307917
1.6000923552373754,-2.842517007539337,1.8089831834390537
1.5998136034193189,-2.8043791401115117,1.8173785323122829
1.600475642891425,-2.7678814059416412,1.797439461152372
1.6011229466321113,-2.7313273795488957,1.777944195550532
1.6017683540035987,-2.6947397014413483,1.7585060441269107
1.6029648849086122,-2.6590358679072272,1.722469348634739
1.6042258702310712,-2.6233811289661046,1.6844914377465585
1.6054888410440868,-2.5876702496828226,1.6464537285545617
1.6074717663556868,-2.5530433936237378,1.5867326838757876
1.6098976795314754,-2.51901636914925,1.513669887052032
1.6356728400678102,-2.9141297725346043,1.86985666007363
1.6351663678206514,-2.875637405477697,1.8847597514842818
1.6356602091885275,-2.8389045010053753,1.8702283273260818
1.6363363400608806,-2.802461088150244,1.850332982116612
1.6370130301471892,-2.7659875336969746,1.8304211818758134
1.6380311774389893,-2.7300519623983157,1.8004619052435302
1.6393176646186836,-2.6945106441433535,1.7626066503008104
1.640606174165425,-2.6589134546818953,1.7246918866265801
1.6422068502472844,-2.623755772234167,1.6775915329534712
1.6446886807944585,-2.589912060561389,1.6045629559331758
1.6711697298149124,-2.985572888096304,1.9303987828519595
1.6706467408240797,-2.947095936060455,1.9454420616893984
1.6707386739361167,-2.9097134208999784,1.9427976935229339
1.6714282633973494,-2.873354205615668,1.9229623112672485
1.6721184223431913,-2.8369649637508076,1.9031105483306803
1.672934782624277,-2.8007559843934526,1.8796287245151788
1.6742688713212714,-2.7653654391486167,1.8412549372757852
1.6756050894653969,-2.729918404185197,1.802819898523417
1.6769259886734644,-2.694386700902308,1.7648254943363
1.6793409172567413,-2.6605288689123654,1.695362380030815
1.7060243096451442,-3.0183507016798705,2.0063490913014377
1.7056896172510134,-2.98027086970232,2.0157646135978666
1.706401858588407,-2.944011997784395,1.9957279342162408
1.7071146949926086,-2.9077228321302675,1.9756745144936474
1.7078221479681484,-2.871393281748645,1.9557725406762643
1.709083402619666,-2.835951580171094,1.9202910911390703
1.7104451655820097,-2.8006190073815325,1.881982155055553
1.7118091003249558,-2.7652300851403133,1.843612122726519
1.7138560038432156,-2.7308694566732554,1.7860289028721752
1.7164476817681293,-2.697274928492775,1.7131201612482272
1.7413161873589982,-3.0894319453143515,2.0669952726985485
1.7407689222611644,-3.051025100307202,2.0820597743163347
1.7412453175373173,-3.014413936811915,2.068946097897502
1.7419715996195537,-2.978209509026979,2.0489538169241115
1.7426984878263452,-2.9419748665455505,2.028944851231792
1.7437716498818547,-2.9062860831364246,1.9994040462629243
1.7451709820464436,-2.871087744657052,1.9608847952806912
1.746560323911373,-2.835812999038896,1.9226405460955363
1.7482016340989446,-2.8008821879649757,1.8774603946957171
1.7508641758322199,-2.7674949876057666,1.8041689233281417
1.776478369695011,-3.1602615208258618,2.128582879797598
1.7759405070358505,-3.1219164702630215,2.1430768630339188
1.77597598689965,-3.084589871983603,2.1421207740725876
1.7767222914873724,-3.0484814053941234,2.1220098293929155
1.7774625504121364,-3.012331269645831,2.1020617994203263
1.7783055592290389,-2.9763219359728126,2.079344930249057
1.7797375478434179,-2.941250473804385,2.0407566054826347
1.7811718445470452,-2.9061224832083368,2.002106083784888
1.7826084549247128,-2.8709378274050636,1.9633932146603712
1.7851267535827822,-2.837411997800001,1.8955316929271362
1.8109567090363308,-3.192511311806315,2.2056786068762193
1.8105333706874864,-3.1544344293421154,2.2168512478354074
1.8113133032390292,-3.1184466148548236,2.1962674609080963
1.8120939080310792,-3.0824277817023513,2.1756659323756438
1.812875185933139,-3.0463778897639346,2.1550466392903544
1.8141819090917126,-3.011167910966657,2.120559925002226
1.8156415298348187,-2.976154672615837,2.082037975493442
1.8171035011781544,-2.9410850482986626,2.0434539895249983
1.8192253669947918,-2.907009607053533,1.987454231890034
1.8220241507409616,-2.8739143820965682,1.9135894237436943
1.84588142117695,-3.2629217041006693,2.2681167857273508
1.8453241739216082,-3.2246573948327093,2.2825264117240707
1.8457765324042348,-3.18815946506186,2.2708290610622157
1.8465707482490297,-3.1522268328695557,2.2502917624493364
1.8473656478714438,-3.116263264591223,2.229736782314184
1.848465079401227,-3.0807751323353783,2.2013070377056465
1.8499817371477825,-3.0459295268190765,2.162088413148247
1.8514837556028145,-3.0109988348692234,2.123248339967624
1.8531452028531592,-2.9762635076126496,2.0802856635950775
1.8559948986821067,-2.9433454453847547,2.006596559331385
1.8807112936972883,-3.3331417977407387,2.330486021138043
1.8801393096745957,-3.2948976021030045,2.3449838339904403
1.880125470646262,-3.25764314220887,2.345334605401675
1.8809391587772832,-3.2218066779056436,2.3247104309916367
1.8817485924182662,-3.1859307851834013,2.304194093160774
1.8826101255634093,-3.150110012081348,2.282357213442296
1.8841521777936732,-3.1153803335796377,2.2432715331504625
1.885696758295098,-3.0805937140464477,2.2041217699460276
1.8872438732906245,-3.0457500133304136,2.16490776609902
1.889830172065614,-3.012501561411524,2.0993540545745333
1.8927351224502815,-2.9796523214811366,2.025723628982959
1.9156736489413573,-3.366377965615395,2.387140375826455
1.9143087848088547,-3.326808470687233,2.4210632125177867
1.9151787303511483,-3.2911323812830413,2.39944126505884
1.9160066474853121,-3.255351100096404,2.3788639071611684
1.9168352807335507,-3.2195388695815947,2.3582687507000983
1.918206837329739,-3.184595817314421,2.3241795770472606
1.9197766687238682,-3.149924825381881,2.2851624084164825
1.921349071674947,-3.1151970385409338,2.246081325360535
1.923486697465859,-3.081313641571522,2.192951985314565
1.9264804142837024,-3.0487020148373154,2.1185450430458417
1.9551156246413892,-3.4074872315178495,2.332419056362326
1.9537210594103158,-3.3678429690787346,2.366419884853258
1.9523284822212104,-3.3282552220723494,2.400372242987629
1.9509378888259785,-3.2887238697352212,2.434276234338043
1.952117653157402,-3.253529421929003,2.4055124563528665
1.9537243278701597,-3.2189934163955964,2.3663401966894355
1.9553336494827926,-3.1844005148719763,2.3271034030861983
1.9569388422941623,-3.1497396604544137,2.287967273589949
1.9600405222022903,-3.117397782931262,2.212345363448918
1.9932239663043692,-3.4089718302214913,2.311650899633783
1.9918015997633067,-3.369309248197743,2.345681351457337
1.9903812617789298,-3.329703232321761,2.379663269588221
1.988962948014688,-3.2901536616691565,2.4135967577794304
1.9891766215968483,-3.253326250275219,2.4084845674025104
1.9908136950750175,-3.2187922359624115,2.3693172019435025
1.9934654356128203,-3.1858185933625447,2.305873690011026
1.9965647021596105,-3.1534526604203195,2.2317230137513775
2.0299153132910805,-3.370776804639317,2.3249247520626994
2.028467166679544,-3.3311525030792515,2.3589362688107087
2.0270210848177683,-3.2915846973646326,2.3928992923533343
2.0267166568436883,-3.2539028894279403,2.400049160368418
2.029880001060922,-3.2217361484728397,2.3257541035232947
2.066586240195824,-3.3326030359914647,2.3381912171053116
2.065112342414824,-3.29301697844526,2.3721838145770278
0.0,0.0,50.0
