-2.301473481517472,-0.6307742134529368,6.357243609742746
-2.3010437215402275,-0.5965668907696886,6.365393132274207
-2.3006141220333576,-0.5623723409414875,6.373539611811886
-2.2665444105075356,-0.6987091791790148,6.3732805195542
-2.266121328417558,-0.6645017429194343,6.3814240545191865
-2.265698404246434,-0.6303070748655493,6.389564549843072
-2.265275637905765,-0.5961251678699382,6.39770200722738
-2.2648530293072158,-0.5619560147905122,6.405836428372389
-2.265647550946158,-0.5280832637543676,6.390543380284477
-2.230808327630478,-0.6981919193347298,6.405577719587605
-2.2303922243933556,-0.6640098988651975,6.413709202694733
-2.229976276355236,-0.629840627672853,6.42183765290531
-2.2295604834293066,-0.5956840986261507,6.429963071915843
-2.2291448455288188,-0.5615403045988627,6.438085461421558
-2.229930304706805,-0.5276934308848165,6.42273603015709
-2.195125117012342,-0.6976754247868684,6.437827135258949
-2.1947159724499006,-0.6635187823685746,6.445946593242283
-2.1943069803781543,-0.629374870341021,6.454063025053678
-2.193898140711868,-0.5952436815884913,6.462176432384638
-2.1934894533658698,-0.5611252090005714,6.470286816925373
-2.195905798694062,-0.5276982927094258,6.422334537544188
-2.16346477508736,-0.698441384083321,6.390001384065812
-2.160498965024318,-0.6634603120940818,6.449784642029499
-2.1595108724404657,-0.629148836852734,6.469702098837857
-2.1599315209533576,-0.5952567183729726,6.461222884719717
-2.160715231034189,-0.5614456899537656,6.445425264192728
-2.1630452606856543,-0.5279874258366558,6.398457737360033
-2.12859726838667,-0.664122347736641,6.406327943440999
-2.1271287001713293,-0.6296300952507135,6.436404220491177
-2.1275581445489014,-0.5957162804736924,6.427609199638503
-2.1279714238014718,-0.5617844558835885,6.419145240545859
-2.130142894990136,-0.5282754379575537,6.3746735106020225
-2.1362649596632557,-0.4956134706418754,6.249293626096517
-2.0966242678217837,-0.6647833044312972,6.362942068099464
-2.0951763198948825,-0.6302562913504931,6.393078220073988
-2.0951268133963015,-0.5961742964948826,6.394108599231444
-2.0955341058129653,-0.5622164674132346,6.385631618852102
-2.0972046138477536,-0.528563764465694,6.35086332154269
-2.1005177210709323,-0.49524401553704905,6.281907593970843
-2.0645875626644163,-0.6654455780488615,6.319469748587551
-2.063160320121212,-0.6308837342519409,6.349665954460306
-2.0626455742620964,-0.5966330173485404,6.360556445363905
-2.063046860918456,-0.5626491438868516,6.352066413626055
-2.0642303584197124,-0.5288524058761246,6.3270271276490675
-2.066459487009472,-0.49526714977912956,6.279865398807871
-2.034373221048241,-0.6667273581586672,6.235332387533639
-2.03108051065445,-0.6315124276824761,6.30616716575301
-2.030114311853857,-0.5970924446628991,6.3269526189422365
-2.0305095737593413,-0.5630824868408257,6.3184495056814
-2.0312200697386205,-0.5291413627050188,6.303164886295228
-2.033414750837159,-0.4955380485233413,6.25595157862918
-1.9989367005398284,-0.6321423753843901,6.262581595025978
-1.997532910523764,-0.5975525800712115,6.2932970005056745
-1.9979221286213567,-0.5635164978162801,6.284780775464334
-1.9983114984263388,-0.5294671491556966,6.276261231013443
-2.0003313910349547,-0.4958086353847324,6.232065290175349
-2.005839920505533,-0.4628861355012769,6.111536782101155
-1.966717121848684,-0.632769856594794,6.219166678846683
-1.965299949373835,-0.5981347672007324,6.250714170460711
-1.9652784677798616,-0.5639494733629168,6.251192369422206
-1.9656704465470145,-0.5298763812431083,6.242466581214288
-1.9671824683790493,-0.4960721007216733,6.208807660431596
-1.9699678916245773,-0.46251420064229204,6.146801716878976
-1.9344365656195919,-0.6333995834329637,6.175596389503049
-1.9331174509557831,-0.5987531927739151,6.205480757107921
-1.9325708844936602,-0.5643791078609803,6.217863147754251
-1.9329566333776664,-0.5302801383602448,6.209124057992689
-1.9339982973034051,-0.4963358462106084,6.185525300029056
-1.9360898022467148,-0.462605527970454,6.1381425331717665
-1.9043935075618739,-0.634797835853958,6.0788524382126425
-1.9007933452030052,-0.5993492529919385,6.161883209732494
-1.8998134278750258,-0.564809397476359,6.18448310486427
-1.9001929274120002,-0.5306845112592072,6.175730683110622
-1.9007788215567807,-0.49659987229861835,6.16221816950128
-1.9028354962488219,-0.46285187746592965,6.114784951378525
-1.8684048178711012,-0.5999465011512711,6.1181987729355995
-1.8671290634643942,-0.5652776063699543,6.148161445239914
-1.867379214423459,-0.5310895013497912,6.142286340146278
-1.8677525943360498,-0.4969250021628022,6.133517050456078
-1.8695457538115277,-0.46309848947624993,6.091402479288895
-1.8742216781963412,-0.42986735738448195,5.981582603829047
-1.8359516761807437,-0.6005449408067853,6.074427186703701
-1.834696831319103,-0.5658410788180411,6.104449643206507
-1.8345153798365343,-0.5314951100460987,6.108790912322171
-1.8348824688692442,-0.4973045943664307,6.100008221446117
-1.8362205182619897,-0.46334536442124974,6.06799507709632
-1.8381978215285395,-0.4294854723197522,6.020687634457374
-1.803823299137467,-0.6012744330458223,6.021070040076999
-1.8022043112163844,-0.5664070692394351,6.060542507486247
-1.80160130872543,-0.5319013387665554,6.075244282503803
-1.8019602780162742,-0.49768426726163767,6.0664922693175
-1.8028089049721059,-0.46357943270711294,6.045801935918185
-1.8047486836602824,-0.4297020675381625,5.998508284092161
-1.773727049338098,-0.6027227837556645,5.915133531014263
-1.769617292854575,-0.5669647637301066,6.017278934876579
-1.7685887562096323,-0.5322937033252291,6.04284256411011
-1.7689511681152303,-0.4980542123819581,6.0338350449030145
-1.7693610408937333,-0.4638130883896194,6.023647915650905
-1.771265791081592,-0.4299188813304835,5.9763065517584835
-1.736966039728467,-0.5675235575350437,5.973930082129947
-1.7358093424406642,-0.532773164511491,6.003248350018808
-1.7358929481902423,-0.4984247078962082,6.0011292339899
-1.7362489978295133,-0.4641457716969986,5.992104609469763
-1.7377490926720638,-0.43013591402773854,5.954082403559575
-1.7412063802261757,-0.3965123440119014,5.8664521447622775
-1.7042503617236004,-0.5680834539078667,5.930495696844275
-1.7031143318656439,-0.5332984271498481,5.959871822464159
-1.7027855085629566,-0.49879575503359336,5.968374728069001
-1.703135027578746,-0.4644913711578398,5.959336660590004
-1.7041985372080122,-0.43035316596161927,5.931835805530191
-1.7060369730856497,-0.3963520240502014,5.884296453542795
-1.672821055833378,-0.5691040705412523,5.851320588314977
-1.670354789453277,-0.5338247265263051,5.916409680408357
-1.669628739228181,-0.49916735502698195,5.935571418307802
-1.6699717077548213,-0.46483748566371313,5.926519877810904
-1.670614073362213,-0.4305706374644879,5.909566723636438
-1.6724128094610178,-0.3965514909031279,5.8620949255648895
-1.6375266883553108,-0.5343508140948908,5.872965029583206
-1.6364225298526647,-0.4995395091129187,5.9027191955492455
-1.6367573634100903,-0.46518367170602565,5.893696312317573
-1.6370946012582441,-0.4308143687521695,5.884608639777845
-1.6387240517891215,-0.3967437178015768,5.840699235998407
-1.643335011632266,-0.3632635288871325,5.716446002330514
-1.6046185346854964,-0.5348728448951655,5.829855389302466
-1.603561719278859,-0.5000353748288915,5.8589462220013075
-1.6034719424205588,-0.4655241123156461,5.861417498960961
-1.6038021767872999,-0.43112961741594086,5.852327176607659
-1.605016292459262,-0.3969395131888497,5.818906358110645
-1.607249040678885,-0.36292720273394175,5.757445761957577
-1.5716446000632014,-0.5353954132083433,5.786701360859389
-1.5706084582649693,-0.5005235746119133,5.815849965293168
-1.5701371978840644,-0.46586488288867844,5.8291074001845615
-1.570460622200937,-0.4314452258793783,5.820008869951664
-1.5712684648249318,-0.3971337878128948,5.797282747782141
-1.5729546318040075,-0.36298953041630944,5.749847720678467
-1.540899912845117,-0.5367179471707711,5.677485652994385
-1.537590819848769,-0.5010127390518462,5.772668552664619
-1.5367534368090514,-0.46620609880724034,5.796755076054247
-1.5370702164788497,-0.43176129676372177,5.787643211394887
-1.537487586527916,-0.39732825269822547,5.775637960545339
-1.5391383111958759,-0.36316746668666733,5.7281564420062665
-1.5045085816599328,-0.501502860553311,5.729402654604279
-1.5035154161907316,-0.4666082326109167,5.758626833927899
-1.503630852179302,-0.43207783108600634,5.75523009679295
-1.503941095335639,-0.3975936229048241,5.746101102767405
-1.505288821030523,-0.3633455774901263,5.706443886917938
-1.5086200020648828,-0.3294687360831353,5.608422927745977
-1.4713615539263907,-0.5019939419278274,5.686052022922823
-1.4703893192052409,-0.4670648425710765,5.715333445112748
-1.4701424215452539,-0.43239482986625116,5.722769421695887
-1.4704459776459184,-0.3978853821865427,5.713627026193514
-1.4714061124812574,-0.3635238630836048,5.684710024093889
-1.4729863114499575,-0.32925576373587284,5.6371181492718705
-1.4392160430179568,-0.5028586174400089,5.609722046675067
-1.4371983261426378,-0.4675223470584485,5.671955241865625
-1.4366048165032048,-0.4327122941274713,5.690261081346939
-1.4368825848004754,-0.3981722825350715,5.681693770009431
-1.4374803814596855,-0.36369985555004086,5.66325570437597
-1.439019835638939,-0.32941417924264865,5.615773744148392
-1.4039330478902314,-0.4679776826300771,5.62878268396306
-1.4030062139600437,-0.43302660924692704,5.658075213114671
-1.4032963028858028,-0.3984668514367094,5.6489069705227735
-1.4035865117953323,-0.36389279935434543,5.639734935851223
-1.4050206593731285,-0.3295727472603635,5.594408790182605
-1.3706013636122922,-0.4684333774371125,5.585576065221929
-1.3697013514596088,-0.43344979476569895,5.614741015992422
-1.3696412886960807,-0.39875632455708676,5.616687353645993
-1.3699247433888035,-0.36415721026790976,5.607501986388144
-1.3709887354073511,-0.3297314680093629,5.57302325768584
-1.3731010125159717,-0.2954774330730572,5.504574784292565
-1.3372047023885374,-0.4688899605777988,5.542285219290186
-1.3363257650121907,-0.43387200162733464,5.5715070333609304
-1.335937340425698,-0.39904621856871497,5.584420889743029
-1.3362140209444735,-0.3644220057121291,5.575222160807115
-1.3369240164053762,-0.3298903417104175,5.551617116912169
-1.3383593898355481,-0.2954819432104457,5.503895610662298
-1.3056206535950667,-0.470023435294224,5.4348150239550534
-1.302885095406088,-0.43429503180202933,5.528188743472192
-1.3021843512724565,-0.39933653439022,5.5521074765668175
-1.3024542375944421,-0.36468718652644383,5.54289535677637
-1.302826454939697,-0.3300493685847232,5.530190338058347
-1.3041852547132988,-0.29561532440168103,5.4838099724527325
-1.2693791520850288,-0.4347188877003524,5.484785899483917
-1.268543717671015,-0.3996781576223746,5.51408332550961
-1.2686452861595212,-0.364952753552739,5.5105214716661095
-1.2689057996624218,-0.3302631533367947,5.501385655673978
-1.2700585014447103,-0.2957670482816449,5.460962141117001
-1.2730402209121334,-0.2615836070367397,5.356397732396417
-1.2358031097844495,-0.435141940064947,5.4414653373494275
-1.2349865557173003,-0.40006606734504097,5.470907286812832
-1.234784991215582,-0.3652180959933411,5.4781749646212745
-1.2350376134374663,-0.3305030233142515,5.469066332395585
-1.235859551212691,-0.2959100333889542,5.439430266133954
-1.237184507839375,-0.26137700869845953,5.3916571821295705
-1.2030509884436784,-0.4358880392911878,5.365064776582365
-1.2013644251729627,-0.4004548083909875,5.427638718220521
-1.2008743314812327,-0.36548349218994036,5.44582190446441
-1.2011201945584777,-0.3307432419798707,5.43670002797532
-1.2016275188254755,-0.29605315681207367,5.417877562417139
-1.2029163992850005,-0.2615035650619566,5.370058229426071
-1.1676768903570551,-0.40084430564495926,5.384285980387141
-1.166904361116135,-0.36574614303640046,5.413803515562613
-1.1671534355964421,-0.33098381009451344,5.404286639897137
-1.1673926175812794,-0.2962040969982351,5.395147746148133
-1.1686150900439756,-0.261630244039696,5.3484383505585456
-1.1339237602398877,-0.40123456131565255,5.340848827475192
-1.1331728320049543,-0.3661019918785237,5.3704238471894925
-1.1331372288095614,-0.33122472842125644,5.371826065346504
-1.1333696089916154,-0.29641974389011483,5.362673861253299
-1.134280531843145,-0.26175704580995657,5.326797515100743
-1.1361955554913268,-0.22723911109826533,5.251375045264673
-1.100087885106913,-0.40161938662633323,5.298016097242908
-1.099375601501219,-0.36645853383373966,5.326959685029834
-1.099071466142115,-0.33146599772539975,5.339318201209295
-1.0992970244401052,-0.2966357050076474,5.330152657671917
-1.0998980465918422,-0.26188048728377195,5.305730170236259
-1.101070994003007,-0.22720512574665225,5.258067545274635
-1.0677856682259739,-0.4026077109704492,5.1880113006804365
-1.0655038052611014,-0.36681278541775625,5.283774730025904
-1.0649407036150236,-0.3317028421095975,5.307406536812124
-1.0651604780123127,-0.2968480020690052,5.298183217843928
-1.0654762706418124,-0.2620023616332326,5.284930281261637
-1.066613039515263,-0.22731097563440034,5.237223259687319
-1.0315619872304451,-0.36716613104812457,5.2407002150857664
-1.030888928849609,-0.33198118047699277,5.269904104152559
-1.0309723342489707,-0.29705982512258483,5.26628515801076
-1.0311852943149624,-0.26216575279193954,5.257044856842313
-1.0321229636515197,-0.22741692419440263,5.216359543256097
-1.0345848580903363,-0.1928887023558254,5.109538360826086
-0.9975547147904558,-0.3675201580806942,5.19754263397251
-0.9969032178056857,-0.33230107260189523,5.22680284942885
-0.9967353640947807,-0.2972719506949346,5.234341542409851
-0.9969413991434807,-0.2623529997746002,5.225088038468236
-0.9976007214759722,-0.22752297156469542,5.195476368798438
-0.9986672046917571,-0.19272525002823382,5.1475781752474035
-0.9643057148691725,-0.3681894547682295,5.115952180634878
-0.9628519473389175,-0.3326215818079897,5.1836184511340235
-0.9624494628766109,-0.29748437943458883,5.20235227337956
-0.9626485528870574,-0.26254051442374293,5.193085538347873
-0.9630462679689612,-0.22762911788357265,5.1745737090810735
-0.964072709083465,-0.192814541816693,5.126797540842361
-0.9287349275671167,-0.33294270988255126,5.14035066845625
-0.9281145256219205,-0.29769711199193677,5.170317252978933
-0.9283066505084613,-0.26272829731371544,5.161037258459231
-0.9284944361666089,-0.22774391830501728,5.151966856858138
-0.9294423086942832,-0.1929031206723984,5.106182825332731
-0.8945378698029491,-0.33325920639717715,5.0977069275382405
-0.8939522419206823,-0.2979840806402274,5.127103150648104
-0.8939054418367167,-0.26291336524609316,5.129452331333432
-0.8940839799404035,-0.22790375959265186,5.1204904186777895
-0.8947800753211904,-0.1929917809516293,5.085549160348094
-0.8962953247019683,-0.1581697631827003,5.009489583587474
-0.8603994216835563,-0.33362426555076674,5.048520010001958
-0.8597081368947402,-0.29826608831042006,5.0846361132543905
-0.8594534104448998,-0.263097982789255,5.0979442706338105
-0.8596251880687222,-0.22806382540598755,5.08896976620553
-0.8600859650516931,-0.19308052276670662,5.064896519748281
-0.8609948956694098,-0.15814191961274873,5.017409532373698
-0.8272511717573829,-0.33442068645511225,4.941212772363826
-0.8253991542535375,-0.29854863026191786,5.042088619381786
-0.8249529606790136,-0.26328285979117455,5.066391928972877
-0.8251179586358866,-0.2282241162184367,5.057404806215544
-0.8253565513226884,-0.19316855456488452,5.044409119445056
-0.8262267185674219,-0.15821362695971908,4.997012775902128
-0.7910216748812884,-0.29883041051070897,4.999655828975591
-0.7905057828125044,-0.26350192760416813,5.029004355555308
-0.7905580681439078,-0.22838344190824003,5.026029901146579
-0.7907165444003227,-0.1932862664089678,5.017014363003867
-0.7914269968283613,-0.15828539936567226,4.976597513764332
-0.7933347021020258,-0.1234076203269818,4.868070280418088
-0.7565791019495903,-0.2991126682126287,4.957151139745321
-0.7560852070326866,-0.2637506536160535,4.986555116193543
-0.755949463814597,-0.22854286115325026,4.994636572898408
-0.7561011081872077,-0.19342121372230892,4.9856084428081004
-0.7565956875027914,-0.1583572369191889,4.956163720764046
-0.7573949281260488,-0.12329684876470563,4.908581023193371
-0.7227433143122866,-0.2996740571538749,4.872612569769423
-0.721599588985662,-0.2639998496289008,4.944025663334273
-0.7212925098198245,-0.2287025031136029,4.963199386859735
-0.7214373030565107,-0.19355634960052726,4.954158638422754
-0.7217327475632709,-0.15842913970901068,4.935711371659188
-0.7224955067663408,-0.12335289139913135,4.888085431174822
-0.6870487441380264,-0.264249516976164,4.901415769401339
-0.6865871047690145,-0.22886236825633818,4.931718251059557
-0.686725027556908,-0.1936916744391279,4.922664857802964
-0.6868630057682643,-0.15850684748498406,4.913607826493418
-0.6875643450184553,-0.1234089850033125,4.867571198788575
-0.6524324872576546,-0.2644996569963465,4.858725205956873
-0.6520056491925083,-0.2290830659325029,4.8882577855994285
-0.6519641799531586,-0.19382718863472284,4.891127008646322
-0.6520931550173815,-0.15861725392314688,4.882203328527112
-0.652601000152174,-0.12346505408284375,4.847065935417142
-0.6537554036497817,-0.08834532481753807,4.767193693420509
-0.6178734647112093,-0.2648029134476611,4.806969438265831
-0.6173392873531061,-0.2292974495882965,4.84604069645853
-0.617152957257571,-0.1939623579952366,4.8596694120176664
-0.6172733571515024,-0.15872743469610062,4.850863019775822
-0.6176065752950982,-0.12352131505901964,4.826490492701382
-0.6182555195310624,-0.08832221707586604,4.779024857156585
-0.5839372448499355,-0.2654260203863343,4.700625854065613
-0.5826075652424884,-0.22951207115613179,4.803776756946355
-0.5822914739430618,-0.1940971579810206,4.8282977789624795
-0.5824051517014478,-0.1588377686458494,4.819479140736171
-0.5825802431410851,-0.12357762733295745,4.805896289661277
-0.5831926631544818,-0.08836252472037603,4.75838734316747
-0.5478107646908771,-0.2297270948703678,4.761433625527573
-0.5474495273263875,-0.19425628389000846,4.791264840143484
-0.5474884376503677,-0.15894825609204222,4.788051600485765
-0.5475954162390346,-0.12365057786042717,4.779217239615207
-0.5480977888671099,-0.0884028691721145,4.737730983877377
-0.5495147043628386,-0.05317884235769405,4.620721188101072
-0.5129487026160006,-0.22994252186234507,4.719011079415125
-0.5126101370079607,-0.19443832783060577,4.748898250331749
-0.5125231137001476,-0.15905889735521822,4.756580307849042
-0.5126233298300523,-0.12373666582104713,4.747733642588479
-0.51297085279282,-0.08844325048152069,4.717055753461409
-0.513577118347756,-0.0531286674152851,4.663537138956713
-0.4784303304886,-0.23035534430932592,4.637716812932737
-0.4777053871662585,-0.19462071328995717,4.706452179791789
-0.4775090782704283,-0.15916969275680945,4.725065171396423
-0.47760251298726963,-0.12382287373744028,4.716206176021842
-0.47780887895809315,-0.08848312573298021,4.69663962471413
-0.4783061371750914,-0.05314512635278794,4.649492178954297
-0.4427288588648635,-0.19480069790053997,4.664564852237973
-0.44243850212260427,-0.15927786076413752,4.694297382645324
-0.4425264807657607,-0.123907414614413,4.685288369586104
-0.4426113675259685,-0.0885222735051937,4.676595965340823
-0.4430725918587656,-0.05316871102305187,4.629366593662404
-0.40768602812591737,-0.1949802743210909,4.622772521637025
-0.40741840735521617,-0.1594245941824759,4.652559876984633
-0.4074019363638795,-0.12399189367596332,4.654393169933414
-0.4074801387199818,-0.08858263885216995,4.645688907688985
-0.4078077608710457,-0.05319231663535379,4.609223137831435
-0.4086151391000952,-0.01776587561304762,4.519358430598096
-0.3726209441305867,-0.1951823993064978,4.575732525033239
-0.3723337291426976,-0.15957159820401323,4.610745399747344
-0.3722294640311153,-0.12407648801037177,4.62345581334975
-0.3723009636541703,-0.08864308658432626,4.614739668824953
-0.37251160252319526,-0.05321594321759932,4.589061787648582
-0.37290019884695785,-0.017757152326045612,4.541690045323236
-0.3379203739376652,-0.19563811122706934,4.46967593260932
-0.33718428866467287,-0.15971887357800293,4.568853737812503
-0.3370089656029992,-0.12416119785373654,4.5924762134906345
-0.33707374410764834,-0.08870361687043377,4.583748162337912
-0.337184075052377,-0.053239590797743735,4.568882519258679
-0.33753578926169664,-0.017765041540089295,4.521493657371401
-0.3019699064399933,-0.15986642105646703,4.526884677271603
-0.3017712631944945,-0.12425875543302715,4.556798013064359
-0.30179838159106465,-0.0887642298797249,4.552714301580849
-0.30185608821854787,-0.05326872145033198,4.544024362383382
-0.3021389077733918,-0.017772876927846577,4.501435064712766
-0.302956145303212,0.017820949723718355,4.3783687072810125
-0.2666886430519223,-0.16001318583115337,4.485138252471927
-0.26651317134874236,-0.12437281329607977,4.515085423147966
-0.2664735570132574,-0.08882451900441914,4.521846269737402
-0.26652410186753966,-0.053304820373507936,4.513219947939895
-0.2667107884552752,-0.01778071923035168,4.4813587702997
-0.2670870198642499,0.017805801324283322,4.41714860983469
-0.2315163402868072,-0.1602805432754819,4.40908991275181
-0.23118974088834943,-0.12448678355526507,4.4734048712173475
-0.23110033081152925,-0.08888474261981895,4.491011778652698
-0.23114419577858178,-0.053340968256595796,4.4823737543715865
-0.23125138993790692,-0.01778856845676207,4.461264750689097
-0.2314918768426262,0.017807067449432785,4.413907329452073
-0.19580151309962965,-0.1246009628815825,4.431647860449829
-0.19567910550022927,-0.08894504795464966,4.460135447219372
-0.1957162723973141,-0.05337716519926748,4.451485696625085
-0.19576067077876524,-0.017796424616251385,4.441152982396453
-0.19596433956943513,0.01781493996085774,4.393753700204186
-0.16034830952249515,-0.12471535185082958,4.38981418026804
-0.1602425851853796,-0.089023658436322,4.419886880603137
-0.16024023390439698,-0.05341341130146566,4.42055568941597
-0.16027069607065633,-0.017807855118961814,4.411890895457752
-0.16040537492617957,0.017822819436242174,4.373582243220035
-0.16075962760487447,0.053586542534958155,4.272817036835704
-0.1248280896209956,-0.1248280896209956,4.348584367178745
-0.12474756986135764,-0.08910540704382688,4.378031593560635
-0.12471598221461085,-0.05344970666340465,4.3895836472280365
-0.12473970722394671,-0.01781995817484953,4.380907072385206
-0.1248142894600708,0.017830612780010115,4.35363128317411
-0.12494430018791916,0.053547557223393924,4.306084502703847
-0.08937360408403379,-0.12512304571764732,4.2407147089747
-0.08918733344549266,-0.08918733344549266,4.336085275907756
-0.075911277936915,-0.045546766762149,11.133425696299518
-0.0759112710626675,-0.015182254212533499,11.13342921591424
-0.07591126418842123,0.015182252837684245,11.13343273552833
-0.0759112573141762,0.045546754388505716,11.133436255141788
-0.045546763237394164,-0.0759112720623236,11.133428704090313
-0.0455467591128463,-0.0455467591128463,11.133432223704496
-0.04554675498829917,-0.015182251662766391,11.133435743318039
-0.045546750863752795,0.015182250287917597,11.133439262930949
-0.04554674673920717,0.04554674673920717,11.13344278254322
-0.045546742614662274,0.07591123769110379,11.133446302154859
-0.015182251862697546,-0.07591125931348773,11.133435231494282
-0.01518225048784872,-0.045546751463546156,11.133438751107278
-0.015182249113000139,-0.015182249113000139,11.133442270719648
-0.015182247738151806,0.015182247738151806,11.133445790331379
-0.015182246363303726,0.04554673908991118,11.133449309942463
-0.015182244988455893,0.07591122494227946,11.133452829552915
0.015182249312931228,-0.07591124656465614,11.133441758896055
0.01518224793808286,-0.045546743814248586,11.133445278507878
0.015182246563234744,-0.015182246563234744,11.133448798119055
0.015182245188386874,0.015182245188386874,11.133452317729606
0.015182243813539253,0.04554673144061776,11.133455837339511
0.015182242438691882,0.07591121219345941,11.133459356948784
0.045546740289497296,-0.07591123381582883,11.13344828629564
0.045546736164953576,-0.045546736164953576,11.133451805906283
0.04554673204041061,-0.015182244013470203,11.13345532551628
0.04554672791586839,0.015182242638622797,11.133458845125638
0.04554672379132692,0.04554672379132692,11.133462364734363
0.04554671966678619,0.07591119944464364,11.133465884342456
0.07591121419276858,-0.04554672851566115,11.133458333302485
0.07591120731853261,-0.015182241463706522,11.133461852911303
0.07591120044429787,0.015182240088859576,11.133465372519488
0.0759111935700644,0.04554671614203864,11.133468892127027
0.44916626771522866,-0.6444559493305454,0.005841506478901692
0.4489466296447278,-0.6051019790863722,0.030288178673778532
0.44917511141963257,-0.5663512274421454,0.004857163727855607
0.48805782979963797,-0.6832809617194932,0.02287822851707233
0.48750242452539166,-0.643503200373517,0.07975172859989499
0.48710329415782816,-0.6040080847557069,0.1206226782383979
0.4868815120132217,-0.5647825539353373,0.14333316984609468
0.48714947056389146,-0.5261214282090028,0.11589421425750857
0.5268712283992731,-0.6829812219990578,0.04480204806892374
0.5260339289575086,-0.6429303576147327,0.1241904395843676
0.5254848974361978,-0.60333451187119,0.17624676160495056
0.525245304318612,-0.5641523638977686,0.19896373867974404
0.5250059295848494,-0.5250059295848494,0.2216600097328012
0.5252942153152379,-0.48638353269929435,0.19432625159225836
0.5251837179793667,-0.40847622509506293,0.2048030360304196
0.5247640594740873,-0.3692784122225059,0.24459287949394337
0.524342821366086,-0.33014177641568376,0.28453249269703207
0.5239157099118669,-0.2910642832843705,0.32502898613410025
0.5234892937116359,-0.25205040067597284,0.3654595591930345
0.5230635710691672,-0.21309997339854958,0.40582437270118277
0.5226385402937481,-0.1742128467645827,0.4461235869631395
0.5662678364257098,-1.1130091957332917,0.012218577592513213
0.56620194719962,-1.073831279171693,0.018035005826646966
0.5658292699094393,-0.6828973947182887,0.05093341489087777
0.5647637510728982,-0.6426621994967463,0.1449930087372593
0.5641100838990112,-0.6030142276161844,0.20269604201832436
0.5635235786374629,-0.5635235786374629,0.2544702995894781
0.5632670451160865,-0.5244210420046322,0.27711601733857094
0.5630107450525641,-0.4853540905625553,0.2997411263943377
0.5633191995350012,-0.44677039963120785,0.2725120410481665
0.563653576703393,-0.40816293485418115,0.24299460825220365
0.5632014872261913,-0.3689940778378495,0.2829031965844919
0.5627427078295782,-0.3298836563138907,0.32340234331999085
0.5622846752606102,-0.2908369009968673,0.36383556320130594
0.5618273876971763,-0.2518536565539066,0.4042030170768456
0.5613708433230885,-0.21293376815703358,0.4445048652721866
0.5609161628144478,-0.17407742983896654,0.48464217913840457
0.5604710596794618,-0.13528611785366318,0.5239340420888965
0.6045991640437284,-1.1896951292473366,0.07181096929210895
0.6044064502035509,-1.1503219536132099,0.08772540254547323
0.6046347145990036,-1.1117477010368777,0.06887518150163885
0.6048614409967888,-1.0731412662846254,0.05015196929743837
0.6050883374944419,-1.0345058673292071,0.03141471013640995
0.6039058142383943,-0.6428674796731294,0.12906824353905222
0.6027631137277109,-0.6027631137277109,0.22343318893742747
0.6020665618327395,-0.5632235578435306,0.28095489381247063
0.6014390026877584,-0.5238339700828863,0.332779132881889
0.6011629919999184,-0.48480886451606325,0.35557227355511856
0.6008872345279634,-0.4458195611013922,0.3783445034972104
0.6012223274973748,-0.4072796412078991,0.3506723098942075
0.601572248666755,-0.368705571763495,0.3217755939712035
0.6010825955902422,-0.3296259395172296,0.36221146093483014
0.6005937389771319,-0.29060987369861224,0.40258155543684637
0.6001056768171442,-0.2516572193104153,0.442886043487448
0.5996191784843823,-0.21276809559123241,0.4830613896768199
0.5991433482129878,-0.1739448430295771,0.5223557604758469
0.5986682725369286,-0.13518315831479033,0.5615878163052557
0.5981939496626146,-0.09648289510687333,0.6007577052808557
0.6428396093598413,-1.2661992305572631,0.13123030420624815
0.6426339041749822,-1.226846544334057,0.14718803975895867
0.6427486928502193,-1.188111220117072,0.1382832213163212
0.6429893760980834,-1.1495870663571794,0.11961203602746906
0.6432302396656475,-1.111034050331573,0.10092686230127867
0.6435779376691281,-1.0726298961152134,0.07395392627370256
0.6440568496954697,-1.0343943343593907,0.036801963018106676
0.6418493555727741,-0.6029493946289696,0.20804999193025253
0.6406430903988599,-0.5629893824717254,0.3016269266338938
0.6398950245906849,-0.5235504746651058,0.35965869841959375
0.6392215389793664,-0.48425874165103516,0.41190485493400075
0.6389286563632194,-0.4453139120107287,0.4346254457623786
0.6386360420138195,-0.4064047540087942,0.45732522559460875
0.6390025255553415,-0.3679105450167118,0.4288949872219874
0.6393626251455725,-0.3293686250749919,0.4009599887071005
0.6388430410499141,-0.2903832004772337,0.4412671185521191
0.6383246654389965,-0.25146123183960467,0.4814804992778505
0.637818104109585,-0.21260603470319497,0.5207773781655334
0.6373123461359573,-0.1738124580370793,0.5600119361196718
0.6368073896085644,-0.13508035537151367,0.5991843212750041
0.6363032326239042,-0.09640958070059154,0.6382946812971326
0.6357998732844977,-0.05779998848040888,0.6773431633844211
0.680988710456136,-1.342520600613525,0.19054003520834328
0.6807710568502857,-1.30319030882769,0.2064598418076713
0.6807550977658563,-1.2642594672794476,0.207627134840223
0.6810103372698276,-1.2258186070856898,0.18895818826403854
0.6812657682424778,-1.187348910365461,0.17027523712162917
0.681560572091469,-1.1489163929541906,0.14871244130969785
0.6820669885091657,-1.1107948098577842,0.11167169761530715
0.6825741580463784,-1.0726165340728804,0.07457586860774512
0.6830820823843654,-1.034381439039182,0.03742483131498631
0.6796729028160949,-0.5631575480476215,0.2867819654513468
0.6783819893740057,-0.5233232489456616,0.3812030629298633
0.6775876027500741,-0.4839911448214815,0.43930677028029663
0.6768838827072985,-0.44480940863622476,0.49077886483759414
0.6765742367937595,-0.4059445420762557,0.5134272516564522
0.6762218934294768,-0.3670918850045731,0.5391986520154077
0.6766263078055696,-0.3286470637912767,0.5096186290783322
0.6770326239149943,-0.29015683882071186,0.4798995079318402
0.6764953276053943,-0.251269693110575,0.5191988951483069
0.6759588834213555,-0.21244422050385459,0.558435955466571
0.6754232893373405,-0.17368027440103043,0.5976108370402358
0.6748885433342259,-0.13497770866684516,0.6367236875537614
0.6743546433833865,-0.09633637762619807,0.67577465538659
0.6739796698596664,-0.0577696859879714,0.7032012902644027
0.6736540680187223,-0.01924725908624921,0.7270167392020213
0.7188176909846327,-1.3793528664840249,0.26558678592812157
0.7186547747705273,-1.3401940394369294,0.27685882668783535
0.718923849437992,-1.3018350787120396,0.2582417686146101
0.7191931256717647,-1.263447382936884,0.23961076433195672
0.7194626036984233,-1.225030919810829,0.22096579816314943
0.7199623774330914,-1.1869650006329346,0.18638685868339877
0.7204979283860966,-1.1489021020210728,0.14933252247548268
0.7210332695617984,-1.110780982838446,0.11229270058908725
0.7218722029418807,-1.073053274643336,0.054247580237444026
0.7198119058779707,-0.6030856508707323,0.19679786357824014
0.7192366334513086,-0.563726010002377,0.23660049634189306
0.7173453732328876,-0.5234682453321071,0.36745525740020923
0.7159965091558216,-0.4837814251052849,0.4607820692188298
0.7151594189699823,-0.4445585577380971,0.5186996604552832
0.714460972187049,-0.4055048761061629,0.5670246270582311
0.7140921269448411,-0.36669595707978325,0.5925447303028832
0.7137236623437575,-0.3279270881038886,0.618038497296773
0.7140467100692189,-0.2894783959740077,0.5956870871026894
0.7146078846287329,-0.2510784459506359,0.5568598743363182
0.7140416490839928,-0.21228265243037625,0.5960372525669868
0.7134763101675927,-0.17354829166238742,0.6351525938097993
0.7129118657182081,-0.1348752178385799,0.6742060476050611
0.7125066375254733,-0.09628468074668559,0.70224345769698
0.7121624164922972,-0.057742898634510584,0.7260598318842995
0.7118185278936502,-0.019238338591720278,0.7498532051960964
0.7567760407839563,-1.4553385399691467,0.3244445023864557
0.7565318344773289,-1.416072408124231,0.3404744548214893
0.7567299569277046,-1.3776365882530006,0.3274694939763094
0.7570138875167318,-1.3393322625296025,0.3088319989017023
0.7572983372236667,-1.300999707538094,0.29016042839521106
0.7577406223408859,-1.2629010372348097,0.2611283796751849
0.7583041558401816,-1.2249528671264471,0.2241374627983319
0.7588685281657165,-1.1869482107207359,0.18709148450681568
0.7595958916320511,-1.149132246315154,0.1393466005628028
0.7606899285106005,-1.1117775878231855,0.06753289776570881
0.7581386458001638,-0.6026230261488481,0.2350017115789882
0.7575330275619837,-0.5632937897255776,0.27475511388004037
0.756915846207118,-0.524018662758774,0.3152675310199484
0.7548852597584288,-0.48390080753745435,0.44855730816467343
0.7535249973871465,-0.4443865369206249,0.5378463253565329
0.7526426529635984,-0.405269120826553,0.595764318286875
0.7518807583910236,-0.3663008822930628,0.6457758594610112
0.7514932129956132,-0.3275739646391134,0.6712147366982109
0.7511060669030385,-0.28888694880886095,0.696627403287728
0.7513371830485974,-0.2504457276828658,0.6814567024510367
0.7520665333403589,-0.2121213299165115,0.6335814012482359
0.751471540522665,-0.17341650935138422,0.6726373400507057
0.7510351023717196,-0.13480117222056504,0.7012855879076412
0.7506722606997875,-0.09624003342304968,0.7251028873985632
0.7503097694522342,-0.05771613611171032,0.7488971846738579
0.7499476281216568,-0.019229426362093766,0.7726685130399673
0.7946446538880214,-1.5311445770037486,0.3831630743089036
0.7943885306550259,-1.4919004112301706,0.3991551591008218
0.7944282313211315,-1.4532223743679236,0.3966762882415438
0.7947258911249616,-1.414999757368834,0.37809070049020477
0.7950237740693228,-1.3767484868029738,0.35949118006179503
0.7954024653230222,-1.3386041489582567,0.3358460676356927
0.795996145322237,-1.300774188697314,0.29877726768472
0.7965878646102967,-1.2628831999919339,0.26183089262537607
0.7971802805222334,-1.224935552997578,0.22484102105079273
0.7983343597983674,-1.1877657548219613,0.15278143697998559
0.7964066301990153,-0.6021611106382798,0.27314699245172847
0.795758105260272,-0.5628532939645826,0.31364025691959796
0.7951102873337017,-0.5236092136099987,0.3540893762371624
0.7944635233120655,-0.48442897762930826,0.39447269075883185
0.792317574523593,-0.4444708344888448,0.5284636395024904
0.7909667060619643,-0.4051292884707622,0.6128105483261308
0.790041921130867,-0.3661169878411335,0.6705532171946444
0.7891815079755203,-0.3272216008678987,0.7242765751870195
0.7891016904123609,-0.2886957403947662,0.7292603059599045
0.788640145172219,-0.25005663139606943,0.7580787404663241
0.7888627896758981,-0.21164611430328972,0.7441770348707522
0.7895650644856791,-0.1733191604968564,0.7003276808941834
0.7891836007283404,-0.13473866353898495,0.7241459057426525
0.7888025053873261,-0.09619542748625927,0.7479411270352543
0.7884217779291709,-0.057689398385061284,0.7717133780810315
0.788041417821439,-0.019220522385888755,0.7954626921247794
0.8324027677733848,-1.6067309238416498,0.44299801163104036
0.8321451569086614,-1.5675292490605017,0.458334844507597
0.8320161803530272,-1.5285878662299803,0.4660134487500045
0.8323329163567069,-1.49045661766201,0.44715660760070364
0.8326444609571112,-1.4522868505065893,0.4286088360417466
0.832945599936477,-1.414070437101461,0.41068056192136737
0.8335663642495706,-1.3763537642260353,0.37372343072323133
0.834188054519252,-1.3385808316704277,0.33671117280731977
0.834810672818858,-1.3007515134619416,0.2996436647377507
0.8358448712419632,-1.263486433272735,0.23807278187382508
0.8370504049226783,-1.2263761746541566,0.16630147437077625
0.8346029087155902,-0.6016904690740301,0.3120128764671861
0.8339234454258482,-0.5624134864499907,0.3524646444146171
0.8332450875595597,-0.5232004038164677,0.39285060110528036
0.8325678324212857,-0.4840510653612126,0.4331709070118279
0.8318916773243438,-0.44496531577813736,0.47342572208557954
0.8298341782551656,-0.40526785449670877,0.5959186899250213
0.8282950941110941,-0.3659908555374602,0.6875478854790487
0.8275428400881972,-0.3271680995697524,0.7323332412608181
0.8267272410034627,-0.2883932236058591,0.7808898379333797
0.8264996496923387,-0.24987198711628844,0.7944394601770455
0.8263470484406721,-0.21139110541505565,0.8035245579506878
0.82665043603988,-0.1730198587060214,0.7854624125094674
0.8272967357859533,-0.1346762128023645,0.7469850322781326
0.8268974207576308,-0.09615086287879429,0.770758206057323
0.8264984910216915,-0.05766268542011801,0.7945084414992962
0.8260999460207604,-0.01921162665164559,0.8182357717872861
0.8257017851985383,0.019202367097640425,0.8419402300405139
0.8697958212800607,-1.6429476624178925,0.5182821671787678
0.8695270468658641,-1.603794330885927,0.5335724449641788
0.8698237844494104,-1.5656828120089388,0.5166913735446457
0.8701546716366511,-1.527604867984343,0.497867569114959
0.8704858106633971,-1.4894979426907018,0.47902943781563323
0.8710234469586855,-1.4517057449311424,0.4484439063503345
0.8716720946136358,-1.4140458423732314,0.4115430619798275
0.8723217090791616,-1.3763298076582327,0.3745872168299158
0.8732169707172179,-1.3389326884330675,0.3236567769760441
0.8744817669361202,-1.3020061863271124,0.2517039254118316
0.8727391440308434,-0.6012202992212478,0.3508398062453537
0.8720291881869553,-0.5619743657204823,0.39122840536431625
0.8713203864739726,-0.5227922318843836,0.43155134725844846
0.8706127360798832,-0.4836737422666018,0.47180879189997427
0.8699184673396659,-0.4446249944180515,0.5113049691212268
0.869228533389425,-0.4056399822483983,0.5505545449571585
0.8672486125915077,-0.3661716364275254,0.6631900392386783
0.8656129291680588,-0.3270093287968222,0.7562422517726546
0.864975927051085,-0.2883253090170283,0.7924805944271682
0.8643398617808162,-0.24969818229223578,0.8286656409135702
0.8641438203851883,-0.21123515609415716,0.8398182180870606
0.8639844157957476,-0.1727968831591495,0.8488865680641382
0.8643747895535241,-0.13445830059721486,0.8266786387328509
0.864957055889171,-0.09610633954324123,0.7935541538604909
0.8645399577374828,-0.05763599718249886,0.8172824042676439
0.8641232616924852,-0.019202739148721892,0.8409877792719485
0.8637524201611922,0.019194498225804272,0.8620845419410585
0.907367060083179,-1.7182057095192114,0.5774537486608864
0.907075436350778,-1.6790545311173977,0.5933379349363435
0.907209480989,-1.6406979975332978,0.5860367801736146
0.9075541061465959,-1.6027019321312226,0.56726570775988
0.9078989932318616,-1.5646769883357616,0.5484803686475388
0.9083626309812894,-1.5268222946281247,0.5232269082531715
0.9090414857505223,-1.48928073197426,0.4862509889077131
0.9097197893027815,-1.4516805148448642,0.4493050932953082
0.9104534625435574,-1.4141085694825466,0.4093433167764431
0.9117699153607245,-1.3773545529917328,0.33763865269244775
0.9108158254430858,-0.6007508635901204,0.38960610352554426
0.9100754730319178,-0.5615359301686301,0.42993168166574947
0.9093363232272509,-0.5223846963220378,0.4701917561327207
0.9086105013913961,-0.48330345818691284,0.5097258816601311
0.907889857720738,-0.44428652611865904,0.5489779624449085
0.907170356249708,-0.4053314357711461,0.5881678298031403
0.9064519942834863,-0.36643804024226045,0.6272956305164854
0.9046021908133821,-0.3271965371027127,0.7280508833562038
0.9032066027434646,-0.28825742640748875,0.8040658931219227
0.9025425805725985,-0.24963943717965492,0.8402339092371847
0.9018795340401283,-0.21107818881790236,0.876348784197269
0.9017186220169418,-0.1726695233649463,0.8851133539708371
0.901552439408715,-0.13427376757151074,0.89416500241893
0.902036009103391,-0.09596127756419053,0.8678258871344511
0.9025462270810557,-0.05760933364347164,0.8400352909042041
0.9021560011412406,-0.019194808534920012,0.8612901506047663
0.9017933320180774,0.019187092170597393,0.881044043270677
0.9448715336032804,-1.7933276045939812,0.6352831423592278
0.9445512967892608,-1.7541666940371985,0.6520138820304595
0.9444840187598046,-1.7154913810127062,0.6555288158142929
0.9448436237436327,-1.6775794952182868,0.636741290128576
0.9452073821616943,-1.6396454588519187,0.6177367686951527
0.9455908678459581,-1.601715143494174,0.5977015982519802
0.9462964802104524,-1.5642860183070746,0.5608369522702361
0.9470031464358383,-1.526800991192474,0.5239172474337508
0.9477108688848568,-1.4892599368190607,0.48694236030136295
0.9489294635515495,-1.4524430564564532,0.42327700628639064
0.9488330923433806,-0.6002821604621388,0.42831191022337833
0.9480624390141013,-0.5610981781920191,0.4685746147734875
0.9473050046936066,-0.521984390341375,0.5081466935585155
0.9465536473865226,-0.4829355343808789,0.5474012793980023
0.9458034810166563,-0.44394857272210403,0.5865936448440721
0.9450545027547114,-0.4050233583234477,0.6257239377130404
0.9443067097803461,-0.36615974460870565,0.6647923053533447
0.9436998873643588,-0.32740608337130817,0.6964956805559481
0.9420877101699754,-0.2883941969908088,0.7807237135686336
0.9407273281069694,-0.24958071970184903,0.8517967356358866
0.9400363918527481,-0.21102857776286182,0.887894629733978
0.9393972452769888,-0.17254235117332445,0.9212867773654878
0.9392663699299445,-0.13418090998999208,0.9281243465171869
0.939167896829612,-0.09583345886016449,0.9332690635957803
0.9397842797868723,-0.05753781304817585,0.9010661988899358
0.9401827097745256,-0.019187402240296438,0.8802502648411163
0.9819558124268664,-1.829133376089261,0.7096690232788632
0.9816235082942527,-1.7900193386542256,0.7263493875826086
0.9820105424810306,-1.752214889524976,0.7069217891874899
0.982384045835529,-1.7143564721443545,0.6881733855107015
0.9827578334188212,-1.6764692452438714,0.6694107146630941
0.9834354079375242,-1.6390590132292069,0.6353991309791809
0.9841727019928457,-1.6016928287334549,0.5983898607512756
0.9849070943911477,-1.5642642087388816,0.5615262423267069
0.9859728826948846,-1.5272913280959977,0.5080278490410848
0.9873944968072412,-1.4907720834148543,0.4366683955580868
0.9860019774647941,-0.5606677911074319,0.5065674056887701
0.9852199026225987,-0.5215870072707876,0.545824495806805
0.9844390674458752,-0.4825681703166055,0.5850193595795972
0.9836594689894701,-0.4436111330736826,0.6241521448422844
0.982881104317552,-0.4047157488366391,0.663222998962091
0.9822373371262263,-0.3659315569685941,0.6955375873894241
0.9817627412376698,-0.32725424707922324,0.7193604398346167
0.9812886037566079,-0.28861429522253174,0.7431602820212575
0.9794931693733,-0.24967472944809607,0.8332840471441543
0.9781753173800483,-0.21097899002314768,0.899435049158356
0.9775094303101827,-0.1725016641723852,0.9328599687437702
0.9769746624375609,-0.13409456151103777,0.9597032188204722
0.9768723018900727,-0.0957717943029483,0.964841316890471
0.9767699627895767,-0.05745705663468099,0.9699783384055607
0.9775441127523203,-0.01916753162259452,0.9311190461580381
1.0192641691657596,-1.903908542403966,0.7676174893519914
1.0189262568235125,-1.8648273002241642,0.7839392930529883
1.0190719297018187,-1.8266383645598636,0.7769030181763057
1.019458978707796,-1.7888619815061324,0.7582078209064633
1.0198463218320737,-1.7510568922022396,0.7394984171677663
1.0204096879489313,-1.7135181552349978,0.7122867707685998
1.0211873533322193,-1.6762886743377938,0.6747240654626196
1.0219662049541403,-1.6390024041717344,0.6371040625924707
1.0228912609022607,-1.601886314243163,0.5924221149096738
1.0243635868292844,-1.5655368025126801,0.5213059946609775
1.0238886236648161,-0.5602409450241447,0.5442476116617101
1.023077115772654,-0.5211902287898426,0.5834449740001162
1.0222668932224932,-0.4822013647275911,0.6225802518946679
1.0214579529629837,-0.44327420600280426,0.6616535927313549
1.020776284679591,-0.4044585278919134,0.6945794569857924
1.0202830580230686,-0.365761850989402,0.7184032351121559
1.0197903078166264,-0.32710255156382356,0.7422039998006866
1.0192980333519157,-0.28848057547695727,0.7659817852659643
1.0188062339205983,-0.2498958686975052,0.7897366257220497
1.0168188246339205,-0.21103786926364387,0.8857322440974258
1.01564779929154,-0.17246849421931812,0.9422949776161786
1.0150057496574563,-0.13405736316230554,0.973307186356827
1.0145282159457711,-0.09571020905148785,0.9963729656382228
1.0144220002741253,-0.057420113223063694,1.0015033829856463
1.0143945551086595,-0.019139519907710557,1.0028290362609766
1.015257749344898,0.019155806591413173,0.9611351259822811
1.0564754940255698,-1.9784904706297035,0.8258679144462064
1.056125659437821,-1.9394307564221802,0.8421511243487032
1.0560177241295379,-1.900831903433168,0.8471750223342411
1.056422520554885,-1.863145172614979,0.8283335887180812
1.0568276274352137,-1.8254295382971872,0.8094777048336894
1.057268968788237,-1.78774571086011,0.7889352709475119
1.0580734710283182,-1.7506306520650354,0.7514893485001011
1.0588791985322388,-1.7134590667158045,0.7139863955903465
1.059686154101263,-1.6762308255783613,0.6764262818321285
1.061170921029056,-1.6399914234085413,0.6073171302839384
1.0608767756885416,-0.5207940535198294,0.6210082588606127
1.0600372559508444,-0.48183511634129295,0.6600840866516009
1.0593167301117745,-0.4429869962285603,0.6936212893428575
1.0588048712781708,-0.4042709508516652,0.7174459914160494
1.0582935068847221,-0.3655923023783586,0.7412476795474774
1.057782636193785,-0.32695099664171534,0.7650263880710995
1.057272258490728,-0.28834697958838035,0.7887821502497587
1.0567623730622986,-0.2497801972692706,0.8125149992821008
1.0562529791966202,-0.211250595839324,0.8362249683027727
1.0541605238606093,-0.17249899481355424,0.9336192530334557
1.0531054821691614,-0.13403160682152962,0.9827266481263095
1.052440301694492,-0.09567639106313564,1.0136877756745548
1.0520256502845757,-0.05738321728824959,1.032987914027018
1.0519155911201659,-0.01912573802036665,1.0381106678613747
1.0520306011217908,0.019127829111305287,1.0327574750584674
1.0529252742895647,0.05743228768852171,0.9911145057948119
1.09323716850291,-2.0138579419790448,0.9002254146061404
1.0928592702088364,-1.97481587423702,0.9171976888662954
1.0932775918489681,-1.9372111715218556,0.8984099099410869
1.0936962338597245,-1.8995776693353108,0.8796077424404487
1.0941151966092793,-1.8619153345807034,0.8607911698288646
1.094841446762404,-1.8247357446040067,0.8281736190920341
1.0956770678643875,-1.7876836370418954,0.7906439695994436
1.0965110869405452,-1.750570331782274,0.7531862707404215
1.0977602026311124,-1.7140466321784034,0.6970856362167126
1.0993883892120015,-1.678013857218318,0.6239600634609843
1.0973281810757936,-0.4427815467498816,0.7164887095783925
1.0967982010300223,-0.404083547747903,0.7402913221603953
1.0962687326693832,-0.3654229108897944,0.7640709537961285
1.0957397752532003,-0.32679958209305976,0.7878276377510005
1.0952113280422282,-0.2882135073795337,0.8115614072262431
1.0946833902986457,-0.2496646328751297,0.8352722953590757
1.0941925331675622,-0.21115996254110847,0.8573178086147522
1.0937526293009932,-0.17269778357384105,0.8770748945518818
1.0914280088109094,-0.13403501862590117,0.9814789025275772
1.090501473227329,-0.09565802396730956,1.023091728737505
1.08981323891869,-0.057358591522036324,1.0540019011956758
1.0900717683290926,-0.019124066111036713,1.0423907557460126
1.0908693653764223,0.019138059041691618,1.0065688532694566
1.0916681304695321,0.05745621739313327,0.970694491192944
1.1302623555239761,-2.088111809357854,0.9581079637054373
1.1298846891980872,-2.049112910918565,0.9744948415745185
1.1300253181925377,-2.0110620069528213,0.9683929733407339
1.1304597975719761,-1.9735145618629415,0.9495409867074756
1.130892293205501,-1.9359342646399254,0.9307750744731749
1.1314937009719161,-1.8986080745121983,0.9046800934219448
1.1323559516576152,-1.861669954420147,0.8672671823136469
1.1332195174955595,-1.824675494272511,0.8297972069723372
1.1342146865466531,-1.7878299296413347,0.7866169905180982
1.1358959296026159,-1.7519750778616618,0.7136681392763222
1.1331152908030737,-0.2880801586787476,0.8343195854937449
1.1326035654196747,-0.2495567178043351,0.8565232631463218
1.1321482116085912,-0.21107848013041533,0.8762809878306115
1.1316932237927617,-0.17263116973109924,0.8960228320428811
1.1305054141686253,-0.13412776100305723,0.9475616903105006
1.1286228627379928,-0.09564600531677905,1.0292452778091246
1.1284382998857603,-0.057378218638259,1.037253428685652
1.1292640561306388,-0.019140068747976927,1.0014240051790608
1.1300910217862845,0.01915408511502177,0.9655421055442659
1.1309191995116175,0.05750436607686191,0.929607614411168
1.1671993127702842,-2.162188890869543,1.0158976935749564
1.166809763737145,-2.1232112094233293,1.0322459808673585
1.1666601717700598,-2.084687847916992,1.0385239388302807
1.16710809491438,-2.047222395997355,1.0197258527735613
1.1675563621386795,-2.0097281643370715,1.0009133266390222
1.1680288002051793,-1.9722453511661224,0.9810864176187053
1.168920788658706,-1.9354262238447428,0.9436521480936477
1.1698108528847577,-1.8985454825506725,0.9062986330331171
1.170702273606508,-1.861608533439857,0.8688881896285139
1.1722747716565434,-1.8256738247110103,0.8028948288401452
1.167687873582518,-0.09571212078545228,0.9953941578484304
1.1676668114597295,-0.05742623662916702,0.9962780764441419
1.1685219895119572,-0.019156098188720612,0.960388636875237
1.1693784211161382,0.019170138051084234,0.9244465892243667
1.2036395638721684,-2.1971198388142756,1.0902018490039538
1.2032468392392057,-2.1582046481592103,1.1061601832957706
1.2036516641572563,-2.120719598753261,1.0897101548797394
1.2041133063677139,-2.083307149112394,1.0709513602960712
1.2045753028256747,-2.0458659905134473,1.052178170893221
1.205357754763589,-2.008929591272648,1.0203832984954389
1.2062803349760767,-1.9721726111513633,0.9828943247816468
1.2072043285552052,-1.9353593203821544,0.945347919026581
1.2085230688489375,-1.8991076796197588,0.8917610118527008
1.2103096875533508,-1.8634926935345242,0.8191619025940042
1.2069610361932839,-0.057474335056823034,0.9552340848443421
1.2403428168498376,-2.270781464694318,1.1495752132987036
1.2399448896119167,-2.23190080130145,1.1652474245152789
1.2400671777357877,-2.193965006763317,1.1604311537905119
1.2405549118340007,-2.156657000572955,1.1412219339224379
1.2410430297471469,-2.1193196354143584,1.1219975976508323
1.241678014267372,-2.0821985162329777,1.0969889765465837
1.2426269064279802,-2.0455550613506754,1.0596172237595454
1.2435772499873126,-2.008855557671813,1.0221883081919927
1.2446276547556294,-1.972256129843536,0.9808185203936759
1.2464773399362303,-1.9368340205162966,0.9079693809730784
1.2769570670715924,-2.3442644664150127,1.2088046014436387
1.2765478897921418,-2.3054073830574504,1.224438837792782
1.2763693587969651,-2.266984383534908,1.2312603205935773
1.2768706426770935,-2.2297591819883573,1.2121067872632878
1.2773723204624128,-2.1925047291519024,1.1929382032272144
1.2778656429230675,-2.155206233586666,1.174088867417126
1.2788530497801005,-2.1186968436655396,1.1363610830289943
1.2798363987942702,-2.0821219025160516,1.0987883445771374
1.28081441563374,-2.045479738400152,1.061419342949641
1.2824845682833976,-2.009863875668011,0.9976045551418267
1.3130391264985721,-2.37869406974379,1.2843454516471766
1.3126302808039667,-2.3399061527375062,1.2995142194470262
1.313078724208313,-2.3026452989739985,1.2828763192278032
1.31359630872475,-2.2654776918586266,1.2636731835455137
1.3141118701754486,-2.2282766494279347,1.2445451065340762
1.314948164207883,-2.191580273679805,1.2135173859104214
1.3159634035957226,-2.155128472555314,1.1758505332601459
1.3169802118779783,-2.1186203408471824,1.1381254723532663
1.3183603139135203,-2.0826271625590396,1.0869216866867788
1.3203155633885,-2.0474458736604277,1.0143790974701403
1.3494199389746027,-2.451762987714419,1.344858538380521
1.3490002870206914,-2.4130005134032086,1.3599896510849305
1.3491492626256585,-2.375262786312779,1.3546181363142864
1.3496910158561874,-2.338197111976212,1.335084498706479
1.3502332043453977,-2.3011016581097623,1.3155351672645281
1.3509251471233445,-2.264226655037718,1.2905862445667324
1.3519708431223518,-2.227895614722749,1.2528822761518157
1.3530138239257379,-2.191501264105068,1.2152762077480475
1.3540584151910684,-2.155050717135081,1.177612071984015
1.356110321772843,-2.1201161368561348,1.1036278346693251
1.385725371001967,-2.524677730729611,1.4046993182871859
1.385280077959868,-2.485913564558119,1.4203150742840833
1.3851137208567588,-2.44766671219893,1.4261489672150347
1.3856690974907537,-2.410684594264736,1.4066727455297325
1.386224919672178,-2.373672807657839,1.3871808991674541
1.3867644314616598,-2.336603083147728,1.3682610336732992
1.38784647331832,-2.3004030585139277,1.3303154562342527
1.3889302050493533,-2.2641464986420967,1.2923106174473347
1.3900044558425089,-2.227815360733884,1.2546382608654412
1.3917662465967018,-2.192508470666037,1.1928549138690911
1.3938384822621743,-2.157585595830489,1.1201847316278588
1.4214881757623337,-2.5586787163722007,1.479870267312343
1.4210279444341294,-2.519956221463189,1.4955794966483893
1.4215384263278552,-2.482953784652654,1.4781550480092065
1.422108534436228,-2.4460266792303123,1.4586953579100808
1.4226806871325381,-2.409072630211098,1.4391658792093622
1.4235952485666004,-2.3726587476110006,1.4079488489267078
1.4247051209690378,-2.336516398389222,1.3700652042568464
1.4258167252933218,-2.3003176501398928,1.332122443321282
1.4272853048920509,-2.264626017095387,1.2819949263513308
1.4294135317546717,-2.2298851095372876,1.2093514494405468
1.4576118608094235,-2.6312733591235045,1.5391381341282582
1.4571405100923323,-2.5925746738006428,1.5548090151120775
1.4572902933402254,-2.5549894753367592,1.5498292084288678
1.457873876075815,-2.518145785949135,1.5304269772196548
1.4584579263987463,-2.481272576080984,1.5110092002494753
1.4592243903009858,-2.4446746279068465,1.485526764019177
1.4603660002589758,-2.4086556108167523,1.4475719394418434
1.4615036109941182,-2.3725707970683736,1.4097500760397068
1.4626429954861224,-2.3364297200622475,1.371869240980864
1.4648471573876252,-2.3019026758948393,1.2985880141257127
1.4931600424377582,-2.665007164350935,1.6140543210042964
1.492934507461876,-2.6268088169265917,1.6213627961721215
1.4935336696538835,-2.5900520600326837,1.6019469074184585
1.494131122690954,-2.5532620451047947,1.5825864039387056
1.494709768899753,-2.51641011726161,1.5638353369193965
1.4958825661991009,-2.4805141287605346,1.5258307662063473
1.4970572053725126,-2.4445617657348624,1.4877665094476882
1.4982336907623828,-2.4085528952762356,1.4496424259278484
1.5001399176297365,-2.373639110173634,1.3878710236439744
1.5023834318692655,-2.3391539508850587,1.3151698027174774
1.529071958406383,-2.737227579863278,1.6737751417241924
1.528585957353346,-2.6986147148336848,1.6891351750053616
1.5290753022691435,-2.6617236743203607,1.6736694591480585
1.529693000831544,-2.625028729822032,1.6541471342129341
1.5303111986574018,-2.5883041261242474,1.6346090300870557
1.5312793905101971,-2.552132317516995,1.6040093863443872
1.5324798841843348,-2.516294130821192,1.5660678578778118
1.5336822616633727,-2.4803997071345907,1.5280667918736484
1.5352710810902825,-2.4450613513660056,1.477852251961444
1.5375954068320625,-2.4107977366379254,1.4043920803693837
1.5648953343981544,-2.809269937654518,1.7333487221774107
1.5643985601775348,-2.770681787302381,1.7486709150061586
1.564506956785064,-2.7331748040221,1.745327597954649
1.5651380311035956,-2.6965631138290864,1.725863137045721
1.5657696147397786,-2.6599218756422744,1.7063829670622468
1.5665515580800837,-2.6235020069052006,1.6822651965660924
1.5677849256298106,-2.587789576039567,1.644223980574516
1.5690164956804973,-2.5520147821309296,1.6062382055171938
1.5702275760718691,-2.516147802621188,1.5688844006748823
1.5725981571906424,-2.482052513156315,1.4957676818307917
1.6000923552373754,-2.842517007539337,1.8089831834390537
1.5998136034193189,-2.8043791401115117,1.8173785323122829
1.600475642891425,-2.7678814059416412,1.797439461152372
1.6011229466321113,-2.7313273795488957,1.777944195550532
1.6017683540035987,-2.6947397014413483,1.7585060441269107
1.6029648849086122,-2.6590358679072272,1.722469348634739
1.6042258702310712,-2.6233811289661046,1.6844914377465585
1.6054888410440868,-2.5876702496828226,1.6464537285545617
1.6074717663556868,-2.5530433936237378,1.5867326838757876
1.6098976795314754,-2.51901636914925,1.513669887052032
1.6356728400678102,-2.9141297725346043,1.86985666007363
1.6351663678206514,-2.875637405477697,1.8847597514842818
1.6356602091885275,-2.8389045010053753,1.8702283273260818
1.6363363400608806,-2.802461088150244,1.850332982116612
1.6370130301471892,-2.7659875336969746,1.8304211818758134
1.6380311774389893,-2.7300519623983157,1.8004619052435302
1.6393176646186836,-2.6945106441433535,1.7626066503008104
1.640606174165425,-2.6589134546818953,1.7246918866265801
1.6422068502472844,-2.623755772234167,1.6775915329534712
1.6446886807944585,-2.589912060561389,1.6045629559331758
1.6711697298149124,-2.985572888096304,1.9303987828519595
1.6706467408240797,-2.947095936060455,1.9454420616893984
1.6707386739361167,-2.9097134208999784,1.9427976935229339
1.6714282633973494,-2.873354205615668,1.9229623112672485
1.6721184223431913,-2.8369649637508076,1.9031105483306803
1.672934782624277,-2.8007559843934526,1.8796287245151788
1.6742688713212714,-2.7653654391486167,1.8412549372757852
1.6756050894653969,-2.729918404185197,1.802819898523417
1.6769259886734644,-2.694386700902308,1.7648254943363
1.6793409172567413,-2.6605288689123654,1.695362380030815
1.7060243096451442,-3.0183507016798705,2.0063490913014377
1.7056896172510134,-2.98027086970232,2.0157646135978666
1.706401858588407,-2.944011997784395,1.9957279342162408
1.7071146949926086,-2.9077228321302675,1.9756745144936474
1.7078221479681484,-2.871393281748645,1.9557725406762643
1.709083402619666,-2.835951580171094,1.9202910911390703
1.7104451655820097,-2.8006190073815325,1.881982155055553
1.7118091003249558,-2.7652300851403133,1.843612122726519
1.7138560038432156,-2.7308694566732554,1.7860289028721752
1.7164476817681293,-2.697274928492775,1.7131201612482272
1.7413161873589982,-3.0894319453143515,2.0669952726985485
1.7407689222611644,-3.051025100307202,2.0820597743163347
1.7412453175373173,-3.014413936811915,2.068946097897502
1.7419715996195537,-2.978209509026979,2.0489538169241115
1.7426984878263452,-2.9419748665455505,2.028944851231792
1.7437716498818547,-2.9062860831364246,1.9994040462629243
1.7451709820464436,-2.871087744657052,1.9608847952806912
1.746560323911373,-2.835812999038896,1.9226405460955363
1.7482016340989446,-2.8008821879649757,1.8774603946957171
1.7508641758322199,-2.7674949876057666,1.8041689233281417
1.7776788351276822,-3.162397085648193,2.0962334955066666
1.7763712954976798,-3.1226737510327633,2.1314682476414717
1.775982206071138,-3.084600673702503,2.141953183767228
1.7767222914873724,-3.0484814053941234,2.1220098293929155
1.7774625504121364,-3.012331269645831,2.1020617994203263
1.7783055592290389,-2.9763219359728126,2.079344930249057
1.7797375478434179,-2.941250473804385,2.0407566054826347
1.7811718445470452,-2.9061224832083368,2.002106083784888
1.7826084549247128,-2.8709378274050636,1.9633932146603712
1.7851267535827822,-2.837411997800001,1.8955316929271362
1.8159203353095155,-3.1638199656423516,2.074679810388048
1.8145840673090239,-3.124077724129969,2.109946264834008
1.8132497644819332,-3.0843939292733915,2.145160854909804
1.8128754849713715,-3.04637839227148,2.1550387471473087
1.8141819090917126,-3.011167910966657,2.120559925002226
1.8156415298348187,-2.976154672615837,2.082037975493442
1.8171035011781544,-2.9410850482986626,2.0434539895249983
1.8192253669947918,-2.907009607053533,1.987454231890034
1.8220241507409616,-2.8739143820965682,1.9135894237436943
1.8541962635265141,-3.1652441266260696,2.0531067209305434
1.8528312159653124,-3.1254829602647187,2.088404920492934
1.8514681768043002,-3.0857802946738335,2.1236511856665814
1.8501071416142842,-3.04613600083968,2.1588456309841604
1.8514837556028145,-3.0109988348692234,2.123248339967624
1.8531452028531592,-2.9762635076126496,2.0802856635950775
1.8559948986821067,-2.9433454453847547,2.006596559331385
1.892506666291893,-3.1666695703299994,2.0315142009183518
1.891112787876393,-3.126889461142155,2.0668441884795428
1.8897209612022499,-3.0871679069145666,2.1021221715073324
1.8883311817426565,-3.0475047784559703,2.137348264740588
1.889830172065614,-3.012501561411524,2.0993540545745333
1.8927351224502815,-2.9796523214811366,2.025723628982959
1.9294288295356898,-3.1282972284704873,2.045264042608096
1.9280081640659,-3.088556767678383,2.0805737863232636
1.926589589168557,-3.0488747867424735,2.1158315701795516
0.0,0.0,50.0
