-1.0258169976759894,1.1996842854176826,5.489974338126558
-1.0256681125288811,1.2342785760940773,5.496434439424817
-1.0255192705933205,1.268862826327329,5.502892665781346
-1.025370471850499,1.3034370404879223,5.5093490180122515
-0.9920031361402037,0.9920031361402037,5.446876692650498
-0.9918540797349209,1.0266559772694794,5.453571155764955
-0.9917059615901394,1.0612993624034825,5.46022347946041
-0.9915619310616735,1.0959368711734285,5.466692218984491
-0.9914179423637126,1.1305643202393214,5.473159079805193
-0.9912739954780364,1.165181713982955,5.479624062740825
-0.9911300903864351,1.1997890567835792,5.486087168609231
-0.9909862270707093,1.2343863530179011,5.49254839822779
-0.9908424055126702,1.2689736070600863,5.499007752413412
-0.9906986256941397,1.3035508232817627,5.505465231982498
-0.990554641329828,1.3381176733753817,5.511931898169131
-0.9577143690242698,0.8880624149134138,5.42274936905217
-0.9575703868622192,0.9227496455217749,5.429451084231253
-0.9574264479860323,0.9574264479860323,5.436150784650131
-0.9572825523761923,0.9920928270080538,5.442848471217232
-0.9571387000131938,1.0267487872868806,5.449544144840438
-0.9569948908991109,1.0613943335426503,5.4562378054232
-0.9568538851597148,1.0960326320920368,5.462800981656912
-0.9567149244174549,1.1306630924933558,5.469268972569374
-0.9565760040309572,1.1652834958195297,5.475735085104539
-0.9564371239826447,1.1998938464509543,5.4821993200805395
-0.9562982842549504,1.2344941487654815,5.488661678315033
-0.9561594848303179,1.269084407138422,5.495122160625208
-0.9560207256912003,1.303664625942546,5.501580767827768
-0.955882006814583,1.3382348095404162,5.508037500993957
-0.9557444931305441,1.3727966355875088,5.514438137923769
-0.9551463537986623,1.4066700846853026,5.542278805007719
-0.9551551948023101,1.4414160212471225,5.541867296474287
-0.923249547437718,0.8187307307466557,5.405304878480031
-0.9231106923858111,0.8534419608849951,5.412011839477806
-0.9229718790947176,0.8881427515817093,5.418716783349495
-0.9228331075456009,0.9228331075456009,5.425419711004935
-0.922694377719636,0.9575130334826412,5.432120623353434
-0.9225556895980088,0.9921825340959718,5.438819521303721
-0.9224170431619166,1.0268416140859071,5.445516405764025
-0.9222784384029894,1.0614902781619313,5.452211277138623
-0.9221397732791622,1.0961284097469286,5.458909064251785
-0.9220058422522381,1.1307618820074619,5.465378185552275
-0.9218719501237884,1.165385295439506,5.471845427983055
-0.921738096876869,1.199998654424603,5.478310792362549
-0.9216042824945462,1.2346019633417504,5.484774279508713
-0.9214705069598953,1.269195226567403,5.491235890239018
-0.9213367702560024,1.303778448475475,5.497695625370454
-0.9211643953029653,1.33829544223261,5.506021660837902
-0.9198728668755562,1.371131254399414,5.5684049207278505
-0.919446413259718,1.4051916881893805,5.589003435002297
-0.91902035486896,1.4392205557381827,5.609582859159666
-0.9220825022423276,1.4788115601999592,5.46167536338946
-0.8886773815231891,0.7841271013439903,5.391880456875214
-0.8885030661809208,0.8188165511863388,5.400630403467503
-0.8883567020122446,0.8535191842862743,5.407977310757914
-0.8882231027862898,0.8882231027862898,5.414683467982314
-0.8880895437380457,0.9229165846689494,5.421387608443197
-0.887956024849391,0.9575996346415001,5.428089733050179
-0.8878225461022151,0.992272257408358,5.434789842712341
-0.8876891074784184,1.0269344576711115,5.441487938338213
-0.887555708959912,1.0615862401285223,5.4481840208357895
-0.8874223505784176,1.0962276095380452,5.454878088612766
-0.8872906942783751,1.1308606887861643,5.461486718575678
-0.8871618321675344,1.1654871128475452,5.46795509119827
-0.8870330074808042,1.2001034807093232,5.474421585277284
-0.8869042202018832,1.2347097967516412,5.480886201630966
-0.8867754703144805,1.2693060653520996,5.487348941077059
-0.8855623693961854,1.3022976020532138,5.54824184991697
-0.8851400299620794,1.33638788837412,5.569441633276014
-0.8847180931773552,1.3704456737453148,5.590621205215115
-0.8843679687914145,1.4045844210216585,5.60819607635252
-0.8842397532727042,1.4390568533653814,5.614631992585828
-0.8853875407100598,1.4756459011834329,5.5570175643577855
-0.8540956567511448,0.7495125151081475,5.377859565654475
-0.8539280720168109,0.7842196579746222,5.386615012999272
-0.8537605530342073,0.818913183522607,5.3953670251516215
-0.8535964216638837,0.8535964216638837,5.40394205184608
-0.8534680383926264,0.888303468531101,5.410649422752577
-0.8533396937339625,0.9230000768959186,5.417354776348084
-0.8532113876704747,0.9576862514668594,5.424058113542543
-0.8530831201847565,0.9923619969496147,5.430759435245378
-0.8529548912594119,1.027027318047047,5.437458742365422
-0.8528267008770548,1.0616822194591906,5.444156035811012
-0.8526985490585814,1.0963267059324617,5.450851314490443
-0.8525704357578626,1.130960782127777,5.457544580813703
-0.8524456485726447,1.1655889480483101,5.464064074572036
-0.852321854205591,1.2002083253099138,5.470531698646674
-0.8512239281125937,1.233406099918248,5.527892735342043
-0.8508177794997939,1.2675448551731623,5.549111928174035
-0.8504120182774826,1.3016510483839019,5.570310881829485
-0.8500035911642712,1.335719928972426,5.59164911468298
-0.8498783967612706,1.3702121090640893,5.5981898834928
-0.8497538072258412,1.404695069087615,5.604699051058091
-0.8496306003588083,1.4391702006077773,5.611135981254094
-0.8495074292144316,1.4736353363923813,5.617571045123576
-0.8522003375062667,1.5130903951641879,5.476880326203208
-0.819492186204843,0.7148761624340119,5.363829857778768
-0.8193313405779599,0.7496010137202611,5.3725908110728255
-0.819170558078558,0.7843122364581938,5.381348325933857
-0.8190098386694811,0.8190098386694811,5.390102404385708
-0.8188491823122108,0.8536938283680496,5.398853048526384
-0.8187066842067496,0.88838384882009,5.406614647462149
-0.8185835558271425,0.9230835842306075,5.413321214521602
-0.8184604644774475,0.9577728839629704,5.420025764632648
-0.8183374101409618,0.9924517527241452,5.426728298705058
-0.8182143928009938,1.027120195218269,5.433428817647993
-0.8180914124408611,1.0617782161466496,5.440127322370117
-0.8179684690714126,1.0964258202446595,5.446823812280506
-0.8178455626667834,1.131063012198743,5.4535182887879685
-0.8171744393345385,1.1649082433066826,5.490073091565563
-0.816464105590642,1.1986387933139213,5.52876361038205
-0.8160745497260059,1.2327934687350302,5.549981972370745
-0.815685365418183,1.266915567564412,5.571180096371307
-0.815497873680273,1.3013263941706483,5.5813924123085314
-0.8153777337803784,1.3358316064061517,5.587936202600666
-0.8152576292735114,1.370326653459732,5.594478065102351
-0.8151375601440347,1.4048115398226981,5.601018000665341
-0.8152186345352986,1.4396414184346764,5.59660203382203
-0.8153591394271352,1.4745856776873723,5.588949001415614
-0.8156674207137196,1.5098524596190128,5.572157510061231
-0.7848669493664769,0.68021802278428,5.349791324929313
-0.7847128513587662,0.7149605979046536,5.358557789367971
-0.7845588138492958,0.7496895332337715,5.367320812128952
-0.7844048368024457,0.7844048368024457,5.376080395238645
-0.7842509201826238,0.8191065166351849,5.3848365407218495
-0.7840970639533514,0.8537945807492049,5.393589250653783
-0.7839432680788953,0.8884690371560813,5.402338527067293
-0.7838211283107602,0.9231671066771177,5.409286922765638
-0.7837032535642525,0.9578595321340865,5.415992686122522
-0.7835854142655433,0.9925415247363548,5.422696432893538
-0.7834676103986448,1.0272130891893343,5.4293981639882105
-0.7833498419475791,1.0618742301956072,5.436097880315501
-0.7831020460994771,1.0963428645392679,5.450194710785304
-0.7820813990052563,1.1296731318964812,5.508258189923197
-0.7817056444104803,1.163872848344493,5.529634451314898
-0.7813326799949573,1.1980434426589346,5.550851982509094
-0.7810913280384454,1.2323885397939915,5.564582227146218
-0.7809762134004876,1.2669169684052355,5.571130970994481
-0.780861132687954,1.30143522114659,5.577677784863063
-0.7807460858858494,1.3359433025157867,5.584222669605019
-0.7807641049713363,1.3706747620607904,5.583197583852865
-0.7809057035805963,1.4056302664450733,5.575142196303858
-0.781047353559541,1.4405984521209312,5.567083886390556
-0.7818391748979252,1.4768073303627476,5.522038050251368
-0.7502199256924199,0.6455380755958031,5.33574395877686
-0.7500725838276697,0.6802983899832353,5.344515939561987
-0.7499252998269178,0.7150450533233402,5.353284475420708
-0.7497780736560843,0.7497780736560843,5.362049568381963
-0.749630905281116,0.7844974590151215,5.370811220473094
-0.7494837946679871,0.8192032174277999,5.379569433719837
-0.7493367417822225,0.8538953569146257,5.388324210174659
-0.7491897465888633,0.8885738854891169,5.397075551918839
-0.7490524094773714,0.9232506442395508,5.405251900882071
-0.7489397532242157,0.957946195984462,5.411958877814129
-0.7488271308525957,0.9926313129906501,5.418663837612911
-0.7487145423472283,1.0273059999648015,5.425366781188266
-0.7476694959944754,1.0606474245503024,5.487583494282397
-0.7473099471239179,1.094895969042019,5.508989194483036
-0.746950743896063,1.1291115896103276,5.530374316885556
-0.7466605654293628,1.1634013461341235,5.547650058158865
-0.746548648549351,1.1979501569745399,5.55431301659678
-0.7464385992732046,1.2324916406604076,5.560864787455728
-0.7463285824371629,1.267022942277044,5.567414626996815
-0.7462873682732998,1.301664014430174,5.569868307450058
-0.7464227548395992,1.3366174912243984,5.561808083968053
-0.7465581905366998,1.3715836523813787,5.5537449354895045
-0.7470107280236201,1.407159743486354,5.526803168826341
-0.747392028551024,1.4426404272031395,5.504102486264614
-0.7472835878986416,1.477188487706617,5.510558487894826
-0.7155634434941974,0.6108468420072417,5.320916698898891
-0.715412797295996,0.6456164268280941,5.330322900542683
-0.7152699954661007,0.6803787761750715,5.339239307482494
-0.7151295286971416,0.7151295286971416,5.3480099154955525
-0.7149891170878824,0.7498666349946083,5.35677707939076
-0.7148487606058384,0.7845901031039689,5.365540801196431
-0.7147084592185505,0.8192999410554116,5.374301082939283
-0.7145682128935132,0.8539961568727354,5.383057926648924
-0.7144280215966162,0.8886787585714007,5.391811334455184
-0.7142878852972527,0.9233477541647414,5.400561308269097
-0.7141699617500453,0.9580328755183536,5.407924339509364
-0.7132255966468698,0.9915575368017459,5.466889575219838
-0.7128824522214202,1.0258552361235072,5.488315178369859
-0.7125396378219089,1.0601199489545474,5.509720175022274
-0.7122111139515721,1.0943731750963182,5.530232884975014
-0.7121021899435633,1.1289424962519907,5.537033993767757
-0.7119932992476583,1.163501245112027,5.54383302258524
-0.7118850202364957,1.1980503999102001,5.55059385840417
-0.7117800719709585,1.232594758778977,5.557146725715761
-0.7119190997830351,1.267563275223453,5.548465964766585
-0.7120483137078494,1.3025274031241147,5.540397973363554
-0.7121775745460538,1.337504225366979,5.532327052734203
-0.7128987445359194,1.373634166300918,5.487297902147468
-0.7127952695267611,1.4082052885772598,5.49375878076809
-0.7126918245513874,1.4427663765308574,5.5002177841085
-0.7125884095967239,1.4773174345297935,5.506674912985041
-0.7124853389666747,1.511859133904895,5.5131105425686044
-0.6808875379710622,0.5761356090524372,5.305843661386689
-0.680744143660406,0.610924231490108,5.315256211009242
-0.6806008097453183,0.6456982041173532,5.32466479620475
-0.6804591813665217,0.6804591813665217,5.333961428248827
-0.6803255350559052,0.7152140240331312,5.34273410915084
-0.6801919412328719,0.7499552172567562,5.351503344714054
-0.6800583998665071,0.784682769076739,5.360269136967737
-0.6799249109259209,0.8193966875261098,5.3690314879395515
-0.6797914743802472,0.8540969806315928,5.3777903996555665
-0.6796580901971799,0.8887836564116969,5.38654587423639
-0.6790308766025611,0.9227855502547626,5.427716817883166
-0.6784229470111202,0.9567503098874771,5.467621939782887
-0.6780965520712006,0.9910641914886777,5.489046838403247
-0.6777704710429131,1.0253450715777404,5.510451131542112
-0.6776309642752213,1.0598843287381665,5.519608498857274
-0.6775273041235622,1.094467183584216,5.526412857530275
-0.6774236756817394,1.1290394594695659,5.533215134737105
-0.6773200789352053,1.1636011612476604,5.540015331432677
-0.6773979275234732,1.1984732563876832,5.534905270254072
-0.6775177044066635,1.2334296669967462,5.527042992793376
-0.67764073372377,1.268404450303467,5.518967222234586
-0.6783793967930578,1.3045757630635728,5.470480620763382
-0.6782808949700577,1.3391699721203703,5.476946381452628
-0.6781824217430764,1.37375413635136,5.483410265069857
-0.6780839771029835,1.4083282601369658,5.489872272214413
-0.6779855610390975,1.4428923478524383,5.496332403587445
-0.6778871735389776,1.4774464038670025,5.502790660005566
-0.646052095283751,0.5762086255233455,5.300179353340475
-0.6459160200467194,0.6110016405847346,5.309594288659412
-0.6457800021259497,0.6457800021259497,5.319005258312679
-0.6456440415066017,0.6805437194258775,5.328412263327017
-0.645513315988299,0.7152985393383854,5.337457055944718
-0.6453865431778586,0.7500438204499438,5.3462283639103205
-0.6452598201516425,0.7847754569411869,5.354996227345815
-0.6451331468803305,0.8194934568479875,5.363760648279829
-0.6450065233346258,0.8541978281999099,5.372521628739399
-0.6440349731006709,0.8877238818414652,5.439742401683311
-0.6436725700457264,0.9220174652006352,5.464816775214601
-0.6433117954874228,0.9562742905894123,5.489778474383719
-0.6431327087559413,0.9907720107861799,5.502169340129463
-0.6430342873858107,1.0253789988044009,5.508979034927691
-0.6429358961347638,1.0599753963302863,5.515786645810941
-0.6428375349889768,1.094561208224474,5.52259217373566
-0.6428653010038834,1.1293579612230384,5.520671065677256
-0.6429771292901126,1.1643099368226364,5.512933757224644
-0.6430889964888212,1.1992740745332071,5.505193756449131
-0.6438353985998806,1.235467927043014,5.4535507995758294
-0.6437404346788441,1.270082479231233,5.460121276274563
-0.6436469407488711,1.3046897447612251,5.466590045483514
-0.6435534739722197,1.3392869593475925,5.473056935976146
-0.6434600343329065,1.3738741273594492,5.4795219488583555
-0.6433666218209241,1.4084512531755364,5.485985084822552
-0.6432732364268052,1.4430183411736441,5.492446344523742
-0.6431798781387437,1.4775753957241409,5.498905728778816
-0.6113366284618043,0.5414695852090267,5.285092318222318
-0.6112078217467358,0.5762816605040653,5.29451360938161
-0.6110790692985775,0.6110790692985775,5.303930931304052
-0.6109503710854473,0.6458618208617586,5.313344286321566
-0.6108217271006394,0.6806299244835696,5.3227536749246624
-0.6106928685780355,0.7153830746199844,5.332178755435116
-0.6105729200082717,0.750132444581591,5.340952136537844
-0.6104530185483884,0.7848681667050708,5.349722071889303
-0.6097895650027466,0.8188602730036882,5.398248959799105
-0.6092948589695251,0.853012802557335,5.434433172514744
-0.6089519635964511,0.8873300040976859,5.459513519802435
-0.6086390021478998,0.9216533461096769,5.482404414325046
-0.6085222694235689,0.9562492805227512,5.490942579304672
-0.6084210714320006,0.9908571734749726,5.49834448954509
-0.608327954131259,1.025467122678408,5.505155354970775
-0.6083105581758735,1.0601984013922368,5.5064277448503915
-0.6084164094553256,1.095149537019586,5.49868547983904
-0.6085222975792586,1.1301128383614802,5.490940519917089
-0.6089768692033828,1.1657557210464757,5.457691852552571
-0.6091812523092768,1.2009573259811457,5.442742688235761
-0.6090897094959784,1.2355819821204135,5.44943839115129
-0.6089981941911681,1.270196233598722,5.456132082017426
-0.6089084149763716,1.3048037463779392,5.462698790299676
-0.6088199850073381,1.339403967016144,5.469166810891842
-0.608731580716123,1.3739941393306776,5.475632953335001
-0.6086432020919871,1.4085742676985988,5.482097218414658
-0.6085548491266066,1.4431443565002386,5.488559606739628
-0.5764761911289574,0.5415382401514448,5.279422748783915
-0.576354714001636,0.576354714001636,5.288846428963993
-0.5762332880597192,0.6111565176390961,5.298266138397544
-0.5761119132708626,0.6459436603339974,5.307681879593687
-0.5759905896320789,0.6807161513833659,5.31709365278418
-0.5758693170829167,0.7154740000121085,5.326501462658591
-0.5757510688081624,0.7502210896591207,5.335674662154673
-0.5748702082947212,0.7839139204018926,5.404008083803447
-0.5745464654784419,0.8182934508329325,5.429122678036016
-0.574223087093711,0.8526342808361163,5.454209001215148
-0.5740415332079198,0.8871550967758762,5.468293181446214
-0.5739314011453065,0.9217686139606438,5.476836759636825
-0.5738213113331018,0.9563688522218362,5.485377060219989
-0.5738117696058197,0.9911294202282339,5.486117266942472
-0.5738335443756282,1.0259448217624867,5.48442807267854
-0.5739334457375771,1.060907278484612,5.47667814884251
-0.5741248201258258,1.0960564747856676,5.461832135693513
-0.5745955636426232,1.1317791405081972,5.42531385075408
-0.5745091843163498,1.166427737854407,5.432014792428625
-0.5744228309570937,1.2010659192739233,5.4387137196921245
-0.5743365035531478,1.235693689462833,5.445410633452781
-0.5742502020928114,1.270311053114401,5.452105534618262
-0.5741638178843324,1.3049177679189372,5.4588068550336075
-0.5740804264848781,1.3395209951313822,5.465276006021583
-0.5739970593028836,1.3741141722705397,5.471743278321753
-0.5739137163270229,1.4086973037117836,5.4782086728127695
-0.573830397550043,1.443270393837987,5.484672190057275
-0.5417211044558109,0.5067713557812424,5.264321696552393
-0.5416069125061016,0.5416069125061016,5.27375174143161
-0.541492768688367,0.5764277860231003,5.283177811541307
-0.541378672972182,0.6112339856137539,5.292599909393999
-0.5412646253271471,0.6460255205517563,5.302018037500105
-0.5411506257471957,0.6808024001335689,5.311432196360613
-0.5403965765122868,0.7147180528065729,5.373702068662766
-0.5400939842194531,0.7491626232721446,5.398690335425812
-0.539789789667329,0.7835658237106389,5.423810917794761
-0.5395256865867466,0.8179905570831318,5.445620720578347
-0.5394221238312156,0.85263496992676,5.4541729997447845
-0.5393186008261033,0.8872660852300409,5.46272199629599
-0.5392151175485282,0.9218839106474838,5.471267712121545
-0.5392312403100326,0.9567005876468319,5.469936284074734
-0.5393277709631338,0.9916671917709234,5.46196472046379
-0.5394163592762772,1.0266311353967856,5.454649040410658
-0.5399828076514906,1.062546815056159,5.40787136813497
-0.5399015998930118,1.0972193804277337,5.414577557222252
-0.5398204165564526,1.1318815185861104,5.42128172953165
-0.5397392576609578,1.1665332342994892,5.427983883482199
-0.5396581231654557,1.201174532206982,5.434684022465589
-0.5395770130588299,1.2358054170057071,5.441382147399857
-0.5394959273300851,1.2704258933902006,5.448078259192968
-0.5394148659682327,1.305035966052176,5.454772358752393
-0.5393347968137493,1.3396380436986675,5.461384521187156
-0.5392564685027907,1.374234226184531,5.467852923640507
-0.5391781629363257,1.408820361220722,5.474319447838909
-0.5068356410573269,0.5068356410573269,5.258646858387692
-0.5067287892293239,0.5416756022796221,5.268079295618307
-0.5066219824451408,0.576500876575505,5.277507756566884
-0.5065152206763007,0.6113114732300181,5.286932243747245
-0.5062612351711264,0.6459195069424717,5.309353033169529
-0.5055938861696164,0.6799366055384496,5.368263841578688
-0.5053073673734187,0.7144000711141437,5.393556535312001
-0.5050211731322731,0.7488244980926809,5.418820578668296
-0.5048776959015483,0.783430907433437,5.431486154897804
-0.5047807531404451,0.8180929447448594,5.440043860705529
-0.5046838476006131,0.8527416735320704,5.448598280773467
-0.5046119406047802,0.8874209989946136,5.454945932819399
-0.5047023042875936,0.9223869699049123,5.44696900081933
-0.5047927003400637,0.9573654661621899,5.438989211359889
-0.5052983138317181,0.9931725478761355,5.394355744510406
-0.5052884237284098,1.028000586206075,5.395228801905901
-0.5051909192924234,1.0626429681668217,5.403836090048138
-0.5051149369953284,1.0973186562312307,5.410543492826179
-0.5050389775507476,1.1319839151999513,5.417248878278841
-0.5049630409709119,1.1666387498293485,5.42395224532639
-0.5048871272287516,1.2012831647856506,5.430653596358475
-0.5048112363081824,1.2359171647545155,5.437352932794937
-0.5047353681989146,1.2705407544317504,5.4440502555440915
-0.5046595228906648,1.3051539385103401,5.450745565513721
-0.5045837003731561,1.339756721680449,5.457438863611046
-0.5045098067248904,1.3743543010781498,5.463961889113115
-0.4720401016364243,0.4720401016364243,5.243605178176068
-0.47194129035074484,0.5068999044508,5.252973951929377
-0.47184181793300445,0.5417443094786347,5.262405410796617
-0.47174235190846353,0.5765739856658999,5.271836263493832
-0.4710448495666373,0.6106136938826779,5.337969818866981
-0.4707777285393191,0.6451398502205484,5.363296849605298
-0.4705109102993167,0.6796268704323464,5.388595171620345
-0.4703109917610997,0.7141759504520402,5.407550410799438
-0.47021236955433154,0.7488567366976391,5.416901257070791
-0.4701174002317713,0.7835290003862855,5.425905755802425
-0.470027120577014,0.8181953580414688,5.434465604549779
-0.47005351333788165,0.8530600797613407,5.431963179815668
-0.47013773188724184,0.8880379380092346,5.423978013654107
-0.47022198062054876,0.9230283323292253,5.415989985607226
-0.47068116560462914,0.9587949669723927,5.3724524463759025
-0.47058880061617653,0.9934652457452615,5.381210015651412
-0.47049647187144,1.0281219200153688,5.389964148485689
-0.4704041793490909,1.0627649977886868,5.398714846901008
-0.47032197857193997,1.0974179500011934,5.406508698364206
-0.47025124491140025,1.13208633034226,5.413215297289462
-0.4701805325392152,1.1667442844491638,5.419919877763299
-0.47010984144075363,1.2013918170152593,5.426622441172988
-0.47003917159574604,1.2360289327147396,5.433322989440377
-0.4699685229946092,1.2706556362446841,5.440021523474094
-0.4698978956277654,1.3052719322993485,5.446718044182241
-0.46982728948564273,1.3398778255701664,5.453412552472393
-0.4697570723776732,1.3744743969568958,5.460070174561352
-0.43712922632702506,0.47209956443318707,5.23796722411263
-0.4370377113463614,0.5069637451617792,5.247338358132595
-0.43653307345762343,0.541301011087453,5.299013277939366
-0.4362012101417347,0.5757855973870898,5.332996081486371
-0.435953820781521,0.6103353490941295,5.358328751972245
-0.43570671187355575,0.6448459335728626,5.383632704147892
-0.4356203404861943,0.6795677311584631,5.392477134213699
-0.43552896188971,0.7142674974991244,5.401834302493697
-0.4354376216215401,0.748952709189049,5.4111875459542915
-0.43538783349439414,0.7836981002899095,5.416285850174042
-0.4354594072368845,0.8186636856053429,5.4089566989430296
-0.4355374679114857,0.8536534371065119,5.400963285863867
-0.4360385466930227,0.8895186352537664,5.349652818634468
-0.4359529361572187,0.9242202246533036,5.358419337500806
-0.4358673592311756,0.9589081903085863,5.3671824147276155
-0.43578181589579046,0.9935825402424023,5.375942052271057
-0.4356963061312896,1.0282432824698435,5.3846982521559426
-0.43561082991791494,1.0628904249997124,5.393451016405507
-0.43552538723592393,1.0975239758345283,5.4022003470413935
-0.43545721693002526,1.1321887640180657,5.4091809863654134
-0.4353917306582525,1.1668498381641166,5.4158867805949455
-0.4353262640946162,1.2015004889011407,5.422590556711299
-0.4352608172154449,1.2361407208918636,5.42929231713844
-0.43519539001186175,1.2707705388346364,5.435992062785353
-0.43512998247499535,1.305389947424986,5.442689794560479
-0.40220955447763035,0.4721590422128704,5.232327849446364
-0.4015802391669543,0.5063403015583336,5.30237337967813
-0.4013498092060796,0.5409497428429768,5.328021236192882
-0.40112216030814946,0.5755230995725623,5.353359548310323
-0.40099038928616965,0.6102027663050408,5.368026235974163
-0.4009062288004322,0.6449361072006953,5.377393663951899
-0.40082210363474857,0.6796548713806606,5.386757160654071
-0.4007380137668891,0.7143590680192371,5.396116728554951
-0.4007832355457525,0.7492903968898851,5.3910833479510245
-0.4008420734862301,0.7842562307339284,5.384534429358737
-0.4009009287049331,0.8192323325709503,5.377983587624833
-0.4012816705459759,0.8549044285544705,5.335605365317463
-0.40120285929205624,0.8896237314736899,5.344377400536345
-0.4011240789887423,0.924329399408841,5.353145990818248
-0.4010453296171537,0.9590214403888458,5.361911138264631
-0.40096661115992105,0.9936998624398043,5.370672844808787
-0.40088792359884406,1.0283646735796435,5.379431112476482
-0.40080926691573665,1.063015881819997,5.388185943291923
-0.40073064109242706,1.0976534951662131,5.3969373392776845
-0.4006568918976185,1.1322912162324001,5.405145945308547
-0.4005966336197905,1.1669554109793896,5.411852953623317
-0.40053639348287656,1.2016091804486297,5.418557942775479
-0.4004761714605856,1.236252529291373,5.425260915691339
-0.4004159675447481,1.270885462207244,5.431961873280208
-0.36691849708765484,0.4368077346281605,5.270887974076359
-0.3667075700587198,0.4714811615040683,5.2966009833179655
-0.3664968853977814,0.5061147465016982,5.322284446746643
-0.3663208025443656,0.5407592799464445,5.343749785067814
-0.3662455270781247,0.5755286854084817,5.352926222857178
-0.3661686328972387,0.6102810548287312,5.362299989669943
-0.36609177099783335,0.6450188346152301,5.371669821216507
-0.36608572595853156,0.6798734910658444,5.372406740293293
-0.3661394925527868,0.7148437711744886,5.365852336422179
-0.36619327494263915,0.7498243248825469,5.359296006992558
-0.36658651759855293,0.7855425377111849,5.3113578546525915
-0.36650932434598876,0.8202827735362606,5.320768079727081
-0.36643216359622244,0.855008381724519,5.330174342555743
-0.36635893927734237,0.8897288525306887,5.339100735714453
-0.36628699243706314,0.9244385999602069,5.347871398148499
-0.3662150738486474,0.9591347172226479,5.356638616545844
-0.366143183496367,0.9938172123472817,5.365402392823839
-0.3660713213636153,1.0284860933549191,5.374162729006898
-0.3659994874337798,1.063141368260027,5.382919627120174
-0.3659276816902611,1.0977830450707833,5.391673089187222
-0.3658559041164726,1.132411131789082,5.400423117230005
-0.36579523971510586,1.1670610029005757,5.407818396634717
-0.36574022789745386,1.2017178916630626,5.414524599167528
-0.36568523262385744,1.236364357918756,5.421228784901189
-0.332490824645145,0.3674898588183182,5.201236258338355
-0.3320167807033757,0.401915050325139,5.265107442071482
-0.3318258926481123,0.43661301664225305,5.290827095833286
-0.331635223963159,0.47127110773712066,5.316517192332263
-0.33154497384143383,0.50604232849482,5.328677208733126
-0.331476687567897,0.5408303849792003,5.337877885588618
-0.33140752893781833,0.5756025502604214,5.347196101009736
-0.33135915028991636,0.6103984347445828,5.353714487253377
-0.3314078370183711,0.6453731562989332,5.347154591208948
-0.3314565380560481,0.6803581570624144,5.3405927671851
-0.33171216782993496,0.7157999411067018,5.306150018703498
-0.3317854339844288,0.7508828242805493,5.296278368413809
-0.3317155453333553,0.7856420810526836,5.305694944558439
-0.331645686119348,0.8203866972425978,5.3151075544457385
-0.33157585632381265,0.8551166820982536,5.324516200581037
-0.33150678373015274,0.8898339984335679,5.333822823726784
-0.33144167358503424,0.9245478263161481,5.342595559069075
-0.3313765890103637,0.9592480208194739,5.3513648491299435
-0.33131152999155095,0.9939345899746528,5.360130695875242
-0.3312464965137404,1.0286075418058254,5.368893101306561
-0.33118148856189455,1.063266884330293,5.3776520674499935
-0.3311165061209878,1.0979126255590648,5.386407596330066
-0.3310515491760062,1.1325447734968634,5.395159689969688
-0.33098754723818496,1.1671666139451786,5.40378310896034
-0.33093776562964894,1.2018266225497776,5.410490525689411
-0.29727707757129407,0.33225085140321103,5.233569495146305
-0.29710604216078035,0.367013346198611,5.259325415788375
-0.2969352034441461,0.4017358634832565,5.28505171664623
-0.2968068265369595,0.4364806272602345,5.304383768551986
-0.29674566182733264,0.47130193349046945,5.31359445423697
-0.2966845223216471,0.5061088910192804,5.32280134450491
-0.2966234080043274,0.5409015087137735,5.332004441701287
-0.296643623993781,0.5758376230467513,5.32896015152474
-0.2966906814747256,0.6108337559773762,5.321873848511913
-0.2967343054455574,0.6458334883226837,5.315304591727823
-0.29702345682587644,0.6814067538946578,5.27176179563272
-0.2969608562753537,0.7161997121935001,5.281188702064391
-0.296898282106607,0.7509780076814178,5.290611635710938
-0.29683573430296284,0.7857416496254899,5.300030599083243
-0.2967732128477616,0.8204906472849879,5.309445594690018
-0.29671071772435775,0.8552250099113842,5.318856625037888
-0.29664824891611985,0.8899447467483595,5.32826369263136
-0.29658811951445985,0.9246570784862571,5.337318473116639
-0.29652987218563215,0.9593613511888098,5.346089835575398
-0.29647164773051915,0.9940519953317406,5.354857753521827
-0.29641344613598086,1.0287290189425218,5.363622228934645
-0.29635526738855644,1.0633924300412907,5.372383263840916
-0.2962971114747954,1.098042236641889,5.3811408602661
-0.29623897838125807,1.1326784467518691,5.3898950202340785
-0.29618086809451505,1.1673010683725005,5.398645745767148
-0.26269040143285066,0.26269040143285066,5.167504822126816
-0.26236369634792633,0.29734552252764984,5.223262489953903
-0.26218789107880575,0.3321046620331539,5.253266589217155
-0.26203087563767447,0.3668432258927442,5.280063891170229
-0.2619768480350066,0.40169783365367673,5.289284602025546
-0.2619228427074245,0.4365380711790408,5.298501511266224
-0.2618688596411553,0.47136394735407955,5.307714621242823
-0.2618449793192885,0.5062336266839578,5.311790196174762
-0.2618875069465132,0.541234181022794,5.304532147795079
-0.2619300483902554,0.5762461064585619,5.297271741396415
-0.26222306041061494,0.6118538076247682,5.247264356588381
-0.26216817422679806,0.6466814964261018,5.256631598626463
-0.26211276067294537,0.681493177749658,5.266088845150655
-0.2620575108815569,0.7162905297429221,5.275518142880962
-0.2620022843778907,0.7510732152166201,5.284943466173317
-0.2619470811463993,0.7858412434391979,5.294364817681185
-0.2618919011723755,0.8205946236734433,5.303782199914579
-0.2618367444411246,0.8553333651743404,5.313195615381403
-0.26178161093796437,0.8900574771890789,5.322605066587407
-0.2617265006482249,0.9247669689570612,5.332010556036288
-0.26167492045640334,0.9594747083401456,5.340813575440492
-0.26162353379694014,0.9941694284283726,5.349583565322213
-0.2615721673157219,1.028850524775173,5.358350111450122
-0.2615208210008658,1.063518005403521,5.367113215852235
-0.2275898743384361,0.2275898743384361,5.182301668738738
-0.22743800227345992,0.2624284641616845,5.212208783072505
-0.22728633276356625,0.29722058899850967,5.242076009636186
-0.2271804105021999,0.3320329076570614,5.262934547259093
-0.22712332890818807,0.3668915313132269,5.274175230387577
-0.22707649265491398,0.40175071777407856,5.283398369493867
-0.22702967571433982,0.4365955302198843,5.292617705483849
-0.22705645927051907,0.47157880002338576,5.287343405190093
-0.2270933568874768,0.5065928730566791,5.280077412927639
-0.22717597279182977,0.5417273197343634,5.2638084348396745
-0.22733621118075154,0.5770842283819078,5.232253798252003
-0.22728861124309208,0.6119308764237095,5.241627324437253
-0.22724103123432773,0.6467629350515481,5.250996926163154
-0.22719320784397448,0.6815796235319234,5.26041445534041
-0.22714531254285455,0.7163813703274644,5.269846145407101
-0.22709743743347383,0.7511684468953365,5.279273859254388
-0.22704958250098414,0.7859408625034067,5.2886975998061985
-0.22700174773263299,0.8206986264179807,5.298117369573809
-0.22695393311567838,0.855441747897557,5.30753317106641
-0.22690613863738934,0.8901702361928351,5.316945006791023
-0.22685836428504533,0.9248841005467233,5.32635287925261
-0.22681173090324885,0.9595880922829759,5.335536068283304
-0.22676718527310444,0.994286889274381,5.344308130834818
-0.19280281148351547,0.15774775485014902,5.129527509290945
-0.19262363086180273,0.19262363086180273,5.171227726707727
-0.19249506023796042,0.22749416209940776,5.201149617347397
-0.19237382658642127,0.26232794534511994,5.229363994432866
-0.19231907000409537,0.29722038091542013,5.2421073445014414
-0.19226434458432604,0.33209295882747225,5.254843442193213
-0.19220965030051848,0.3669456960282626,5.267572293697512
-0.192198611013791,0.4018698230288357,5.27014143679046
-0.1922298561037618,0.4368860365994586,5.262869852215438
-0.1922611113542054,0.47191363696032235,5.2555959030212875
-0.19230509016495728,0.64684439419122,5.2453608343372125
-0.19226483687311777,0.6816662398228721,5.25472887316532
-0.19222425789060518,0.716472233955892,5.264172709095519
-0.19218373790684357,0.751263702726752,5.273602814407319
-0.15799681589165268,0.08777600882869593,5.058683479707682
-0.15774919145822947,0.12269381557862291,5.129118874103625
-0.1576401035947218,0.1576401035947218,5.1601483108346855
-0.15753485746148269,0.19254260356403438,5.190084988733815
-0.15747009779768142,0.22745680792998427,5.2085055153261735
-0.1574252552087166,0.262375425347861,5.22126074063172
-0.15738043815203182,0.29727416095383785,5.234008703422063
-0.1573356466058271,0.3321530317234128,5.246749409898065
-0.15735240765983646,0.36715561787295176,5.241981821202074
-0.1573677287323025,0.4021619734269953,5.237623827256179
-0.15746902433800183,0.43741395649444953,5.2088108549683625
-0.12307043310891806,0.017581490444131154,4.991384463024254
-0.12281423057903795,0.05263467024815912,5.085081388237548
-0.12272680495779174,0.08766200354127981,5.117054186864735
-0.1226395037163055,0.1226395037163055,5.1489814980368465
-0.12256876079400056,0.15758840673514357,5.1748531953369366
-0.122533830804824,0.19255316269329487,5.18762759137865
-0.12249892071886792,0.2274979956207547,5.200394708528307
-0.12246403051912576,0.26242292254098376,5.213154553005438
-0.12245718434941671,0.29739601913429775,5.215658295070455
-0.12246911476068632,0.3324161686361486,5.211295173234717
-0.12248104749682699,0.367443142490481,5.206931201160415
-0.0845342776289516,-0.05072056657737096,6.718449853976779
-0.08215397207050376,-0.016430794414100752,7.937166299902074
-0.0821539693791868,0.01643079387583736,7.937167677856358
-0.08215396668787005,0.04929238001272202,7.937169055810536
-0.08762622108566,0.08762622108566,5.1353748041420815
-0.08759573772642024,0.12263403281698833,5.150982284072839
-0.0875652755688717,0.15761749602396904,5.166578908737691
-0.08754002105269731,0.1925880463159341,5.179509221018975
-0.08752089104020472,0.22755431670453227,5.189303787415184
-0.08752942279563755,0.2625882683869127,5.184935528633574
-0.08753795621462629,0.29762905112972937,5.18056641811134
-0.08762169536852946,0.33296244240041195,5.137691971312918
-0.04929237247808961,-0.08215395413014935,7.937175485363532
-0.04929237086330015,-0.04929237086330015,7.937176863317205
-0.04929236924851079,-0.016430789749503596,7.937178241270793
-0.049292367633721544,0.016430789211240516,7.937179619224281
-0.049292366018932395,0.049292366018932395,7.937180997177691
-0.05189224138617109,0.08648706897695181,5.718620683800673
-0.05256781769790333,0.12265824129510776,5.1421288977891635
-0.05254953318788627,0.15764859956365881,5.157731679670377
-0.052548580267144256,0.1926781276461956,5.158544838703563
-0.05255370635079786,0.22773272752012408,5.15417058065249
-0.05255883343464204,0.2627941671732102,5.149795469105463
-0.017550576096106756,-0.1579551848649608,5.070525193966709
-0.01754347314617058,-0.12280431202319406,5.0887087458033164
-0.016430786161434754,-0.08215393080717376,7.937187426727036
-0.016430785623171903,-0.049292356869515705,7.937188804679927
-0.01643078508490909,-0.01643078508490909,7.937190182632726
-0.016430784546646312,0.016430784546646312,7.93719156058544
-0.016430784008383572,0.04929235202515071,7.937192938538054
-0.016430783470120863,0.08215391735060432,7.93719431649059
-0.01753030516271137,0.1227121361389796,5.12241878345889
-0.017530569153786743,0.1577751223840807,5.121742966305938
-0.01753083315281318,0.192839164680945,5.121067128798259
-0.01755476749678978,0.2282119774582671,5.059795208218169
0.01752977222223756,-0.19282749444461317,5.123783111071845
0.017522317014140375,-0.15770085312726337,5.142868443800644
0.017526322206390513,-0.12268425544473359,5.132615151640287
0.016430781496842285,-0.08215390748421142,7.937199368083753
0.016430780958579742,-0.04929234287573923,7.937200746035863
0.016430780420317235,-0.016430780420317235,7.9372021239878805
0.016430779882054762,0.016430779882054762,7.937203501939813
0.016430779343792327,0.04929233803137698,7.937204879891638
0.016430778805529924,0.08215389402764962,7.937206257843393
0.017545011011020007,0.12281507707714005,5.084771811788777
0.017560298804930694,0.15804268924437623,5.045635059377432
0.052546440092990705,-0.2627322004649535,5.16037112064793
0.05252764360734915,-0.22761978896517965,5.176410788395394
0.05252817279991129,-0.19260330026634137,5.17595921074237
0.05253969793229107,-0.1576190937968732,5.166124431111626
0.0525517010520003,-0.1226206357880007,5.155881768959745
0.049292330496757394,-0.08215388416126232,7.9372113094336925
0.04929232888197069,-0.04929232888197069,7.9372126873850135
0.04929232726718408,-0.016430775755728027,7.937214065336249
0.049292325652397585,0.016430775217465863,7.937215443287393
0.049292324037611183,0.049292324037611183,7.937216821238458
0.0492923224228249,0.08215387070470817,7.937218199189417
0.08750597009591196,-0.33252268636446547,5.196943310893076
0.0874746936926381,-0.2974139585549696,5.21295682936929
0.08747022133632616,-0.2624106640089785,5.215246675801005
0.08748806216652105,-0.22746896163295474,5.206112170741221
0.08750591027599687,-0.19251300260719312,5.196973938689602
0.08752376566920958,-0.15754277820457724,5.187831977364695
0.0875626639731224,-0.12258772956237136,5.167916045761331
0.08761211149169382,-0.08761211149169382,5.142598916252766
0.0876616148888443,-0.05259696893330658,5.117253176911717
0.08215385545570733,-0.016430771091141466,7.937226006677847
0.08215385276439803,0.016430770552879607,7.937227384628208
0.08215385007308891,0.049292310043853343,7.937228762578478
0.12188334867118207,-0.9576548824164305,5.425518200253414
0.12191595046436292,-0.9230779106587478,5.413595258747279
0.12195089280484117,-0.8884993618638428,5.400816345658086
0.1219856571182645,-0.8538995998278516,5.388102539606123
0.12240851904644137,-0.4021994197240216,5.233455891587155
0.12236480340906095,-0.36709441022718287,5.249443324686283
0.12235107135874895,-0.3320957651166043,5.254465331657528
0.12237600478999862,-0.29719886877571094,5.245346819657648
0.12240094838548633,-0.2622877465403279,5.2362245904507105
0.12242590215142866,-0.22736238970979608,5.227098641763234
0.12246943084712691,-0.19245196275977086,5.21117957590787
0.12253098782876279,-0.1575398414941236,5.188667308338182
0.12259371902628338,-0.12259371902628338,5.165725613244938
0.12266295231898004,-0.08761639451355717,5.140406009058729
0.12279728200630899,-0.052627406574132424,5.091279723406998
0.12294489144851413,-0.017563555921216303,5.037296841686263
0.15652088253526864,-1.0956461777468804,5.478504523301368
0.1565626995176458,-1.0611471856195993,5.466609914980751
0.1566045388501055,-1.026629754684025,5.454708949303324
0.15664640055057083,-0.9920938701536153,5.442801621170965
0.15668828463698406,-0.9575395172260136,5.430887925480093
0.1567301911276464,-0.9229666810850289,5.418967857025017
0.15677387541759483,-0.8883852940330373,5.4065421034396905
0.15681856091447277,-0.8537899427565739,5.393831562105525
0.15686327189216426,-0.8191748643257466,5.381113772895503
0.15690800837247018,-0.7845400418623509,5.368388729608483
0.15695277037721636,-0.7498854584689226,5.355656426036234
0.15699755792825357,-0.7152110972287107,5.342916855963431
0.15704237104745739,-0.6805169412056488,5.330170013167674
0.15708971942003117,-0.6458132909490171,5.316702031635579
0.15714430648362107,-0.6111167474363042,5.301175044658898
0.15719893149728578,-0.5763960821567145,5.285637262994271
0.15725256348220737,-0.47175769044662214,5.270381942838789
0.1571981229253241,-0.43666145257034467,5.285867256796706
0.15717173820581784,-0.4016611087482011,5.293372243678483
0.15720288469446012,-0.3668067309537403,5.284512798020238
0.15723489891916917,-0.33194034216269047,5.275406529658547
0.1572669261858698,-0.2970597494621985,5.266296551574818
0.157317522675639,-0.262195871126065,5.2519046611515705
0.1573965234680177,-0.22735053389824778,5.229433324652746
0.1574756036445717,-0.19247018223225432,5.206939407766271
0.1575547633250154,-0.1575547633250154,5.184422876440067
0.15769288522782732,-0.1226500218438657,5.145134868529119
0.15786940212174572,-0.08770522340096984,5.094925618703442
0.19113332013573842,-1.198927189942359,5.5180636775008765
0.19118010050486728,-1.1644606121660097,5.507176609776344
0.1912292125971139,-1.1299908017102185,5.495746886489854
0.1912802826569564,-1.095514346126205,5.483861490744687
0.19133138000183242,-1.0610194709192524,5.47196974502809
0.19138250465361403,-1.02650616132393,5.4600716442498225
0.19143365663419667,-0.9919744025590191,5.448167183314226
0.1914848359654992,-0.9574241798274961,5.436256357120186
0.19153604266946397,-0.9228554783165082,5.424339160561118
0.19158791785016205,-0.8882712554871149,5.412266391235015
0.19164251943477562,-0.8536803138458187,5.399559113361313
0.19169715215061064,-0.8190696500980637,5.386844590403342
0.19175181602429905,-0.7844392473721324,5.37412281616313
0.19180651108250307,-0.7497890887770575,5.3613937844356485
0.1918612373519155,-0.7151191574025941,5.348657489008758
0.19191599485925942,-0.6804294363191925,5.335913923663263
0.19197078362202513,-0.6457199085468118,5.323163084328698
0.19203519857840232,-0.6110210863858255,5.308171967208189
0.1921019415802448,-0.5763058247407343,5.292639050415758
0.1920399943925648,-0.5412036205608645,5.307055850457651
0.19197356498060933,-0.50611212585797,5.322515786330918
0.1919362493686886,-0.4711162484504175,5.331200146923379
0.1919738198631546,-0.4363041360526241,5.322456468211293
0.192011405068947,-0.4014783924168892,5.3137093657723256
0.1920490049947083,-0.3666390095353522,5.304958837595159
0.19210229949641805,-0.33181306276654027,5.29255575356089
0.1921986806239628,-0.29703432460066975,5.2701252366050255
0.19229515851229315,-0.26222067069858157,5.247672200775419
0.1923917333071951,-0.22737204845395786,5.225196612143684
0.1925274217856436,-0.1925274217856436,5.193618202613848
0.19273293521591808,-0.15769058335847844,5.1457896224772455
0.22580468635507878,-1.2332409793238917,5.533846379307569
0.2258599330158919,-1.1987950290843492,5.522967036870519
0.22591520671724644,-1.1643322192350394,5.512082369526858
0.22597097805712157,-1.1298548902856078,5.50109970567452
0.22603131906261303,-1.0953825462265092,5.4892171692085086
0.2260916923024162,-1.0608917869574912,5.4773282850626615
0.22615209780236742,-1.0263825977184367,5.465433048149187
0.22621253558833068,-0.9918549637334498,5.453531453374879
0.22627300568619765,-0.9573088702108362,5.441623495641082
0.22633350812188763,-0.9227443023430804,5.429709169843669
0.22639404293143908,-0.8881612453464148,5.4177884688858455
0.2264575361245226,-0.8535707130847391,5.405285193940159
0.22652208548137132,-0.8189644628941887,5.39257393597611
0.22658667164695276,-0.7843384787779134,5.379855429523147
0.22665129465276068,-0.7496927438514392,5.367129668379434
0.22671595453032484,-0.7150272412110245,5.354396646336035
0.22678065131121095,-0.6803419539336328,5.341656357176923
0.2268453850161646,-0.6456368650460069,5.328908796816819
0.22676066803706788,-0.610509490869029,5.345591525008167
0.2266920485301889,-0.575449046268941,5.359104289439728
0.2266419792347377,-0.5404539504828361,5.368964089159348
0.22668630567668588,-0.5056848357402992,5.360235189821857
0.22673064946068003,-0.47090211811064314,5.351502875435315
0.22677501059689933,-0.4361057896094218,5.342767143995211
0.22683206598786412,-0.40131827059391345,5.331531620851372
0.22694183485289746,-0.36659834860852664,5.309915598198657
0.22705171000834753,-0.3318448069352772,5.288278644510022
0.22716537074539575,-0.29706240789782523,5.265896222445143
0.2273106242385079,-0.26228148950597063,5.237292457647676
0.2275530302402551,-0.2275530302402551,5.189557121918995
0.26038778791788264,-1.3019389395894134,5.560484195348025
0.26045145770320915,-1.2675304274889512,5.549617885318973
0.26051515863310715,-1.233105084196707,5.538746259949718
0.2605788907304342,-1.1986628973599973,5.527869315339231
0.26064265401807024,-1.164203854614047,5.516987047582681
0.260706448498398,-1.1297279434930583,5.506099456273397
0.2607739947705586,-1.0952507780363463,5.49457155915799
0.260843639440136,-1.0607641337232196,5.482685535550125
0.26091332131952594,-1.026259063856802,5.470793161467576
0.2609830404385572,-0.9917355536665172,5.45889443181958
0.26105279682709026,-0.9571935883659975,5.4469893415099335
0.2611225905150177,-0.9226331531530625,5.435077885436982
0.26119242154265454,-0.8880542332450255,5.423160056720292
0.2612636144272943,-0.8534611404624947,5.411009804408437
0.2613380753309717,-0.8188593027037112,5.398301810180833
0.26141257868990503,-0.784237736069715,5.385586570256216
0.2614871245404145,-0.7495964236825216,5.372864078435924
0.2615617129188621,-0.7149353486448897,5.3601343285142065
0.26139592027308733,-0.6796293927100271,5.388429606726426
0.2613302208754246,-0.6446145448260475,5.3996423039275285
0.26129163483494744,-0.6096804812815441,5.406227654835632
0.2613377764737126,-0.5749431082421677,5.3983528151530535
0.2613912157543131,-0.5402085125589138,5.3892325112638915
0.2614423152008107,-0.5054551427215673,5.380511539061644
0.2615040766622145,-0.4707073379919861,5.3699709163153955
0.2616305150986645,-0.43605085849777414,5.348392089827932
0.26175707586140307,-0.4013608496541514,5.326792386320541
0.2618837591280381,-0.3666372627792533,5.305171775481504
0.26202681207414696,-0.3319006286272528,5.280757406012256
0.26230523853286836,-0.2972792703372508,5.233239290390465
0.2949314651986211,-1.3705638676877099,5.586791123031169
0.29500155240527176,-1.336183502070937,5.576236814264959
0.2950736603411932,-1.3017955603287934,5.56537820744385
0.2951458035367641,-1.2673908034225754,5.554514290934343
0.29521798201785304,-1.232969219015739,5.543645060840959
0.29529019581035365,-1.1985307947596708,5.5327705132643885
0.2953624449401851,-1.1640755182936708,5.521890644301536
0.29543472941326915,-1.129603377168382,5.511005453060648
0.29550831279766115,-1.0951190415442738,5.499924661058081
0.29558722443427704,-1.060636511205347,5.488041496955923
0.29566617822679464,-1.0261355597282873,5.476151984670921
0.29574517420900354,-0.9916161723478354,5.464256119114765
0.29582421241472934,-0.957078334282948,5.452353895193696
0.2959032928778341,-0.922522030736777,5.44044530780851
0.29598241564257205,-0.8879472469277162,5.428530350295027
0.296061580737561,-0.8533539680082641,5.416609018343756
0.29614512514416724,-0.818754169516227,5.404028213584226
0.296039137304493,-0.7836330105118932,5.419988735323415
0.29596478328471765,-0.7486168047789916,5.431185575948405
0.2958904666054919,-0.7136181841661863,5.4423767935259235
0.29590777231899323,-0.6788472423788668,5.439770756669255
0.295959987528816,-0.6441482081509525,5.431907760366528
0.2960122211694444,-0.6094369259370914,5.424041988601317
0.2960644732506387,-0.5747133892512399,5.416173439903815
0.2961164648875088,-0.5399770830301631,5.408344111057502
0.29625951541337864,-0.505383879234587,5.386802384808867
0.29640270421824216,-0.4707572361113258,5.365239835370588
0.29654603150269637,-0.43609710515102407,5.343656432535141
0.2966894974677262,-0.40140343775045306,5.322052146036526
0.2970041145262311,-0.3668874355912266,5.274674518402847
0.2973100180068448,-0.33228766718412067,5.228609053086899
0.329597830600345,-1.3704330851277502,5.591029140164046
0.3296713203930053,-1.3360364036979686,5.581127357574026
0.3297518938699884,-1.301652212644691,5.570271141727879
0.3298325067417983,-1.2672512101132252,5.559409617947175
0.32991315903733415,-1.2328333837710908,5.548542782338139
0.32999385078552307,-1.1983987212737417,5.537670631003202
0.33007458201532086,-1.1639472102645525,5.526793160040974
0.33015535273694435,-1.1294788383105991,5.51591036807487
0.33023616297618674,-1.0949935930263033,5.505022251629576
0.3303224503026717,-1.0605089193927881,5.4933961697452816
0.33041067154442416,-1.0260120853221593,5.481509518224954
0.33049893992234125,-0.9914968197670239,5.469616515726649
0.33058725547421003,-0.9569631079516606,5.457717157159067
0.3306756182378579,-0.922410935084551,5.445811437425462
0.3307640282611413,-0.8878402863851689,5.433899350077795
0.330568916241923,-0.8525198366239068,5.460188127404052
0.3304719097896109,-0.8174831452690374,5.4732584704524285
0.3304136230137524,-0.7825585808220451,5.481111846568098
0.33047187294565317,-0.7479100282454255,5.473263434690942
0.3305301434193998,-0.713249256852389,5.465412255070348
0.3305884344458602,-0.6785762601783447,5.457558306241985
0.3306467460359102,-0.643891031754141,5.449701586740517
0.33072502693030487,-0.6092303127663511,5.439154266232606
0.3308588619342324,-0.5746496023068247,5.421121760440265
0.3309928053004438,-0.5400408928586188,5.403074654255995
0.3311486630602941,-0.5054374330920279,5.382074871876156
0.33130873153356427,-0.4708071448108545,5.360507751267129
0.3316496516826712,-0.43638112063509366,5.314573246966411
0.3319909337738668,-0.40188376193678615,5.268589975731629
0.36418045687148026,-1.4046960479328525,5.604668114714784
0.3642575807343856,-1.3703023275245934,5.595266348570135
0.3643347372730231,-1.3358940366677514,5.585860599098133
0.36442249102746915,-1.3015088965266755,5.575162998556145
0.364511569843363,-1.2671116475507382,5.564303866713836
0.3646006922184539,-1.232697578452868,5.553439424797993
0.3646898581847001,-1.198266676892586,5.542569668912748
0.36477906777409097,-1.1638189305173379,5.531694595158434
0.3648683210018946,-1.129354326910626,5.520814201673801
0.3649576178886374,-1.0948728536659122,5.509928485956586
0.3650493200617003,-1.0603813582744628,5.4987495543831955
0.36514680429121155,-1.0258886406276897,5.4868657625951585
0.36524434059978683,-0.991377495913707,5.474975622121228
0.3651623047991687,-0.9563774649502037,5.484976176863242
0.365055206431819,-0.9213298067088765,5.498031977835396
0.36494817086776016,-0.8863027006788461,5.511080122787334
0.3649388672164691,-0.8515240235050947,5.512214282182811
0.36499416326922446,-0.8168916987454071,5.505473430037398
0.3650494760815913,-0.7822488773176957,5.498730534815536
0.36511269161365045,-0.74761170187557,5.491024260431182
0.3651770444480927,-0.7129647058272286,5.48317934347061
0.36530321132676663,-0.6784202496068523,5.467799000165591
0.3654509440720731,-0.6438897586031765,5.449789675023467
0.36559879635530423,-0.6093313272588404,5.4317657776391
0.3657467683216048,-0.5747449216482361,5.413727290318654
0.36589486011635475,-0.5401305077908094,5.395674195339609
0.36623343050293256,-0.5057509278373831,5.354400852975843
0.36660996457943,-0.47135566874498147,5.308499556031386
0.39874184748980857,-1.4389379713762658,5.618298714177826
0.3988262646163363,-1.4045620623444885,5.608902720964309
0.39891071749411655,-1.370171594871096,5.599502748480937
0.39899520614939976,-1.3357665597175556,5.590098793805943
0.3990854543357254,-1.301365611964322,5.58005377828448
0.39918299536539753,-1.2669721157249574,5.569197037590534
0.399280584087003,-1.2325618030511831,5.558334988577059
0.3993782205355282,-1.1981346616065847,5.547467627349903
0.39947590474599376,-1.1636906790426775,5.5365949500111284
0.39957363673947405,-1.129229842959383,5.5257169542150635
0.3996714165297126,-1.094752140929213,5.514833638431988
0.3997692441871112,-1.0602575606701643,5.503944994825886
0.39960004200019006,-1.0250609773048354,5.522777933891888
0.3994829428917483,-0.9900229454273761,5.535811573788017
0.39935669852245614,-0.9549834095102212,5.549863120978792
0.39941715839694536,-0.9203960606538306,5.5431336740791295
0.39947763658062996,-0.88579823763531,5.536402189286406
0.3995381330818281,-0.8511899356960686,5.529668665674784
0.39959864790886307,-0.8165711500746332,5.52293310231785
0.39968107113375667,-0.7819847043921326,5.513759039025345
0.3998369689813423,-0.7475212898346835,5.496406930772338
0.3999985636495858,-0.7130409178101312,5.478420741611316
0.4001602889880606,-0.6785326639362766,5.460420008285425
0.4003221451553266,-0.6439964943803079,5.44240471314626
0.40053448431864397,-0.6095089978761973,5.41877044105528
0.40086999402763374,-0.5751612957787788,5.381426751706854
0.4012060662906128,-0.5407560023916954,5.344020447653534
0.40156954312611426,-0.5063268152459701,5.30356389552815
0.4017091254599984,-0.4715715820617372,5.288027774887141
0.4332820220091315,-1.4731588748310471,5.631920946264934
0.4333737234309855,-1.4388007617908718,5.622530720667086
0.43346546367711764,-1.4044281023138612,5.613136519463154
0.4335572427721893,-1.3700408871601184,5.603738340127812
0.43364906074476417,-1.3356391070938736,5.594336179736146
0.4337409176162364,-1.3012227528487093,5.58493003609739
0.4338467858307294,-1.2668326146257298,5.5740891309333165
0.43395283716765887,-1.2324260575561512,5.563229474031736
0.43405894036453674,-1.1980026754061215,5.552364506671438
0.43416509545941234,-1.163562455831225,5.541494224956182
0.4340603355597736,-1.1285568724554114,5.552221638679185
0.4339502207414721,-1.0935545562685096,5.563497396073259
0.43384016177806894,-1.0585699947384881,5.574767433925743
0.4337799142615393,-1.0237205976572328,5.580936779618376
0.4338475574478416,-0.9891724309810788,5.574010117341018
0.43391320331651667,-0.9546090472963367,5.567287980388691
0.43397886905407046,-0.9200352023946294,5.560563808863186
0.4340445546695247,-0.8854508915258303,5.553837601840669
0.4341692395953307,-0.8509717096068482,5.541069865438139
0.4343378586601313,-0.8165551742810468,5.523803273202553
0.43450660874957875,-0.7821118957492418,5.506523264043132
0.434677368971606,-0.7476450746311624,5.489037417307543
0.43485307353856517,-0.7131590406032469,5.471045269650929
0.43517261895138915,-0.6788692855641671,5.43832381937775
0.435536983451922,-0.6445947355088445,5.401012894523191
0.4360291319651242,-0.6104407847511739,5.350616886771284
0.4361535698816585,-0.5757227122437891,5.337874444118171
0.436278078844893,-0.5409848177676673,5.325124726282958
0.436420311813679,-0.5062475617038676,5.310560070279266
0.4678009999592508,-1.5073587776464747,5.645534818678442
0.4678999767205243,-1.4730184452312802,5.636150355387329
0.46799899537342454,-1.438663578370157,5.626761920149377
0.46809805594455284,-1.4042941678336585,5.617369510442401
0.468197158460533,-1.3699102043845226,5.607973123742056
0.46829630295224745,-1.3355116787897428,5.5985727571202375
0.46839548944270365,-1.3010985817852878,5.589168408395508
0.46850294376107526,-1.2666931442429072,5.578980147098051
0.4686174539839872,-1.2322903419578923,5.568122881518249
0.46835722338205493,-1.1969129041985849,5.592796597849606
0.46823851637555586,-1.1619252073023054,5.604051780688039
0.4681198695273381,-1.1269552414547028,5.615301259630165
0.4681715349909071,-1.0924002483121165,5.610402608269553
0.46823928764583844,-1.0578739461628202,5.603978652839018
0.46830705991360966,-1.0233376494408508,5.5975528378207144
0.46837485180273813,-0.9887913538057805,5.591125162407053
0.46844262579645013,-0.9542349784742503,5.584699183743986
0.46861508834327487,-0.9198740623034655,5.568347179304311
0.4687969734968108,-0.8855053943828649,5.551101772154233
0.46897899989656433,-0.8511100368493204,5.533842972770195
0.4691611677071304,-0.8166879586013011,5.516570765546156
0.4693874777706015,-0.7823124629510025,5.495113218787409
0.469780382254025,-0.7481687569230768,5.457860052951702
0.4701735508061635,-0.7139672438167668,5.420581849489679
0.47058245067562626,-0.6797302065314601,5.3818120840887715
0.4707166558938489,-0.6450561580767559,5.369087441175807
0.47085093765951497,-0.6103623265956676,5.356355540431174
0.47098529606040396,-0.5756486951849382,5.343616373532065
0.4711197311621388,-0.540915246889863,5.330869934256469
0.4712601720740597,-0.5061683329684344,5.317554055200269
0.5024050440031611,-1.5072151320094833,5.649761632824401
0.5025113321136249,-1.4728780424020038,5.6403789582455275
0.5026176652059338,-1.438526421106638,5.630992312855504
0.5027240433086488,-1.4041602588965707,5.621601694133069
0.5028304664503551,-1.3697795465371745,5.612207099554858
0.5029369346642582,-1.3353842747982025,5.6028085261896265
0.5027296635908076,-1.300162923079675,5.62110555888043
0.5025966854983921,-1.26515717384078,5.632844314624705
0.5024642835591046,-1.2301711769895318,5.64453220995491
0.5024449040214789,-1.1954723578442084,5.646242955345315
0.502517557918722,-1.1609888407087714,5.6398293699335085
0.5025902328306163,-1.126495349447933,5.63341392943525
0.5026629287662806,-1.091991879733644,5.626996633045572
0.502735645734839,-1.057478427235351,5.620577479959046
0.5028435798922153,-1.0230265935738174,5.611049499169958
0.5030233178690512,-0.9887010040874455,5.595182974318234
0.5032138138062661,-0.9543710261842977,5.578366781239964
0.5034090838181422,-0.9200234980124667,5.561129152605382
0.5036045054362681,-0.885649302663782,5.543878140798398
0.5039238764736679,-0.8514575843865422,5.515685387152082
0.5043459259263312,-0.8173882247771574,5.478428607882492
0.5049512453209875,-0.7835450358429116,5.424993516492144
0.505087520272561,-0.7489228748869008,5.4129637276635805
0.5052314654014747,-0.7142927614296711,5.400256847318097
0.5053754925997569,-0.6796429038410523,5.3875427222283605
0.5055196019150265,-0.6449732852019305,5.374821348190757
0.5056637934160357,-0.6102838886055604,5.36209271913615
0.5058080671972215,-0.575574697155459,5.349356826728034
0.505952423329031,-0.540845693903447,5.33661366474761
0.5060968618819927,-0.5060968618819927,5.323863226968925
0.5370024934043399,-1.5070715137476638,5.6539876414480545
0.5371160900753232,-1.4727376663355638,5.644606755070079
0.537229734816601,-1.4383892899928348,5.63522189901618
0.5370790976707831,-1.4033357068172074,5.647661611703079
0.5369371187242088,-1.368323625135887,5.659386324710496
0.5367952148231685,-1.3333300497220637,5.671104840409313
0.5366974508225687,-1.2984615745707306,5.679178254652392
0.5367599786907121,-1.2639831756265156,5.674014662960545
0.5368225211301558,-1.22949674194326,5.66884986796132
0.5368956577371709,-1.1950258188343479,5.662810199769119
0.5369732642353627,-1.160555119476429,5.656401405079727
0.5370453156206527,-1.1260627585594332,5.65045135519771
0.5372371083155705,-1.0918044459316434,5.634612990714174
0.5374290380476364,-1.0575216555130909,5.618763309614543
0.5376211049637736,-1.0232143610600852,5.602902299765795
0.5378133092111155,-0.988882536291406,5.5870299490175555
0.5380055811306722,-0.9545260310382894,5.571152009854167
0.5384283613626786,-0.9205388113619989,5.536238545533642
0.538879100699105,-0.8865430366340116,5.499016200331965
0.539421979031884,-0.8526347410503974,5.454184957366991
0.5395661727542505,-0.8180519393370894,5.442277346745769
0.5397104435865225,-0.7834506439159199,5.4303633683387815
0.5398547915905705,-0.7488308399482108,5.418443017036758
0.5400056776518428,-0.7142010575395341,5.405982748751043
0.5401595982251713,-0.6795556235736027,5.393271888501985
0.5403136065451217,-0.6448904336183711,5.38055378208027
0.5404677026847273,-0.6102054707730793,5.367828423454775
0.5406218867451038,-0.5755007181480137,5.355095804275294
0.5407761588015182,-0.5407761588015182,5.342355918326234
0.5715935933888011,-1.5069285643886574,5.658193967414213
0.5712364891788512,-1.4713667145515863,5.685896597034578
0.5710856107392441,-1.4363668391320383,5.697601106288943
0.570920328113821,-1.4013498962793787,5.710423031170251
0.5709867962174949,-1.366907784884306,5.705266717673119
0.5710532797997673,-1.3324576528661238,5.700109203411991
0.5711197788660454,-1.2979994974228304,5.69495048796739
0.5711862934217393,-1.2635333157511204,5.6897905709196195
0.5712528234722615,-1.2290591050463806,5.684629451848814
0.571390191228132,-1.194724945295185,5.673973044120672
0.5715941410964446,-1.1605093167715694,5.658151478578844
0.5717982366109434,-1.126269253930646,5.642318614423786
0.5720024779276986,-1.0920047305892429,5.626474439548225
0.5722068652030046,-1.057715720526766,5.610618941827525
0.5724985754692072,-1.023558059172219,5.587989296934225
0.5729345349021362,-0.9896141966491443,5.554169413652467
0.57338035268482,-0.9556339211413666,5.5195847614200275
0.5738475936855931,-0.9216340141011042,5.483338186814592
0.5740008893247347,-0.8870922835018628,5.4714461614751215
0.5741542669154037,-0.8525320932986298,5.4595477786838345
0.5743077264972966,-0.8179534286476648,5.4476430353612315
0.5744612681342771,-0.7833562747285597,5.435731926553046
0.5746148918921754,-0.7487406167079862,5.423814447152452
0.5747709621309769,-0.7141093771930319,5.4117071801424
0.5749347709942466,-0.6794683657204733,5.398999583476623
0.5750986732294551,-0.6448076033178738,5.38628474341197
0.5752626689138572,-0.6101270730904547,5.373562653955318
0.575426758155269,-0.575426758155269,5.360833306742769
0.6053617191912757,-1.5393483716578154,5.7221142534381215
0.6051972958249983,-1.504347563907853,5.734140648228696
0.6051715813304331,-1.4697024118024804,5.73602147983118
0.605235798043269,-1.4352734639311808,5.731324485978043
0.6053062279902908,-1.4008515562061015,5.726173038424449
0.6053766743307736,-1.3664216363466033,5.721020391806277
0.6054471370704418,-1.331983701554972,5.715866545704827
0.6055507115759968,-1.2976086676628504,5.708290810441376
0.6057443915518239,-1.263409730950947,5.694124503638022
0.605938195460904,-1.2291889107921194,5.679949132002456
0.6061321234222298,-1.194946186175253,5.665764686831196
0.6063473614585588,-1.1607220919349555,5.650021561888266
0.6065628050823697,-1.126473780867258,5.634263399689523
0.6070242228994103,-1.0926436012189384,5.600513982214558
0.6074863432603037,-1.0587619125393863,5.566713178674931
0.6080909839228648,-1.0250676586128293,5.522488033070459
0.6082398008649373,-0.9905619614086122,5.511603136736014
0.608390551467457,-0.9560422951631466,5.50057680695172
0.608553011839232,-0.9215231322136942,5.488693991187596
0.6087155589987526,-0.8869855288267537,5.476804827519807
0.6088781930422751,-0.8524294702591851,5.4649093089078775
0.6090409140176979,-0.8178549416809086,5.453007431848384
0.6092037219898114,-0.7832619282726148,5.441099191602362
0.609366617028402,-0.7486504152063225,5.429184583065457
0.6095295992033304,-0.714020387638187,5.417263601127836
0.6097010143475922,-0.6793811302730313,5.404725807718975
0.6098748054115772,-0.6447247942922388,5.392014232753205
0.6100486955499211,-0.6100486955499211,5.379295411205767
0.6406925867344925,-1.5411254113343198,5.670999404316198
0.6394675350920667,-1.5036128527840487,5.755759734170525
0.6395295955516341,-1.4691896114024028,5.751465821292342
0.6395932787321426,-1.4347633009396712,5.747059633667973
0.6396654517602768,-1.4003486916914167,5.742066040370034
0.6398698869668015,-1.3662086775777653,5.727921334188871
0.64007445288889,-1.3320468343903926,5.713767583903831
0.6402791496519514,-1.2978631411863881,5.6996047808379515
0.6404839773815555,-1.2636575769960419,5.685432916303192
0.6406889362034323,-1.2294301208228025,5.6712519816003635
0.6410476308159425,-1.1954672034135145,5.646434192194242
0.6415304025798942,-1.1616901884554842,5.613031605282991
0.642018654289949,-1.1278706088877481,5.5792498653440745
0.6424538439741633,-1.0939078964965483,5.549139443949784
0.6426109762382975,-1.059439717582058,5.538267589998874
0.6427681853844959,-1.0249546739914934,5.527390416640287
0.6429254714691975,-0.9904527533444394,5.516507919969037
0.6430828345488971,-0.9559339432483606,5.505620096076306
0.6432500801722535,-0.9214122770034983,5.494048507000841
0.6434218743957186,-0.8868787998427473,5.482162203971903
0.6435937604317592,-0.8523268719231406,5.470269548505307
0.6437657383371351,-0.8177564784282528,5.45837053667389
0.6439378081772289,-0.7831676045398729,5.446465163953896
0.6441099700257784,-0.7485602354353641,5.434553425243436
0.6442822239566014,-0.7139343562762339,5.422635315435151
0.6444583317240505,-0.6792939172226479,5.410450561795422
0.6446420065332704,-0.6446420065332704,5.3977422506710155
0.6761051211924386,-1.5429065586186421,5.619766403778385
0.6740472720668966,-1.5036439146107694,5.754845730993452
0.6739568309039914,-1.468880272483058,5.760782381686717
0.6741619380963775,-1.4347548938974188,5.747318935212142
0.6743740871414219,-1.400623104062953,5.7333932543066695
0.6745896573746173,-1.366476485451148,5.719243003102044
0.6748053654701235,-1.332308029261526,5.705083702473942
0.6751074087303862,-1.2982834783276658,5.6852572730823425
0.6755842988011218,-1.2645552259610742,5.65395371972123
0.6760618630902135,-1.230779289215517,5.622605909975725
0.6766137876125807,-1.1970859319299505,5.586377018251113
0.6767755473661424,-1.1626656839367062,5.575758942119876
0.6769409750138633,-1.1282349583564388,5.5649001016541035
0.6771064835059736,-1.0937873964327265,5.554035954479687
0.6772720729143197,-1.0593229858403461,5.5431664958805555
0.6774377433337333,-1.0248417142741093,5.532291719631864
0.6776034948236781,-0.9903435693576833,5.52141162183036
0.6777693274436761,-0.9558285387026202,5.510526198568947
0.6779388016976362,-0.9213014484608901,5.499401734719264
0.6781198385310242,-0.8867720965405701,5.4875182912968725
0.6783009721016634,-0.8522242982815771,5.475628497942097
0.6784822024758341,-0.8176580388811334,5.463732350304227
0.6786635297191755,-0.7830733035221257,5.451829844074631
0.6788449539093746,-0.7484700773872591,5.439920974153871
0.6790264751242012,-0.7138483456433911,5.428005735437047
0.6792080934415086,-0.6792080934415086,5.4160841228138
0.6794002800345492,-0.6445592400327774,5.4034687977321525
0.7094312245262137,-1.505378452043429,5.703806468607148
0.7086586612189877,-1.4691703952100963,5.752044567790037
0.7088743719279278,-1.4350383626833658,5.73857580157329
0.7090963281991919,-1.4008976240032815,5.724717068538261
0.7096080822694705,-1.3672936219338578,5.692763643662332
0.7101092583520444,-1.3336198266611565,5.6614706980186895
0.7107924259413981,-1.3002300474537771,5.618814380244409
0.7109429051552695,-1.2658251725935286,5.609418604939272
0.711093448097419,-1.2314057271930916,5.6000188505026145
0.7112440548083387,-1.1969717019945212,5.5906151144061695
0.711403658899904,-1.162537686494965,5.580649590640142
0.7115775317225447,-1.1281107210235464,5.569793141226484
0.7117514895151288,-1.0936669229134905,5.558931386372443
0.7119255323376269,-1.0592062798193962,5.548064322333538
0.7120996602974611,-1.024728779452444,5.53719194240243
0.7122738734571169,-0.9902344094403821,5.526314242677579
0.7124481718791416,-0.9557231573988485,5.5154312192536
0.7126225556261432,-0.9211950109313559,5.5045428682213
0.7128094544186101,-0.8866654189109541,5.492873089959957
0.7129998310683427,-0.8521217493255804,5.480986157683965
0.7131903094525663,-0.8175596230309906,5.469092873205618
0.7133808896368428,-0.7829790252111688,5.457193232431287
0.7135715717028033,-0.7483799410541595,5.445287230263993
0.7137623557321668,-0.7137623557321668,5.433374861601287
0.7448969060045898,-1.5071169958697515,5.652649316936049
0.7435792080983541,-1.4698658764734907,5.731098308563105
0.7440982229478753,-1.4362826163877593,5.700198819847422
0.7446225154216962,-1.402661017422265,5.668985128382737
0.7450787655305068,-1.368865638997908,5.641822331207038
0.7452364215858824,-1.3344931270258826,5.632436296282343
0.7453941443746605,-1.3001060657697565,5.62304628839231
0.7455519339388759,-1.2657044459892544,5.613652305034364
0.7457097903209443,-1.231288258436908,5.604254343683316
0.7458677135633168,-1.1968574938574155,5.594852401811835
0.7460257037084808,-1.1624121429876328,5.585446476890446
0.746206461155368,-1.1279865110488123,5.574685103308319
0.7463888645236989,-1.0935464759300706,5.563825739984438
0.7465713570321383,-1.059089599510708,5.552961069714556
0.7467539388014495,-1.0246158695182679,5.542091085309053
0.7469366098971375,-0.9901252735845776,5.531215782868095
0.7471193703847715,-0.955617799329359,5.520335158488024
0.7473022203299847,-0.9210934343602137,5.509449208261373
0.7474907250709666,-0.8865587669446348,5.498226600426179
0.7476903403467003,-0.8520192250462398,5.486342528196445
0.7478900622846502,-0.8174612308692687,5.474452105844087
0.7480898909499663,-0.7828847695988019,5.462555329490385
0.748289826428221,-0.748289826428221,5.450652194040799
0.7793386553384005,-1.4374468531797164,5.66428982963766
0.7794910304559327,-1.4030838548206788,5.655621378506943
0.7796592799291208,-1.368735180320012,5.646049852921131
0.7798242373742496,-1.334365917284827,5.636665607153802
0.7799892646366166,-1.2999821077276943,5.627277389561371
0.780154361760269,-1.2655837424111032,5.6178851976380315
0.7803195287895781,-1.2311708120902234,5.608489028859552
0.7804847657689525,-1.1967433075123939,5.59908888069959
0.7806500727428388,-1.1623012194171156,5.5896847506296155
0.780827765831447,-1.127862328423201,5.579575988255463
0.7810186110526427,-1.0934260554736999,5.568719015671881
0.781209549520661,-1.058972944905785,5.557856738380174
0.781400581370356,-1.0245029844633555,5.54698914870864
0.7815917066702489,-0.9900161617823152,5.536116242759178
0.7817829254889286,-0.9555124644864683,5.525238016629842
0.7819742378950508,-0.9209918801875042,5.514354466414886
0.7821656439573386,-0.8864543964849837,5.50346558820474
0.7823725029501888,-0.85191672543465,5.491697609944815
0.7825814639879518,-0.8173628623874164,5.479810048685408
0.8140633656511083,-1.4029602684625482,5.6595273177268695
0.8142332036174336,-1.368604746505899,5.65027656892277
0.8144054596663707,-1.3342387317938413,5.640894111789173
0.814577788614386,-1.2998581733208288,5.631507683982377
0.8147501905077661,-1.2654630618524876,5.62211728298125
0.8149226653928364,-1.2310533881466252,5.612722906262526
0.8150952133159617,-1.1966291429532203,5.603324551300808
0.8152678343235459,-1.1621903170144166,5.593922215568561
0.8154405284620325,-1.127736901064513,5.584515896536104
0.8156407316218088,-1.0933056615356163,5.573611213790834
0.8158401123248907,-1.0588563159961348,5.562751328686808
0.8160395905277248,-1.0243901242794844,5.551886132957968
0.8162391663018465,-0.9899070740256435,5.541015622707938
0.816438839718861,-0.9554071528624969,5.530139794036508
0.816638610850444,-0.9208903484058197,5.519258643039649
0.8168384797683412,-0.8863566482592639,5.508372165809497
0.8170463218908105,-0.8518142504819087,5.497051403394153
0.8488005384799688,-1.3684743375493373,5.654502479413878
0.8489800903474493,-1.3341115705459916,5.645121810418978
0.8491597181943685,-1.2997342625424009,5.635737171886049
0.849339422068964,-1.265342404306824,5.6263485612949395
0.8495192020195143,-1.2309359865997043,5.616955976123336
0.8496990580943383,-1.1965150001736602,5.607559413846815
0.8498789903417966,-1.162079435773477,5.598158871938793
0.8500589988102902,-1.1276292841360993,5.588754347870548
0.8502552287499362,-1.0931852941070608,5.5785023346972125
0.8504630479654126,-1.0587397127732687,5.567644840990688
0.8506709687959892,-1.0242772889584362,5.556782038413623
0.8508789913162128,-0.9897980103066149,5.545913923071332
0.8848621049546544,-1.093064953179279,5.583392378746751
0.0,0.0,50.0
