-1.0007020043572197,0.797169393301514,6.579709641449448
-1.0002002625119022,0.8306747942895459,6.601480135076784
-0.9996990235509984,0.8641466135779816,6.623228808634643
-0.9991982867043732,0.8975849016157929,6.6449556955390605
-0.9987350834373099,0.9310242303229159,6.665054006787912
-0.9982773267673284,0.964437417385385,6.684915991112533
-0.9978199895182245,0.9978199895182245,6.704759776836362
-0.9973630711138187,1.0311719887786939,6.724585388959731
-0.9969065709789865,1.0644934571470532,6.744392852437201
-0.9964504885396557,1.0977844365267393,6.764182192177657
-0.9959948232228044,1.1310449687445405,6.783953433044424
-0.9955667558120332,1.1643068839157678,6.80252720544398
-0.9685683191897047,0.6966894927504893,6.499387769725544
-0.968081790947025,0.7303073159775803,6.521238862730108
-0.9675957512416694,0.7638913825592127,6.543068014409229
-0.9671101993381749,0.7974417433139337,6.564875257794249
-0.9666251345025539,0.8309584489583358,6.586660625850207
-0.9661405560022914,0.8644415501073134,6.6084241514760365
-0.96565646310634,0.8978910972743162,6.630165867504729
-0.9651809764371482,0.9313149772639149,6.651521058261416
-0.9647384607511715,0.9647384607511715,6.6713954469649295
-0.9642963506479795,0.9981313103198384,6.691251620020573
-0.9638546455702288,1.0314935680663853,6.711089602459893
-0.963413344961597,1.0648252760101862,6.730909419268627
-0.9629724482667801,1.0981264760936966,6.75071109538672
-0.9625319549314902,1.1313972101826288,6.770494655708511
-0.9620918642246034,1.1646375198508356,6.790260133070447
-0.9616960748060598,1.1979021282671973,6.808035938534857
-0.961311989132429,1.2311539509941636,6.825286102122483
-0.9595916444912331,1.2626205848568857,6.902550703551633
-0.9606358799326276,1.2977011009616197,6.85565170828901
-0.9617209053003756,1.3329114301531522,6.806920744404181
-0.9358817727169104,0.6295931925550124,6.43895748808562
-0.9353951231049922,0.6632801782017217,6.46160881547673
-0.9349089793363704,0.696932148232567,6.484236598161672
-0.9344335753526858,0.7305571589120998,6.50636449267499
-0.933964268811629,0.764152583573151,6.528208578949638
-0.9334954334395754,0.7977142794847281,6.550030734448853
-0.9330270685273229,0.8312422974152512,6.5718309921827895
-0.9325591733670913,0.8647366880313028,6.593609385095391
-0.9320917472525205,0.8981975018978834,6.6153659460645
-0.9316247894332914,0.9316247894332914,6.637100710014074
-0.931178650284868,0.9650396921134087,6.657866459467961
-0.9307517864335176,0.9984428254468644,6.677735031458084
-0.930325313762221,1.031815347990827,6.697585395794803
-0.9298992317335057,1.0651573018038338,6.717417577495006
-0.9294735398108831,1.0984687288674073,6.7372316015298
-0.9290482374588469,1.1317496710862316,6.757027492824577
-0.9286233240390761,1.1650001701581136,6.776805281090276
-0.9270386309996097,1.1967225963813144,6.850565538927256
-0.9262913579591667,1.2294412569276214,6.885347702264241
-0.9255452886813471,1.2621072118382006,6.92007383592275
-0.9263085009002827,1.296831901260396,6.884549776277751
-0.9273540523820192,1.3320176388759912,6.835884107309653
-0.9284019668199329,1.3672828965893558,6.787108453472214
-0.9026390366186146,0.59608238267267,6.4008314387989955
-0.9021692623243178,0.6298162774716936,6.423522423580117
-0.9016999767593636,0.6635150772380223,6.446189801811869
-0.9012311791614744,0.6971788367098198,6.468833610313688
-0.9007623293279057,0.7308071728509423,6.4914799418973885
-0.9003097789690392,0.7644139632755994,6.513338978099235
-0.8998576831118283,0.7979870020048289,6.535176061013573
-0.8994060410719242,0.8315263398589489,6.556991223695732
-0.8989548521663518,0.8650320275563008,6.578784499134706
-0.898504115713506,0.898504115713506,6.600555920253299
-0.8980538310265291,0.931942654838851,6.622305520228025
-0.8976039973348802,0.9653476952469465,6.644033336277488
-0.8971862772764266,0.9987545350813051,6.664210003251846
-0.8967750561182279,1.0321373287398472,6.684072761081822
-0.8963642117499405,1.0654895347216276,6.703917319248156
-0.8959537436539394,1.098811195047284,6.723743702753119
-0.8955436513135472,1.132102351660522,6.743551936553196
-0.8937076628356275,1.1635062025595906,6.83223364416591
-0.8929644761811886,1.1962354303559317,6.868130961814288
-0.8922449626316475,1.2289411749454768,6.902884823829851
-0.8917472179593543,1.2619064405085203,6.926926830642508
-0.8920270760185658,1.2959638651590484,6.9134091583485215
-0.8930332583527245,1.3311250454691554,6.864808653151421
-0.8940417131428866,1.3663656370674304,6.816098384041702
-0.869338059285681,0.5625128618907347,6.36263859271876
-0.8688852201970612,0.5962937785666106,6.385369339127912
-0.8684328526315179,0.6300395205365914,6.408076416927727
-0.8679809558529675,0.6637501427110929,6.430759863066726
-0.8675295291268577,0.6974256998862973,6.453419714416562
-0.8670785716954753,0.7310662467236361,6.47605600901143
-0.8666322580966471,0.7646755218499828,6.498459201423202
-0.8661969247731247,0.7982599110654286,6.520311227074529
-0.8657620285899231,0.8318105764883575,6.542141309996012
-0.8653275688889408,0.8653275688889408,6.563949483221791
-0.864893545013396,0.8988109389354899,6.585735779719734
-0.8644599563078244,0.9322607371947126,6.607500232391558
-0.8640268020464134,0.9656770140518737,6.6292428776702295
-0.8635998035538123,0.9990664394053906,6.650676527494916
-0.8632038530422443,1.032459510501508,6.670551690428518
-0.8628082654417369,1.0658219749574398,6.690408636650069
-0.86147070381409,1.0979528578022715,6.757548985018232
-0.8604673985019654,1.1304179548947388,6.807910977156247
-0.8596892740863338,1.1631090178815104,6.846969771352654
-0.859022208881756,1.1958936633451898,6.88045382868048
-0.8586650715329708,1.2290696121942524,6.898380723050877
-0.8583082310195387,1.2622179867934393,6.9162927174506095
-0.8579516869715408,1.2953388215060517,6.9341898304481475
-0.8587584306814422,1.3302336475261556,6.89369445991192
-0.8597275306049501,1.3654496074313913,6.845049444143683
-0.8359917302790428,0.5288927273193945,6.323697356850005
-0.8355428437684729,0.5627125274359103,6.347149386789994
-0.8351074542349037,0.5965053244535027,6.369896268543805
-0.8346725182156449,0.630262921917936,6.3926194564887595
-0.8342380350024746,0.6639853747978879,6.415318987625817
-0.8338040038886455,0.6976727379476422,6.437994898878927
-0.8333704241688799,0.7313250661073843,6.460647227095258
-0.8329372950510275,0.7649424138223722,6.483276013660607
-0.8325131348093852,0.7985330068579817,6.505436222203556
-0.8320950075026783,0.8320950075026783,6.527281240676402
-0.8316772999915838,0.8656233122361382,6.5491043269703155
-0.8312600116442128,0.8991179717784343,6.570905514098271
-0.8308431418299447,0.9325790367478971,6.5926848350069704
-0.8304266898848688,0.9660065576211739,6.614442324382367
-0.8300106551530059,0.9994005847760683,6.636178016496018
-0.8296116849137904,1.0327818934641064,6.657022175932582
-0.8279394643352235,1.0644935970024303,6.74438716942506
-0.8271896549217912,1.0972923993860495,6.783560885718664
-0.8264412023840281,1.1300318481577527,6.822663712181395
-0.8259216520034643,1.1630325303722253,6.849807568798596
-0.825544063889479,1.1961965007378166,6.869534621284359
-0.8251957449600196,1.2293732526955392,6.887732508211222
-0.8248527288065555,1.2625296869488094,6.905653352147304
-0.8248364863887289,1.2961716214680026,6.906501935609263
-0.8248133699920255,1.3298011475381635,6.9077096493962244
-0.825459326608095,1.3645348052092998,6.873961711903611
-0.8026061582710422,0.4952250763800048,6.283579464385788
-0.8021677939963514,0.5290893960401467,6.307456327007245
-0.8017299082888473,0.5629167441177012,6.331307122990445
-0.8013057132335119,0.5967170204930408,6.35441221536616
-0.8008882336177621,0.6304864817841958,6.3771515306070015
-0.8004711887885599,0.6642207736756136,6.399867163857159
-0.8000545780670425,0.6979199510797605,6.422559152093008
-0.7996384007757593,0.7315840687948436,6.445227532213963
-0.7992226561921083,0.7652131814605292,6.467872343578783
-0.7988073436344612,0.7988073436344612,6.490493623314457
-0.7984049541992868,0.8323796331013841,6.5124110053154425
-0.7980040218988099,0.8659192578050916,6.534249019979718
-0.7976034920658469,0.8994252144572316,6.55606511300919
-0.7972033640946885,0.932897553727827,6.577859317395692
-0.796803637380841,0.9663363261852753,6.599631666064823
-0.7957359061261362,0.9989025204562135,6.657788942916838
-0.7945943855950737,1.031282074921266,6.719965380353429
-0.7938743686711378,1.0641294728996102,6.759183323444404
-0.7931838327468813,1.0969563644371763,6.7967954929358285
-0.7928207661479681,1.1301913049343375,6.816571035344715
-0.7924580317722802,1.1633958338784538,6.8363284821906944
-0.7920956291640263,1.1965699929924654,6.856067858299838
-0.7919252884534506,1.2300116182362104,6.865345990620561
-0.7919030732116293,1.2636751168270681,6.866556012302745
-0.7918808592161455,1.2973367268009193,6.867765966099313
-0.7927887188899937,1.3325597615385,6.818316588119494
-0.768738716373997,0.4954093949965759,6.26730857961261
-0.7683186935000391,0.5292862110778047,6.291203214219998
-0.7678991293568692,0.5631260281950374,6.315071752142551
-0.7674799716580455,0.5969288668451465,6.338917167897854
-0.7670799733427986,0.6307102003040789,6.361672627609678
-0.7666803917558387,0.6644563395217269,6.3844043801122865
-0.7662812262462676,0.6981673394688216,6.407112462434554
-0.7658824761645424,0.7318432550016739,6.42979691152825
-0.7654841408544921,0.7654841408544921,6.452457764722226
-0.7650862195892721,0.7990900515710176,6.475095063365849
-0.76469184503653,0.8326644534842215,6.497530593477407
-0.764307711002897,0.8662154058032833,6.5193835518351975
-0.7639239627060007,0.8997326671870675,6.541214566058628
-0.7635405995651137,0.933216288357361,6.563023669184645
-0.7619624333794396,0.9651524156139568,6.65280378996966
-0.7612260630609542,0.9980519493465845,6.69469507919905
-0.7605214761828529,1.0309291121589783,6.734778243819925
-0.7600170021249862,1.0640238029749807,6.763477212445231
-0.759668848920837,1.0972994484412089,6.783283261392384
-0.7593210145389082,1.130544621646819,6.803071172897667
-0.7589734985414568,1.1637593644302338,6.822840971863791
-0.7589475967740809,1.1974506526879942,6.824314494630066
-0.7589389911598087,1.2311676967703562,6.824804058464217
-0.7593130764912601,1.2655217941521002,6.803522759608313
-0.759575709376191,1.2997184360437046,6.788581866598911
-0.7592595124079848,1.33292225511624,6.806569960790192
-0.7352481483277812,0.461667441973258,6.22708698327628
-0.7348460547351856,0.4955938508679159,6.251025578556394
-0.7344444006972808,0.5294831725957141,6.2749380049991
-0.7340431854937012,0.5633354679370265,6.29882430549128
-0.7336424083758999,0.5971507975152673,6.322684524597591
-0.7332477118594839,0.6309340776465326,6.346182735807474
-0.7328656184128021,0.6646920725139367,6.368930624726204
-0.7324839229744915,0.6984149033012593,6.391654818262829
-0.7321026249229968,0.7321026249229968,6.414355353421584
-0.7317217236380559,0.7657552921793608,6.437032267129702
-0.7313412184362996,0.7993729596861879,6.459685600071467
-0.7309611087372331,0.8329556820494052,6.482315386806583
-0.7305883436638155,0.8665117564384789,6.5045079121077265
-0.7299209042561438,0.8996699517575725,6.544243839634234
-0.7285644905388935,0.93188481347998,6.6249977725682
-0.7278599452029487,0.9648376017806529,6.6669427972197965
-0.7271472436359072,0.9977136598725238,6.709373402141338
-0.7267989755485849,1.031040407173574,6.730107502223788
-0.7264657822190441,1.0643568437162738,6.749944128354585
-0.7261328942474551,1.0976427471182462,6.76976257503523
-0.7259349311477752,1.1311079159744404,6.781548285155708
-0.7259266917069638,1.1648591099483838,6.782038819306344
-0.7259184524531874,1.198609537771542,6.782529342321865
-0.7267075721657067,1.2337128550720136,6.7355491919951405
-0.7263750369797068,1.2669332040343726,6.755346635626751
-0.7260428059850406,1.3001231642057702,6.775125969262703
-0.7257120591958429,1.3332849459644556,6.794816940898656
-0.7016959200405923,0.42786336587840995,6.186791334050824
-0.7013118224731635,0.4618394928481809,6.210774011431738
-0.7009281451739025,0.4957784441473944,6.234730447678288
-0.7005448874534187,0.5296802807574629,6.2586606858353235
-0.700162048623829,0.5635450635264966,6.282564768853597
-0.6997796279855159,0.5973728531583672,6.306442740416571
-0.6993976248385216,0.6311637102201293,6.330294644228893
-0.6990268432317536,0.6649279728302046,6.35344588601734
-0.6986626427637717,0.6986626427637717,6.376186207920597
-0.6982988216028513,0.73236217875421,6.398902846260988
-0.6979353791567409,0.7660266356598375,6.421595838018128
-0.6975723148063631,0.7996560681926601,6.4442652218465994
-0.6972096279306018,0.833250530941451,6.4669110365282805
-0.6957976148299119,0.8655043501542805,6.555075756961607
-0.695123672497396,0.8985745034722437,6.59715605869917
-0.6944510344486314,0.9315806559676764,6.639154922231796
-0.6939124361356352,0.9647075331641758,6.6727844754335095
-0.6935666889621288,0.9980593816772099,6.694372591632927
-0.6932212861593793,1.031378011115174,6.715939205658266
-0.6928935525919584,1.0646900930071557,6.736402569867963
-0.6928489297305254,1.0984190349386378,6.739188777801338
-0.6928410581119139,1.1322036803292252,6.739680273987815
-0.6930709644902326,1.1663877207274647,6.725325144024495
-0.6934408107288558,1.2008365258963112,6.702232305710467
-0.6931232539555233,1.2340975009452,6.722060240825861
-0.6928059878261872,1.267328026511318,6.741870028413679
-0.6924890120109988,1.300528144508461,6.761661689069342
-0.6921723261116629,1.3336978966541797,6.781435247662024
-0.6677158265487544,0.42802296573638104,6.170448308594587
-0.667350192900816,0.46201167200825727,6.194448876254128
-0.6669849594674397,0.49596317498860903,6.218423173419339
-0.6666201255918858,0.5298775357268836,6.242371243199294
-0.6662556906188509,0.5637548151390277,6.2662931286087655
-0.6658916538944633,0.5975950740078516,6.290188872568564
-0.665528014728537,0.6313983729475864,6.314058520383213
-0.6651640406487442,0.6651640406487442,6.337950152287561
-0.6648173600899888,0.6989105580433216,6.360706619734067
-0.6644710407197342,0.732621916690989,6.383439378396936
-0.6641250819738189,0.7662981715082525,6.4061484653082985
-0.6636400359191464,0.7997713253384585,6.437987385820129
-0.662289272792594,0.8321070350471053,6.526652862845111
-0.6616398966392193,0.8652214032974406,6.5692785795794535
-0.6609992484207072,0.8982810299050636,6.611331385717676
-0.6606214014713228,0.9316455661775064,6.63613364701061
-0.6602919635103509,0.9650421005151282,6.657758292653895
-0.6599628539531381,0.9984053431598756,6.679361381537603
-0.6597284967316527,1.0318830333495081,6.694744829922286
-0.6597082090694768,1.0656824915737704,6.696076532875367
-0.6596905054781252,1.0994841757968754,6.697238614769212
-0.6604255830772435,1.134577283748085,6.648987367237346
-0.6601227738000361,1.1679095228769871,6.668864078766859
-0.6598202420754794,1.2012112099322831,6.688722571455706
-0.6595179874376521,1.2344823867422718,6.708562875887452
-0.6592160094764766,1.2677230951470706,6.728385018979992
-0.6589143079261217,1.3009333771874712,6.748189018182778
-0.6586128824072486,1.3341132746198112,6.767974898395991
-0.6337193485270526,0.4281887490047652,6.153472101912037
-0.633363231299619,0.46218397959701935,6.178111564134461
-0.633016469351011,0.496148043545387,6.202103742200322
-0.6326700868941272,0.5300749376680526,6.226069663541466
-0.6323240833063422,0.5639647229488998,6.250009371236864
-0.6319784579663917,0.5978174602384787,6.273922908271274
-0.6316332102322171,0.6316332102322171,6.297810319068226
-0.6312883394920697,0.6654120335186682,6.3216716459540905
-0.630948049392783,0.6991586493271379,6.345216042012851
-0.6306192567531071,0.7328818389292866,6.367964938163404
-0.6293509025781072,0.7654267734058061,6.455721335136367
-0.6287294619726728,0.7986563435869086,6.498718306755613
-0.628109247416065,0.8318203546861401,6.541630449050636
-0.6275873826678572,0.8650528788124517,6.577737847845562
-0.6272739968331803,0.8985276170853664,6.599420759650229
-0.6269609238208038,0.9319689408147085,6.621082027533568
-0.6266481631625717,0.9653769000072049,6.64272168388694
-0.6265545002785312,0.9991004193630633,6.649202142890815
-0.6265352125052062,1.032936431427502,6.650536648288437
-0.6265159259193492,1.0667703603491623,6.651871071526102
-0.6270835883393232,1.1016333308663786,6.61259496895493
-0.6267694129174978,1.13496082879655,6.634332511654215
-0.6264658828606711,1.1682742139834135,6.655333510180597
-0.6261786863487694,1.2015861278584494,6.675204403977034
-0.6258917530061342,1.2348675126877784,6.695057089305308
-0.6256050823514752,1.2681184101719092,6.714891599465503
-0.625318674178119,1.3013388624787883,6.734707948757169
-0.6250325281257311,1.334528911403588,6.754506162111582
-0.6000333189904584,0.39430760962230127,6.11184866812647
-0.5996946226123325,0.4283533018659518,6.136621888926534
-0.5993563083888999,0.46236058075715136,6.161367157840466
-0.5990226465176712,0.4963330499717848,6.185772140421761
-0.5986947430995215,0.5302724867452905,6.209755933292136
-0.5983671984719049,0.5641747871306532,6.233713483197818
-0.5980400120462624,0.5980400120462624,6.257644833187662
-0.597713183227304,0.6318682222688642,6.281550026802904
-0.5973867114095636,0.6656594784277994,6.305429108329065
-0.596912930398613,0.6992408613240896,6.340082805130017
-0.5957151003299732,0.7318785518339671,6.427695518721961
-0.5951264945402575,0.7651626358374739,6.4707478279125965
-0.594539050765039,0.7983810110273382,6.513715144042855
-0.5941825837551966,0.8318556172572753,6.539788159619903
-0.5938712694541382,0.8653552783474584,6.5625585770687564
-0.5935734268128541,0.898839760602322,6.584343638831243
-0.5933289391579211,0.9323740472481618,6.602226164449199
-0.5933106544042587,0.9662487800297928,6.60356356357422
-0.5932923707775324,1.0001214250249832,6.604900880271913
-0.5939853722417475,1.0352316487641886,6.554212773175038
-0.593687379139122,1.0686372824504196,6.576008840109935
-0.5933896848751543,1.1020094147681436,6.597783049131571
-0.5930922890088359,1.1353480961026288,6.619535432496569
-0.5927951910917375,1.168653376723711,6.641266023004341
-0.5925161238913501,1.2019612798938817,6.661677795375532
-0.592244531019631,1.2352528789838018,6.681542873992704
-0.5919731868476539,1.2685139718164014,6.701389762000169
-0.5917020911903158,1.3017446006186948,6.721218472936904
-0.5659633232080703,0.39445928587229145,6.094966442040608
-0.5656437352513632,0.4285179812510328,6.119758719894243
-0.5653245080247238,0.46253823383841036,6.14452301383961
-0.5650056409201926,0.496520108687442,6.169259371039601
-0.5646940659053031,0.5304701831231635,6.193430038861337
-0.5643850078590877,0.5643850078590877,6.217405450931373
-0.5640762879238382,0.5982627296161921,6.241354633787097
-0.5637679055450152,0.6321034092474412,6.265277630447308
-0.5627052613937514,0.665015308919888,6.347713055515044
-0.5620359730822331,0.6982871180718654,6.399633603317675
-0.5614802871951979,0.7316258287695003,6.442741356978587
-0.5610131633036796,0.7650179499595631,6.478978846744852
-0.5607188166351845,0.7985995267228385,6.501813012543259
-0.5604247786743397,0.8321458834861407,6.524623230111828
-0.5601310489357458,0.8656570756279708,6.5474095371057786
-0.5600192580500643,0.899424868989497,6.556081799752597
-0.5599967382694434,0.9333278971157389,6.557828788794694
-0.5599794630673373,0.9672372543890371,6.559168925685356
-0.560516239560297,1.00213509497144,6.517528082595142
-0.5602348001301399,1.035585539634501,6.539360959601268
-0.5599536431493257,1.0690024096487127,6.561171925385636
-0.5596727681963791,1.1023857555383225,6.582961012644532
-0.5593921748781291,1.135735627782868,6.60472825187847
-0.5591118627711926,1.1690520767034027,6.62647367593172
-0.558832535021289,1.202336666257925,6.6481427377424325
-0.5585763018046693,1.235638485810329,6.668020223637768
-0.5583203033370165,1.2689097803114013,6.68787949870417
-0.5580645393616147,1.3021505918437677,6.7077205828565525
-0.5318671062844541,0.3946110788562079,6.0780712229612135
-0.5315666562594276,0.4286827873059899,6.10288257986663
-0.5312665454904049,0.4627160234916429,6.127665920792374
-0.5309667734109257,0.4967108525457047,6.152421292517104
-0.5306680269664831,0.5306680269664831,6.177091966638812
-0.5303774831693092,0.5645953853092647,6.201085260857049
-0.5300872573468426,0.5984856131335319,6.225052296518804
-0.5288984436464608,0.6312658843522273,6.32322529887292
-0.5283468040309319,0.6646943663614949,6.368780054219819
-0.5277907564228268,0.6980458391398677,6.414698824437522
-0.5274735091429075,0.7316568030046781,6.440897309488932
-0.5271965176856355,0.7652852676081805,6.463771442734625
-0.5269198169879828,0.7988784322075869,6.4866215648633485
-0.5266939287817517,0.8325162100098655,6.505275558668252
-0.5266606418538358,0.866441701114375,6.508024414650983
-0.5266273591331054,0.9003629043243415,6.510772923201621
-0.5271935862530934,0.9353434594812948,6.464013522325182
-0.5269952288353067,0.9689912272133058,6.48039400585855
-0.5267257084515566,1.0024779612465111,6.5026511730327385
-0.5264611450616382,1.035939672540643,6.524498988458269
-0.5261968472970228,1.0693677864423365,6.546324868374896
-0.5259328147176197,1.1027623534401703,6.5681288491256
-0.5256690469753798,1.1361234241080789,6.58991095945251
-0.5254055436720366,1.169451048818404,6.611671232244717
-0.5251423044101216,1.2027452778425365,6.633409700325444
-0.5248870457161074,1.236024333460511,6.6544891279601615
-0.5246464121670616,1.2693058358880525,6.674360801687811
-0.49802623874236585,0.36063969012378216,6.036304442053222
-0.49774463793726376,0.39476298870886434,6.061162995882924
-0.4974633554053539,0.4288477201770292,6.085993453872206
-0.4971823906073592,0.46289394987581717,6.1107958636262225
-0.49690174301314277,0.49690174301314277,6.1355702719432585
-0.49662141207944194,0.5308711646366449,6.1603167267802945
-0.49634459606177744,0.5648059196565054,6.184752899374132
-0.49515834079990734,0.5976048940688536,6.289470605249562
-0.4946414933082641,0.6310943190484749,6.33509576313255
-0.4941257236649212,0.6645139042390319,6.380625773027646
-0.4938691606477513,0.6982288133295794,6.403274094543335
-0.4936155332041637,0.7319126871647944,6.4256632757703755
-0.49335623093332126,0.7655527721379123,6.448553407265436
-0.49325935014416616,0.7994203260957176,6.457105642446024
-0.49322814175094487,0.8333854808895276,6.459860590261421
-0.49319693730656794,0.8673463380218953,6.462615189489171
-0.4936834361153845,0.9022490384177717,6.419669087745369
-0.4934266117568611,0.9358090912630124,6.442340479394332
-0.4931700544701131,0.9693342449929808,6.464988295052088
-0.4929137638387647,1.002824554016797,6.487612571474564
-0.4926643833475252,1.0362940477310012,6.509626849321911
-0.4924169679186638,1.0697334130646834,6.531467659593815
-0.4921698008212575,1.1031392087373013,6.553286548192446
-0.49192288171841553,1.1365114853494427,6.575083544857115
-0.491676210247471,1.1698502933474308,6.596858681602562
-0.49142978603609055,1.2031556830538768,6.618611991296838
-0.4911836087126867,1.236427704690556,6.640343506742141
-0.4909514936607438,1.2697021387777858,6.6608336630515765
-0.4638582699293824,0.3607786543895196,6.0193640363252285
-0.4635958878375058,0.39491501556528275,6.044241745777221
-0.4633338024114288,0.4290127800105822,6.069091326916379
-0.4630720131482917,0.4630720131482917,6.093912827421228
-0.46281051955134395,0.4970927802588509,6.118706294391089
-0.46207300959223996,0.5305282702725718,6.188633164587621
-0.46136604693475763,0.5638918351424815,6.255663698037793
-0.46088409984832596,0.5974423516552373,6.301359421788355
-0.4604775218614126,0.6310247521804543,6.339909038325324
-0.4602359105172997,0.664785204080544,6.3628173731745505
-0.4599945525858949,0.6985102465193218,6.385701680744781
-0.4597797568051771,0.7322418349119486,6.406067502916542
-0.4597506325618702,0.7662510542697837,6.408828912652304
-0.4597215120080161,0.8002559653472873,6.411589972573289
-0.4602346203953751,0.8352406073841993,6.362939695845917
-0.4600387696620688,0.8689621204727966,6.3815092468557
-0.4597992385307684,0.9025688756344713,6.404220346712329
-0.4595599566857413,0.9361406525079915,6.426907810537124
-0.4593209237581367,0.9696775057116219,6.449571673302593
-0.45908213935974485,1.0031794897120352,6.472211971816783
-0.45884449126665905,1.0366486654543037,6.49474453175381
-0.45861398133128417,1.0700992897729964,6.516600288589352
-0.4583837028573792,1.1035163216936907,6.538434099448487
-0.4581536554928329,1.1368998117785112,6.560245997716585
-0.4579238389185319,1.1702498105695816,6.58203601365031
-0.45769425278734677,1.203566368440801,6.603804180162676
-0.45746489675284446,1.2368495356650981,6.625550530100668
-0.45723552811170964,1.2700986891991934,6.647298075334199
-0.42966490986495964,0.3609185242865661,6.0023132298281325
-0.4294208256094486,0.3950671595606927,6.027307457592464
-0.42917796695330546,0.42917796695330546,6.052176183981523
-0.4289353828389913,0.46325021346611056,6.077016797287293
-0.427977661865378,0.4964540877638385,6.175087424985293
-0.4275220666835851,0.5301273626876455,6.221740371600887
-0.42707450283741333,0.5637383437453856,6.267570909448878
-0.42676431079836635,0.5974700351177129,6.299334574247283
-0.4265401807000088,0.631279467436013,6.322285496319097
-0.4263162858974868,0.6650534060000795,6.345212324097346
-0.4261632795909484,0.6989077785291554,6.360880169886883
-0.42616075274350307,0.7329964947188253,6.361138919065283
-0.42615822592602237,0.7670848066668402,6.361397665175311
-0.42656595949484,0.8019440038502992,6.319645747728387
-0.4263351315822656,0.8356168579012406,6.343282525976001
-0.4261129547188391,0.8692704276264317,6.366033436790879
-0.4258910092872789,0.9028889396890313,6.38876064898264
-0.42566929490156136,0.9364724487834349,6.4114642020801185
-0.4254478112400917,0.970021009627409,6.434144129014612
-0.4252265579429067,1.0035346767452598,6.4568004666463565
-0.4250055346507919,1.0370135045479323,6.479433251758913
-0.4247878638276512,1.070465416845681,6.501722744048514
-0.42457449714372103,1.1038936925736746,6.523571492482965
-0.4243613446519432,1.1372884036672077,6.545398307641015
-0.42414840607403403,1.1706496007643339,6.567203218018911
-0.42393568108813817,1.2039773342903124,6.58898625657465
-0.4237231693730454,1.2372716545692923,6.6107474562001585
-0.39544870444362484,0.36106186057896184,5.984839853231321
-0.3952194208305325,0.3952194208305325,6.010360116253771
-0.39499581865991534,0.42934328115208187,6.0352480100268195
-0.3940467816919282,0.46257665676878523,6.140879950811474
-0.3936269798880372,0.4963122789892643,6.187605716809777
-0.39320087216921096,0.529966392923719,6.235033358557388
-0.39298838031149025,0.563852893490399,6.258684626199347
-0.3927817969334804,0.5977114301161659,6.281678254360443
-0.3925754306319644,0.6315343884079426,6.30464772096397
-0.3924966356327019,0.6655377734641467,6.313417946968833
-0.39249430587359696,0.699663762644238,6.3136772592865995
-0.39261850160715167,0.7340258943090227,6.299853734160507
-0.39280118386203705,0.7685240553822464,6.279520404921094
-0.3925866253240879,0.8022422343579187,6.303401703058043
-0.39237230105342746,0.8359235978964324,6.327256926227207
-0.39216305752033226,0.8695789536320411,6.350546641215196
-0.39195872280443084,0.9032092308102102,6.3732899835068295
-0.39175460086917735,0.9368044803393372,6.39600964238722
-0.39155069142060406,0.9703647569988882,6.418705650576243
-0.3913469941325637,1.003890115383533,6.441378044375526
-0.3911435086741102,1.0373806099617704,6.464026860620784
-0.39094023471498546,1.0708362950888732,6.486652136071186
-0.39074215995455625,1.1042713216107023,6.50869871810157
-0.3905459255167168,1.1376772612878272,6.530540464226306
-0.39034988807051657,1.1710496642115495,6.552360284325118
-0.3901540473305008,1.204388580889807,6.574158210170346
-0.36120531076662193,0.36120531076662193,5.967352592259424
-0.360594647728647,0.3949369951313753,6.041795324507795
-0.3600628907389279,0.4286462984987237,6.106619033730695
-0.35967899469355785,0.4624444217488601,6.153417789737709
-0.3593530672740144,0.4962494738545913,6.193149894215388
-0.35915603414661335,0.5301827170735721,6.217169170698561
-0.3589516247743862,0.5640668389311783,6.24208764655102
-0.35877181215266435,0.5979530202544406,6.264007661389485
-0.358756679768088,0.6320951024485361,6.265852371128318
-0.3587545479621316,0.6662584462153872,6.266112248425863
-0.3591707940843395,0.7012382170218057,6.21536986400433
-0.35897431766596566,0.7350426504588822,6.239321275006091
-0.35877805607928553,0.7688101201698976,6.263246497001383
-0.3585820089790506,0.8025406867626371,6.287145572077634
-0.3583861760138476,0.8362344106989777,6.311018543073814
-0.358189052415244,0.8698876987227355,6.335048848427391
-0.3580023534652059,0.9035297492217101,6.357808339479661
-0.3578158490172177,0.9371367474260464,6.38054411980584
-0.3576295387681477,0.9707087480849723,6.40325622635914
-0.3574434224369522,1.0042458058942942,6.425944693400112
-0.35725749972103465,1.0377479753801484,6.448609557816724
-0.3570717703184274,1.0712153109552822,6.471250856420276
-0.356886667551022,1.1046492090864966,6.493815765208751
-0.356707374375728,1.138066384913037,6.515672457054109
-0.3565282612321872,1.1714500011914724,6.5375072021714615
-0.3271256692714423,0.3271256692714423,5.9241203507951425
-0.3263800364120714,0.36073582971860524,6.024584567636694
-0.32602586467982214,0.3946628888229426,6.0723045484029115
-0.3256779871695371,0.4285236673283383,6.119176465578157
-0.32544041501553195,0.46246795817996644,6.151186187380958
-0.3252618053429908,0.4964522292077228,6.175251490628611
-0.3250833916136392,0.5303992178959377,6.1992903931096635
-0.32495588138435494,0.5643970571412481,6.216470718739544
-0.3249454939884572,0.5985838047155789,6.21787028366051
-0.32494123928822555,0.6327803080875971,6.21844354853382
-0.3252632812668847,0.6676456826004475,6.175052629303956
-0.32508518946673765,0.7014996193755918,6.199048156060613
-0.32490729257547396,0.7353165042497568,6.223017421409828
-0.32472959026601844,0.7690963979984646,6.246960469420678
-0.32455208223259097,0.8028393613121987,6.2708773412930086
-0.32437476815677224,0.8365454547200968,6.294768079929639
-0.3241976477208386,0.8702147386190932,6.31863272813964
-0.3240218756363933,0.9038504951962549,6.342315703728062
-0.32385301373801956,0.9374692502942671,6.365067622666842
-0.3236843277149804,0.9710529831449412,6.387795844718433
-0.32351581732816803,1.0046017485453638,6.410500402099466
-0.323347482303416,1.0381156010793882,6.433181331750262
-0.3231793223671281,1.0715945952173196,6.45583867053432
-0.3230113372462772,1.1050387853162114,6.478472455238446
-0.32284566748509985,1.1384557748158786,6.50079427569181
-0.32268350185086736,1.1718506119847287,6.522643961146294
-0.2928574856877109,0.2928574856877109,5.899108037615299
-0.29225226911151186,0.32663488900698384,5.990246533795862
-0.2919347739478322,0.3606253089943809,6.038057570208807
-0.29162302015064157,0.39454879196851506,6.085004024373973
-0.29146272885821195,0.4286216600856058,6.109142007233963
-0.29130261367796845,0.46265709231206753,6.133253469670635
-0.2911426743198285,0.49665515031029567,6.157338455367004
-0.2910806014802679,0.5307940379934296,6.166685894736133
-0.29107128634701007,0.5650207323206666,6.168088644214954
-0.2911384843046741,0.5994027618037407,6.1579694223549595
-0.29130119645930913,0.6340084864114376,6.1334668861275645
-0.29113684877664586,0.6679021824875992,6.158215713634505
-0.29097416301751217,0.701761216689294,6.182714275009928
-0.2908148734172397,0.7355905621730181,6.206701414815669
-0.2906557581067201,0.7693828891060238,6.23066230863509
-0.29049681681553596,0.803138258254717,6.2545969971898785
-0.29033804925927026,0.8368567302178966,6.278505523309889
-0.2901794551532204,0.8705383654596612,6.302387929867983
-0.2900210342133055,0.90418322431207,6.32624425964341
-0.2898660693782541,0.9378019891649397,6.349580140686442
-0.28971503265707943,0.9713974624384427,6.37232449399275
-0.2895641532421015,1.0049579436049405,6.395045158836474
-0.28941343089697497,1.0384834873362043,6.417742170808474
-0.28926286537655593,1.0719741481601779,6.440415566824512
-0.28911245643621064,1.1054299804913936,6.463065383723574
-0.2889622038318135,1.138851038631265,6.485691658268088
-0.2583523550893568,0.2583523550893568,5.907864731416446
-0.25807116309019895,0.29248065150222546,5.955854832606043
-0.25779058252711573,0.3265347378676799,6.003740582038915
-0.25756994930707544,0.3605979290299056,6.041395318259127
-0.25742176178211734,0.3947133680659133,6.066685989185302
-0.2572782722072644,0.42879712034544065,6.091174876626873
-0.25713643541345577,0.46284558374422036,6.11538168943688
-0.2571281969270559,0.4971145140589747,6.116787724449132
-0.2571199589685507,0.5313812485350049,6.118193669367336
-0.25742002991177315,0.566324065805901,6.066981561724042
-0.2572745774715053,0.6003073474335123,6.091805444863098
-0.25712928931111056,0.634252246967406,6.116601290903802
-0.25698416515242944,0.6681588293963165,6.141369147318713
-0.25683920471793026,0.7020271595623427,6.166109061473236
-0.2566970317833546,0.7358648244456166,6.190373242307473
-0.25655653124366834,0.7696695937310051,6.214352001080606
-0.25641618441659847,0.8034373778386753,6.238304526233854
-0.2562759910563882,0.8371682374508681,6.262230859709753
-0.2561359509114549,0.8708622330989466,6.286131044445028
-0.2559960637307657,0.9045194251820389,6.31000512328265
-0.25585499026491354,0.938134964304683,6.3340816614547535
-0.25572162795407727,0.9717421862254936,6.356842162504151
-0.2555884045783739,1.005314391341604,6.3795789519575195
-0.25545531994123843,1.038851634427703,6.402292063361976
-0.25532237382606054,1.0723539700694544,6.424981533685667
-0.22453283468880744,0.18998932165976015,5.784303322819454
-0.22408799788009615,0.22408799788009615,5.871901955919526
-0.22383659320469304,0.2582729921592612,5.921409338152756
-0.22359304309128236,0.29239090250398464,5.969369975870549
-0.22344755725865417,0.3265771990703407,5.99801949368041
-0.22331887456528102,0.3607458742977616,6.0233600856062
-0.22319034000245674,0.39487521692742344,6.0486715072085175
-0.22310982303085844,0.4290573519824201,6.064527157000185
-0.22309840403728448,0.46335822376974467,6.066775820350131
-0.22309124819089607,0.49766509211815274,6.068184971638928
-0.22330956335461916,0.5325074203071687,6.025193677859612
-0.2231832647180709,0.5665421335151031,6.050064793979885
-0.22305710886533492,0.6005383700220556,6.074907792672505
-0.22293109555292837,0.6344961950352577,6.0997227218848735
-0.22280522453940846,0.6684156736182253,6.124509629162645
-0.22267949558387748,0.7022968706876136,6.149268561944126
-0.22255373923322058,0.7361392913098834,6.174032889458104
-0.2224318812768561,0.7699565121121942,6.1980295331729565
-0.22231015668229884,0.8037367203129265,6.221999914870388
-0.22218856524107208,0.8374799766778871,6.245944075604264
-0.2220671067348126,0.8711863418058033,6.269862058375367
-0.22194578094563444,0.9048558761629711,6.293753906090451
-0.22182458765612736,0.9384886400836158,6.31761966156261
-0.22170408792869664,0.9720871547642852,6.341348838656664
-0.22158854570027284,1.0056710920243153,6.364101769792427
-0.22147312383947526,1.039220042631384,6.386830997764868
-0.18996528274846045,0.15542614043055852,5.7898978330855755
-0.1897531200773725,0.1897531200773725,5.839273872902403
-0.18954143078522712,0.22400350910981384,5.888539744528963
-0.18936698509316777,0.2582277069452288,5.929138014680959
-0.18925775866675287,0.2924892633940726,5.95455798301024
-0.1891486581707873,0.3267113186586326,5.9799486438895
-0.18903968338761304,0.36089394101271577,6.005310047973694
-0.18901071765550523,0.3952042278251473,6.012051163809687
-0.18899835007663482,0.4295417047196246,6.014929436710439
-0.18909880861029693,0.4641516211343652,5.991549996149075
-0.1891370132324664,0.49863394397650235,5.982658738626
-0.1890270735252934,0.5327126617530996,6.008244706840806
-0.1889201230755008,0.5667603692265024,6.033134993337995
-0.1888132935834385,0.6007695704927589,6.0579971296724935
-0.1887065848417795,0.6347403308314401,6.082831164094955
-0.18859999664591134,0.6686727153809584,6.10763714422427
-0.18849352879168374,0.7025667891326395,6.132415117571782
-0.18838718107540703,0.7364226169311365,6.157165131541639
-0.18828177976228355,0.7702436444820691,6.181694891686739
-0.1881787052168862,0.8040362859266956,6.205683149524667
-0.18807574346408926,0.8377919481582158,6.229645157448317
-0.1879728943204774,0.871510691849486,6.253580958143445
-0.18787015760141065,0.9051925775340696,6.27749059458079
-0.18776753312265265,0.9388376656132632,6.301374109637202
-0.18766502070036925,0.9724460163564589,6.3252315460958854
-0.1557522193151218,0.08652901073062322,5.697146505920912
-0.15554127541794888,0.12097654754729356,5.757148325561211
-0.15536743064958536,0.15536743064958536,5.806597504117946
-0.15519397405166352,0.18968152384092207,5.855936269749044
-0.15509778155850004,0.2240301289178334,5.883297690026659
-0.1550003535980974,0.2583339226634957,5.911010532096732
-0.15491091301007154,0.29260950235235733,5.936451410468543
-0.15484020423499023,0.32688487560720164,5.956564128713886
-0.15483005976323516,0.3612701394475487,5.959449667346448
-0.1548199166206383,0.3956508980305201,5.962334827907327
-0.1549003480223962,0.4647010440671886,5.939456562518416
-0.15480995011822468,0.49883206149205733,5.965169744149421
-0.15471965766268533,0.5329232652825828,5.990852931502836
-0.15463057449117829,0.5669787731343204,6.016192144731505
-0.1545431011845812,0.6010009490511491,6.041073440830239
-0.15445572678796232,0.634984654572734,6.065926602535157
-0.1543684511336535,0.6689299549124985,6.090751677538556
-0.15428127405436545,0.7028369151365537,6.115548713424943
-0.15419419538318643,0.7367056001641129,6.1403177576714185
-0.15410721495358146,0.7705360747679073,6.165058857647942
-0.15402180158225967,0.8043360749295783,6.189354216601693
-0.1539374973339494,0.8381041521515022,6.213334091676614
-0.15385328532346768,0.8718352834996501,6.2372877302136445
-0.15376916539952024,0.9055295295749526,6.261215175247578
-0.12149262322105489,0.01735608903157927,5.568412079157071
-0.12120255317782778,0.05194395136192619,5.6744948378229765
-0.12106622975131145,0.08647587839379389,5.724350262377527
-0.12093081672027121,0.12093081672027121,5.77387274230081
-0.12083359061858673,0.15535747365246866,5.809429716631136
-0.12075634444902845,0.1897599698484733,5.837679744355306
-0.12067919697981618,0.22411850867680147,5.865893675952947
-0.12060214802190089,0.2584331743326448,5.894071580561963
-0.12057546548788685,0.29282613047058237,5.90382976442995
-0.12056755643834204,0.32725479604692836,5.906722216834915
-0.12055964842630452,0.3616789452789136,5.90961428980863
-0.12017849095496697,0.6352291664762539,6.049009022183512
-0.12011055761764762,0.6691873924411796,6.073853214117442
-0.12004270103834164,0.7031072489388581,6.098669334549342
-0.11997492108702887,0.7369888009631773,6.123457431029443
-0.11990721763398275,0.7708321133613176,6.148217551000599
-0.08012668793296332,-0.04807601275977799,8.97513577832278
-0.08012668680063105,-0.01602533736012621,8.975136358076902
-0.08012668566829881,0.016025337133659764,8.97513693783101
-0.08012668453596662,0.04807601072157997,8.97513751758509
-0.08645446491650866,0.08645446491650866,5.735313962747568
-0.08639910390511273,0.12095874546715782,5.763658800582284
-0.08634381374905721,0.15541886474830297,5.791967360482708
-0.08628859431239984,0.18983490748727963,5.820239712051283
-0.08625416303494764,0.22426082389086385,5.83786852610681
-0.08624012425367426,0.25872037276102283,5.845056382118777
-0.08622609004157879,0.29316870614136786,5.852241898711661
-0.08635890245928252,0.32816382934527355,5.784241940847352
-0.04807600189504258,-0.08012666982507097,8.975145049563665
-0.04807600121564353,-0.04807600121564353,8.975145629317524
-0.048076000536244494,-0.016025333512081498,8.975146209071369
-0.048075999856845485,0.01602533328561516,8.975146788825192
-0.04807599917744648,0.04807599917744648,8.975147368579002
-0.048075998498047515,0.08012666416341252,8.97514794833279
-0.05185996846307079,0.1210065930804985,5.7461602448462585
-0.0518298952182547,0.1554896856547641,5.771822747089324
-0.051821446738210465,0.1900119713734384,5.779032116727066
-0.051813001011989365,0.22452300438528724,5.786239136435746
-0.05183889359234446,0.25919446796172235,5.764144134532721
-0.017347886860679555,-0.15613098174611598,5.589409636660342
-0.017341127530131804,-0.12138789271092264,5.606713522862577
-0.016025330116971114,-0.08012665058485556,8.975154900553953
-0.016025329890504873,-0.048075989671514614,8.975155480307528
-0.016025329664038634,-0.016025329664038634,8.975156060061096
-0.016025329437572403,0.016025329437572403,8.97515663981465
-0.016025329211106182,0.048075987633318544,8.975157219568175
-0.016025328984639965,0.08012664492319982,8.975157799321693
-0.017299766929282593,0.12109836850497815,5.712596661036564
-0.017296859873112,0.155671738858008,5.720038724833273
-0.01729403711524216,0.19023440826766377,5.727264984980067
0.017334270293905905,-0.2253455138207768,5.624268047600879
0.017327521568090903,-0.19060273724899995,5.641544785687287
0.017321898019160658,-0.1558970821724459,5.655941070948714
0.017325651284268353,-0.12127955898987847,5.646332712273015
0.016025326268929878,-0.0801266313446494,8.97516475153951
0.016025326042463744,-0.04807597812739123,8.975165331292814
0.01602532581599762,-0.01602532581599762,8.975165911046098
0.016025325589531497,0.016025325589531497,8.975166490799367
0.016025325363065383,0.04807597608919615,8.975167070552622
0.016025325136599274,0.08012662568299636,8.975167650305863
0.017320153998173885,0.1212410779872172,5.660405764674856
0.01734168463558903,0.15607516172030128,5.6052873328920825
0.05195333298254377,-0.2944022202344147,5.666489188229313
0.05193652686796303,-0.25968263433981514,5.68083040600488
0.051919731622912066,-0.22498550369928563,5.69516234844837
0.05192788318919456,-0.19040223836038003,5.6882063452206495
0.051939848948790196,-0.1558195468463706,5.677995563699035
0.051951097545580534,-0.12121922760635458,5.66839676110461
0.04807596726267147,-0.08012661210445246,8.97517460252034
0.0480759665832734,-0.0480759665832734,8.975175182273368
0.04807596590387535,-0.016025321967958448,8.975175762026375
0.04807596522447731,0.016025321741492436,8.97517634177936
0.04807596454507929,0.04807596454507929,8.975176921532338
0.0480759638656813,0.08012660644280216,8.975177501285295
0.08650910354116213,-0.36333823487288097,5.707338986924988
0.08648114493639913,-0.3286283507583167,5.721653792563643
0.08645320439750434,-0.29394089495151476,5.7359593484777776
0.08646443747482184,-0.2593933124244655,5.730208012891218
0.08648454688591085,-0.2248598219033682,5.719911994413643
0.08650466565304264,-0.19031026443669383,5.709611185642167
0.08652479378274816,-0.15574462880894668,5.699305583232942
0.08656630213810182,-0.12119282299334254,5.6780533052918685
0.08661292196320183,-0.08661292196320183,5.654183954840661
0.08012659173193519,-0.048075955039161115,8.975185033249183
0.08012659059960564,-0.01602531811992113,8.975185613001912
0.08012658946727613,0.016025317893455227,8.97518619275462
0.08012658833494665,0.04807595300096799,8.975186772507314
0.12046454267108574,-1.015344002513437,5.94439582314579
0.1204942298309705,-0.9811673000521883,5.933538804673653
0.12052393162680361,-0.9469737484963141,5.922676433626108
0.12055327310083667,-0.9127604963349063,5.911945837408297
0.12058257219269597,-0.8785301688324992,5.901230740956905
0.12061188552963456,-0.8442831987074418,5.890510434876504
0.12064121312204379,-0.8100195738194369,5.879784915366841
0.12067055498032518,-0.7757392820163762,5.869054178623934
0.12069991111489028,-0.741442311134326,5.858318220840125
0.12072928153616085,-0.7071286489975135,5.8475770382040295
0.12096218191736524,-0.3974471691570572,5.762402041649281
0.1209231371145072,-0.3627694113435216,5.77668128383737
0.12093558167028448,-0.3282537216764865,5.772130132010247
0.1209636815444998,-0.2937689408937852,5.761853606582932
0.12099179447999,-0.25926813102855,5.751572304460801
0.12101992048586391,-0.22475128090231866,5.741286222312631
0.12107283898608036,-0.1902573184066977,5.721933170804903
0.12113680410341082,-0.1557473195615282,5.698540213609753
0.12120097417717822,-0.12120097417717822,5.675072300917677
0.12126625071453194,-0.08661875051037995,5.651199738685463
0.12139630672000784,-0.05202698859428907,5.603636399539994
0.12153576227533988,-0.01736225175361998,5.5526355107328484
0.15467363015076718,-1.185831164489215,6.00394520155956
0.1547116962277682,-1.1517426274733855,5.993117517434818
0.15474978104594597,-1.1176373075540542,5.982284502486479
0.15478788461914422,-1.0835151923340096,5.971446152776757
0.15482600696122034,-1.049376269403827,5.960602464363987
0.15486414808604537,-1.015220526341853,5.9497534333026465
0.1549023080075041,-0.9810479507141926,5.938899055643283
0.15494048673949481,-0.9468585300746905,5.928039327432586
0.15497847618943428,-0.9126510264488906,5.917233439449809
0.15501613741404355,-0.8784247786795801,5.906520913338724
0.1550538169471642,-0.844181892267894,5.8958031794732975
0.15509151480215017,-0.8099223550778952,5.885080234055067
0.15512923099236833,-0.7756461549618416,5.874352073281898
0.15516696553119863,-0.7413532797601713,5.863618693347945
0.155204718432034,-0.7070437173014883,5.852880090443655
0.15524248970898172,-0.6727174554055875,5.842136260556309
0.15529050972213723,-0.6384165399687863,5.828477234592079
0.1553430839577018,-0.6041119931688403,5.813522785364825
0.1553956938037663,-0.5697842106138098,5.798558206928696
0.1554340115783818,-0.500842926197008,5.787658928815844
0.15538471451764327,-0.4661541435529298,5.801681203870359
0.15533544871685434,-0.4314873575468176,5.815694587205876
0.15534509884082065,-0.3969930303709861,5.812949663055463
0.15537756149764062,-0.36254764349449475,5.803715840671117
0.15541363831696492,-0.32809545866914813,5.79345398984109
0.15544973189339556,-0.29362727135419164,5.783187372545264
0.1555152418883866,-0.2591920698139777,5.764553418414472
0.1555973244646269,-0.22475169089334998,5.741205485617236
0.15567949373471493,-0.19027493678687382,5.71783289323664
0.15576174983606952,-0.15576174983606952,5.694435602184669
0.155899802474486,-0.12125540192460023,5.655167296146203
0.15607868624991686,-0.08671038124995381,5.604284800023649
0.18894309984976573,-1.253895117184809,6.027787671327253
0.18898398862418525,-1.2198057447561048,6.018271738371432
0.18902489509974088,-1.1857016147165564,6.0087516858784795
0.1890691030733194,-1.1516027187193092,5.998463284754756
0.18911563987479107,-1.1175015083510382,5.987632901866803
0.18916219959071087,-1.0833835067467985,5.976797186161839
0.1892087822380073,-1.049248701501677,5.965956133700118
0.1892553878336257,-1.0150970801985377,5.9551097405380204
0.1893020163945279,-0.9809286304080082,5.944258002728056
0.1893486679376927,-0.9467433396884635,5.933400916318796
0.18939534248754336,-0.9125411956217998,5.9225384756262685
0.18944144219414874,-0.8783194138092351,5.911809816634481
0.18948748390834294,-0.8440806101371641,5.901094654058369
0.18953354800786903,-0.8098251596699858,5.89037428180503
0.18957963450905646,-0.7755530502643219,5.879648696074135
0.1896257434282506,-0.7412642697649796,5.868917893061685
0.18967187478181274,-0.7069588060049384,5.858181868959946
0.18971802858659334,-0.6726366468070127,5.847440619847369
0.18976780717111952,-0.6383098968483111,5.835855785630365
0.1898320431007843,-0.6040110462297682,5.820906332908379
0.18980763109486656,-0.5694228932845996,5.826587672467419
0.18974748517133413,-0.5347429127555781,5.840585269216781
0.1896873773536054,-0.5000849039322325,5.854573997706375
0.18970438232938008,-0.4656380293539329,5.850616476071544
0.18974270571942656,-0.43123342208960586,5.841697578024366
0.18978104459650572,-0.3968149114290574,5.83277507572231
0.1898193989700072,-0.36238248894274105,5.823848966980137
0.18989140286906286,-0.3279942413192904,5.807091695927184
0.18999153311159475,-0.29362327844519187,5.783788657665227
0.1900917690077253,-0.2592160486468981,5.760461030929385
0.1901921107247651,-0.2247724944929042,5.7371087767819375
0.19034779510220967,-0.19034779510220967,5.700876776213022
0.1905548561748728,-0.15590851868853228,5.652688017484145
0.22317598081613815,-1.321888501757126,6.051499162360486
0.22322425180629027,-1.287832221959367,6.041993490453606
0.223272543682136,-1.253761206830456,6.03248370567168
0.22332085645723335,-1.2196754468048898,6.022969805344822
0.22336919014515208,-1.185574932308884,6.013451786800822
0.22341816375190673,-1.1514628439521346,6.003807753470674
0.2234731484289486,-1.117365742144743,5.992980001683968
0.22352816017683289,-1.0832518531646516,5.982146919023677
0.22358319901555634,-1.0491211646114567,5.971308501551981
0.22363826496513545,-1.0149736640725378,5.960464745327172
0.22369335804560644,-0.9808093391230436,5.949615646403657
0.22374847827702524,-0.946628177325876,5.938761200831955
0.22380362568634998,-0.9124301662597346,5.927901403303387
0.22385848950511325,-0.8782140742123674,5.917097451300776
0.2239128893874398,-0.8439793523065039,5.906384859088774
0.22396731571563877,-0.8097279875873095,5.8956670590742135
0.22402176850899932,-0.7754599679157669,5.884944047458596
0.22407624778682947,-0.7411752811410512,5.874215820439737
0.22413075356845602,-0.7068739151005151,5.863482374211735
0.22418528587333042,-0.6725558576199913,5.85274370494416
0.22413432351939666,-0.6379207669398212,5.862779368488042
0.22404981570747148,-0.6032110422893463,5.879420906836387
0.22397890406587775,-0.5685618333979974,5.893385045488685
0.2240051372488526,-0.5341660965164947,5.888219126379795
0.2240503514026362,-0.4998046300520346,5.879315416096254
0.22409558381254063,-0.46542928945681517,5.870408110761225
0.22414083448962493,-0.4310400663262018,5.861497208196937
0.224222094914453,-0.39670062946403223,5.845495155307717
0.22432931779313053,-0.36237812874274933,5.824380496121989
0.22443785418552728,-0.3280245561173091,5.803007175773089
0.22455621180779192,-0.293650430825574,5.779699828619442
0.2247328207202092,-0.2593071008310106,5.74492145817419
0.2249770426323835,-0.2249770426323835,5.696828527776788
0.2573719623345798,-1.389808596606731,6.07518509489838
0.2574275996047698,-1.3557853579184544,6.065689667452617
0.2574832609348855,-1.3217474061324124,6.056190133779538
0.25753894634053703,-1.2876947317026852,6.046686491215006
0.25759465583734825,-1.253627325075095,6.03717873709256
0.25765038944095625,-1.219545176687193,6.0276668687434665
0.2577061471670118,-1.1854482769682542,6.018150883496652
0.2577619290311792,-1.151336616339267,6.00863077867875
0.25782230975149467,-1.1172300089231435,5.998325802411571
0.2578857694228339,-1.0831202315759023,5.987495351836344
0.2579492603414408,-1.0489936587218591,5.976659568394112
0.2580127825304,-1.0148502779529065,5.965818448145072
0.258076336012819,-0.9806900768487122,5.954971987145555
0.258139920811828,-0.9465130429767028,5.944120181448014
0.2582035369563348,-0.9123191639123829,5.9332630261188655
0.25826718447209274,-0.8781084272051152,5.922400516762842
0.25833003635729673,-0.8438781187671693,5.911673795021358
0.2583928209004693,-0.8096308388214704,5.900958566319915
0.2584556359693769,-0.7753669079081307,5.890238127893014
0.2585184815862874,-0.7410863138806906,5.879512475940288
0.25845694143807574,-0.7064489732640736,5.890015327901743
0.2583555993833152,-0.6717245583966195,5.907311038580879
0.2582543367706976,-0.6370273640343874,5.924593191134278
0.2582671523351834,-0.6026233554487612,5.922406001462036
0.2582937406306825,-0.5682462293875015,5.917868265696853
0.25835169685931375,-0.5339268401759151,5.9079770693437865
0.25840382030781195,-0.4995807192617698,5.899081334133427
0.25850094998296186,-0.4653017099693314,5.882504536241171
0.2586244613296854,-0.431040768882809,5.861425266400353
0.258748090759883,-0.3967470724984872,5.840325843646646
0.2588718384429765,-0.3624205738201671,5.819206239065338
0.25904674163606634,-0.3281258727390174,5.789356094111341
0.2593307738900618,-0.2939082104087367,5.740881256096117
0.29160124686795924,-1.4237002052965069,6.088282824589669
0.29165760766140586,-1.3896627188572865,6.079795552164768
0.291720148682316,-1.3556406909354684,6.070377610192416
0.2917832180600627,-1.3216063406249898,6.060880103896444
0.29184631471468137,-1.2875572708000647,6.0513784900244545
0.29190943866387126,-1.253493471909565,6.041872765911151
0.29197258992534714,-1.219414934394097,6.032362928888901
0.2920357685168388,-1.1853216486859928,6.022848976287804
0.2920989744560917,-1.1512136052093025,6.013330905435609
0.29216312688402707,-1.117094308674221,6.003670304522984
0.29223503037255766,-1.08298864196889,5.992842485073673
0.2923069692617525,-1.0488661838215825,5.982009334700798
0.29237894357776156,-1.0147269218287018,5.971170849466496
0.2924509533467605,-0.9805708435744324,5.960327025429002
0.29252299859495096,-0.9463979366307236,5.94947785864268
0.2925950793526052,-0.9122081885698867,5.938623344548866
0.29266719565384636,-0.8780015869615391,5.92776347800902
0.2927389277893295,-0.8437769095104202,5.916961462312742
0.29281006653594277,-0.8095337133640771,5.906248803999205
0.29273722624543574,-0.7748926577085063,5.917217694804968
0.2926225135052599,-0.7401628282780104,5.934492083913803
0.29250789063310956,-0.705460206821029,5.95175293995527
0.29252464856705035,-0.6710859584773509,5.949229392255944
0.2925567648879915,-0.6367411941679815,5.944393052161281
0.29258888826181745,-0.6023888875978595,5.939555649985138
0.2926210186908518,-0.5680290362822417,5.934717185377615
0.2927223895395824,-0.5337878868074738,5.919451928157002
0.29286213464883404,-0.49958834734212865,5.898407958763819
0.29300201324991043,-0.4653561386910342,5.877343887072314
0.2931420255341806,-0.4310912140208538,5.856259684264572
0.29334829372575266,-0.39688298562895946,5.825198121298428
0.2936418786342966,-0.3627340853717781,5.7809876880118125
0.32581323393111206,-1.457585520218133,6.100953744018582
0.32587618905971844,-1.4235644048398226,6.0924713687958345
0.3259391685198213,-1.389530139479238,6.083985715224074
0.32600538027367504,-1.3554960548221224,6.075064552599571
0.32607585453609245,-1.3214653052252168,6.06556907303176
0.3261463592746667,-1.2874198392421055,6.056069487202805
0.32621689450917096,-1.2533596473247095,6.046565792448547
0.3262874602593954,-1.219284719916688,6.037057986102511
0.3263580565451474,-1.18519504745343,6.027546065495933
0.3264286833862515,-1.1510906203620448,6.018030027957693
0.3264993408025493,-1.1169714290613528,6.008509870814407
0.3265759460683688,-1.0828570843319596,5.998188319209255
0.32665632882110296,-1.0487387398993304,5.987357800946128
0.3267367511540806,-1.0146035956889872,5.976521949765981
0.32681721309654266,-0.9804516392896279,5.96568076172899
0.32689771467775897,-0.9462828582777233,5.954834232891429
0.3269782559287821,-0.9120972402223922,5.943982359069352
0.32705883689326376,-0.8778947727134974,5.9331251343813065
0.32697736864252,-0.8432574243938674,5.944101909218361
0.3268472058098681,-0.8085167722665157,5.961639638249352
0.32671925566200255,-0.773808763410006,5.978879237119656
0.32674047540326767,-0.7394652864389742,5.976020156191304
0.32677632646495425,-0.7051489150033223,5.971189697353537
0.3268121853949018,-0.6708250121263775,5.966358178371124
0.3268480521957009,-0.6364935753284702,5.961525598895037
0.32694574632488654,-0.6022684800721594,5.94836260043634
0.32706884932887426,-0.5680669488343606,5.931776090425359
0.32719855528329633,-0.5338502744095888,5.914299919724286
0.3273547775135651,-0.49964676567859945,5.893251029751227
0.3275927507886734,-0.4655265405944306,5.861187262157692
0.3279203404042009,-0.43147413211079066,5.817048871855036
0.3600054826506985,-1.4914512852671793,6.1136173530577125
0.3600750244920695,-1.4574465277059956,6.105139871442958
0.36014459320526493,-1.4234286302874757,6.096659114024845
0.36021418880636563,-1.389397585395982,6.088175078843044
0.3602838112904441,-1.3553533853307183,6.079687766498246
0.3603611727063969,-1.3213242999234553,6.070257041505897
0.36043908236543526,-1.2872824370194116,6.060759483070747
0.3605170257197106,-1.253225851311375,6.05125781702575
0.3605950027910871,-1.2191545332460565,6.041752040705575
0.36067301360144766,-1.1850684732618995,6.032242151442574
0.36075105817269415,-1.1509676617890718,6.022728146566806
0.36082913652674753,-1.1168520892494567,6.01321002340601
0.3609085195511539,-1.0827255586534617,6.003532854716482
0.36099734206262407,-1.0486113269438129,5.99270496760392
0.3610862083047365,-1.014480299522831,5.981871749517836
0.3611751183097945,-0.9803324639837279,5.971033196520295
0.36126407211013317,-0.9461678079074916,5.960189304669484
0.3611804528805291,-0.9115506667937163,5.970382886945025
0.3610354673154517,-0.8768004206232398,5.988057317735411
0.36089059810428603,-0.842078062243334,6.005717564429894
0.3609150542223203,-0.8077622642118597,6.002736247183812
0.36095428552592546,-0.773473468984126,5.9979537644586145
0.3609938709074918,-0.7391779261439118,5.993128117943854
0.3610334649725639,-0.7048748601845295,5.9883014128684025
0.36114254167248405,-0.6706932916774704,5.97500444373528
0.3612784383302191,-0.636538200867529,5.958437994030433
0.3614144373013151,-0.6023573955021918,5.941859071839687
0.36155053870135945,-0.5681508465307077,5.925267663072368
0.36186030224399407,-0.5341747318839912,5.887506012160728
0.3621429386622363,-0.5001021533907073,5.85305128688929
0.3625946299630649,-0.46619309566679773,5.797987966407327
0.39417801010362125,-1.525297517357491,6.126273658031721
0.3942541310495304,-1.4913091044047453,6.117801065791397
0.39433028140102516,-1.4573075616994406,6.1093252005815515
0.39440646117514777,-1.423292881632055,6.10084606050529
0.3944826703889539,-1.3892650565871856,6.092363643664264
0.39455890904186397,-1.355224078882924,6.083877950122968
0.39463917491339817,-1.3211833247100722,6.074944009639161
0.3947244863309283,-1.2871450641225923,6.0654484779488484
0.39480983464095204,-1.253092083860413,6.055948839963598
0.39489521986740567,-1.2190243743732956,6.0464450930192015
0.39498064203424593,-1.1849419261027379,6.036937234449148
0.39506610116545055,-1.1508447294819646,6.027425261584632
0.39515159728501775,-1.1167327749359197,6.017909171754546
0.39523713041696656,-1.0826060528812562,6.0083889622854585
0.39533001202796886,-1.0484839449437435,5.998050835147808
0.39542731807362846,-1.014357033319308,5.987220249196135
0.3953427546293765,-0.979762478864107,5.996632528208529
0.395184150160582,-0.945005576470957,6.014285895170005
0.39502567289932783,-0.9102765505941032,6.031925103379166
0.3950466257163753,-0.8759729526754407,6.02959296374258
0.3950898739637297,-0.8417132097488155,6.024779245776173
0.3951331316814381,-0.80744596474033,6.01996447371819
0.39517639887261147,-0.7731712151855442,6.015148647222375
0.3952979984887856,-0.739035388479034,6.001614081248206
0.3954466577828055,-0.7049266508302185,5.985067655479035
0.3955954289311727,-0.6707922490572059,5.968508779834693
0.3957443120601769,-0.6366321541837628,5.951937440258568
0.39600057171367137,-0.602609565651239,5.923414626652232
0.39634941199655216,-0.5686752432994009,5.884587186470718
0.39679234778815564,-0.5348070774536011,5.835286507057461
0.3969266627406301,-0.5004727486729684,5.820336668868997
0.3970610686556212,-0.46611516755225096,5.805376706156942
0.42825102628689454,-1.5930938177872476,6.147094908222002
0.4283308333470896,-1.559124233383406,6.138922665258022
0.4284135257991852,-1.5251521518450992,6.13045495816344
0.42849625018623144,-1.4911669506480854,6.121983980929905
0.42857900652673137,-1.4571686221908866,6.11350973166271
0.42866179483920225,-1.4231571588661516,6.105032208465687
0.4287446151421757,-1.3891325530606493,6.096551409441211
0.4288274674384623,-1.355094797105541,6.0880673343014635
0.42891035175485653,-1.321043883404958,6.0795799803026895
0.42900257351408644,-1.2870077205422592,6.07013647215755
0.4290953236173556,-1.2529583449626782,6.060638861582788
0.42918811383433236,-1.218894243289504,6.051137143364365
0.42928094419104595,-1.1848154059672868,6.041631314836891
0.42937381471354774,-1.150721823432308,6.032121373332714
0.42946672542791176,-1.1166134861125705,6.0226073161818405
0.42955967636023434,-1.0824903844277907,6.013089140712005
0.42946403358966234,-1.0478922419587762,6.0228829604185705
0.4292921559591106,-1.0131294880635011,6.040483229787071
0.4291201031534867,-0.9783938351899496,6.058101437082961
0.4291365535872733,-0.9441004178920013,6.056416912663217
0.4291835052109335,-0.909869031047179,6.05160906640041
0.4292304671096269,-0.8756301529036389,6.0468001679742045
0.4292774392867269,-0.8413837810019847,6.041990217039164
0.429408944929584,-0.8072888164676179,6.028524039210602
0.42957250081076925,-0.7732305014593847,6.0117759169772285
0.4297350950411505,-0.7391443634707788,5.9951262677861905
0.4298967288963933,-0.705030635390085,5.978574961009322
0.43017714955314756,-0.6710763533029102,5.949859885757689
0.43055586871284424,-0.6372226856950095,5.9110790438047545
0.43102467374266445,-0.6034345432397302,5.863073408751156
0.43112954552036975,-0.5690910000868881,5.852334538714139
0.43123446834279244,-0.5347307407450627,5.841590441698052
0.43136994199626544,-0.500389132715668,5.8277179395824135
0.46241448045835853,-1.627013912723854,6.156256667651931
0.4624791684253313,-1.5929838023539191,6.150123290042657
0.46255322578843766,-1.5589756869165863,6.1431015548740575
0.4626425166181549,-1.5250068140376218,6.134635461389756
0.46273184192775996,-1.4910248239894486,6.126166098701283
0.4628212017372282,-1.4570297091727555,6.117693464914659
0.4629105960665508,-1.4230214619823598,6.109217558134446
0.46300002493573433,-1.389000074807203,6.10073837646371
0.4630894883515283,-1.3549655399915088,6.092255919262499
0.4631789863354257,-1.3209178499195473,6.08377018449297
0.4632733462568505,-1.2868704062690293,6.074823466017136
0.4633734949923807,-1.2528246346090293,6.06532788220391
0.46347368703684694,-1.2187641399857827,6.055828192061917
0.4635739224183487,-1.1846889128468912,6.046324392926941
0.46367420116500935,-1.15059894363169,6.036816482132444
0.4635755301327339,-1.1160151651343595,6.046171957785226
0.46338121600902515,-1.081222837354392,6.064595815440576
0.4631870647159927,-1.046459664728724,6.083004234335512
0.4631863186318821,-1.0121478814548535,6.083074974162287
0.4632355599407322,-0.9779417376526569,6.0784061685824256
0.4632862169561501,-0.9437311826884538,6.073603133046511
0.46333688505195164,-0.9095131447316088,6.068799046926067
0.46347480868990804,-0.8754524164142707,6.055721842734648
0.4636512305518746,-0.8414411221126613,6.0389944365630015
0.46382778677508335,-0.807403925126997,6.022254290955061
0.46400447751308516,-0.7733407958551419,6.0055013913519275
0.4643127411636349,-0.7394610322235667,5.976273430410913
0.4647212672746237,-0.7056878503059101,5.937539102850494
0.46522445279294145,-0.671990876256471,5.889829661113701
0.4653375770108744,-0.6376848277556427,5.879103809339313
0.46545075626324023,-0.6033620914523484,5.868372739485373
0.46556399058384074,-0.5690226551580275,5.857636448346952
0.4656772800128765,-0.5346665066814508,5.846894932112448
0.46580171402525844,-0.5003055446937961,5.8350967442717945
0.4966331133806386,-1.626901578315885,6.15928378432983
0.49670258345390716,-1.5928738021108058,6.153151253724062
0.49677207294677256,-1.5588365047640105,6.147017008836627
0.49686498442569704,-1.5248615039271394,6.138815167938468
0.49696090814036253,-1.4908827244210876,6.130347419333518
0.49705686889984335,-1.456890822637472,6.121876400565554
0.497152866725603,-1.4228857909732775,6.113402109739873
0.4972489016391218,-1.388867621819616,6.104924544960284
0.4973449736516373,-1.3548363075337706,6.096443705234769
0.49744108277824095,-1.3207918404801569,6.087959589231147
0.4975372290571232,-1.286734213078767,6.079472193578091
0.4976443511084867,-1.2526909527903287,6.070015902147382
0.4977519418189278,-1.218634064453237,6.060518239432582
0.49765091689297763,-1.184065974676395,6.069436301861288
0.4974424299598279,-1.1492635450796025,6.0878406656151896
0.4972341176414429,-1.114490263679096,6.106229615100219
0.49722911425593497,-1.0801873861422036,6.106671293269187
0.4972700806937605,-1.0459818938730825,6.103054945654243
0.4973110538825476,-1.0117707647955279,6.099438002092349
0.4973548122243365,-0.9775594585099028,6.095575196748229
0.49749855678672855,-0.9435317456300024,6.082886021585345
0.49768781269577,-0.9095673818233038,6.066179293063065
0.4978772126511788,-0.875577167076211,6.049459848723529
0.49806675681747214,-0.8415610718640048,6.032727674043834
0.4983922048281202,-0.8077390905835051,6.003998470345252
0.4988377177377763,-0.7740585275241356,5.9646704341825085
0.49938279249253065,-0.7404641405923731,5.916553490314534
0.4995041490714498,-0.7061955211010152,5.905840633692705
0.4996255646471917,-0.6719102421117406,5.89512256907549
0.49974703927483083,-0.6376082914885773,5.884399291601142
0.499868572993256,-0.6032896570608263,5.873670797836709
0.4999901658377449,-0.5689543266429511,5.862937084668033
0.5001118178514551,-0.5346022880481072,5.852198148285346
0.5002335290775861,-0.5002335290775861,5.841453984875159
0.5307727914013312,-1.6608051859977138,6.168440452019105
0.5308470214945301,-1.6267892594187214,6.16231048303235
0.5309212723532148,-1.5927638170596445,6.156178799218388
0.5309955439672277,-1.5587288548715394,6.15004540141603
0.5310809310862671,-1.5247162215057346,6.142994078037297
0.5311834506895746,-1.490740651935258,6.134527943054479
0.5312860098811925,-1.4567519625774632,6.126058538843459
0.5313886086840558,-1.4227501458315042,6.117585863510236
0.5314912471211174,-1.3887351940906616,6.109109915159337
0.5315939252086515,-1.354707099725273,6.100630692446849
0.5316966429542479,-1.3206658550799062,6.092148194745981
0.5317994004029857,-1.2866114525878687,6.083662418334086
0.5316902511777575,-1.2520447850314933,6.092676031772285
0.5314676215199323,-1.2172322944488774,6.111060932547524
0.5312451782233191,-1.18244894507771,6.1294304434936535
0.5312353475159444,-1.1481538155989766,6.130242269651049
0.5312790922032247,-1.1139722901035356,6.126629805153058
0.5313228440954294,-1.0797851347745824,6.123016745667762
0.5313666031943386,-1.045592348221118,6.119403091048163
0.5315004251578394,-1.011565325300404,6.108351986965523
0.5316858113378624,-0.977615846653489,6.093042676615227
0.5318845371911296,-0.9436661143713589,6.076631767442201
0.5320869028684367,-0.9096969629686176,6.059920279251678
0.5324251611973615,-0.8759252651956593,6.031986688217891
0.5329007931365026,-0.842327060118988,5.992708695824298
0.5334958455634723,-0.8088485400478451,5.943568882500351
0.5336273222368305,-0.7746203064728184,5.932711453990777
0.5337588637293503,-0.7403751980761956,5.921848672673008
0.5338886637869357,-0.7061108133956245,5.9111297001756355
0.534018421712512,-0.6718296273157409,5.900414206966751
0.5341482427387344,-0.6375317735913927,5.8896935028658035
0.5342781269093108,-0.6032172400588993,5.878967584263364
0.5344080742608528,-0.5688860145357465,5.868236448136024
0.5345380848394722,-0.5345380848394722,5.857500090675842
0.5648982114246296,-1.6946946342738887,6.177593295543886
0.5649771975559145,-1.6606905503916274,6.171465886571482
0.565056205778547,-1.6266769560291503,6.1653367638460495
0.5651352361017965,-1.592653847195972,6.159205926648511
0.5652142885156483,-1.5586212198461815,6.153073375755774
0.5652933630457974,-1.524579070032605,6.146939109174511
0.5653994714402205,-1.4905986065242176,6.138707670091989
0.5655086265471798,-1.45661312898516,6.130239879976358
0.565617823808894,-1.4226145265496424,6.121768819673676
0.5657270632497876,-1.3886027916131152,6.1132944872892026
0.565836344891719,-1.3545779165589635,6.104816881127256
0.5656279167109628,-1.3197984723255798,6.120985855149556
0.5654217424904552,-1.2850494147510345,6.136979976498026
0.5652157185182618,-1.250325680358579,6.152962442219696
0.5652050772829115,-1.2160472874874764,6.153787944113532
0.5652515942328556,-1.1818896970323345,6.150179356481502
0.5652981188402141,-1.1477264837058891,6.146570174819757
0.5653446511068777,-1.1135576461196077,6.142960398981607
0.565484079802791,-1.0795605159871464,6.132144112268335
0.5656812124529018,-1.0456531502917277,6.116851397593074
0.5658784825952435,-1.0117221355490718,6.101548016853833
0.5660758903737095,-0.9777674470091346,6.086233958887988
0.5664148447145431,-0.9440247411909052,6.0599393191142354
0.5669205187202945,-0.9105087118841094,6.020711275031701
0.5675662235655801,-0.8771478000558965,5.970620232488329
0.5677060107624193,-0.8429574099199559,5.95977613479414
0.5678458668332452,-0.808750173974622,5.948926694148248
0.5679857918289722,-0.7745260797667803,5.938071906600939
0.568125785800565,-0.7402851148310393,5.927211768198589
0.5682649306902253,-0.7060261260090678,5.9164174979704
0.5684030269597377,-0.6717490318615081,5.905704575244592
0.568541190375587,-0.6374552740574764,5.894986443590824
0.5686794209865743,-0.6031448404403061,5.884263099223325
0.5688177188305044,-0.5688177188305044,5.873534539209359
0.599093120571942,-1.694577683903493,6.1806174667379565
0.5991768821787544,-1.660575930609691,6.174490903496817
0.5992606672109331,-1.6265646681439612,6.168362626857466
0.5993444756783063,-1.5925438925166424,6.162232636101031
0.5994283075710987,-1.5585135996848565,6.156100931942497
0.5995121629148652,-1.5244737856978001,6.149967512512717
0.5996089722564135,-1.4904565881802279,6.142886600673755
0.5997247207629983,-1.4564743218529959,6.134420424192122
0.599840513966391,-1.4224789331202987,6.125950978458256
0.5995294437317572,-1.3874824269220667,6.148703544191477
0.5993110502267942,-1.3527306562261925,6.1646774691259125
0.5990928157744198,-1.3180041947037235,6.180639760499588
0.5991460772805032,-1.2838844513153638,6.176744061768915
0.5991934926441397,-1.2497464275149197,6.173275966600073
0.5992409155131065,-1.2156030000408733,6.1698073224699215
0.5992862363496795,-1.1814500088036537,6.166492426994871
0.5994309117099076,-1.1474820309875373,6.155910457789616
0.5996397652681023,-1.1136167069264757,6.140634311818808
0.5998487644144246,-1.0797277759459643,6.125347517116367
0.6000579093011582,-1.0458152133534473,6.110050062543856
0.6003998401417241,-1.0121025876674776,6.085040263919609
0.600911573106908,-0.9786274190598215,6.047610652751871
0.6015947878033984,-0.9453632379767689,5.9976383778085705
0.6017428649970463,-0.9112106241383845,5.986807588787471
0.6018910151044033,-0.8770411934378449,5.975971466649355
0.6020392382074423,-0.8428549334904192,5.965130005398507
0.6021875343367031,-0.8086518318235728,5.954283202801143
0.6023359035414679,-0.7744318759818872,5.943431055252631
0.6024843458757637,-0.7401950535045098,5.9325735588012805
0.6026328613936712,-0.7059413519183005,5.921710709491478
0.6027793833582792,-0.6716684557420824,5.910993674365869
0.6029258851569634,-0.6373787928802185,5.900278114233529
0.6030724581987883,-0.6030724581987883,5.889557343174339
0.6032191025226104,-0.5687494395213183,5.878831358346218
0.6331947994690341,-1.728450668820877,6.189765225926287
0.6332833104839994,-1.6944607496734039,6.183641220566528
0.6333718462474149,-1.6604613266486283,6.177515502881562
0.6334604067696621,-1.626452395759943,6.171388072153114
0.6335489920611279,-1.5924339530185105,6.1652589276625065
0.6336376021123735,-1.5584059943844861,6.159128070062806
0.6337262369486195,-1.524368515903436,6.152995497609034
0.6338148965852665,-1.4903215135923833,6.146861209235624
0.6333881676585947,-1.455080925702177,6.176386237675608
0.6331575858735292,-1.4203264764189978,6.192340004426086
0.6330083146632084,-1.3857749591275643,6.202667958437473
0.6330583801881551,-1.3516651901314662,6.199203965360084
0.6331084536332349,-1.3175500251286238,6.195739424295105
0.6331585350003271,-1.283429462838501,6.192274335112501
0.6332086242913123,-1.2493035019801568,6.188808697682177
0.6333537989159628,-1.2153545871090097,6.17876418311176
0.6335615296619334,-1.1815066363965785,6.164391461228391
0.6337822322860613,-1.1476597179234085,6.149121225613051
0.6340030887283111,-1.1137892099281141,6.133840347446586
0.6343573708843391,-1.0801220098841449,6.109327852326814
0.6348977472613674,-1.0467233130525246,6.0719396489432285
0.6356159928208622,-1.0135498263900236,6.022244821043046
0.6357535624688245,-0.9794041367762973,6.012726488643487
0.635894385650242,-0.9452484111017112,6.002983046902173
0.6360508863680386,-0.9110999183109743,5.992154889130305
0.6362074641379513,-0.8769346127306895,5.981321400184996
0.6363641190412221,-0.8427524819735105,5.970482574445171
0.6365208511208718,-0.8085535135859722,5.959638408934282
0.6366776604235944,-0.774337695109777,5.948788900421576
0.6368345470064769,-0.7401050140886083,5.937934044957274
0.6369915109266622,-0.7058554580538688,5.927073838587695
0.6371474938761221,-0.6715878989505071,5.9162815047872215
0.637302330053013,-0.637302330053013,5.905568515250998
0.6374572415182671,-0.6030000933280905,5.894850316573951
0.6673754996169873,-1.7283314220850183,6.192787717449036
0.667468782137686,-1.69434383158028,6.186664557115996
0.6675620907391896,-1.6603467385051638,6.180539684812167
0.6676554254324376,-1.6263401388738865,6.174413099819482
0.6677487862283753,-1.5923240286984335,6.1682848014194676
0.6675756400029668,-1.5576764933402558,6.17965029724116
0.6672922917918988,-1.5227952299866407,6.1982495644292115
0.6670091840094546,-1.4879435643287833,6.216833049635802
0.666891301417817,-1.4534810415516526,6.224570983856111
0.6669359400410187,-1.419376487779604,6.2216408588459515
0.6669886660974427,-1.3852841526639195,6.218179866424272
0.6670414004912698,-1.351186426636162,6.214718326726903
0.6670941432244775,-1.317083308417558,6.211256239624049
0.6672887650121848,-1.2832476250234324,6.198481065866837
0.6674992860376731,-1.2494217405320547,6.184662249834794
0.6677099399384352,-1.2155745060417666,6.170834711733484
0.6679207268403118,-1.1817059013328595,6.156998443302605
0.6682773613148085,-1.1480662361049274,6.133588590617698
0.6688463174502418,-1.1147438624170698,6.096241726343102
0.6696122932585017,-1.081681396802195,6.045962288672705
0.6697571427238715,-1.0475688642604144,6.036454221202284
0.6699020548700119,-1.0134415701879667,6.026942039301787
0.6700470297376174,-0.9792995050011333,6.017425740299984
0.6701920673674181,-0.9451426591078973,6.0079053215233245
0.6703505723741758,-0.9109892393802902,5.997500890310512
0.6705155737069005,-0.8768280579244084,5.9866700335983225
0.6706806563070549,-0.8426500553601458,5.975833842408704
0.6708458202312946,-0.8084552192530986,5.964992313022712
0.6710110655231454,-0.7742435371420908,5.9541454425832825
0.6711763922427502,-0.7400149965753399,5.943293227142554
0.6713418004503116,-0.7057695850887891,5.93243566274878
0.6715072902060915,-0.6715072902060915,5.921572745446305
0.6716705280324591,-0.6372258855692561,5.910857647100123
0.7015513429331244,-1.7282118447864772,6.195818587590281
0.7016495365096164,-1.694226929620781,6.189687476472734
0.7017476166311026,-1.6602321661760233,6.1835634493750575
0.70148460310706,-1.6253911535407488,6.199985757217718
0.7011870005656496,-1.5904973427464737,6.218567769559435
0.7008896504309601,-1.5556331265662773,6.237134021871761
0.7008295658816723,-1.5213129600846058,6.240885642510214
0.7008457386114437,-1.4871604697364782,6.239875833041566
0.7008619120876539,-1.4530064031085508,6.238865976966004
0.7008895653750775,-1.4188739981983276,6.23713933267809
0.7009722289620132,-1.3848475742908066,6.231977898957226
0.7011932075131555,-1.3510795949643728,6.21818021381273
0.7014143254333537,-1.3172903184967861,6.20437382660036
0.7016355828544973,-1.2834797247338365,6.190558729085041
0.7018569799086426,-1.2496477934958758,6.176734913021342
0.7022421874582757,-1.2160779343789652,6.152682929434491
0.7027788422318829,-1.1827253686341443,6.119174728936095
0.703571944642977,-1.149739519294621,6.069654188145826
0.7037240581526008,-1.1156600921931477,6.0601563690083395
0.7038762374508727,-1.081565925839146,6.050654442091854
0.7040284825804817,-1.0474570106685215,6.041148404730897
0.7041807935841541,-1.0133333371089048,6.031638254257693
0.7043331705046534,-0.97919489557964,6.022123988002129
0.7044856133847797,-0.9450416764917776,6.012605603291803
0.7046419260527887,-0.9108785873365318,6.002845592801478
0.7048153468508237,-0.8767215290095612,5.992017367363204
0.7049888530467573,-0.8425476536412465,5.9811838097634435
0.7051624447120349,-0.8083569488162351,5.97034491554124
0.7053361218864321,-0.7741494020704742,5.959500682213019
0.7055098846331457,-0.7399250009567137,5.948651105832859
0.7056837330154344,-0.7056837330154344,5.937796182450924
0.7058576670966199,-0.6714255857748336,5.926935908113492
0.706030482062602,-0.6371494594223481,5.916145510237534
0.7356269622142648,-1.7620831885597508,6.204534342592602
0.7357249689050224,-1.728098182776913,6.198699525654483
0.7353621089307986,-1.6930429949802108,6.220302352026877
0.7350502786166139,-1.658136675018873,6.238867133522525
0.7347255946500763,-1.623230964924587,6.258197155716388
0.7347425428756267,-1.5890943369170532,6.25718814507897
0.7347594918830989,-1.5549561339851627,6.256179087889926
0.734776441672547,-1.5208163560199228,6.255169984146043
0.7347933922440251,-1.4866750029123297,6.2541608338440895
0.7348819444717549,-1.4526736111650969,6.248888887262964
0.7350739436401543,-1.4188636586542513,6.237458239097791
0.7352988632594994,-1.3850978586981268,6.2240676757135205
0.735530705044487,-1.351323853453825,6.210265002002636
0.7357626930763111,-1.31752854341572,6.196453621503331
0.7362528084294063,-1.2841618751675692,6.167274660946973
0.736815266799092,-1.2508724296821796,6.133788767309866
0.7375201266503638,-1.217765790515717,6.091825018024849
0.737662663274448,-1.1836912503706258,6.08333911668403
0.7378137987299802,-1.1496168491839227,6.074341284912805
0.7379732983664237,-1.1155410324143613,6.064845492603617
0.7381328669786302,-1.0814504795268303,6.055345593830388
0.7382925046113522,-1.0473451809602905,6.045841585928798
0.7384522113093811,-1.0132251271454298,6.036333466232193
0.7386119871175469,-0.9790903085046553,6.026821232071619
0.7387718320807186,-0.944940715452082,6.017304880775818
0.7389317462438041,-0.910776338393526,6.007784409671196
0.7391067866078163,-0.8766150259767123,5.997363401953265
0.7392887123006681,-0.8424452768077381,5.986532476983477
0.7394707276056759,-0.8082587022666691,5.975696216964408
0.7396528325582851,-0.7740552898865773,5.964854619785818
0.7398350272247428,-0.7398350272247428,5.954007681503683
0.7400173116713616,-0.7055979018261821,5.943155398170099
0.7401996859645193,-0.6713439012236339,5.932297765833269
0.769247899050728,-1.760722968938333,6.238341742891919
0.7689044976516689,-1.7257634280626346,6.257877466927283
0.7686175829660455,-1.6909586825253002,6.274199724598297
0.7686302606517728,-1.6568252285160436,6.2734785051435935
0.7686479847762803,-1.6227013011943696,6.27247019939383
0.7686657097182207,-1.5885758000843226,6.271461847141225
0.7686834354776506,-1.5544487250770267,6.270453448382547
0.7688129464161828,-1.5205411606897836,6.263085714990488
0.7690137453831845,-1.4867599077408231,6.25166248486773
0.7692146492671464,-1.4529610041712766,6.24023328613567
0.7694156581503188,-1.4191444361439214,6.2287981141152
0.7696379075499608,-1.3853482335899294,6.2161545927133375
0.7702408004788444,-1.3522005163961934,6.181856683870194
0.77082902798156,-1.3189741145462248,6.1483930748268065
0.7714516707490895,-1.2857527845818157,6.112971619607357
0.7716006933245227,-1.2517077913931147,6.104493890871595
0.7717497734849472,-1.2176496426095833,6.096012886189669
0.7718989112637464,-1.1835783306044112,6.08752860366242
0.7720481066943312,-1.1494938477448933,6.079041041389154
0.7722152294152452,-1.115421998044243,6.069533615488268
0.7723821841838256,-1.081335057857356,6.060035744209031
0.7725492111600534,-1.0472333751280722,6.050533765116967
0.7727163103907829,-1.0131169402901377,6.041027675546573
0.7728834819229097,-0.9789857437690189,6.031517472830025
0.7730507258033694,-0.944839775981896,6.0220031542972094
0.7732180420791385,-0.9106790273376519,6.012484717275676
0.7733898960144974,-0.8765085488164304,6.002708137841928
0.7735802371076476,-0.8423429248505496,5.991879844542716
0.7737706719533215,-0.8081604795956914,5.981046217766597
0.7739612005820536,-0.7739612005820536,5.970207255776508
0.7741518230631389,-0.7397450753714438,5.959362954630322
0.7743425394659402,-0.7055120915134122,5.948513310382069
0.8030867255933355,-1.7941299188787283,6.257403882575765
0.8024988389830698,-1.7586676684097062,6.289424940496623
0.8025089269480327,-1.7245404600372618,6.288875468362477
0.8025190151666242,-1.6904123936488467,6.28832598241366
0.8025291036388538,-1.6562834692121025,6.287776482649662
0.802548244227094,-1.6221719830122114,6.286733931460411
0.802721934916086,-1.5883646797275743,6.277273332230209
0.802931522223529,-1.5546120962200243,6.265857512931184
0.8031412190042769,-1.520841882795333,6.2544357308308705
0.8033510253441235,-1.4870540256369946,6.243007981256248
0.8036583349216229,-1.4534246482625093,6.226269417035013
0.8042308812288139,-1.4202375136593948,6.195083916047587
0.8048201484076062,-1.3870304685322574,6.1629876612027275
0.8053505470199998,-1.3536743237144677,6.134097864442566
0.8055060430352892,-1.3196588364620694,6.125628294248081
0.805661599066521,-1.2856302112763633,6.117155455100132
0.805817215190046,-1.2515884406143267,6.108679342840048
0.8059728914406923,-1.2175335168572161,6.100199955570801
0.8061286278533143,-1.1834654323803977,6.091717291393941
0.8062844244627939,-1.1493841795533446,6.083231348409527
0.8064498536386001,-1.1153029890746597,6.074220737982635
0.8066241914075103,-1.081219660822833,6.064724893548373
0.8067986045691545,-1.0471215931642217,6.055224942616263
0.8069730931724484,-1.0130087765356266,6.045720882521962
0.807147657266351,-0.9788812013655747,6.036212710598754
0.8073222968998629,-0.9447388580743077,6.026700424177676
0.8074970121220276,-0.9105817370737759,6.017184020587429
0.8076718029819309,-0.8764098287676271,6.007663497154404
0.8078634305083471,-0.8422405977640214,5.997225912736845
0.808062280794598,-0.808062280794598,5.986394918421901
0.8082612289996081,-0.7738671341485609,5.975558590659645
0.8391568816810564,-1.7981933178879779,6.158334344826443
0.8363775285766953,-1.7580997029265228,6.303541364156324
0.836388039024687,-1.723983509010069,6.302992246873494
0.8363966144821974,-1.6898625476272968,6.302544222970916
0.8366112302236411,-1.6561487618712896,6.291331645458747
0.8368272955935023,-1.6224202669669943,6.28004333225784
0.837045773820684,-1.588678713578033,6.268628959572425
0.8372643661579129,-1.5549195371504096,6.257208625219249
0.8376599963887355,-1.5214640750734176,6.2365389641803475
0.8382566262252731,-1.4883331935020154,6.205368099251039
0.839146159974099,-1.4556617060775188,6.158894499312382
0.839263542494556,-1.4216096740213908,6.152761861508907
0.8393809578593121,-1.3875481140123322,6.146627507758389
0.8395407789068745,-1.3535453374212876,6.138277673436761
0.8397028608802761,-1.3195330670975767,6.129809717275371
0.8398650054081366,-1.2855076613389846,6.121338492962657
0.8400272125628585,-1.2514691125936463,6.112863996715959
0.8401894823853748,-1.2174174132522777,6.104386226396748
0.8403518149120089,-1.1833525556924207,6.095905180107287
0.8405142101791137,-1.1492745322857267,6.087420855948352
0.8406766682230685,-1.1151833353979481,6.078933252019276
0.8408588909897364,-1.0811042884153754,6.069413042168868
0.8410406871802248,-1.0470098350610961,6.0599151187474405
0.8412225619974655,-1.0129006358744992,6.050413087479356
0.8414045154924784,-0.9787766812871688,6.040906945699085
0.841586547716328,-0.944637961722409,6.031396690738781
0.8417686587201226,-0.9104844675952347,6.021882319928281
0.8419508485550152,-0.8763161893123628,6.0123638305951275
0.8421382955393939,-0.8421382955393939,6.002570682023503
0.842345557167654,-0.8079641058546886,5.991742319404196
0.8711744790737236,-1.7594308106783045,6.270457521005248
0.8704833971905227,-1.7238984924753489,6.305147121416901
0.8707067461441872,-1.6901954483975397,6.293935879821191
0.870930209741182,-1.656475104801856,6.282718883579882
0.8711557020296753,-1.6227410135846894,6.271400054981001
0.8716457076610548,-1.589471584558394,6.2468036938764655
0.8722663983633158,-1.5563969068835635,6.215647454704147
0.8730925139925665,-1.523632034222322,6.1741796897849
0.8732146024535835,-1.489601380656113,6.168051327820123
0.8733367250637349,-1.4555612084395582,6.161921251702715
0.873458881837351,-1.421511513578434,6.155789460713365
0.8735810727887688,-1.38745229207628,6.149655954132385
0.8737244957095542,-1.3534163757069566,6.142456685951785
0.8738931611261463,-1.3194073217002602,6.133990343471865
0.8740618916388386,-1.285385134762998,6.125520733423002
0.8742306873089426,-1.251349807324565,6.1170478527275876
0.8743995481860575,-1.217301331788433,6.108571698895936
0.8745684743079751,-1.1832397005343191,6.100092270031055
0.8747374657125173,-1.1491649059360523,6.091609564234425
0.8749065224375344,-1.1150769403615635,6.0831235796061165
0.8750862852695578,-1.0809889406271007,6.074100190390823
0.8752754613338344,-1.0468981008110567,6.06460429383106
0.875464719207921,-1.0127925182993596,6.055104290739649
0.8756540589448979,-0.9786721835266506,6.045600178452183
0.875843480597891,-0.9445370869192942,6.036091954301945
0.8760329842200716,-0.9103872188953684,6.026579615619937
0.8762225698646579,-0.8762225698646579,6.017063159734818
0.8764122375849136,-0.8420431302286425,6.007542583972963
0.9073880078108392,-1.763414430273895,6.171447169891543
0.9047981993729417,-1.724238078050323,6.296539803873003
0.905030398574254,-1.6905284803556822,6.28532414433792
0.9056067346214003,-1.657431193552374,6.257486025834254
0.9062575325610438,-1.624423879118852,6.2260512574288285
0.9070152054678968,-1.591554983179517,6.189454226456306
0.9071419932984117,-1.5575456866067068,6.183330135020114
0.9072688165627575,-1.523526880643121,6.1772043320630345
0.9073956752931925,-1.4894985613303349,6.171076816026925
0.9075225695045955,-1.4554607246771816,6.164947586193122
0.9076494992118546,-1.4214133666902629,6.158816641842499
0.9077764644298649,-1.3873564833739445,6.152683982255581
0.9079034651735314,-1.3532900707303581,6.146549606712448
0.9080769456380284,-1.3192816002665695,6.138170172955611
0.9082522596228184,-1.2852626315417242,6.129702176709152
0.9084276412935689,-1.251230524800576,6.1212309111030905
0.9086030907090914,-1.2171852724593488,6.112756373296719
0.9087786079086448,-1.1831268668999337,6.1042785613937625
0.908954192931519,-1.1490553004983355,6.0957974734964395
0.909129845817034,-1.1149705656246642,6.087313107705526
0.9093063765850297,-1.0808736174501297,6.078786338534414
0.9095029293695539,-1.0467863904064676,6.069292468187584
0.9096995671449029,-1.0126844238028163,6.05979449262356
0.9098962899662153,-0.978567708076873,6.050292409179036
0.9100930978886764,-0.9444362336580604,6.0407862151884615
0.9102899909675197,-0.9102899909675197,6.031275907983954
0.9104869692580262,-0.8761289704181007,6.021761484895336
0.9395394482444772,-1.7253360776853126,6.268709318075246
0.9402144579560725,-1.6923860243209305,6.237290684226444
0.9409229820265991,-1.659445986483275,6.204312109307388
0.9410483406940552,-1.6254471339260954,6.198477233149433
0.9411772570902588,-1.5914451801708014,6.192476760889768
0.9413088112132817,-1.5574382149165207,6.186353514436341
0.9414404020983209,-1.523421741577283,6.180228556878156
0.9415720297801732,-1.4893957561977285,6.174101886595572
0.9417036942742746,-1.4553602547875153,6.167973502870126
0.9418353955960704,-1.42131523335407,6.161843404982903
0.9419671337610143,-1.3872606879025846,6.155711592214608
0.9420989087845686,-1.3531966144360168,6.1495780638455315
0.9422542162783251,-1.319155902789655,6.142349205954325
0.9424361112235563,-1.285140151668486,6.133882823049014
0.9426180763812969,-1.2511112650151759,6.1254131720705445
0.9428001118201157,-1.217069235258695,6.116940249827337
0.9429822175807379,-1.1830140547831074,6.108464054423841
0.9431643937039201,-1.1489457159665937,6.099984583962993
0.9433466402304506,-1.1148642111814415,6.091501836546307
0.9435289572011492,-1.0807695327940436,6.0830158102737855
0.9437230936259554,-1.046674703839696,6.073979642137353
0.9439271081484992,-1.012576352377481,6.06448369345167
0.9441312108980356,-0.9784632549306915,6.054983638200525
0.9443354019318083,-0.9443354019318083,6.0454794737194675
0.9752041422551042,-1.6253402370918404,6.201357821525143
0.9753340769487371,-1.591334546600571,6.195522158091812
0.9754709143870682,-1.5573307580565476,6.1893764766509705
0.9756072715757613,-1.5233166170218029,6.1832523643166795
0.9757436668914395,-1.4892929652553553,6.177126539612537
0.9758801003500958,-1.4552597987676867,6.170999001820263
0.9760165719677324,-1.4212171135670488,6.164869750221143
0.9761530817603605,-1.3871649056594597,6.158738784096087
0.9762896297440005,-1.3531031710487025,6.152606102725592
0.9764262159346815,-1.319031905736324,6.146471705389743
0.9766134483038232,-1.2850176951366095,6.138062672670394
0.9768019944359755,-1.2509920279618634,6.129594635857941
0.9769906133840583,-1.2169532201801427,6.121123328715974
0.9771793051902619,-1.1829012641776855,6.112648749349638
0.9773680698968089,-1.1488361523348456,6.104170895862616
0.9775569075459544,-1.1147578770260884,6.09568976635714
0.9777458181799865,-1.0806664306199851,6.087205358933936
0.9779359564406134,-1.0465630411031126,6.078665816000523
0.9781473445577992,-1.0124683040159677,6.069171893544457
1.0096283037955973,-1.557223316023718,6.192399021750347
1.0097694259713141,-1.5232115069736774,6.186275754465008
1.009910587603636,-1.489190188500277,6.180150775164265
1.010051788709113,-1.4551593566148238,6.174024083130014
1.0101930293043038,-1.4211190073263935,6.167895677643763
1.0103343094057773,-1.3870691366418297,6.161765557986612
1.010475629030111,-1.3530097405657417,6.155633723439259
1.0106169881938918,-1.3189408151005029,6.149500173281979
1.0107842727256793,-1.2848952619394227,6.142241725801036
1.0109793973207428,-1.2508728136341396,6.133775302693188
1.0111745972651363,-1.2168372272173675,6.1253056101906935
1.0113698726025138,-1.182788495077516,6.116832646399409
1.0115652233765622,-1.148726609597113,6.108356409423742
0.0,0.0,50.0
