-0.8675027269422916,1.1861771980639497,4.677408551586396
-0.8323551698680323,0.8677745387985868,4.66320776889016
-0.8323068274168905,0.9031414510268387,4.665840889633195
-0.8322623958584598,0.9385086591595398,4.668260991539206
-0.8322195929545868,0.9738739917553675,4.670592383750169
-0.831058379103141,1.1493360562064716,4.73384147863743
-0.8307345173152689,1.18423856723666,4.751481610061944
-0.7971039755171673,0.7616771321608488,4.653640503912257
-0.7970576706552511,0.7970576706552511,4.656274736056822
-0.7970113711728481,0.8324340987805303,4.6589086621668585
-0.796965077069021,0.867806417252934,4.661542282295692
-0.7969187883428326,0.9031746267885437,4.664175596496634
-0.7968728958680861,0.9385391884668569,4.666786368393325
-0.7968319116981796,0.9739056698533306,4.669117912281337
-0.7967909317437905,1.0092685135421346,4.671449216353253
-0.7967499560042687,1.0446277200944856,4.673780280646049
-0.7962311267948665,1.0793355274330412,4.7032958978920405
-0.7955803959918712,1.1138125543886197,4.740315250240215
-0.7952704042258001,1.1487239172150445,4.757950337376705
-0.7949606539374413,1.1836080847513015,4.77557168711445
-0.7948929724338558,1.2188358910652457,4.779422012651757
-0.7618411737161035,0.65553775412781,4.643874308994768
-0.7617936346051274,0.6909291104558132,4.646704544438926
-0.761749374200859,0.7263191707496562,4.649339582460485
-0.7617051189393735,0.7617051189393735,4.651974314307068
-0.7616608688197744,0.7970869557416242,4.654608740032039
-0.7616166238411657,0.832464681872902,4.657242859688743
-0.7615723840026514,0.867838298049533,4.659876673330523
-0.761528149303336,0.9032078049876776,4.6625101810106955
-0.7614839197553568,0.9385732034193933,4.6651433820066615
-0.7614419281913613,0.9739373500122062,4.6676433448864
-0.7614027670207222,1.0093013423297945,4.669974800626768
-0.7604089198256148,1.0433517737142157,4.72914337782386
-0.7601125592470908,1.0782992119551753,4.74678717040576
-0.759816429584783,1.1132194200893333,4.7644172154175735
-0.7596674345772426,1.14833449412839,4.7732876158664865
-0.7596277742188907,1.1836060668061785,4.775648790689296
-0.7595881180014611,1.2188739567930422,4.77800971898278
-0.7264980340028687,0.6201812485390343,4.6381715354306365
-0.7264420827073815,0.6555696843944663,4.641665079734224
-0.7263880657623777,0.6909545015788471,4.645037845080807
-0.7263458608798297,0.7263458608798297,4.647673076771611
-0.726303660901406,0.7617331077746452,4.650308002253681
-0.7262614658262515,0.797116242980032,4.652942621580394
-0.726219275653512,0.8324952672125625,4.655576934805104
-0.7261770903823329,0.8678701811886417,4.658210941981167
-0.7261349100118604,0.9032409856245093,4.660844643161887
-0.7260927345514038,0.9386076812493757,4.663478037766005
-0.7252202761668632,0.9728564680287191,4.717953488117807
-0.7249373600697688,1.0078397444872396,4.735618493204683
-0.7246548645167752,1.0427960245485302,4.753257239928182
-0.724432338384442,1.0778139668646576,4.767151554532404
-0.7243945124323266,1.113094006908209,4.769513370079125
-0.7243566904301393,1.14837036287705,4.771874938996177
-0.724318872377262,1.1836430353482086,4.77423626132218
-0.7243967171246005,1.2191066702828643,4.769375711244457
-0.7246029136885087,1.2548001676069298,4.756500998961407
-0.6911460055556438,0.5848158508547755,4.632467327629534
-0.6910927702060926,0.6202114604413651,4.635961750574438
-0.6910395430567889,0.6556016177718254,4.6394556352466765
-0.6909863241123744,0.6909863241123744,4.642948981341576
-0.6909397455096141,0.7263725529716456,4.646006448599685
-0.6908996011164822,0.7617610986668907,4.648641567738601
-0.69085946138795,0.7971455323707115,4.651276380688415
-0.6908193263232046,0.8325258547997594,4.653910887502462
-0.6907791959214331,0.8679020666705186,4.656545088234132
-0.6905614725168723,0.9030419255989868,4.670836675815565
-0.6897746256669961,0.9373860297525844,4.722486110063848
-0.6894886940221626,0.9723558505440755,4.74125495649394
-0.6892073074513885,1.0073029878135678,4.759725459601164
-0.6891516894157685,1.0425628121930857,4.763376284503401
-0.6891157026258254,1.0778476374403936,4.765738494304792
-0.6890797195940722,1.113128777805809,4.7681004574147465
-0.6890775495791681,1.148462582631947,4.768242899418709
-0.6892736976002828,1.1841368651081783,4.755367542135282
-0.6894699573214553,1.219831462953344,4.742484852745498
-0.6900157558925231,1.256182529958183,4.706658074747203
-0.6557850850207566,0.5494415577200933,4.626761685050354
-0.6557345669852271,0.5848443435273648,4.630256986968071
-0.655684056732355,0.6202416752873628,4.633751750410028
-0.6556335542603421,0.6556335542603421,4.637245975500662
-0.655583059572646,0.6910199817117079,4.640739662000712
-0.6555325726649199,0.7264009588989653,4.644232810210944
-0.6554929392977779,0.7617890916163365,4.646975010748342
-0.6554548552180955,0.7971748239138999,4.649610017342582
-0.6554167755635192,0.8325564446347405,4.652244717767324
-0.6546075097152252,0.8669126480012442,4.70823716564928
-0.6543360705024984,0.9019226917737141,4.727017824691998
-0.6540648563061549,0.9369037130871948,4.745782915033608
-0.6539038589348019,0.9720192497679486,4.756922192619115
-0.6538661195082001,1.0073072651883084,4.759533352946157
-0.6538310036834877,1.042595384252048,4.761962988385719
-0.653796860236668,1.0778813101199123,4.764325345787292
-0.6539427113066021,1.1134700219544846,4.75423402851618
-0.6541289157576252,1.1491453925471793,4.741350693526478
-0.6543152262790194,1.1848410854241702,4.728460019613792
-0.6203674696902006,0.5494683302970348,4.624550788373902
-0.6203196777023046,0.5848728389764586,4.628046430917152
-0.6202718930774577,0.6202718930774577,4.631541534905956
-0.620224115813959,0.6556654938604709,4.635036100464717
-0.6201763459141839,0.6910536425900907,4.638530127419685
-0.6201285833758108,0.7264363405259497,4.642023615940701
-0.6200836751584263,0.7618170866232095,4.645308331269391
-0.6197478398828599,0.7968186512779627,4.6698722828536745
-0.6191613239647121,0.8314452064668991,4.71277173286677
-0.6189046085431199,0.8664664519603679,4.731548632274659
-0.618648105910964,0.9014586686131189,4.750309967655205
-0.6186164885294659,0.9367621112017627,4.752622553273348
-0.6185807822864049,0.9720555150214935,4.7552342099086715
-0.6185450801650001,1.007344844840143,4.757845565074284
-0.6186099546744163,1.0427996378797302,4.753100458099837
-0.6187861028472038,1.0784557792479839,4.740216477461665
-0.6189623513643726,1.1141322324558707,4.727325157348751
-0.6196995816200236,1.1508706515800438,4.673402030078279
-0.5849914749647408,0.5140834173932571,4.618843154250406
-0.58494640261114,0.5494951054831921,4.622339676226716
-0.5849013372024628,0.5849013372024628,4.625835659445308
-0.5848562787371041,0.6203021138120801,4.629331104030712
-0.5848112272134594,0.6556974365726665,4.632826010107394
-0.584766182632925,0.6910873067480022,4.636320377567031
-0.584721144994999,0.7264717255998473,4.6398142064485555
-0.5839661181157647,0.7609255478478146,4.69838598859522
-0.5837222351789007,0.7959848661530463,4.717305392182254
-0.5834802376594623,0.8310173081816584,4.7360785330841395
-0.583356086646978,0.8661954013849067,4.7457096419314055
-0.583322410473201,0.9014982707313106,4.748322096624406
-0.5832887381873382,0.9367970643614826,4.750934249709523
-0.5832550697887164,0.972091782981194,4.7535461012389675
-0.5834296979009516,1.00774220546528,4.739999193138303
-0.5836042175476819,1.043413601070098,4.726460699331341
-0.5840876910488181,1.0796772470902394,4.688954876212904
-0.584337232790669,1.1155528989640044,4.669596486542041
-0.5843071814586359,1.1509080846912525,4.671927741390668
-0.5495642281016758,0.5141084714499549,4.616631485797093
-0.5495218832789467,0.5495218832789467,4.620128348577303
-0.5494795449811904,0.5849298382057835,4.623624672521046
-0.5494372132068992,0.6203323374916604,4.627120457752845
-0.549394887954565,0.6557293823973841,4.630615704397208
-0.5487502064106157,0.6903631629036777,4.683853922220123
-0.5485202342475638,0.725462245295165,4.702845171814083
-0.5482904547588483,0.7605319211171122,4.721820510237038
-0.5480849089232339,0.7956071258563073,4.738794617952294
-0.5480532640612756,0.8309194648670953,4.741407871068844
-0.5480216228532749,0.8662277264454992,4.744020822439225
-0.5479899852985988,0.9015319112976947,4.746633472115711
-0.5480655485744842,0.9370152927241182,4.740393408042593
-0.5482294884166292,0.9726652213843422,4.726855150110623
-0.5483935263649722,1.0083364839614004,4.713308790505522
-0.549002120067488,1.0448750027090903,4.663050729910658
-0.5489702344146549,1.0802317515901272,4.665683867693019
-0.5489407107582976,1.1155891863797662,4.668121950282519
-0.5489124788825631,1.1509455202376322,4.670453356794788
-0.5142158910304684,0.4787527261318154,4.607148929724168
-0.5141449079114903,0.5141449079114903,4.61341502574431
-0.5140939111888942,0.54954866368468,4.6179168053941595
-0.5140543005338778,0.5849583419868265,4.621413470112856
-0.5138832504087807,0.6202039229071491,4.636513067362806
-0.5132964206904879,0.6548954332947603,4.6883159666328
-0.5130813277967102,0.6900059235886793,4.707303477255927
-0.5128664150934512,0.725087000649362,4.726275081405689
-0.5127876170960608,0.7603402598320901,4.733231042554635
-0.5127476153605028,0.79564285142147,4.736762230245262
-0.5127141237562284,0.830950476432508,4.739718730484668
-0.512702015286597,0.8662896120359742,4.740787616079714
-0.5128553756927812,0.9019180744942012,4.727249594016563
-0.5130088278733324,0.9375678578374695,4.713703470492035
-0.5135569349028708,0.9739872903330308,4.665318849953479
-0.513631329590763,1.0095512340232236,4.658751594746448
-0.5136014954196629,1.0449133872331073,4.661385231919404
-0.5135716647141852,1.0802714326746654,4.664018563161584
-0.5135418858497555,1.1156254761563653,4.666647318090554
-0.5135154736671261,1.1509829582194206,4.66897887628128
-0.47879453303001157,0.47879453303001157,4.603185016413718
-0.47872843375667035,0.5141897992201274,4.609452206774961
-0.4786623527312853,0.5495752938766609,4.615717666959611
-0.47805000358481464,0.5842833377147735,4.67377743788424
-0.4778496161814706,0.6194346876426471,4.6927771324235295
-0.4776493967031808,0.6545565806673218,4.711760905179894
-0.4775199519486884,0.689751041703661,4.724034185605838
-0.4774826938192361,0.7250663128366177,4.727566808250209
-0.47744544150340423,0.7603760735054216,4.731098879677226
-0.4774081949998325,0.7956803249997209,4.734630400015881
-0.47748343407278265,0.8311748667192883,4.727496621247276
-0.47762474614172673,0.8668004652201707,4.714098143599244
-0.477767698443013,0.9024500970590246,4.700544147625436
-0.4782816154578782,0.938849097009909,4.651817201030809
-0.47825383031547103,0.974220765457441,4.654451644162748
-0.4782260484049037,1.0095883244103523,4.6570857808683925
-0.47819826972186813,1.0449517745774155,4.659719611556206
-0.478170494265802,1.0803111166745898,4.662353136279513
-0.478142722036143,1.115666351417667,4.664986355091628
-0.4433669881762852,0.47883634723038804,4.599220410748394
-0.4430388887564593,0.5139251109574928,4.632817791338567
-0.4426051628222904,0.5488304018996402,4.6772313269974575
-0.44240979082175974,0.5839809238847229,4.6972374198518025
-0.44223795321441656,0.6191331345001833,4.714833590843739
-0.4422034409246415,0.6544610925684694,4.718367649316711
-0.4421689340211305,0.6897835370729636,4.721901156236235
-0.44213443250262274,0.7251004693043013,4.725434111731431
-0.4421524069937568,0.7605021400292618,4.723593523839305
-0.4422684580143731,0.7960832244258715,4.7117098993281985
-0.44238456997042686,0.8316829915444025,4.699820035028289
-0.4429210870728862,0.868125330662857,4.644880683736453
-0.44289535221006193,0.9035065185085264,4.647515933689654
-0.4428696203375884,0.9388835951156874,4.650150877430946
-0.44284389146183584,0.9742565612160389,4.6527855143080075
-0.44281816558023857,1.009625417522944,4.6554198445835695
-0.4427924426874261,1.0449901647423256,4.6580538688075634
-0.44276672278287765,1.0803508035902214,4.66068758703333
-0.44274100586607235,1.1157073347825024,4.663320999314195
-0.40780276796023296,0.44414233241692236,4.589082780268544
-0.4074337795342856,0.47829182814894394,4.650848886618647
-0.4072229142589522,0.513454978848244,4.6743191085688025
-0.4070122671352118,0.5485817513561551,4.697765049298162
-0.40690984793874035,0.5838271731294971,4.709164751166291
-0.4068780886826432,0.6191623088648919,4.712699694453626
-0.40684633438377,0.6544919292260648,4.716234085980382
-0.40681458504096024,0.689816035504237,4.719767925875729
-0.4069220727252763,0.7253828252928839,4.707804079273593
-0.4070289141536354,0.7609671003741879,4.695912163769279
-0.40724976802317364,0.7967930243931659,4.6713301678554515
-0.4075380126003828,0.8327950692268692,4.639247293174783
-0.407506626781858,0.8681662918396106,4.642740671236673
-0.40747869774950646,0.9035397210967316,4.645849293967977
-0.407455022686927,0.9389180957568318,4.648484431368125
-0.40743135038036393,0.9742923596052181,4.651119262011669
-0.40740768082999806,1.0096625133612995,4.653753785878479
-0.4073840140296172,1.0450285577281486,4.656388003659998
-0.4073603499787423,1.0803904934218818,4.659021915409554
-0.372517893855609,0.4079957885085242,4.588294844268617
-0.3720286723397166,0.44289127659490074,4.647933276682167
-0.37183611842453346,0.47807500940297154,4.671406515866401
-0.37165358884718563,0.5132359084080182,4.693657740533567
-0.37160387696613123,0.5485581040928604,4.699717855557331
-0.37155417838208604,0.5838708517432781,4.705776349612364
-0.3715148915875191,0.6191914859791985,4.7105655969500475
-0.3715695901192914,0.6546702302101801,4.703897585457803
-0.37166715781930354,0.6902390073787066,4.69200361821823
-0.37176477677192965,0.7258264689356722,4.68010340304096
-0.3721753828934845,0.7620734030676111,4.63004856155618
-0.37214671465325805,0.797457245685553,4.633543356555208
-0.37211805082925437,0.8328356375702359,4.637037613195659
-0.37208939142045305,0.868208579981057,4.640531331601913
-0.37206073642583404,0.9035760741770256,4.644024511898323
-0.37203782221898224,0.9389525989336218,4.646817862828833
-0.3720162067841934,0.9743281606252684,4.649452887260239
-0.37199459386737016,1.009699611925719,4.652087604739634
-0.3719729834616797,1.0450669535351953,4.654722016099996
-0.3367934306941304,0.37224537076719677,4.621516706475063
-0.3366190122872888,0.40748617276882326,4.645017291817929
-0.3364447744423657,0.4426904926873233,4.668493548818091
-0.3363345535538227,0.4779491024185901,4.683344363274415
-0.3362895556596667,0.5132840586384386,4.689407237434381
-0.33624456980435474,0.5486095612597367,4.695468489518518
-0.3362161758884335,0.583954410753595,4.69929419608475
-0.3363002182736982,0.6195004020831283,4.687970590491183
-0.33638763654154147,0.6550706606335281,4.676192129139679
-0.33677935776762047,0.6912839448914314,4.623412848152192
-0.33677245940945044,0.7267195176730246,4.6243423111477355
-0.3367465149531489,0.7621105338413369,4.627837985259944
-0.33672057449398507,0.7974960974857541,4.631333120810432
-0.3366946380310354,0.8328762098662454,4.634827717923649
-0.33666870556337647,0.868250872242392,4.638321776724013
-0.3366427770900852,0.9036200858733866,4.641815297335889
-0.33661801864679997,0.9389871046463367,4.645151171799583
-0.33659846038642033,0.9743639642764799,4.64778639004021
-0.33657890440550103,1.0097367132165032,4.650421301153543
-0.3017953305538751,0.3017953305538751,4.553173751887044
-0.3013675093617229,0.3368225104631021,4.617598590234664
-0.30120479849874565,0.3720765157925682,4.6421009319536
-0.301048881435555,0.40730142782457446,4.665580207351709
-0.3009994347959973,0.4426462276411725,4.673026289543934
-0.30095915518737404,0.47799395235641756,4.679091924724851
-0.30091888635770647,0.5133322179043228,4.6851559367218485
-0.3009427674423899,0.5487779876890639,4.681559726322462
-0.3010180221554875,0.5843291018312404,4.670227251879524
-0.30109331451486854,0.6198980004717882,4.658889108349207
-0.30138675067061116,0.6559593985183889,4.61470107548444
-0.30136062944402864,0.6913567381363009,4.618634624899222
-0.30133741014112897,0.7267549303403699,4.622131178747644
-0.30131419441789964,0.7621476682335108,4.62562719353982
-0.3012909822715795,0.7975349530718281,4.629122669691554
-0.30126777370134206,0.8329167861154751,4.632617607327312
-0.30124456870636096,0.8682931686242169,4.636112006571523
-0.3012213672858101,0.9036641018574303,4.639605867548596
-0.3011981694388636,0.9390295870741042,4.643099190382891
-0.30117811090009866,0.9743997705591427,4.646119770338089
-0.2660932047076983,0.2660932047076983,4.586759729886161
-0.2659427249569528,0.3014017549512132,4.6124416073467245
-0.26579241530718395,0.336670392722433,4.638094454240608
-0.2656837881263692,0.3719573033769169,4.656633493099655
-0.26564822158515583,0.40732727309723893,4.662703516133405
-0.26561266456510696,0.4426877742751783,4.668771914221743
-0.2655753102665306,0.478035558479755,4.675147047845449
-0.2656417302795432,0.5135740118737835,4.663811365624632
-0.26570818352397135,0.5491302459495407,4.652470011908896
-0.26601827894379126,0.5852402136763408,4.599547060259624
-0.26598942394948244,0.620641989215459,4.604471645955002
-0.2659527042123146,0.656016670390376,4.610738481098309
-0.26591939685867283,0.6913904318325493,4.6164229361198394
-0.26589890724115806,0.7267903464591654,4.619919830842356
-0.2658784207830216,0.7621848062446619,4.623416186364317
-0.26585793748144293,0.7975738124443287,4.626912003167078
-0.26583745733569253,0.8329573663185033,4.630407281375142
-0.2658169803450412,0.8683354691271344,4.633902021112974
-0.26579650650875986,0.9037081221297835,4.637396222504989
-0.26577603582611964,0.9390753265856228,4.640889885675584
-0.23088850170110545,0.19536719374708922,4.532725818859234
-0.23064033415549504,0.23064033415549504,4.581595735533284
-0.23050988871874528,0.26597294852162917,4.6072834523086215
-0.23037959075310954,0.30126561867714324,4.632942128618431
-0.23033359277383952,0.3366414048233039,4.642000192228522
-0.2302875701269086,0.37200299789731384,4.6510631134703075
-0.2302500727987123,0.4073655134131064,4.6584472027151165
-0.23025542280543881,0.44279889001045925,4.657393662928975
-0.2303130319259236,0.47834245092307204,4.646049097664282
-0.230370669880833,0.5139038020418583,4.634698854235964
-0.2306079840829764,0.5499113466594052,4.587966211352338
-0.23057613716644068,0.5853086558840417,4.594237604147068
-0.23054429904479598,0.6206961897359892,4.600507265024788
-0.23051246971439968,0.6560739522640606,4.606775194702834
-0.23048064917161099,0.691441947514833,4.613041393898143
-0.2304569502046074,0.7268257660299157,4.617708267400388
-0.2304391935437011,0.762221947875319,4.621204963701935
-0.23042143961887815,0.797612675603809,4.624701121205533
-0.195660559047714,0.12451126484854527,4.464451712532011
-0.19528992695422137,0.1597826675079993,4.550707908835754
-0.19517939990897396,0.19517939990897396,4.576430566638791
-0.19506899790159093,0.23053608842915294,4.602124124720653
-0.19500021965657216,0.2659093904407802,4.618130698106846
-0.19496123642373184,0.3013037290184946,4.62720315956787
-0.19492226877434773,0.33668391879205517,4.636271994333619
-0.1948811488049734,0.3720458295367674,4.645841732660742
-0.19491334400031185,0.4075460829097429,4.638349032654702
-0.19495663985664957,0.4430832724014763,4.628272906088824
-0.19512082697936012,0.47893293894933847,4.5900620848034634
-0.1599009931631207,0.08883388509062261,4.517050833601225
-0.15980482928662382,0.1242926450007074,4.544404114027003
-0.15971039921671207,0.15971039921671207,4.571264222801901
-0.15962963882246597,0.19510289189412508,4.594236068276345
-0.1595977098573216,0.23053002534946454,4.603318085028526
-0.15956579366242404,0.2659429894373734,4.612396469354941
-0.15953389023011352,0.3013417926568811,4.621471223434376
-0.15953421278512125,0.33679444921303375,4.6213794744544
-0.1595605827337666,0.3723080263787888,4.613878689061941
-0.15958696140140888,0.4078333458036005,4.606375423599253
-0.12457137017976803,0.01779591002568115,4.442470334256257
-0.1243867107799195,0.05330859033425121,4.510002914772301
-0.12431189347912729,0.08879420962794807,4.5373646704905894
-0.12423716612787346,0.12423716612787346,4.564693530377703
-0.12419788925657742,0.1596830004727424,4.579057643308829
-0.1241720817992316,0.19512755711307822,4.588495799138158
-0.12414724188088938,0.23055916349308028,4.59758011213188
-0.124128601365083,0.265989860068035,4.604397215055364
-0.12414912668036461,0.30150502193802836,4.596890814038083
-0.12416965878470591,0.3370319309870589,4.589381930164691
-0.12428869524678375,0.37286608574035124,4.5458485954619405
-0.08758203190004371,-0.05254921914002623,5.15799966717762
-0.08434394962410587,-0.016868789924821173,6.815897792457797
-0.08434394225884624,0.016868788451769246,6.8159015634707245
-0.0843439348935879,0.05060636093615274,6.8159053344829985
-0.08876760478236125,0.08876760478236125,4.5509863514310425
-0.08874664042319906,0.12424529659247868,4.561720103322081
-0.088725685964058,0.1597062347353044,4.572448786402305
-0.08870555844056935,0.19515222856925254,4.5827540784284935
-0.08871115191944984,0.23064899499056957,4.579890217241683
-0.08872582869405339,0.2661774860821602,4.572375708644664
-0.0887405103258446,0.30171773510787164,4.564858713167567
-0.05060636218606306,-0.08434393697677177,6.815904267892854
-0.050606357766908604,-0.050606357766908604,6.815908038904652
-0.05060635334775493,-0.016868784449251644,6.815911809915789
-0.050606348928602024,0.016868782976200675,6.815915580926273
-0.05060634450944988,0.05060634450944988,6.8159193519361025
-0.05060634009029852,0.08434390015049753,6.815923122945264
-0.05325573492213593,0.12426338148498382,4.555106199777342
-0.05325000577238227,0.15975001731714683,4.55999507423379
-0.053256848227801384,0.19527511016860508,4.554156178942819
-0.053264256895998445,0.2308117798826599,4.547834115414659
-0.05333462592557328,0.2666731296278664,4.487785876844136
-0.017752544699611742,-0.15977290229650568,4.553485568993942
-0.017747936317078723,-0.12423555421955106,4.565283028278472
-0.01686878191978647,-0.08434390959893233,6.815918285346648
-0.01686878044673594,-0.05060634134020782,6.815922056355994
-0.016868778973685668,-0.016868778973685668,6.815925827364694
-0.016868777500635652,0.016868777500635652,6.815929598372726
-0.016868776027585897,0.050606328082757696,6.815933369380097
-0.0168687745545364,0.08434387277268199,6.815937140386822
-0.01776082091165705,0.12432574638159934,4.532298466157961
-0.017763104511566884,0.15986794060410195,4.526452450388781
-0.017771644928368777,0.19548809421205657,4.504588983375932
0.01773295857364402,-0.23052846145737227,4.603626051471302
0.017726227277696027,-0.19498850005465632,4.62085816909817
0.017727484918480526,-0.15954736426632474,4.617638608689859
0.01773366092578905,-0.12413562648052336,4.601828029980034
0.016868776444222133,-0.08434388222111067,6.815932302791339
0.016868774971172562,-0.05060632491351768,6.815936073798248
0.016868773498123244,-0.016868773498123244,6.81593984480449
0.01686877202507419,0.01686877202507419,6.81594361581007
0.01686877055202539,0.05060631165607616,6.8159473868150044
0.016868769078976848,0.08434384539488424,6.815951157819271
0.017773939482454353,0.12441757637718048,4.498714924916854
0.05314843414529261,-0.3011744601566581,4.646669529350305
0.0531282785265149,-0.2656413926325745,4.663868990707279
0.053121185369191956,-0.2301918032664985,4.669921818289531
0.05313680184056953,-0.1948349400820883,4.656595762713998
0.05315242749645198,-0.15945728248935595,4.643261869694307
0.05317034740775505,-0.12406414395142847,4.627970212049021
0.0531983458166069,-0.08866390969434483,4.604078236495447
0.05060630848683822,-0.05060630848683822,6.815950091231386
0.050606304067693134,-0.01686876802256438,6.81595386223519
0.05060629964854883,0.016868766549516277,6.815957633238327
0.0506062952294053,0.0506062952294053,6.815961404240802
0.053401606151686445,0.08900267691947741,4.430629417227564
0.08846328445837101,-0.33616048094180984,4.706798357314042
0.0884319029758039,-0.30066847011773323,4.722865676388402
0.08845786965648195,-0.26537360896944584,4.709570735881243
0.08848385159107924,-0.23005801413680602,4.696267985367427
0.08850984879304089,-0.19472166734468993,4.682957417963067
0.0885518047020403,-0.15939324846367253,4.661475992555367
0.08860952149869789,-0.12405333009817704,4.631924992666683
0.0886683714627089,-0.0886683714627089,4.601793811093046
0.0887279432622018,-0.05323676595732109,4.571293049752676
0.08434381273504533,-0.01686876254700907,6.815967879656789
0.08434380536980961,0.016868761073961923,6.815971650657481
0.12343064029209008,-0.6876849959130733,4.859651550321345
0.1234778079962446,-0.6526684136944357,4.842401647087691
0.12352896074216857,-0.6176448037108428,4.823694357149783
0.123737796726837,-0.40656704638817875,4.747320054185323
0.1236870681328177,-0.3710612043984531,4.765872225712386
0.12369650214815357,-0.3357476486878454,4.762422071532406
0.12373279199928398,-0.3004939234268325,4.749150354547574
0.12376910314996208,-0.26521950674991873,4.735870848013867
0.1238129815995827,-0.229938394399225,4.71982387215261
0.12389357720286157,-0.19468990703306818,4.690348908667765
0.1239742778013075,-0.15939550003025252,4.660835546950395
0.12405508360022638,-0.12405508360022638,4.631283711917213
0.12417794298546261,-0.08869853070390187,4.586352279602245
0.12433733029440547,-0.053287427269030914,4.528062063760288
0.1583588096717998,-0.8621757415464656,4.955716360021391
0.1584191959702053,-0.8273002456221832,4.938539812919387
0.15847962833988502,-0.7923981416994251,4.921350161099369
0.1585401068335837,-0.757469399316011,4.904147389558418
0.1586006315041265,-0.7225139879632431,4.886931483270679
0.15866120240441953,-0.687531877085818,4.869702427187335
0.1587218195874495,-0.6525230360817368,4.852460206236586
0.1587829714031667,-0.6174893332345371,4.8350659119881385
0.1588515550595476,-0.5824557018850078,4.815557671950906
0.1589201979886635,-0.5473917930720631,4.796032572113496
0.15898890026738643,-0.5122975675282452,4.776490590610081
0.1589619163105794,-0.47688574893173824,4.784166027212969
0.1588967999794385,-0.4413799999428848,4.8026880058486014
0.15886953956728073,-0.40599993444971744,4.8104420786401505
0.158909589027113,-0.37078904106326366,4.799050232287861
0.1589496586841924,-0.3355603905555173,4.787652640940834
0.15899271844081506,-0.30031957927709513,4.775404532390382
0.159086873867456,-0.2651447897790934,4.748622544368061
0.15919036497447747,-0.22994163829646747,4.719185073926404
0.1592939908177091,-0.19469265544386666,4.689709278518308
0.15943096563546688,-0.15943096563546688,4.650747552578309
0.15964264441572418,-0.12416650121222991,4.590536699527348
0.1935064798455304,-0.861983410220999,4.965764690494744
0.19358042518153964,-0.8271163621393057,4.94855559411441
0.19365425412967177,-0.7922219487122936,4.9313735843673
0.19372813941400838,-0.7573009086183964,4.914178463648959
0.1938020810990562,-0.7223532113692095,4.896970216946919
0.19387607924942057,-0.6873788264297639,4.879748829225754
0.19395013392980556,-0.6523777232184369,4.862514285427075
0.19402424521218722,-0.6173498711296866,4.845266568800064
0.19410302087818884,-0.5823090626345665,4.826933322894234
0.1941868755439155,-0.5472539219873983,4.8074180552342085
0.1940492644645005,-0.5115844244973196,4.83944390644352
0.19396965274896796,-0.47610732947473955,4.857971723876545
0.19401849916171593,-0.44095113445844525,4.846603831455205
0.19406737018215894,-0.405777228562696,4.835230212152098
0.194116265828897,-0.37058559840062155,4.823850861638519
0.19419965390000404,-0.33543576582727974,4.804444183271784
0.1943168790842085,-0.30030790403923135,4.777162685856929
0.19444225385039265,-0.2651485279778082,4.747984558454071
0.19456874654904838,-0.229944882285239,4.718546257676017
0.19482302585305883,-0.19482302585305883,4.659368528742675
0.22855620754004527,-0.8966435834263314,4.992008361344929
0.22864037604234247,-0.8617983404672908,4.975433640892561
0.2287260273395874,-0.8269325603815852,4.958566923896633
0.2288132409513065,-0.7920458340622148,4.941392551127336
0.22890052109778364,-0.7571324928618997,4.924205076128764
0.22898786785518627,-0.7221925063125105,4.907004483901787
0.22907528129979818,-0.6872258438993946,4.889790759424358
0.22916276150801987,-0.6522324750612873,4.872563887651474
0.2292503085627127,-0.6172123692073034,4.855323852265805
0.2291619491537145,-0.581718794005583,4.872723858960839
0.22904825608645235,-0.5461919952830787,4.895112647590921
0.22905361436762448,-0.5109657551277778,4.894057478375487
0.2291112496787625,-0.47584644164050677,4.88270775556677
0.22916891400201775,-0.4407094500038803,4.871352319602657
0.22923791608193264,-0.4055747746064962,4.8577642177117255
0.2293761281444233,-0.3705306685409914,4.830547073098188
0.22951450696901687,-0.33544427941625543,4.803297089178216
0.22965305285771012,-0.3003155306600825,4.7760142064816975
0.22989691561123446,-0.2652656718591167,4.727992002710749
0.2302016324369367,-0.2302016324369367,4.667986227803233
0.2635651086145471,-0.9312633837713997,5.018221463117293
0.2636621130049366,-0.8964511842167844,5.001666047157485
0.2637591888259972,-0.8616133501649241,4.985098440363146
0.26385633617459864,-0.8267498533470758,4.968518626201828
0.2639565992323188,-0.7918697976969563,4.951407064350924
0.26405726232437216,-0.7569641519965334,4.934227229973821
0.2641580022239308,-0.7220318727454109,4.917034287115804
0.2642588190189362,-0.6870729294492343,4.899828220768214
0.26435971279746434,-0.6520872915670787,4.882609015899419
0.26414208405226963,-0.6163315294552958,4.919750988412652
0.26405090204304754,-0.5809119844947046,4.935312717986548
0.2641002088361285,-0.5458070982613322,4.926897691967405
0.2641495340469758,-0.5106890991574865,4.91847952264947
0.26421435531219695,-0.47558583956195444,4.907416693385059
0.2643527017313813,-0.44058783621896885,4.883805571177589
0.2645119931914823,-0.4055850562269395,4.856619828653692
0.26467147673638386,-0.3705400674309374,4.829401303657157
0.2648812310156862,-0.3355162259532026,4.793603239989544
0.26521695871355894,-0.3005792198753668,4.736305712885944
0.29853325436131106,-0.9658428817571829,5.044404049120217
0.2986430647003531,-0.9310636723011009,5.027867903946827
0.2987529558528218,-0.8962588675584654,5.011319589222133
0.2988629279079604,-0.861428439264121,4.994759091507142
0.29897298097190483,-0.8265723591576193,4.9781863948190335
0.29908311512860214,-0.7916905988698292,4.961601486516386
0.2991983735239544,-0.7567958859723551,4.94424492815746
0.29931249464740756,-0.7218713106202183,4.9270596295668625
0.2991975932597627,-0.6863944786547497,4.944362426765146
0.29904938925725905,-0.6508722001481521,4.9666802059656945
0.29904737192256653,-0.6156857657229311,4.966983992837044
0.29910317442908846,-0.5806120444799953,4.958580791854914
0.29915899776509225,-0.5455252312186976,4.950174454197878
0.29926177833967643,-0.5105053865794481,4.934696908848721
0.29942699716942667,-0.4755605249161482,4.909816896839281
0.2996073193220548,-0.4405989990030218,4.882662502090568
0.29978785879424874,-0.40559533836868944,4.8554753815719565
0.3001508646622708,-0.3707745975239816,4.800810968505097
0.3334607159064123,-1.000382147719237,5.070556172609706
0.3335833023330837,-0.9656358751747159,5.0540392645950405
0.3337059789230498,-0.93086404646956,5.037510208262766
0.33382874577582095,-0.8960666333982562,5.020968990205176
0.3339516029910539,-0.8612436077137707,5.004415596994839
0.33407455068329617,-0.8263949411639432,4.987850013197985
0.33419758895424767,-0.791520605417955,4.971272225111896
0.3343238651174385,-0.7566276947394661,4.954258173650388
0.33404938733567596,-0.720843414776985,4.991240443193135
0.3339324288916041,-0.6854402487775032,5.006999054604918
0.33399468560181467,-0.6504107035403759,4.998610782071289
0.33405696553002,-0.6153680943974053,4.99021938121836
0.334119268689211,-0.5803124140391559,4.981824850295787
0.3342935855355498,-0.5454263764001076,4.958337948894339
0.3344769000686604,-0.510517373789008,4.933638727591024
0.3346604157582213,-0.47557006449852496,4.908912403102818
0.33498534373959893,-0.44077018913105126,4.865132632980348
0.3354092532888202,-0.40602172766541395,4.8080163989800155
0.3684823035041617,-1.000166252368439,5.0802525252069515
0.36861832915380904,-0.9654289573075951,5.063670350773755
0.36875386095576973,-0.9306645062217046,5.047148378725211
0.36888949245774066,-0.8958744816830845,5.030614252770661
0.3690252237697746,-0.8610588554628074,5.014067959494142
0.36916105501397584,-0.8262175993169936,4.997509484010564
0.3689337001947668,-0.7905722147030717,5.02522511911414
0.36879930090229046,-0.7551604732761185,5.04160903286364
0.36881334185109726,-0.720064143614047,5.039897374342431
0.36889294657564003,-0.6850869007833315,5.030193179350547
0.36896168569157545,-0.6500753509803949,5.0218135537888955
0.3690864802546469,-0.6151441337577448,5.0066005022906666
0.3692886569695752,-0.5803107466664753,4.981954197994639
0.3694910553010032,-0.5454391768729094,4.957280877591991
0.3697283517692915,-0.5105772476814026,4.928353308124464
0.3701834359947259,-0.475950131993219,4.872876373976268
0.3707340001941665,-0.4413500002311506,4.8057599763301795
0.3708942365117673,-0.40621749713193556,4.786226406184561
0.4033598188436177,-1.0347056222510194,5.104298424362554
0.40349626399773897,-0.9999690020813531,5.089111485469054
0.40363834447768115,-0.9652221280988028,5.073297310310274
0.4037867204633531,-0.9304650515025094,5.056782417992004
0.4039352055740832,-0.8956824123599236,5.040255379580302
0.40373914757992224,-0.8601399231050517,5.062077486756486
0.40359218944246283,-0.824731865382424,5.078434566404141
0.40356512931125216,-0.7895839486524499,5.081446476660631
0.4036533627920075,-0.7546562869589705,5.071625706628737
0.4037416348630623,-0.7197133491037198,5.061800641328716
0.4038299455497392,-0.6847551250626013,5.051971277942066
0.40402585071137304,-0.6499546294052523,5.030166181690653
0.40424705039536724,-0.6151585549494719,5.00554569512434
0.404468492420801,-0.5803243586907145,4.980898234902149
0.4048633394839336,-0.5456853706087801,4.936950040049133
0.40536157483111834,-0.5111080726131493,4.881494279666825
0.4057648786004011,-0.4763326835743839,4.836604816651011
0.40593975277649175,-0.44123886171357796,4.817140560529616
0.40611516130231856,-0.40611516130231856,4.79761682895932
0.43834816500436236,-1.034501669410295,5.113147903553298
0.43849641648304516,-0.999771829581343,5.097966952136176
0.4386447682743945,-0.965018490203668,5.082775728701996
0.43848760244019463,-0.9295937171732126,5.098869510124068
0.4383281267427677,-0.8941893785552462,5.115199821540585
0.4382527455457974,-0.8589753812697629,5.122918856110346
0.4383484744695628,-0.8240951320027782,5.1131162143167685
0.43844424522320435,-0.7891996414017678,5.103309289143873
0.4385400578341449,-0.7542888994747293,5.093498077783558
0.4387075543516705,-0.7194803891367396,5.076346434388938
0.4389396036351302,-0.684745781670803,5.052584587762674
0.43916882344554165,-0.6499698586994016,5.029112479176533
0.43944490220375454,-0.6152228630852564,5.000842014335532
0.4399849268241491,-0.5807801034078768,4.945543493207133
0.4406138077421337,-0.5463611216002459,4.881146087205508
0.4407821034391861,-0.5113072399894559,4.863912607827345
0.44095052774893134,-0.4762265699688458,4.846665958509433
0.4411277791545892,-0.4411277791545892,4.82851541457007
0.4733227206412517,-1.0342977969568092,5.121993894755391
0.47321322526109166,-0.9990056977734157,5.13237567894835
0.473031135060872,-0.9635819417906651,5.149640527561765
0.47288983380230354,-0.9282652293156328,5.163037980226036
0.47300792890882665,-0.8934594212722281,5.151840814570512
0.47308280632666827,-0.8585576855558054,5.144741326064043
0.4731860930291644,-0.8236943100878047,5.134948216494038
0.4733397140634955,-0.7888995234391593,5.120382666572276
0.473589836075526,-0.7542356648610229,5.096667394320498
0.4738402225660905,-0.7195351527855448,5.0729270455854945
0.4740908739548997,-0.6847979290459661,5.049161580572473
0.47455047904573094,-0.650309915729335,5.005584208997362
0.47509312145476773,-0.6158614537376619,4.954133669473876
0.4755754681389103,-0.5812589055031125,4.908400057940362
0.475757007933275,-0.5462395276270935,4.891187395956145
0.4759386863776938,-0.5111934038871526,4.873961587892737
0.4761205036310673,-0.4761205036310673,4.856722618683989
0.4763024598525389,-0.4410207961597582,4.839470473240759
0.5076973654022466,-1.032901536508019,5.1825773989740895
0.5074896007625531,-0.9974795601195009,5.200918001650486
0.5075859484352384,-0.9626630056530384,5.192412827785844
0.5076823326983749,-0.9278332287246163,5.183904423867588
0.5077787535728109,-0.8929902218004605,5.175392788055319
0.507904044192216,-0.8581826953592615,5.164332650618178
0.5081721677100216,-0.823589375254173,5.140663815942922
0.508440574463185,-0.7889595120980456,5.11696997842229
0.5087092649007418,-0.7542930479562722,5.093251098417284
0.5090865099961629,-0.7197429968911268,5.059949462407694
0.5096548335226166,-0.6853978795648982,5.009780213175915
0.5103003137136197,-0.6510728140484114,4.952799892866672
0.5104949169884427,-0.6161145549860516,4.935621121020226
0.5106896687562176,-0.58112962306742,4.918429240830449
0.5108845691985409,-0.5461179877639575,4.901224236266735
0.511079618461909,-0.511079618461909,4.884006094397002
0.511274816716841,-0.4760144845294727,4.866774800168514
0.5114701641341168,-0.44092255528803176,4.849530338505545
0.5423127172536655,-1.1021193931284168,5.215465930019889
0.5421044242017039,-1.0667216089130303,5.232666904633483
0.5421337731158943,-1.0318029875431536,5.230243252364865
0.5422366306504891,-0.9970157402283186,5.221749210798322
0.5423395272222389,-0.9622152902330044,5.213251945518337
0.5424377680282685,-0.9273936034031688,5.205139156375246
0.5427065376525128,-0.892839787750908,5.182943987405402
0.5429755737512736,-0.8582517133487874,5.160726812798053
0.5432598122813048,-0.8236519734587524,5.137254211608379
0.5436027159920188,-0.7891007167626081,5.108937001949407
0.5442089097608563,-0.7548704232166716,5.058877129426058
0.5449690687420515,-0.7207655425298101,4.996102710333808
0.5451697417765592,-0.6858587073963165,4.979531001677692
0.5453705626524875,-0.6509261554239367,4.962947084181671
0.545580162426906,-0.6159776027400552,4.945638199584536
0.5457882527873013,-0.5810003981284174,4.928453963371254
0.5459965019747267,-0.5459965019747267,4.911256611119342
0.5462049101405744,-0.5109658836798922,4.894046130326764
0.5464134774669611,-0.4759085126325145,4.8768225059541805
0.5777435382358703,-1.1379796965251991,5.1811073368536995
0.5769200600508538,-1.1013928419152665,5.244989280903454
0.5767326193422371,-1.0660815084811048,5.259530135874947
0.5768419696260833,-1.0313235214526943,5.251047204764447
0.5769513613840955,-0.9965523514816195,5.242561056264108
0.5771974597124774,-0.9619957661874623,5.223469792001758
0.5774833351429386,-0.9274732352295681,5.201292788911424
0.5777694938915511,-0.8929164905596698,5.179093807200886
0.5780532976625101,-0.8583215631958484,5.157077514665879
0.5786876518816466,-0.8241915041950725,5.107867005544989
0.5793329857055237,-0.7899995259620778,5.057804745268463
0.5797905216305559,-0.7554846190943607,5.022311049265966
0.5800038925332676,-0.7206108967837567,5.005758639843485
0.5802174205406618,-0.6857114970026003,4.9891940429062345
0.5804311058263164,-0.6507863913810213,4.97261724498879
0.5806498135727541,-0.6158407113650423,4.955650825871196
0.5808712306477569,-0.5808712306477569,4.93847422853765
0.5810928166893434,-0.5458750702233226,4.921284523493355
0.5813145718531341,-0.5108521995072997,4.904081698665962
0.6132431781134298,-1.138880187924941,5.1456418294177055
0.6123684103663787,-1.1022631386594817,5.20962484177344
0.6114961347093779,-1.065750406207773,5.273425575542646
0.6116260613213108,-1.0310267890844955,5.263922371926974
0.6119287148037224,-0.9965696212517763,5.241785431499167
0.6122316679610007,-0.9620783353672868,5.219626571995377
0.6125349212384548,-0.9275528807325172,5.197445760844452
0.6131192935935997,-0.8934023992363881,5.154703097153849
0.613778237790947,-0.8592895329073258,5.106506035862161
0.6143455681904219,-0.8249783344271379,5.065009869500578
0.614571441083632,-0.7901632813932412,5.048488880740052
0.6147974801601541,-0.755322618482475,5.031955736857299
0.6150236855719785,-0.7204563173843176,5.015410426735286
0.6152500575027745,-0.6855643497888059,4.998852936939926
0.6154765961364819,-0.6506466873442808,4.982283254017325
0.6157033016573115,-0.6157033016573115,4.965701364493789
0.6159386127463188,-0.5807421205893863,4.948490039126398
0.6161735237606274,-0.5457536924736985,4.931307976365538
0.6487990447169015,-1.139782105583746,5.110120149317083
0.6478728260192339,-1.1031348118705875,5.17420447002057
0.6469492480718164,-1.0665920035778595,5.238106079355404
0.6466315681833191,-1.0311152033193467,5.260086093262245
0.6469515710397368,-0.996655122953108,5.237945355088485
0.6474938255706373,-0.9624908217941907,5.200427203761308
0.648189003186471,-0.9284869505103504,5.1523284281793025
0.6488653904127489,-0.8943820246229782,5.1055297444152075
0.6490848770970256,-0.8595988912906555,5.090343638692282
0.6493118978746112,-0.8248016000028844,5.074636255162041
0.6495505754674737,-0.7899939431361167,5.058122346034253
0.649789428634644,-0.7551606873321538,5.0415962890624755
0.6500284575289219,-0.7203018042888053,5.025058073674593
0.6502676623443057,-0.6854172657142681,5.008507686448041
0.6505070432750789,-0.6505070432750789,4.9919451139404885
0.6507466005158119,-0.6155711085960383,4.9753703426897715
0.6509904094814437,-0.5806130679158822,4.958501398040653
0.6834334401246313,-1.104007864816712,5.138728032844718
0.6824583986211381,-1.0674349311766518,5.202730757176575
0.6817983326416089,-1.0314385032270494,5.246058165063623
0.6825295946799542,-0.99754325376301,5.198057374854287
0.6835732831043694,-0.9289585642187584,5.129548596226009
0.6838043864095541,-0.8942057360740323,5.114378738244653
0.6840356460309717,-0.8594294014235285,5.099198619505444
0.6842670621272723,-0.8246295364097898,5.084008229594431
0.684514720451903,-0.7898246774445035,5.067751683157134
0.6847663767058266,-0.754998825598732,5.05123270854061
0.6850182180665415,-0.7201473574545694,5.0347015833244555
0.6852702447383572,-0.6852702447383572,5.0181582940975815
0.6855224569258835,-0.6503674591348125,5.001602827429188
0.6857748548340317,-0.6154389722869515,4.985035169868688
0.6860274386680151,-0.5804847557960128,4.968455307945675
0.7180237193209809,-1.0682791921604837,5.167299476543633
0.7194638856698327,-0.7896554842717675,5.07737689476167
0.7197283340172297,-0.7548370332375823,5.060864997948592
0.0,0.0,50.0
